2.497515e+03 
1.275149e+03 
1.275149e+03 
1.275149e+03 
1.039577e+03 
1.039577e+03 
1.015808e+03 
1.015808e+03 
1.015808e+03 
1.015808e+03 
1.015808e+03 
1.015808e+03 
1.015808e+03 
1.015808e+03 
1.015808e+03 
1.015808e+03 
1.015808e+03 
1.015808e+03 
1.015808e+03 
1.015808e+03 
1.015808e+03 
1.015808e+03 
9.907804e+02 
9.907804e+02 
9.137181e+02 
7.739625e+02 
7.739625e+02 
7.739625e+02 
7.739625e+02 
7.739625e+02 
7.739625e+02 
7.739625e+02 
7.739625e+02 
7.739625e+02 
7.739625e+02 
7.739625e+02 
7.739625e+02 
7.739625e+02 
7.739625e+02 
7.739625e+02 
7.739625e+02 
7.739625e+02 
7.739625e+02 
7.739625e+02 
7.465533e+02 
7.465533e+02 
7.465533e+02 
7.465533e+02 
6.394339e+02 
6.394339e+02 
6.394339e+02 
6.394339e+02 
6.394339e+02 
6.394339e+02 
6.394339e+02 
6.394339e+02 
6.394339e+02 
6.394339e+02 
6.394339e+02 
6.394339e+02 
6.394339e+02 
6.394339e+02 
6.394339e+02 
6.394339e+02 
6.394339e+02 
6.394339e+02 
6.394339e+02 
6.394339e+02 
6.394339e+02 
6.394339e+02 
6.394339e+02 
6.340022e+02 
6.340022e+02 
6.340022e+02 
6.340022e+02 
6.340022e+02 
6.340022e+02 
6.340022e+02 
6.340022e+02 
6.340022e+02 
6.340022e+02 
6.340022e+02 
6.340022e+02 
6.340022e+02 
6.340022e+02 
6.340022e+02 
6.340022e+02 
6.340022e+02 
6.340022e+02 
6.340022e+02 
6.340022e+02 
6.340022e+02 
6.340022e+02 
6.340022e+02 
6.340022e+02 
6.340022e+02 
6.070884e+02 
6.070884e+02 
6.070884e+02 
6.070884e+02 
6.070884e+02 
6.070884e+02 
6.070884e+02 
6.070884e+02 
6.070884e+02 
6.070884e+02 
6.070884e+02 
6.070884e+02 
6.070884e+02 
6.070884e+02 
6.070884e+02 
6.070884e+02 
6.070884e+02 
6.070884e+02 
6.070884e+02 
6.070884e+02 
6.070884e+02 
6.070884e+02 
6.070884e+02 
6.070884e+02 
6.070884e+02 
6.070884e+02 
5.655580e+02 
5.655580e+02 
5.655580e+02 
5.655580e+02 
5.655580e+02 
5.655580e+02 
5.655580e+02 
5.655580e+02 
5.655580e+02 
5.655580e+02 
5.655580e+02 
5.655580e+02 
4.176833e+02 
4.176833e+02 
4.176833e+02 
4.176833e+02 
4.176833e+02 
4.176833e+02 
4.176833e+02 
4.176833e+02 
4.176833e+02 
4.176833e+02 
4.176833e+02 
4.176833e+02 
4.176833e+02 
4.176833e+02 
4.176833e+02 
4.176833e+02 
4.176833e+02 
4.176833e+02 
4.176833e+02 
4.176833e+02 
4.176833e+02 
4.176833e+02 
4.176833e+02 
4.176833e+02 
4.176833e+02 
4.176833e+02 
4.176833e+02 
4.176833e+02 
4.176833e+02 
4.176833e+02 
4.176833e+02 
4.176833e+02 
4.176833e+02 
4.176833e+02 
4.176833e+02 
4.176833e+02 
4.176833e+02 
4.176833e+02 
4.176833e+02 
4.176833e+02 
4.176833e+02 
4.176833e+02 
4.176833e+02 
4.176833e+02 
4.176833e+02 
4.176833e+02 
4.176833e+02 
4.176833e+02 
4.176833e+02 
4.176833e+02 
4.176833e+02 
4.176833e+02 
4.176833e+02 
4.176833e+02 
4.176833e+02 
4.176833e+02 
4.176833e+02 
4.176833e+02 
4.176833e+02 
4.176833e+02 
4.176833e+02 
4.176833e+02 
4.176833e+02 
4.176833e+02 
4.176833e+02 
4.176833e+02 
4.176833e+02 
4.176833e+02 
4.176833e+02 
4.176833e+02 
4.176833e+02 
4.176833e+02 
4.176833e+02 
4.176833e+02 
4.176833e+02 
4.176833e+02 
4.176833e+02 
4.176833e+02 
4.176833e+02 
4.176833e+02 
4.176833e+02 
4.176833e+02 
4.176833e+02 
4.176833e+02 
4.176833e+02 
4.176833e+02 
4.176833e+02 
4.176833e+02 
4.176833e+02 
4.176833e+02 
4.176833e+02 
4.176833e+02 
4.176833e+02 
4.176833e+02 
4.176833e+02 
4.176833e+02 
4.176833e+02 
4.176833e+02 
4.176833e+02 
4.176833e+02 
4.176833e+02 
4.176833e+02 
4.176833e+02 
4.176833e+02 
4.176833e+02 
4.176833e+02 
4.176833e+02 
4.176833e+02 
4.176833e+02 
4.176833e+02 
4.176833e+02 
4.176833e+02 
4.176833e+02 
4.176833e+02 
4.176833e+02 
4.176833e+02 
4.176833e+02 
4.176833e+02 
4.176833e+02 
4.176833e+02 
4.176833e+02 
4.176833e+02 
4.176833e+02 
4.176833e+02 
4.176833e+02 
4.176833e+02 
4.176833e+02 
4.176833e+02 
4.176833e+02 
4.176833e+02 
4.176833e+02 
4.176833e+02 
4.176833e+02 
4.176833e+02 
4.176833e+02 
4.176833e+02 
4.176833e+02 
4.176833e+02 
4.176833e+02 
4.176833e+02 
4.176833e+02 
4.176833e+02 
4.176833e+02 
4.176833e+02 
4.176833e+02 
4.176833e+02 
4.176833e+02 
4.176833e+02 
4.176833e+02 
4.176833e+02 
4.176833e+02 
4.176833e+02 
4.176833e+02 
4.176833e+02 
4.176833e+02 
4.176833e+02 
4.176833e+02 
4.176833e+02 
4.176833e+02 
4.176833e+02 
4.176833e+02 
4.176833e+02 
4.176833e+02 
4.176833e+02 
4.176833e+02 
4.176833e+02 
4.176833e+02 
4.176833e+02 
4.176833e+02 
4.176833e+02 
4.176833e+02 
4.176833e+02 
4.176833e+02 
4.176833e+02 
4.176833e+02 
4.176833e+02 
4.176833e+02 
4.176833e+02 
4.176833e+02 
4.176833e+02 
4.176833e+02 
4.176833e+02 
4.176833e+02 
4.176833e+02 
4.176833e+02 
4.176833e+02 
4.176833e+02 
4.176833e+02 
4.176833e+02 
4.176833e+02 
4.176833e+02 
4.176833e+02 
4.176833e+02 
4.176833e+02 
4.176833e+02 
4.176833e+02 
4.176833e+02 
4.176833e+02 
4.176833e+02 
4.176833e+02 
4.176833e+02 
4.176833e+02 
4.176833e+02 
4.176833e+02 
4.176833e+02 
4.176833e+02 
4.176833e+02 
4.176833e+02 
4.176833e+02 
4.176833e+02 
4.176833e+02 
4.176833e+02 
4.176833e+02 
4.176833e+02 
4.176833e+02 
4.176833e+02 
4.176833e+02 
4.176833e+02 
4.176833e+02 
4.176833e+02 
4.176833e+02 
4.176833e+02 
4.176833e+02 
4.176833e+02 
4.176833e+02 
4.176833e+02 
4.176833e+02 
4.176833e+02 
4.176833e+02 
4.176833e+02 
4.176833e+02 
4.176833e+02 
4.176833e+02 
4.176833e+02 
4.176833e+02 
4.176833e+02 
4.176833e+02 
4.176833e+02 
4.176833e+02 
4.176833e+02 
4.176833e+02 
4.176833e+02 
4.176833e+02 
4.176833e+02 
4.176833e+02 
4.176833e+02 
4.176833e+02 
4.176833e+02 
4.176833e+02 
4.176833e+02 
4.176833e+02 
4.176833e+02 
4.176833e+02 
4.176833e+02 
4.176833e+02 
4.176833e+02 
4.176833e+02 
4.176833e+02 
4.176833e+02 
4.176833e+02 
4.176833e+02 
4.176833e+02 
4.176833e+02 
4.176833e+02 
4.176833e+02 
4.176833e+02 
4.176833e+02 
4.176833e+02 
4.176833e+02 
4.176833e+02 
4.176833e+02 
4.176833e+02 
4.176833e+02 
4.176833e+02 
4.176833e+02 
4.176833e+02 
4.176833e+02 
4.176833e+02 
4.176833e+02 
4.176833e+02 
4.176833e+02 
4.176833e+02 
4.176833e+02 
4.176833e+02 
4.176833e+02 
4.176833e+02 
4.176833e+02 
4.176833e+02 
4.176833e+02 
4.176833e+02 
4.176833e+02 
4.176833e+02 
4.176833e+02 
4.176833e+02 
4.176833e+02 
4.176833e+02 
4.176833e+02 
4.176833e+02 
4.176833e+02 
4.176833e+02 
4.176833e+02 
4.176833e+02 
4.176833e+02 
4.176833e+02 
4.176833e+02 
4.176833e+02 
4.176833e+02 
4.176833e+02 
4.176833e+02 
4.176833e+02 
4.176833e+02 
4.176833e+02 
4.176833e+02 
4.176833e+02 
4.176833e+02 
4.176833e+02 
4.176833e+02 
4.176833e+02 
4.176833e+02 
4.176833e+02 
4.176833e+02 
4.176833e+02 
4.176833e+02 
4.176833e+02 
4.176833e+02 
4.176833e+02 
4.176833e+02 
4.176833e+02 
4.176833e+02 
4.176833e+02 
4.176833e+02 
4.176833e+02 
4.176833e+02 
4.176833e+02 
4.176833e+02 
4.176833e+02 
4.176833e+02 
4.176833e+02 
4.176833e+02 
4.176833e+02 
4.176833e+02 
4.176833e+02 
4.176833e+02 
4.176833e+02 
4.176833e+02 
4.176833e+02 
4.176833e+02 
4.176833e+02 
4.176833e+02 
4.176833e+02 
4.176833e+02 
4.176833e+02 
4.176833e+02 
4.176833e+02 
4.176833e+02 
4.176833e+02 
4.176833e+02 
4.176833e+02 
4.176833e+02 
4.176833e+02 
4.176833e+02 
4.176833e+02 
4.176833e+02 
4.176833e+02 
4.176833e+02 
4.176833e+02 
4.176833e+02 
4.176833e+02 
4.176833e+02 
4.176833e+02 
4.176833e+02 
4.176833e+02 
4.176833e+02 
4.176833e+02 
4.176833e+02 
4.176833e+02 
4.176833e+02 
4.176833e+02 
3.839502e+02 
3.839502e+02 
3.839502e+02 
3.839502e+02 
3.839502e+02 
3.839502e+02 
3.839502e+02 
3.839502e+02 
3.839502e+02 
3.839502e+02 
3.839502e+02 
3.839502e+02 
3.839502e+02 
3.839502e+02 
3.839502e+02 
3.839502e+02 
3.839502e+02 
3.839502e+02 
3.839502e+02 
3.839502e+02 
3.839502e+02 
3.839502e+02 
3.839502e+02 
3.839502e+02 
3.839502e+02 
3.839502e+02 
3.839502e+02 
3.839502e+02 
3.839502e+02 
3.839502e+02 
3.839502e+02 
3.839502e+02 
3.839502e+02 
3.839502e+02 
3.839502e+02 
3.839502e+02 
3.839502e+02 
3.839502e+02 
3.839502e+02 
3.839502e+02 
3.839502e+02 
3.839502e+02 
3.839502e+02 
3.839502e+02 
3.839502e+02 
3.839502e+02 
3.839502e+02 
3.839502e+02 
3.839502e+02 
3.839502e+02 
3.839502e+02 
3.839502e+02 
3.839502e+02 
3.839502e+02 
3.839502e+02 
3.839502e+02 
3.839502e+02 
3.839502e+02 
3.839502e+02 
3.839502e+02 
3.839502e+02 
3.839502e+02 
3.839502e+02 
3.839502e+02 
3.839502e+02 
3.839502e+02 
3.839502e+02 
3.839502e+02 
3.839502e+02 
3.839502e+02 
3.839502e+02 
3.839502e+02 
3.839502e+02 
3.839502e+02 
3.839502e+02 
3.839502e+02 
3.839502e+02 
3.839502e+02 
3.839502e+02 
3.839502e+02 
3.839502e+02 
3.839502e+02 
3.839502e+02 
3.839502e+02 
3.839502e+02 
3.839502e+02 
3.839502e+02 
3.839502e+02 
3.839502e+02 
3.839502e+02 
3.839502e+02 
3.839502e+02 
3.839502e+02 
3.839502e+02 
3.839502e+02 
3.839502e+02 
3.839502e+02 
3.839502e+02 
3.839502e+02 
3.839502e+02 
3.839502e+02 
3.839502e+02 
3.839502e+02 
3.839502e+02 
3.839502e+02 
3.839502e+02 
3.839502e+02 
3.839502e+02 
3.839502e+02 
3.839502e+02 
3.839502e+02 
3.839502e+02 
3.839502e+02 
3.839502e+02 
3.839502e+02 
3.839502e+02 
3.839502e+02 
3.839502e+02 
3.839502e+02 
3.839502e+02 
3.839502e+02 
3.839502e+02 
3.839502e+02 
3.839502e+02 
3.839502e+02 
3.839502e+02 
3.839502e+02 
3.839502e+02 
3.839502e+02 
3.839502e+02 
3.839502e+02 
3.839502e+02 
3.625554e+02 
3.625554e+02 
3.625554e+02 
3.625554e+02 
3.625554e+02 
3.625554e+02 
3.625554e+02 
3.625554e+02 
3.625554e+02 
3.625554e+02 
3.625554e+02 
3.625554e+02 
3.625554e+02 
3.625554e+02 
3.625554e+02 
3.625554e+02 
3.446211e+02 
3.446211e+02 
3.446211e+02 
3.446211e+02 
3.446211e+02 
3.446211e+02 
3.446211e+02 
3.446211e+02 
3.446211e+02 
3.446211e+02 
3.446211e+02 
3.446211e+02 
3.446211e+02 
3.446211e+02 
3.446211e+02 
3.446211e+02 
3.446211e+02 
3.446211e+02 
3.446211e+02 
3.446211e+02 
3.446211e+02 
3.446211e+02 
3.446211e+02 
3.446211e+02 
3.446211e+02 
3.446211e+02 
3.446211e+02 
3.446211e+02 
3.446211e+02 
3.446211e+02 
3.446211e+02 
3.446211e+02 
3.446211e+02 
3.446211e+02 
3.446211e+02 
3.446211e+02 
3.446211e+02 
3.446211e+02 
3.446211e+02 
3.446211e+02 
3.446211e+02 
3.446211e+02 
3.446211e+02 
3.446211e+02 
3.446211e+02 
3.446211e+02 
3.446211e+02 
3.446211e+02 
3.446211e+02 
3.446211e+02 
3.446211e+02 
3.446211e+02 
3.446211e+02 
3.446211e+02 
3.446211e+02 
3.446211e+02 
3.446211e+02 
3.446211e+02 
3.446211e+02 
3.446211e+02 
3.446211e+02 
3.446211e+02 
3.446211e+02 
3.446211e+02 
3.446211e+02 
3.446211e+02 
3.446211e+02 
3.446211e+02 
3.446211e+02 
3.446211e+02 
3.446211e+02 
3.446211e+02 
3.446211e+02 
3.446211e+02 
3.446211e+02 
3.446211e+02 
3.446211e+02 
3.446211e+02 
3.446211e+02 
3.446211e+02 
3.446211e+02 
3.446211e+02 
3.446211e+02 
3.446211e+02 
3.446211e+02 
3.446211e+02 
3.446211e+02 
3.446211e+02 
3.446211e+02 
3.446211e+02 
3.446211e+02 
3.446211e+02 
3.446211e+02 
3.446211e+02 
3.446211e+02 
3.446211e+02 
3.446211e+02 
3.446211e+02 
3.446211e+02 
3.446211e+02 
3.446211e+02 
3.446211e+02 
3.446211e+02 
3.446211e+02 
3.446211e+02 
3.446211e+02 
3.446211e+02 
3.446211e+02 
3.446211e+02 
3.446211e+02 
3.446211e+02 
3.446211e+02 
3.446211e+02 
3.446211e+02 
3.446211e+02 
3.446211e+02 
3.446211e+02 
3.446211e+02 
3.446211e+02 
3.446211e+02 
3.446211e+02 
3.446211e+02 
3.446211e+02 
3.446211e+02 
3.446211e+02 
3.446211e+02 
3.446211e+02 
3.446211e+02 
3.446211e+02 
3.446211e+02 
3.446211e+02 
3.446211e+02 
3.446211e+02 
3.446211e+02 
3.446211e+02 
3.446211e+02 
3.446211e+02 
3.446211e+02 
3.446211e+02 
3.446211e+02 
3.446211e+02 
3.446211e+02 
3.446211e+02 
3.446211e+02 
3.446211e+02 
3.446211e+02 
3.446211e+02 
3.446211e+02 
3.446211e+02 
3.446211e+02 
3.446211e+02 
3.446211e+02 
3.446211e+02 
3.446211e+02 
3.446211e+02 
3.446211e+02 
3.446211e+02 
3.446211e+02 
3.446211e+02 
3.446211e+02 
3.446211e+02 
3.446211e+02 
3.446211e+02 
3.446211e+02 
3.446211e+02 
3.446211e+02 
3.446211e+02 
3.446211e+02 
3.446211e+02 
3.446211e+02 
3.446211e+02 
3.446211e+02 
3.446211e+02 
3.446211e+02 
3.446211e+02 
3.446211e+02 
3.446211e+02 
3.446211e+02 
3.446211e+02 
3.446211e+02 
3.446211e+02 
3.446211e+02 
3.446211e+02 
3.446211e+02 
3.446211e+02 
3.446211e+02 
3.446211e+02 
3.446211e+02 
3.446211e+02 
3.446211e+02 
3.446211e+02 
3.446211e+02 
3.446211e+02 
3.446211e+02 
3.446211e+02 
3.446211e+02 
3.446211e+02 
3.446211e+02 
3.446211e+02 
3.446211e+02 
1.695914e+02 
1.695914e+02 
1.695914e+02 
1.695914e+02 
1.695914e+02 
1.695914e+02 
1.695914e+02 
1.695914e+02 
1.695914e+02 
1.695914e+02 
1.695914e+02 
1.695914e+02 
1.695914e+02 
1.695914e+02 
1.695914e+02 
1.695914e+02 
1.695914e+02 
1.695914e+02 
1.695914e+02 
1.695914e+02 
1.695914e+02 
1.695914e+02 
1.695914e+02 
1.695914e+02 
1.695914e+02 
1.498850e+02 
1.498850e+02 
1.498850e+02 
1.498850e+02 
1.498850e+02 
1.498850e+02 
1.498850e+02 
1.498850e+02 
1.498850e+02 
1.498850e+02 
1.498850e+02 
1.498850e+02 
1.498850e+02 
1.498850e+02 
1.498850e+02 
1.498850e+02 
1.498850e+02 
1.498850e+02 
1.498850e+02 
1.498850e+02 
1.498850e+02 
1.498850e+02 
1.498850e+02 
1.498850e+02 
1.498850e+02 
1.498850e+02 
1.498850e+02 
1.498850e+02 
1.498850e+02 
1.498850e+02 
1.498850e+02 
1.498850e+02 
1.498850e+02 
1.498850e+02 
1.498850e+02 
1.498850e+02 
1.498850e+02 
1.498850e+02 
1.498850e+02 
1.498850e+02 
1.498850e+02 
1.498850e+02 
1.498850e+02 
1.498850e+02 
1.498850e+02 
1.498850e+02 
1.498850e+02 
1.498850e+02 
1.498850e+02 
1.498850e+02 
1.498850e+02 
1.498850e+02 
1.498850e+02 
1.498850e+02 
1.498850e+02 
1.498850e+02 
1.498850e+02 
1.498850e+02 
1.498850e+02 
1.498850e+02 
1.498850e+02 
1.498850e+02 
1.498850e+02 
1.498850e+02 
1.498850e+02 
1.498850e+02 
1.498850e+02 
1.498850e+02 
1.498850e+02 
1.498850e+02 
1.498850e+02 
1.498850e+02 
1.498850e+02 
1.498850e+02 
1.498850e+02 
1.498850e+02 
1.498850e+02 
1.498850e+02 
1.498850e+02 
1.498850e+02 
1.498850e+02 
1.498850e+02 
1.498850e+02 
1.498850e+02 
1.498850e+02 
1.498850e+02 
1.498850e+02 
1.498850e+02 
1.498850e+02 
1.498850e+02 
1.498850e+02 
1.498850e+02 
1.498850e+02 
1.498850e+02 
1.498850e+02 
1.498850e+02 
1.498850e+02 
1.498850e+02 
1.498850e+02 
1.498850e+02 
1.498850e+02 
1.498850e+02 
1.498850e+02 
1.498850e+02 
1.498850e+02 
1.498850e+02 
1.498850e+02 
1.498850e+02 
1.498850e+02 
1.498850e+02 
1.498850e+02 
1.498850e+02 
1.498850e+02 
1.498850e+02 
1.498850e+02 
1.498850e+02 
1.498850e+02 
1.498850e+02 
1.498850e+02 
1.498850e+02 
1.498850e+02 
1.498850e+02 
1.498850e+02 
1.498850e+02 
1.498850e+02 
1.498850e+02 
1.498850e+02 
1.498850e+02 
1.498850e+02 
1.498850e+02 
1.498850e+02 
1.498850e+02 
1.498850e+02 
1.498850e+02 
1.498850e+02 
1.498850e+02 
1.498850e+02 
1.498850e+02 
1.498850e+02 
1.498850e+02 
1.498850e+02 
1.498850e+02 
1.498850e+02 
1.498850e+02 
1.498850e+02 
1.498850e+02 
1.498850e+02 
1.498850e+02 
1.498850e+02 
1.498850e+02 
1.498850e+02 
1.498850e+02 
1.498850e+02 
1.498850e+02 
1.498850e+02 
1.498850e+02 
1.498850e+02 
1.498850e+02 
1.498850e+02 
1.498850e+02 
1.498850e+02 
1.498850e+02 
1.498850e+02 
1.498850e+02 
1.498850e+02 
1.498850e+02 
1.498850e+02 
1.473776e+02 
1.473776e+02 
1.473776e+02 
1.473776e+02 
1.473776e+02 
1.473776e+02 
1.473776e+02 
1.473776e+02 
1.473776e+02 
1.473776e+02 
1.473776e+02 
1.473776e+02 
1.473776e+02 
1.220832e+02 
1.220832e+02 
1.220832e+02 
1.220832e+02 
1.220832e+02 
1.220832e+02 
1.220832e+02 
1.220832e+02 
1.220832e+02 
1.220832e+02 
1.220832e+02 
1.220832e+02 
1.220832e+02 
1.220832e+02 
1.220832e+02 
1.220832e+02 
1.220832e+02 
1.220832e+02 
1.220832e+02 
1.220832e+02 
1.220832e+02 
1.220832e+02 
1.220832e+02 
1.220832e+02 
1.220832e+02 
1.220832e+02 
1.220832e+02 
1.220832e+02 
1.220832e+02 
1.220832e+02 
1.220832e+02 
1.220832e+02 
1.220832e+02 
1.220832e+02 
1.220832e+02 
1.220832e+02 
1.220832e+02 
1.220832e+02 
1.220832e+02 
1.220832e+02 
1.220832e+02 
1.220832e+02 
1.220832e+02 
1.220832e+02 
1.220832e+02 
1.220832e+02 
1.220832e+02 
1.220832e+02 
1.220832e+02 
1.220832e+02 
1.220832e+02 
1.220832e+02 
1.220832e+02 
1.220832e+02 
1.220832e+02 
1.220832e+02 
1.220832e+02 
1.220832e+02 
1.220832e+02 
1.220832e+02 
1.220832e+02 
1.220832e+02 
1.220832e+02 
1.220832e+02 
1.220832e+02 
1.220832e+02 
1.220832e+02 
1.220832e+02 
1.220832e+02 
1.220832e+02 
1.220832e+02 
1.220832e+02 
1.220832e+02 
1.220832e+02 
1.220832e+02 
1.220832e+02 
1.220832e+02 
1.220832e+02 
1.220832e+02 
1.220832e+02 
1.220832e+02 
1.220832e+02 
1.220832e+02 
1.220832e+02 
1.220832e+02 
1.220832e+02 
1.220832e+02 
1.220832e+02 
1.220832e+02 
1.220832e+02 
1.220832e+02 
1.220832e+02 
1.220832e+02 
1.220832e+02 
1.220832e+02 
1.220832e+02 
1.220832e+02 
1.220832e+02 
1.220832e+02 
1.220832e+02 
1.220832e+02 
1.220832e+02 
1.220832e+02 
1.220832e+02 
1.220832e+02 
1.220832e+02 
1.220832e+02 
1.220832e+02 
1.220832e+02 
1.220832e+02 
1.220832e+02 
1.220832e+02 
1.220832e+02 
1.220832e+02 
1.220832e+02 
1.220832e+02 
1.220832e+02 
1.220832e+02 
1.220832e+02 
1.220832e+02 
1.220832e+02 
1.220832e+02 
1.220832e+02 
1.220832e+02 
1.220832e+02 
1.220832e+02 
1.220832e+02 
1.220832e+02 
1.220832e+02 
1.220832e+02 
1.220832e+02 
1.220832e+02 
1.220832e+02 
1.220832e+02 
1.220832e+02 
1.220832e+02 
1.220832e+02 
1.220832e+02 
1.220832e+02 
1.220832e+02 
1.220832e+02 
1.220832e+02 
1.220832e+02 
1.220832e+02 
1.220832e+02 
1.220832e+02 
1.220832e+02 
1.220832e+02 
1.220832e+02 
1.220832e+02 
1.220832e+02 
1.220832e+02 
1.220832e+02 
1.220832e+02 
1.220832e+02 
1.220832e+02 
1.220832e+02 
1.220832e+02 
1.220832e+02 
1.220832e+02 
1.220832e+02 
1.220832e+02 
1.220832e+02 
1.220832e+02 
1.220832e+02 
1.220832e+02 
1.220832e+02 
1.220832e+02 
1.220832e+02 
1.220832e+02 
1.220832e+02 
1.220832e+02 
1.220832e+02 
1.220832e+02 
1.220832e+02 
1.220832e+02 
1.220832e+02 
1.220832e+02 
1.220832e+02 
1.220832e+02 
1.220832e+02 
1.220832e+02 
1.220832e+02 
1.220832e+02 
1.220832e+02 
1.220832e+02 
1.220832e+02 
1.220832e+02 
1.220832e+02 
1.220832e+02 
1.220832e+02 
1.220832e+02 
1.220832e+02 
1.220832e+02 
1.220832e+02 
1.220832e+02 
1.220832e+02 
1.220832e+02 
1.220832e+02 
1.220832e+02 
1.220832e+02 
1.220832e+02 
1.220832e+02 
1.220832e+02 
1.220832e+02 
1.220832e+02 
1.220832e+02 
1.220832e+02 
1.220832e+02 
1.220832e+02 
1.220832e+02 
1.220832e+02 
1.220832e+02 
1.220832e+02 
1.220832e+02 
1.220832e+02 
1.220832e+02 
1.220832e+02 
1.220832e+02 
1.220832e+02 
1.220832e+02 
1.220832e+02 
1.220832e+02 
1.220832e+02 
1.220832e+02 
1.220832e+02 
1.220832e+02 
1.220832e+02 
1.220832e+02 
1.220832e+02 
1.220832e+02 
1.220832e+02 
1.220832e+02 
1.220832e+02 
1.220832e+02 
1.220832e+02 
1.220832e+02 
1.220832e+02 
1.220832e+02 
1.220832e+02 
1.220832e+02 
1.220832e+02 
1.220832e+02 
1.220832e+02 
1.220832e+02 
1.220832e+02 
1.220832e+02 
1.220832e+02 
1.220832e+02 
1.220832e+02 
1.220832e+02 
1.220832e+02 
1.220832e+02 
1.220832e+02 
1.220832e+02 
1.220832e+02 
1.220832e+02 
1.220832e+02 
1.220832e+02 
1.220832e+02 
1.220832e+02 
1.220832e+02 
1.220832e+02 
1.220832e+02 
1.220832e+02 
1.220832e+02 
1.220832e+02 
1.220832e+02 
1.220832e+02 
1.220832e+02 
1.220832e+02 
1.220832e+02 
1.220832e+02 
1.220832e+02 
1.220832e+02 
1.220832e+02 
1.220832e+02 
1.220832e+02 
1.220832e+02 
1.220832e+02 
1.220832e+02 
1.220832e+02 
1.220832e+02 
1.220832e+02 
1.220832e+02 
1.220832e+02 
1.220832e+02 
1.220832e+02 
1.220832e+02 
1.220832e+02 
1.220832e+02 
1.220832e+02 
1.220832e+02 
1.220832e+02 
1.220832e+02 
1.220832e+02 
1.220832e+02 
1.220832e+02 
1.220832e+02 
1.220832e+02 
1.220832e+02 
1.220832e+02 
1.220832e+02 
1.220832e+02 
1.220832e+02 
1.220832e+02 
1.220832e+02 
1.220832e+02 
1.220832e+02 
1.220832e+02 
1.220832e+02 
1.220832e+02 
1.220832e+02 
1.220832e+02 
1.220832e+02 
1.220832e+02 
1.220832e+02 
1.220832e+02 
1.220832e+02 
1.220832e+02 
1.220832e+02 
1.220832e+02 
1.220832e+02 
1.220832e+02 
1.220832e+02 
1.220832e+02 
1.220832e+02 
1.220832e+02 
1.220832e+02 
1.220832e+02 
1.220832e+02 
1.220832e+02 
1.220832e+02 
1.220832e+02 
1.220832e+02 
1.220832e+02 
1.220832e+02 
1.220832e+02 
1.220832e+02 
1.220832e+02 
1.220832e+02 
1.220832e+02 
1.220832e+02 
1.220832e+02 
1.220832e+02 
1.220832e+02 
1.220832e+02 
1.220832e+02 
1.220832e+02 
1.220832e+02 
1.220832e+02 
1.220832e+02 
1.220832e+02 
1.220832e+02 
1.220832e+02 
1.220832e+02 
1.220832e+02 
1.220832e+02 
1.220832e+02 
1.220832e+02 
1.220832e+02 
1.220832e+02 
1.220832e+02 
1.220832e+02 
1.220832e+02 
1.220832e+02 
1.220832e+02 
1.220832e+02 
1.220832e+02 
1.220832e+02 
1.220832e+02 
1.220832e+02 
1.220832e+02 
1.220832e+02 
1.220832e+02 
1.220832e+02 
1.220832e+02 
1.220832e+02 
1.220832e+02 
1.220832e+02 
1.220832e+02 
1.220832e+02 
1.220832e+02 
1.220832e+02 
1.220832e+02 
1.220832e+02 
1.220832e+02 
1.220832e+02 
1.220832e+02 
1.220832e+02 
1.220832e+02 
1.220832e+02 
1.220832e+02 
1.220832e+02 
1.220832e+02 
1.220832e+02 
1.220832e+02 
9.711118e+01 
9.711118e+01 
9.711118e+01 
9.711118e+01 
9.711118e+01 
9.711118e+01 
9.711118e+01 
9.711118e+01 
9.711118e+01 
9.711118e+01 
9.711118e+01 
9.711118e+01 
9.711118e+01 
9.711118e+01 
9.711118e+01 
9.711118e+01 
9.711118e+01 
9.711118e+01 
9.711118e+01 
9.711118e+01 
9.711118e+01 
9.711118e+01 
9.711118e+01 
9.711118e+01 
9.711118e+01 
9.711118e+01 
9.711118e+01 
9.711118e+01 
9.711118e+01 
9.711118e+01 
9.711118e+01 
9.711118e+01 
9.711118e+01 
9.711118e+01 
9.711118e+01 
9.711118e+01 
9.711118e+01 
9.464474e+01 
9.464474e+01 
8.964251e+01 
8.964251e+01 
8.964251e+01 
8.964251e+01 
8.964251e+01 
8.964251e+01 
8.964251e+01 
8.964251e+01 
8.964251e+01 
8.964251e+01 
8.964251e+01 
8.964251e+01 
8.964251e+01 
8.964251e+01 
8.964251e+01 
8.964251e+01 
8.964251e+01 
8.964251e+01 
8.964251e+01 
8.964251e+01 
8.964251e+01 
8.964251e+01 
8.964251e+01 
8.964251e+01 
8.964251e+01 
8.964251e+01 
8.964251e+01 
8.964251e+01 
8.964251e+01 
8.964251e+01 
8.964251e+01 
8.964251e+01 
8.964251e+01 
8.964251e+01 
8.964251e+01 
8.964251e+01 
8.964251e+01 
8.964251e+01 
8.964251e+01 
8.964251e+01 
8.964251e+01 
8.964251e+01 
8.964251e+01 
8.964251e+01 
8.964251e+01 
8.964251e+01 
8.964251e+01 
8.964251e+01 
8.964251e+01 
8.964251e+01 
8.964251e+01 
8.964251e+01 
8.964251e+01 
8.964251e+01 
8.964251e+01 
8.964251e+01 
8.964251e+01 
8.964251e+01 
8.964251e+01 
8.964251e+01 
8.964251e+01 
8.964251e+01 
8.964251e+01 
8.964251e+01 
8.964251e+01 
8.964251e+01 
8.964251e+01 
8.964251e+01 
8.964251e+01 
8.964251e+01 
8.964251e+01 
8.964251e+01 
8.964251e+01 
8.964251e+01 
8.964251e+01 
8.964251e+01 
8.964251e+01 
8.964251e+01 
8.964251e+01 
8.964251e+01 
8.964251e+01 
8.964251e+01 
8.964251e+01 
8.964251e+01 
8.964251e+01 
8.964251e+01 
8.964251e+01 
8.964251e+01 
8.964251e+01 
8.964251e+01 
8.964251e+01 
8.964251e+01 
8.964251e+01 
8.964251e+01 
8.964251e+01 
8.964251e+01 
8.964251e+01 
8.964251e+01 
8.964251e+01 
8.964251e+01 
8.964251e+01 
8.964251e+01 
8.964251e+01 
8.964251e+01 
8.964251e+01 
8.964251e+01 
8.964251e+01 
8.964251e+01 
8.964251e+01 
8.964251e+01 
8.964251e+01 
8.964251e+01 
8.964251e+01 
8.964251e+01 
8.964251e+01 
8.964251e+01 
8.964251e+01 
8.964251e+01 
8.964251e+01 
8.964251e+01 
8.964251e+01 
8.964251e+01 
8.964251e+01 
8.964251e+01 
8.964251e+01 
8.964251e+01 
8.964251e+01 
8.964251e+01 
8.964251e+01 
8.964251e+01 
8.964251e+01 
8.964251e+01 
8.964251e+01 
8.964251e+01 
8.964251e+01 
8.964251e+01 
8.964251e+01 
8.964251e+01 
8.964251e+01 
8.964251e+01 
8.964251e+01 
8.964251e+01 
8.964251e+01 
8.964251e+01 
8.964251e+01 
8.964251e+01 
8.964251e+01 
8.964251e+01 
8.964251e+01 
8.964251e+01 
8.964251e+01 
8.964251e+01 
8.964251e+01 
8.964251e+01 
8.964251e+01 
8.964251e+01 
8.964251e+01 
8.964251e+01 
8.964251e+01 
8.964251e+01 
8.964251e+01 
8.964251e+01 
8.964251e+01 
8.964251e+01 
8.964251e+01 
8.964251e+01 
8.964251e+01 
8.964251e+01 
8.964251e+01 
8.964251e+01 
8.964251e+01 
8.964251e+01 
8.964251e+01 
8.964251e+01 
8.964251e+01 
8.964251e+01 
8.964251e+01 
8.964251e+01 
8.964251e+01 
8.964251e+01 
8.964251e+01 
8.964251e+01 
8.964251e+01 
8.964251e+01 
8.964251e+01 
8.964251e+01 
8.964251e+01 
8.964251e+01 
8.964251e+01 
8.964251e+01 
8.964251e+01 
8.964251e+01 
8.964251e+01 
8.964251e+01 
8.964251e+01 
8.964251e+01 
8.964251e+01 
8.964251e+01 
8.964251e+01 
8.964251e+01 
8.964251e+01 
8.964251e+01 
8.964251e+01 
8.964251e+01 
8.964251e+01 
8.964251e+01 
8.964251e+01 
8.964251e+01 
8.964251e+01 
8.964251e+01 
8.964251e+01 
8.964251e+01 
8.964251e+01 
8.964251e+01 
8.964251e+01 
8.964251e+01 
8.964251e+01 
8.964251e+01 
8.964251e+01 
8.964251e+01 
8.964251e+01 
8.964251e+01 
8.964251e+01 
8.964251e+01 
8.964251e+01 
8.964251e+01 
8.964251e+01 
8.964251e+01 
8.964251e+01 
8.964251e+01 
8.964251e+01 
8.964251e+01 
8.964251e+01 
8.964251e+01 
8.964251e+01 
8.964251e+01 
8.964251e+01 
8.964251e+01 
8.964251e+01 
8.964251e+01 
8.964251e+01 
8.964251e+01 
8.964251e+01 
8.964251e+01 
8.964251e+01 
8.964251e+01 
8.964251e+01 
8.964251e+01 
8.964251e+01 
8.964251e+01 
8.964251e+01 
8.964251e+01 
8.964251e+01 
8.964251e+01 
8.964251e+01 
8.964251e+01 
8.964251e+01 
8.964251e+01 
8.964251e+01 
8.964251e+01 
8.964251e+01 
8.964251e+01 
8.964251e+01 
8.964251e+01 
8.964251e+01 
8.964251e+01 
8.964251e+01 
8.964251e+01 
8.964251e+01 
8.964251e+01 
8.964251e+01 
8.964251e+01 
8.964251e+01 
8.964251e+01 
8.964251e+01 
8.964251e+01 
8.964251e+01 
8.964251e+01 
8.964251e+01 
8.964251e+01 
8.964251e+01 
8.964251e+01 
8.964251e+01 
8.964251e+01 
8.964251e+01 
8.964251e+01 
8.964251e+01 
8.964251e+01 
8.964251e+01 
8.964251e+01 
8.964251e+01 
8.964251e+01 
8.964251e+01 
8.964251e+01 
8.964251e+01 
8.964251e+01 
8.964251e+01 
8.964251e+01 
8.964251e+01 
8.964251e+01 
8.964251e+01 
6.256778e+01 
6.256778e+01 
6.256778e+01 
6.256778e+01 
6.256778e+01 
6.256778e+01 
6.256778e+01 
6.256778e+01 
6.256778e+01 
6.256778e+01 
6.256778e+01 
6.256778e+01 
6.256778e+01 
6.256778e+01 
6.256778e+01 
6.256778e+01 
6.256778e+01 
6.256778e+01 
6.256778e+01 
6.256778e+01 
6.256778e+01 
6.256778e+01 
6.256778e+01 
6.256778e+01 
6.256778e+01 
6.256778e+01 
6.256778e+01 
6.256778e+01 
6.256778e+01 
6.256778e+01 
6.256778e+01 
6.256778e+01 
6.256778e+01 
6.256778e+01 
6.256778e+01 
6.256778e+01 
6.256778e+01 
6.256778e+01 
6.256778e+01 
6.256778e+01 
6.256778e+01 
6.256778e+01 
6.256778e+01 
6.256778e+01 
6.256778e+01 
6.256778e+01 
6.256778e+01 
6.256778e+01 
6.256778e+01 
6.256778e+01 
6.256778e+01 
6.256778e+01 
6.256778e+01 
6.256778e+01 
6.256778e+01 
6.256778e+01 
6.256778e+01 
6.256778e+01 
6.256778e+01 
6.256778e+01 
6.256778e+01 
6.256778e+01 
6.256778e+01 
6.256778e+01 
6.256778e+01 
6.256778e+01 
6.256778e+01 
6.256778e+01 
6.256778e+01 
6.256778e+01 
6.256778e+01 
6.256778e+01 
6.256778e+01 
6.256778e+01 
6.256778e+01 
6.256778e+01 
6.256778e+01 
6.256778e+01 
6.256778e+01 
6.256778e+01 
6.256778e+01 
6.020781e+01 
6.020781e+01 
6.020781e+01 
6.020781e+01 
6.020781e+01 
6.020781e+01 
6.020781e+01 
6.020781e+01 
6.020781e+01 
6.020781e+01 
6.020781e+01 
6.020781e+01 
6.020781e+01 
6.020781e+01 
6.020781e+01 
6.020781e+01 
6.020781e+01 
6.020781e+01 
6.020781e+01 
6.020781e+01 
6.020781e+01 
6.020781e+01 
6.020781e+01 
6.020781e+01 
6.020781e+01 
6.020781e+01 
6.020781e+01 
6.020781e+01 
6.020781e+01 
6.020781e+01 
6.020781e+01 
6.020781e+01 
6.020781e+01 
6.020781e+01 
6.020781e+01 
6.020781e+01 
6.020781e+01 
6.020781e+01 
6.020781e+01 
6.020781e+01 
6.020781e+01 
6.020781e+01 
6.020781e+01 
6.020781e+01 
6.020781e+01 
6.020781e+01 
6.020781e+01 
6.020781e+01 
6.020781e+01 
6.020781e+01 
6.020781e+01 
6.020781e+01 
6.020781e+01 
6.020781e+01 
6.020781e+01 
6.020781e+01 
6.020781e+01 
6.020781e+01 
6.020781e+01 
6.020781e+01 
6.020781e+01 
6.020781e+01 
6.020781e+01 
6.020781e+01 
6.020781e+01 
6.020781e+01 
6.020781e+01 
6.020781e+01 
6.020781e+01 
6.020781e+01 
6.020781e+01 
6.020781e+01 
6.020781e+01 
6.020781e+01 
6.020781e+01 
6.020781e+01 
6.020781e+01 
6.020781e+01 
6.020781e+01 
6.020781e+01 
6.020781e+01 
6.020781e+01 
6.020781e+01 
6.020781e+01 
6.020781e+01 
6.020781e+01 
6.020781e+01 
6.020781e+01 
6.020781e+01 
6.020781e+01 
6.020781e+01 
6.020781e+01 
6.020781e+01 
6.020781e+01 
6.020781e+01 
6.020781e+01 
6.020781e+01 
6.020781e+01 
6.020781e+01 
6.020781e+01 
6.020781e+01 
6.020781e+01 
6.020781e+01 
6.020781e+01 
6.020781e+01 
6.020781e+01 
6.020781e+01 
6.020781e+01 
6.020781e+01 
6.020781e+01 
6.020781e+01 
6.020781e+01 
6.020781e+01 
6.020781e+01 
6.020781e+01 
6.020781e+01 
6.020781e+01 
6.020781e+01 
6.020781e+01 
6.020781e+01 
6.020781e+01 
6.020781e+01 
6.020781e+01 
6.020781e+01 
6.020781e+01 
6.020781e+01 
6.020781e+01 
6.020781e+01 
6.020781e+01 
6.020781e+01 
6.020781e+01 
6.020781e+01 
6.020781e+01 
6.020781e+01 
6.020781e+01 
6.020781e+01 
6.020781e+01 
6.020781e+01 
6.020781e+01 
6.020781e+01 
6.020781e+01 
6.020781e+01 
6.020781e+01 
6.020781e+01 
6.020781e+01 
6.020781e+01 
6.020781e+01 
6.020781e+01 
6.020781e+01 
6.020781e+01 
6.020781e+01 
6.020781e+01 
6.020781e+01 
6.020781e+01 
6.020781e+01 
6.020781e+01 
6.020781e+01 
6.020781e+01 
6.020781e+01 
6.020781e+01 
6.020781e+01 
6.020781e+01 
6.020781e+01 
6.020781e+01 
6.020781e+01 
6.020781e+01 
6.020781e+01 
6.020781e+01 
6.020781e+01 
6.020781e+01 
6.020781e+01 
6.020781e+01 
6.020781e+01 
6.020781e+01 
6.020781e+01 
6.020781e+01 
6.020781e+01 
6.020781e+01 
6.020781e+01 
6.020781e+01 
6.020781e+01 
6.020781e+01 
6.020781e+01 
6.020781e+01 
6.020781e+01 
6.020781e+01 
6.020781e+01 
6.020781e+01 
6.020781e+01 
6.020781e+01 
6.020781e+01 
6.020781e+01 
6.020781e+01 
6.020781e+01 
6.020781e+01 
6.020781e+01 
6.020781e+01 
6.020781e+01 
6.020781e+01 
6.020781e+01 
6.020781e+01 
6.020781e+01 
6.020781e+01 
6.020781e+01 
6.020781e+01 
6.020781e+01 
6.020781e+01 
4.918808e+01 
4.918808e+01 
4.918808e+01 
4.918808e+01 
4.918808e+01 
4.918808e+01 
4.918808e+01 
4.918808e+01 
4.918808e+01 
4.918808e+01 
4.918808e+01 
4.918808e+01 
4.918808e+01 
4.918808e+01 
4.918808e+01 
4.918808e+01 
4.918808e+01 
4.918808e+01 
4.918808e+01 
4.918808e+01 
4.918808e+01 
4.918808e+01 
4.918808e+01 
4.918808e+01 
4.918808e+01 
4.918808e+01 
4.918808e+01 
4.918808e+01 
4.918808e+01 
4.918808e+01 
4.918808e+01 
4.918808e+01 
4.918808e+01 
4.918808e+01 
4.918808e+01 
4.918808e+01 
4.918808e+01 
4.918808e+01 
4.918808e+01 
4.918808e+01 
4.918808e+01 
4.918808e+01 
4.918808e+01 
4.918808e+01 
4.918808e+01 
4.918808e+01 
4.918808e+01 
4.918808e+01 
4.918808e+01 
4.918808e+01 
4.918808e+01 
4.918808e+01 
4.918808e+01 
4.918808e+01 
4.918808e+01 
4.918808e+01 
4.918808e+01 
4.190878e+01 
4.190878e+01 
4.190878e+01 
4.190878e+01 
4.190878e+01 
4.190878e+01 
4.190878e+01 
4.190878e+01 
4.190878e+01 
4.190878e+01 
4.190878e+01 
4.190878e+01 
4.190878e+01 
4.190878e+01 
4.190878e+01 
4.190878e+01 
4.190878e+01 
4.190878e+01 
4.190878e+01 
4.190878e+01 
4.190878e+01 
4.190878e+01 
4.190878e+01 
4.190878e+01 
4.190878e+01 
4.190878e+01 
4.190878e+01 
4.190878e+01 
4.190878e+01 
4.190878e+01 
4.190878e+01 
4.190878e+01 
4.190878e+01 
4.190878e+01 
4.190878e+01 
4.190878e+01 
4.190878e+01 
4.190878e+01 
4.190878e+01 
4.190878e+01 
4.190878e+01 
4.190878e+01 
4.190878e+01 
4.190878e+01 
4.085297e+01 
4.085297e+01 
4.085297e+01 
4.085297e+01 
4.085297e+01 
4.085297e+01 
4.085297e+01 
4.085297e+01 
4.085297e+01 
4.085297e+01 
4.085297e+01 
4.085297e+01 
4.085297e+01 
4.085297e+01 
4.085297e+01 
4.085297e+01 
4.085297e+01 
4.085297e+01 
4.085297e+01 
4.085297e+01 
4.085297e+01 
4.085297e+01 
4.085297e+01 
4.085297e+01 
4.085297e+01 
4.085297e+01 
4.085297e+01 
4.085297e+01 
4.085297e+01 
4.085297e+01 
4.085297e+01 
4.085297e+01 
4.085297e+01 
4.085297e+01 
4.085297e+01 
4.085297e+01 
4.085297e+01 
4.085297e+01 
4.085297e+01 
4.085297e+01 
4.085297e+01 
4.085297e+01 
4.085297e+01 
4.085297e+01 
4.085297e+01 
4.085297e+01 
4.085297e+01 
4.085297e+01 
4.085297e+01 
4.085297e+01 
4.085297e+01 
4.085297e+01 
4.085297e+01 
4.085297e+01 
4.085297e+01 
4.085297e+01 
4.085297e+01 
4.085297e+01 
4.080238e+01 
4.071734e+01 
4.071734e+01 
4.062762e+01 
4.062762e+01 
4.053524e+01 
4.042801e+01 
4.038207e+01 
4.036945e+01 
4.036945e+01 
4.012414e+01 
4.000269e+01 
3.995385e+01 
3.994439e+01 
3.994439e+01 
3.993346e+01 
3.992418e+01 
3.992155e+01 
3.992155e+01 
3.992155e+01 
3.992113e+01 
3.991924e+01 
3.991900e+01 
3.991900e+01 
3.991372e+01 
3.990919e+01 
3.990567e+01 
3.990293e+01 
3.990080e+01 
3.989913e+01 
3.989782e+01 
3.989680e+01 
3.989600e+01 
3.989537e+01 
3.989488e+01 
3.989449e+01 
3.989419e+01 
3.989395e+01 
3.989377e+01 
3.989362e+01 
3.989350e+01 
3.989341e+01 
3.989334e+01 
3.989329e+01 
3.989324e+01 
3.989321e+01 
3.989318e+01 
3.989316e+01 
3.989314e+01 
3.989313e+01 
3.989312e+01 
3.989311e+01 
3.989311e+01 
3.989310e+01 
3.989310e+01 
3.989310e+01 
3.989309e+01 
3.989309e+01 
3.989309e+01 
3.989309e+01 
3.989309e+01 
3.989309e+01 
3.989309e+01 
3.989309e+01 
3.989309e+01 
3.989308e+01 
3.989308e+01 
3.989308e+01 
3.989308e+01 
3.989308e+01 
3.989308e+01 
3.989308e+01 
3.989308e+01 
3.989308e+01 
3.989308e+01 
3.989308e+01 
3.989308e+01 
3.989308e+01 
3.989308e+01 
3.989308e+01 
3.989308e+01 
3.989308e+01 
3.989308e+01 
3.989308e+01 
3.989308e+01 
3.989308e+01 
3.989308e+01 
3.989308e+01 
3.989308e+01 
3.989308e+01 
3.989308e+01 
3.989308e+01 
3.989308e+01 
3.989308e+01 
3.989308e+01 
3.989308e+01 
3.989308e+01 
3.989308e+01 
3.989308e+01 
3.989308e+01 
3.989308e+01 
3.989308e+01 
3.989308e+01 
3.989308e+01 
3.989308e+01 
3.989308e+01 
3.989308e+01 
3.989308e+01 
3.989308e+01 
3.989308e+01 
3.989308e+01 
3.989308e+01 
3.989308e+01 
3.989308e+01 
3.989308e+01 
3.989308e+01 
3.989308e+01 
3.989308e+01 
3.989308e+01 
3.989308e+01 
3.546389e+01 
3.546389e+01 
3.546389e+01 
3.094457e+01 
3.080858e+01 
3.080858e+01 
2.999799e+01 
2.999799e+01 
2.999799e+01 
2.999799e+01 
2.598228e+01 
2.598228e+01 
2.567981e+01 
2.567981e+01 
2.567981e+01 
2.567981e+01 
2.567981e+01 
2.567981e+01 
2.567981e+01 
2.567981e+01 
2.567981e+01 
2.567981e+01 
2.567981e+01 
2.567981e+01 
2.567981e+01 
2.567981e+01 
2.567981e+01 
2.567981e+01 
2.567981e+01 
2.567981e+01 
2.567981e+01 
2.567981e+01 
2.567981e+01 
2.567981e+01 
2.567981e+01 
2.567981e+01 
2.567981e+01 
2.567981e+01 
2.567981e+01 
2.567981e+01 
2.567981e+01 
2.567981e+01 
2.567981e+01 
2.567981e+01 
2.567981e+01 
2.567981e+01 
2.551720e+01 
2.551720e+01 
2.551720e+01 
2.551720e+01 
2.551720e+01 
2.510358e+01 
2.510358e+01 
2.510358e+01 
2.510358e+01 
2.506412e+01 
2.506412e+01 
2.506412e+01 
2.506412e+01 
2.496503e+01 
2.475882e+01 
2.464280e+01 
2.457946e+01 
2.454651e+01 
2.453075e+01 
2.452449e+01 
2.452324e+01 
2.452324e+01 
2.452324e+01 
2.452324e+01 
2.446347e+01 
2.439835e+01 
2.434860e+01 
2.431046e+01 
2.428112e+01 
2.425850e+01 
2.424103e+01 
2.422752e+01 
2.421706e+01 
2.420895e+01 
2.420266e+01 
2.419778e+01 
2.419399e+01 
2.419105e+01 
2.418877e+01 
2.418699e+01 
2.418562e+01 
2.418455e+01 
2.418371e+01 
2.418307e+01 
2.418257e+01 
2.418218e+01 
2.418187e+01 
2.418164e+01 
2.418146e+01 
2.418131e+01 
2.418120e+01 
2.418112e+01 
2.418105e+01 
2.418100e+01 
2.418096e+01 
2.418093e+01 
2.418090e+01 
2.418089e+01 
2.418087e+01 
2.418086e+01 
2.418085e+01 
2.395837e+01 
2.360946e+01 
2.360946e+01 
2.360946e+01 
2.360946e+01 
2.355250e+01 
2.355250e+01 
2.327461e+01 
2.327461e+01 
2.269184e+01 
2.269184e+01 
2.269184e+01 
2.269184e+01 
2.269184e+01 
2.240920e+01 
2.235856e+01 
2.235856e+01 
2.230293e+01 
2.211446e+01 
2.201743e+01 
2.197180e+01 
2.195425e+01 
2.195138e+01 
2.195138e+01 
2.194997e+01 
2.194997e+01 
2.194997e+01 
2.194997e+01 
2.191982e+01 
2.188919e+01 
2.186732e+01 
2.185149e+01 
2.183990e+01 
2.183132e+01 
2.182492e+01 
2.182011e+01 
2.181646e+01 
2.181370e+01 
2.181158e+01 
2.180997e+01 
2.180873e+01 
2.180777e+01 
2.180704e+01 
2.180647e+01 
2.180604e+01 
2.180570e+01 
2.180544e+01 
2.180524e+01 
2.180508e+01 
2.180496e+01 
2.180487e+01 
2.180480e+01 
2.180474e+01 
2.180470e+01 
2.180467e+01 
2.180464e+01 
2.180462e+01 
2.180460e+01 
2.180459e+01 
2.180458e+01 
2.180458e+01 
2.180457e+01 
2.180457e+01 
2.180456e+01 
2.180456e+01 
2.180456e+01 
2.180456e+01 
2.180456e+01 
2.180456e+01 
2.180455e+01 
2.180455e+01 
2.180455e+01 
2.180455e+01 
2.180455e+01 
2.180455e+01 
2.180455e+01 
2.180455e+01 
2.180455e+01 
2.180455e+01 
2.180455e+01 
2.180455e+01 
2.180455e+01 
2.180455e+01 
2.180455e+01 
2.180455e+01 
2.180455e+01 
2.180455e+01 
2.180455e+01 
2.180455e+01 
2.180455e+01 
2.180455e+01 
2.180455e+01 
2.180455e+01 
2.180455e+01 
2.180455e+01 
2.180455e+01 
2.180455e+01 
2.180455e+01 
2.180455e+01 
2.180455e+01 
2.180455e+01 
2.180455e+01 
2.180455e+01 
2.180455e+01 
2.180455e+01 
2.180455e+01 
2.180455e+01 
2.180455e+01 
2.180455e+01 
2.180455e+01 
2.180455e+01 
2.180455e+01 
2.180455e+01 
2.180455e+01 
2.180455e+01 
2.180455e+01 
2.180455e+01 
2.180455e+01 
2.180455e+01 
2.180455e+01 
2.180455e+01 
2.180455e+01 
2.180455e+01 
2.180455e+01 
2.163939e+01 
2.163939e+01 
2.163939e+01 
2.136786e+01 
2.136786e+01 
2.136786e+01 
2.136786e+01 
2.136786e+01 
2.136786e+01 
2.136786e+01 
2.136786e+01 
2.134879e+01 
2.134879e+01 
2.134674e+01 
2.134674e+01 
2.134674e+01 
2.134674e+01 
2.131988e+01 
2.131988e+01 
2.131988e+01 
2.131988e+01 
2.131988e+01 
2.130378e+01 
2.130378e+01 
2.112375e+01 
2.112375e+01 
2.056366e+01 
2.003519e+01 
2.003519e+01 
1.882597e+01 
1.882597e+01 
1.882597e+01 
1.882597e+01 
1.882597e+01 
1.882597e+01 
1.882597e+01 
1.882597e+01 
1.882597e+01 
1.882597e+01 
1.882597e+01 
1.882597e+01 
1.882597e+01 
1.882597e+01 
1.882597e+01 
1.879460e+01 
1.879460e+01 
1.879460e+01 
1.879460e+01 
1.860353e+01 
1.860353e+01 
1.860353e+01 
1.860353e+01 
1.860353e+01 
1.860353e+01 
1.860353e+01 
1.860353e+01 
1.775706e+01 
1.775706e+01 
1.775706e+01 
1.775706e+01 
1.775706e+01 
1.775706e+01 
1.775706e+01 
1.775706e+01 
1.775706e+01 
1.775706e+01 
1.775706e+01 
1.775706e+01 
1.775706e+01 
1.775706e+01 
1.775706e+01 
1.775706e+01 
1.775706e+01 
1.775706e+01 
1.775706e+01 
1.775706e+01 
1.775706e+01 
1.775706e+01 
1.775706e+01 
1.775706e+01 
1.775706e+01 
1.775706e+01 
1.775706e+01 
1.775706e+01 
1.775706e+01 
1.775706e+01 
1.775706e+01 
1.775706e+01 
1.775706e+01 
1.775706e+01 
1.775706e+01 
1.775706e+01 
1.775706e+01 
1.775706e+01 
1.775706e+01 
1.775706e+01 
1.775706e+01 
1.775706e+01 
1.775706e+01 
1.766581e+01 
1.766581e+01 
1.766581e+01 
1.766581e+01 
1.766581e+01 
1.766581e+01 
1.766581e+01 
1.766581e+01 
1.766581e+01 
1.766581e+01 
1.766581e+01 
1.766581e+01 
1.766581e+01 
1.766581e+01 
1.766581e+01 
1.766581e+01 
1.766581e+01 
1.766581e+01 
1.766581e+01 
1.766581e+01 
1.766581e+01 
1.766581e+01 
1.766581e+01 
1.766581e+01 
1.766581e+01 
1.766581e+01 
1.766581e+01 
1.766581e+01 
1.766581e+01 
1.766581e+01 
1.766581e+01 
1.766581e+01 
1.766581e+01 
1.766581e+01 
1.766581e+01 
1.766581e+01 
1.766581e+01 
1.766581e+01 
1.766581e+01 
1.766581e+01 
1.766581e+01 
1.766581e+01 
1.766581e+01 
1.766581e+01 
1.766581e+01 
1.766581e+01 
1.766581e+01 
1.766581e+01 
1.766581e+01 
1.766581e+01 
1.766581e+01 
1.766581e+01 
1.766581e+01 
1.766581e+01 
1.766581e+01 
1.766581e+01 
1.766581e+01 
1.766581e+01 
1.766581e+01 
1.766581e+01 
1.766581e+01 
1.766581e+01 
1.766581e+01 
1.766581e+01 
1.766581e+01 
1.766581e+01 
1.766581e+01 
1.766581e+01 
1.766581e+01 
1.766581e+01 
1.757078e+01 
1.757078e+01 
1.757078e+01 
1.757078e+01 
1.757078e+01 
1.757078e+01 
1.757078e+01 
1.757078e+01 
1.757078e+01 
1.757078e+01 
1.757078e+01 
1.757078e+01 
1.757078e+01 
1.757078e+01 
1.757078e+01 
1.757078e+01 
1.757078e+01 
1.757078e+01 
1.757078e+01 
1.757078e+01 
1.757078e+01 
1.757078e+01 
1.757078e+01 
1.757078e+01 
1.757078e+01 
1.757078e+01 
1.757078e+01 
1.757078e+01 
1.757078e+01 
1.757078e+01 
1.757078e+01 
1.757078e+01 
1.757078e+01 
1.757078e+01 
1.757078e+01 
1.757078e+01 
1.757078e+01 
1.757078e+01 
1.757078e+01 
1.757078e+01 
1.757078e+01 
1.757078e+01 
1.757078e+01 
1.757078e+01 
1.757078e+01 
1.757078e+01 
1.757078e+01 
1.757078e+01 
1.720006e+01 
1.720006e+01 
1.720006e+01 
1.720006e+01 
1.720006e+01 
1.720006e+01 
1.720006e+01 
1.720006e+01 
1.720006e+01 
1.720006e+01 
1.720006e+01 
1.720006e+01 
1.720006e+01 
1.720006e+01 
1.720006e+01 
1.631960e+01 
1.631960e+01 
1.631960e+01 
1.631960e+01 
1.631960e+01 
1.631960e+01 
1.631960e+01 
1.631960e+01 
1.631960e+01 
1.631960e+01 
1.631960e+01 
1.631960e+01 
1.631960e+01 
1.631960e+01 
1.631960e+01 
1.631960e+01 
1.631960e+01 
1.631960e+01 
1.631960e+01 
1.631960e+01 
1.631960e+01 
1.631960e+01 
1.631960e+01 
1.631960e+01 
1.631960e+01 
1.631960e+01 
1.631960e+01 
1.631960e+01 
1.631960e+01 
1.631960e+01 
1.631960e+01 
1.631960e+01 
1.631960e+01 
1.631960e+01 
1.631960e+01 
1.631960e+01 
1.631960e+01 
1.631960e+01 
1.631960e+01 
1.631960e+01 
1.631960e+01 
1.631960e+01 
1.631960e+01 
1.631960e+01 
1.631960e+01 
1.631960e+01 
1.631960e+01 
1.631960e+01 
1.631960e+01 
1.631960e+01 
1.631960e+01 
1.631960e+01 
1.631960e+01 
1.631960e+01 
1.631960e+01 
1.631960e+01 
1.631960e+01 
1.631960e+01 
1.631960e+01 
1.631960e+01 
1.631960e+01 
1.631960e+01 
1.631960e+01 
1.631960e+01 
1.631960e+01 
1.631960e+01 
1.631960e+01 
1.631960e+01 
1.631960e+01 
1.631960e+01 
1.631960e+01 
1.631960e+01 
1.631960e+01 
1.631960e+01 
1.631960e+01 
1.631960e+01 
1.631960e+01 
1.631960e+01 
1.631960e+01 
1.631960e+01 
1.631960e+01 
1.631960e+01 
1.631960e+01 
1.631960e+01 
1.631960e+01 
1.631960e+01 
1.631960e+01 
1.631960e+01 
1.631960e+01 
1.631960e+01 
1.631960e+01 
1.631960e+01 
1.631960e+01 
1.631960e+01 
1.631960e+01 
1.631960e+01 
1.631960e+01 
1.631960e+01 
1.631960e+01 
1.631960e+01 
1.631960e+01 
1.631960e+01 
1.631960e+01 
1.631960e+01 
1.631960e+01 
1.631960e+01 
1.631960e+01 
1.631960e+01 
1.631960e+01 
1.631960e+01 
1.631960e+01 
1.631960e+01 
1.631960e+01 
1.631960e+01 
1.631960e+01 
1.631960e+01 
1.631960e+01 
1.631960e+01 
1.631960e+01 
1.631960e+01 
1.631960e+01 
1.631960e+01 
1.631960e+01 
1.631960e+01 
1.631960e+01 
1.631960e+01 
1.631960e+01 
1.631960e+01 
1.631960e+01 
1.631960e+01 
1.631960e+01 
1.631960e+01 
1.631960e+01 
1.631960e+01 
1.631960e+01 
1.631960e+01 
1.631960e+01 
1.631960e+01 
1.631960e+01 
1.631960e+01 
1.631960e+01 
1.631960e+01 
1.631960e+01 
1.631960e+01 
1.631960e+01 
1.631960e+01 
1.631960e+01 
1.631960e+01 
1.631960e+01 
1.631960e+01 
1.631960e+01 
1.631960e+01 
1.631960e+01 
1.631960e+01 
1.631960e+01 
1.631960e+01 
1.631960e+01 
1.631960e+01 
1.631960e+01 
1.631960e+01 
1.631960e+01 
1.631960e+01 
1.631960e+01 
1.631960e+01 
1.631960e+01 
1.631960e+01 
1.631960e+01 
1.631960e+01 
1.631960e+01 
1.631960e+01 
1.631960e+01 
1.631960e+01 
1.631960e+01 
1.631960e+01 
1.631960e+01 
1.631960e+01 
1.631960e+01 
1.631960e+01 
1.631960e+01 
1.631960e+01 
1.631960e+01 
1.631960e+01 
1.631960e+01 
1.596946e+01 
1.596946e+01 
1.095565e+01 
1.095565e+01 
1.095565e+01 
1.095565e+01 
1.095565e+01 
1.095565e+01 
1.095565e+01 
1.095565e+01 
1.095565e+01 
1.095565e+01 
1.095565e+01 
1.095565e+01 
1.095565e+01 
1.095565e+01 
1.095565e+01 
1.095565e+01 
1.095565e+01 
1.095565e+01 
1.095565e+01 
1.095565e+01 
1.095565e+01 
1.095565e+01 
1.095565e+01 
1.095565e+01 
1.095565e+01 
1.095565e+01 
1.095565e+01 
1.095565e+01 
1.095565e+01 
1.095565e+01 
1.095565e+01 
1.095565e+01 
1.095565e+01 
1.095565e+01 
1.095565e+01 
1.095565e+01 
1.095565e+01 
1.095565e+01 
1.095565e+01 
1.095565e+01 
1.095565e+01 
1.095565e+01 
1.095565e+01 
1.095565e+01 
1.095565e+01 
9.572041e+00 
9.572041e+00 
9.572041e+00 
9.572041e+00 
9.572041e+00 
9.572041e+00 
8.574088e+00 
8.574088e+00 
8.574088e+00 
8.574088e+00 
8.574088e+00 
8.574088e+00 
8.574088e+00 
8.574088e+00 
8.224585e+00 
8.224585e+00 
8.224585e+00 
8.224585e+00 
8.224585e+00 
8.224585e+00 
8.224585e+00 
8.224585e+00 
8.224585e+00 
8.224585e+00 
8.224585e+00 
8.224585e+00 
8.224585e+00 
8.224585e+00 
8.224585e+00 
8.224585e+00 
8.224585e+00 
8.224585e+00 
8.224585e+00 
8.224585e+00 
8.224585e+00 
8.224585e+00 
8.224585e+00 
8.224585e+00 
8.224585e+00 
8.224585e+00 
8.224585e+00 
8.224585e+00 
8.224585e+00 
8.224585e+00 
8.224585e+00 
8.224585e+00 
8.224585e+00 
8.224585e+00 
8.224585e+00 
8.224585e+00 
8.224585e+00 
8.224585e+00 
8.224585e+00 
8.224585e+00 
8.199003e+00 
8.199003e+00 
8.199003e+00 
6.477166e+00 
6.477166e+00 
6.477166e+00 
6.042096e+00 
6.042096e+00 
6.042096e+00 
6.042096e+00 
6.042096e+00 
6.042096e+00 
6.042096e+00 
6.042096e+00 
6.042096e+00 
6.042096e+00 
6.042096e+00 
6.042096e+00 
6.042096e+00 
6.042096e+00 
6.042096e+00 
6.042096e+00 
6.042096e+00 
6.042096e+00 
6.042096e+00 
6.042096e+00 
6.042096e+00 
6.042096e+00 
6.042096e+00 
6.042096e+00 
6.042096e+00 
6.042096e+00 
6.042096e+00 
6.042096e+00 
6.042096e+00 
6.042096e+00 
6.042096e+00 
6.042096e+00 
6.042096e+00 
6.042096e+00 
6.042096e+00 
4.078667e+00 
4.078667e+00 
4.078667e+00 
4.078667e+00 
4.078667e+00 
4.078667e+00 
4.078667e+00 
4.078667e+00 
4.078667e+00 
4.078667e+00 
4.078667e+00 
4.078667e+00 
4.078667e+00 
4.078667e+00 
4.078667e+00 
4.078667e+00 
4.078667e+00 
4.078667e+00 
3.628998e+00 
3.628998e+00 
3.628998e+00 
3.628998e+00 
3.628998e+00 
3.628998e+00 
3.628998e+00 
3.628998e+00 
3.628998e+00 
3.628998e+00 
3.628998e+00 
3.628998e+00 
3.628998e+00 
3.628998e+00 
3.628998e+00 
3.628998e+00 
3.628998e+00 
3.628998e+00 
3.628998e+00 
3.628998e+00 
3.628998e+00 
3.628998e+00 
3.628998e+00 
3.628998e+00 
3.628998e+00 
3.628998e+00 
3.628998e+00 
3.628998e+00 
3.628998e+00 
3.628998e+00 
3.628998e+00 
3.628998e+00 
3.628998e+00 
3.628998e+00 
3.628998e+00 
3.628998e+00 
3.628998e+00 
3.628998e+00 
3.628998e+00 
3.628998e+00 
3.628998e+00 
3.628998e+00 
3.628998e+00 
3.628998e+00 
3.628998e+00 
3.628998e+00 
3.628998e+00 
3.628998e+00 
3.628998e+00 
3.628998e+00 
3.628998e+00 
3.628998e+00 
3.628998e+00 
3.628998e+00 
3.628998e+00 
3.628998e+00 
3.628998e+00 
3.628998e+00 
3.628998e+00 
3.628998e+00 
3.475787e+00 
3.475787e+00 
3.475787e+00 
3.475787e+00 
3.475787e+00 
3.475787e+00 
3.475787e+00 
3.475787e+00 
3.475787e+00 
3.475787e+00 
3.475787e+00 
3.475787e+00 
3.475787e+00 
3.475787e+00 
3.475787e+00 
3.475787e+00 
3.398796e+00 
3.398796e+00 
3.398796e+00 
3.398796e+00 
3.398796e+00 
3.398796e+00 
3.398796e+00 
3.398796e+00 
3.398796e+00 
3.398796e+00 
3.398796e+00 
3.398796e+00 
3.398796e+00 
3.398796e+00 
3.398796e+00 
3.398796e+00 
3.398796e+00 
3.398796e+00 
3.398796e+00 
3.398796e+00 
3.398796e+00 
3.398796e+00 
3.398796e+00 
3.398796e+00 
2.887498e+00 
2.887498e+00 
2.887498e+00 
2.887498e+00 
2.887498e+00 
2.887498e+00 
2.887498e+00 
2.887498e+00 
2.887498e+00 
2.887498e+00 
2.887498e+00 
2.887498e+00 
2.887498e+00 
2.887498e+00 
2.780943e+00 
2.780943e+00 
2.780943e+00 
2.780943e+00 
2.780943e+00 
2.780943e+00 
2.780943e+00 
2.780943e+00 
2.780943e+00 
2.780943e+00 
2.694786e+00 
2.694786e+00 
2.694786e+00 
2.694786e+00 
2.674905e+00 
2.674905e+00 
2.674905e+00 
2.650814e+00 
2.642766e+00 
2.642766e+00 
2.614393e+00 
2.571360e+00 
2.558561e+00 
2.558561e+00 
2.558561e+00 
2.558561e+00 
2.558561e+00 
2.558561e+00 
2.558561e+00 
2.558561e+00 
2.558561e+00 
2.558561e+00 
2.558561e+00 
2.558561e+00 
2.558561e+00 
2.558561e+00 
2.558561e+00 
2.558561e+00 
2.558561e+00 
2.547918e+00 
2.547918e+00 
2.547918e+00 
2.547918e+00 
2.547918e+00 
2.535240e+00 
2.535240e+00 
2.535240e+00 
2.535240e+00 
2.535240e+00 
2.535240e+00 
2.535240e+00 
2.531611e+00 
2.520364e+00 
2.520364e+00 
1.792912e+00 
1.792912e+00 
1.792912e+00 
1.792910e+00 
1.792910e+00 
1.792910e+00 
1.792910e+00 
1.792910e+00 
1.792910e+00 
1.792910e+00 
1.782373e+00 
1.621179e+00 
1.621179e+00 
1.586533e+00 
1.586533e+00 
1.586533e+00 
1.586533e+00 
1.586533e+00 
1.586441e+00 
1.586441e+00 
1.563307e+00 
1.563307e+00 
1.563307e+00 
1.510691e+00 
1.510691e+00 
1.510691e+00 
1.510691e+00 
1.510691e+00 
1.510691e+00 
1.510691e+00 
1.510691e+00 
1.510691e+00 
1.505930e+00 
1.505930e+00 
1.505930e+00 
1.498693e+00 
1.488618e+00 
1.481748e+00 
1.476990e+00 
1.473654e+00 
1.471292e+00 
1.469606e+00 
1.397183e+00 
1.397183e+00 
1.397183e+00 
1.397183e+00 
1.397183e+00 
1.397183e+00 
1.397183e+00 
1.397183e+00 
1.397183e+00 
1.397183e+00 
1.284501e+00 
1.284501e+00 
1.284501e+00 
1.284501e+00 
1.284501e+00 
1.284501e+00 
8.568625e-01 
8.568625e-01 
8.568625e-01 
8.568625e-01 
8.568625e-01 
8.568625e-01 
8.568625e-01 
8.568625e-01 
8.568625e-01 
8.568625e-01 
8.568625e-01 
8.568625e-01 
8.568625e-01 
8.568625e-01 
8.270579e-01 
8.270579e-01 
8.270579e-01 
8.270579e-01 
8.270579e-01 
8.270579e-01 
8.270579e-01 
8.270579e-01 
8.270579e-01 
8.270579e-01 
8.270579e-01 
8.270579e-01 
8.270579e-01 
8.270579e-01 
8.270579e-01 
8.270579e-01 
8.270579e-01 
8.270579e-01 
7.814549e-01 
7.814549e-01 
7.814549e-01 
7.115531e-01 
7.115531e-01 
7.115531e-01 
7.115531e-01 
7.115531e-01 
6.721824e-01 
6.721824e-01 
6.721824e-01 
6.721824e-01 
6.721824e-01 
6.721824e-01 
6.721824e-01 
6.721824e-01 
6.721824e-01 
6.721824e-01 
6.721824e-01 
6.721824e-01 
6.721824e-01 
6.721824e-01 
6.721824e-01 
6.721824e-01 
6.721824e-01 
6.721824e-01 
6.721824e-01 
6.721824e-01 
6.721824e-01 
6.721824e-01 
6.721824e-01 
6.721824e-01 
6.721824e-01 
6.721824e-01 
6.721824e-01 
6.721824e-01 
6.699378e-01 
6.699378e-01 
6.699378e-01 
6.699378e-01 
6.699378e-01 
6.699378e-01 
6.699378e-01 
6.699378e-01 
6.699378e-01 
6.699378e-01 
6.699378e-01 
6.699378e-01 
6.699378e-01 
6.699378e-01 
6.699378e-01 
6.699378e-01 
6.699378e-01 
6.335356e-01 
6.335356e-01 
5.305069e-01 
4.700890e-01 
4.700890e-01 
4.606696e-01 
4.606696e-01 
4.606696e-01 
4.606696e-01 
4.457225e-01 
4.457225e-01 
4.457225e-01 
4.457225e-01 
4.457225e-01 
4.457225e-01 
4.457225e-01 
4.457225e-01 
4.457225e-01 
4.383235e-01 
4.358458e-01 
4.358458e-01 
4.358458e-01 
4.338393e-01 
4.295459e-01 
4.266462e-01 
4.246563e-01 
4.232730e-01 
4.223015e-01 
4.216139e-01 
4.211244e-01 
4.207742e-01 
4.205230e-01 
4.203423e-01 
4.202121e-01 
4.201181e-01 
4.200503e-01 
4.200013e-01 
4.199659e-01 
4.199403e-01 
4.199217e-01 
4.199083e-01 
4.198986e-01 
4.198916e-01 
4.198866e-01 
4.198829e-01 
4.198802e-01 
4.198783e-01 
4.198769e-01 
4.198759e-01 
4.198752e-01 
4.198747e-01 
4.198743e-01 
4.198740e-01 
4.198738e-01 
4.198737e-01 
4.198736e-01 
4.198735e-01 
4.198734e-01 
4.198734e-01 
4.198734e-01 
4.198733e-01 
4.198733e-01 
4.198733e-01 
4.198733e-01 
4.198733e-01 
4.198733e-01 
4.198733e-01 
4.198733e-01 
4.198733e-01 
4.198733e-01 
4.198733e-01 
4.198733e-01 
4.198733e-01 
4.198733e-01 
4.198733e-01 
4.198733e-01 
4.198733e-01 
4.198733e-01 
4.198733e-01 
4.198733e-01 
4.198733e-01 
4.198733e-01 
4.198733e-01 
4.198733e-01 
4.198733e-01 
4.198733e-01 
4.198733e-01 
4.198733e-01 
4.198733e-01 
4.198733e-01 
4.198733e-01 
4.198733e-01 
4.198733e-01 
4.198733e-01 
4.198733e-01 
4.198733e-01 
4.198733e-01 
4.198733e-01 
3.422040e-01 
3.422040e-01 
3.422040e-01 
3.016610e-01 
2.446566e-01 
2.446566e-01 
2.446566e-01 
2.446566e-01 
2.446566e-01 
2.446566e-01 
2.446566e-01 
2.446566e-01 
2.446566e-01 
2.446566e-01 
2.446566e-01 
2.446566e-01 
2.446566e-01 
2.446566e-01 
2.446566e-01 
2.446566e-01 
2.446566e-01 
2.446566e-01 
2.446566e-01 
2.446566e-01 
2.446566e-01 
2.446566e-01 
2.446566e-01 
2.446566e-01 
2.446566e-01 
2.446566e-01 
2.446566e-01 
1.418585e-01 
1.418585e-01 
1.418585e-01 
1.418585e-01 
1.418585e-01 
1.418585e-01 
1.418585e-01 
1.418585e-01 
1.418585e-01 
1.418585e-01 
1.418585e-01 
1.418585e-01 
1.418585e-01 
8.899614e-02 
8.899614e-02 
8.899614e-02 
8.899614e-02 
8.899614e-02 
8.899614e-02 
8.899614e-02 
8.899614e-02 
8.899614e-02 
8.899614e-02 
8.899614e-02 
8.899614e-02 
8.899614e-02 
8.899614e-02 
8.899614e-02 
8.899614e-02 
8.899614e-02 
8.899614e-02 
8.899614e-02 
8.899614e-02 
8.899614e-02 
8.899614e-02 
8.899614e-02 
8.899614e-02 
8.899614e-02 
8.899614e-02 
8.899614e-02 
8.899614e-02 
8.899614e-02 
8.899614e-02 
8.899614e-02 
8.899614e-02 
8.899614e-02 
8.899614e-02 
8.899614e-02 
8.899614e-02 
8.899614e-02 
8.899614e-02 
8.899614e-02 
8.899614e-02 
8.034802e-02 
8.034802e-02 
7.981343e-02 
7.981343e-02 
7.981343e-02 
7.981343e-02 
7.981343e-02 
7.981343e-02 
7.981343e-02 
7.981343e-02 
7.981343e-02 
5.661096e-02 
5.661096e-02 
5.661096e-02 
5.661096e-02 
5.661096e-02 
5.661096e-02 
5.661096e-02 
5.661096e-02 
5.661096e-02 
5.661096e-02 
5.661096e-02 
5.661096e-02 
5.661096e-02 
5.661096e-02 
5.661096e-02 
5.661096e-02 
5.661096e-02 
5.661096e-02 
5.661096e-02 
5.661096e-02 
5.661096e-02 
5.661096e-02 
5.661096e-02 
5.661096e-02 
5.661096e-02 
5.661096e-02 
5.661096e-02 
5.661096e-02 
4.357672e-02 
4.357672e-02 
4.357672e-02 
4.357672e-02 
4.357672e-02 
4.357672e-02 
4.357672e-02 
4.357672e-02 
4.357672e-02 
4.357672e-02 
4.357672e-02 
4.357672e-02 
4.357672e-02 
4.357672e-02 
3.905537e-02 
3.905537e-02 
3.905537e-02 
3.905537e-02 
3.905537e-02 
3.905537e-02 
3.905537e-02 
3.905537e-02 
3.905537e-02 
3.905537e-02 
3.905537e-02 
3.905537e-02 
3.905537e-02 
3.905537e-02 
3.905537e-02 
3.905537e-02 
3.905537e-02 
3.905537e-02 
3.905537e-02 
3.905537e-02 
3.905537e-02 
3.905537e-02 
3.905537e-02 
3.905537e-02 
3.905537e-02 
3.527334e-02 
3.527334e-02 
3.527334e-02 
3.527334e-02 
3.527334e-02 
3.527334e-02 
3.527334e-02 
3.527334e-02 
3.527334e-02 
3.527334e-02 
3.369367e-02 
3.369367e-02 
3.154784e-02 
3.154784e-02 
3.144201e-02 
3.144201e-02 
3.144201e-02 
3.144201e-02 
3.141369e-02 
3.141369e-02 
3.141369e-02 
3.141369e-02 
3.141369e-02 
3.141369e-02 
3.141369e-02 
3.141369e-02 
2.950981e-02 
2.950981e-02 
2.849087e-02 
2.776700e-02 
2.752132e-02 
2.748272e-02 
2.748272e-02 
2.748272e-02 
2.748272e-02 
2.748272e-02 
2.740019e-02 
2.732115e-02 
2.726769e-02 
2.723108e-02 
2.720575e-02 
2.718810e-02 
2.717574e-02 
2.716704e-02 
2.716091e-02 
2.715657e-02 
2.715351e-02 
2.715133e-02 
2.714979e-02 
2.714870e-02 
2.714792e-02 
2.714737e-02 
2.714698e-02 
2.714671e-02 
2.714651e-02 
2.714637e-02 
2.714627e-02 
2.714620e-02 
2.714615e-02 
2.714611e-02 
2.714609e-02 
2.714607e-02 
2.714606e-02 
2.714605e-02 
2.714604e-02 
2.714604e-02 
2.714604e-02 
2.714603e-02 
2.714603e-02 
2.714603e-02 
2.714603e-02 
2.714603e-02 
2.714603e-02 
2.714603e-02 
2.714603e-02 
2.714603e-02 
2.714603e-02 
2.714603e-02 
2.714603e-02 
2.714603e-02 
2.714603e-02 
2.714603e-02 
2.714603e-02 
2.714603e-02 
2.714603e-02 
2.714603e-02 
2.714603e-02 
2.714603e-02 
1.818140e-02 
1.698996e-02 
1.698996e-02 
1.698996e-02 
1.698996e-02 
1.698996e-02 
1.625837e-02 
1.625837e-02 
1.625837e-02 
1.625837e-02 
1.625837e-02 
1.625837e-02 
1.625837e-02 
1.260382e-02 
1.260382e-02 
1.260382e-02 
1.260382e-02 
1.169561e-02 
1.014287e-02 
1.005620e-02 
1.005620e-02 
1.002138e-02 
1.002138e-02 
9.985261e-03 
9.985261e-03 
9.850557e-03 
9.806052e-03 
9.806052e-03 
9.517106e-03 
9.507576e-03 
9.507576e-03 
9.507576e-03 
9.455632e-03 
9.455632e-03 
9.455632e-03 
9.455632e-03 
9.449240e-03 
9.449240e-03 
9.449240e-03 
9.449240e-03 
9.449240e-03 
9.449240e-03 
9.449240e-03 
9.449240e-03 
9.449240e-03 
9.449240e-03 
9.446369e-03 
9.442795e-03 
9.442795e-03 
9.441467e-03 
9.441467e-03 
9.441105e-03 
9.441105e-03 
9.441105e-03 
9.441105e-03 
9.436861e-03 
9.430644e-03 
9.426847e-03 
9.424461e-03 
9.422924e-03 
7.763158e-03 
5.072404e-03 
5.072404e-03 
4.953085e-03 
4.953085e-03 
4.317426e-03 
4.317426e-03 
4.317426e-03 
4.317426e-03 
3.748973e-03 
3.748973e-03 
3.748973e-03 
3.748973e-03 
3.748973e-03 
3.748973e-03 
3.259677e-03 
3.259677e-03 
3.259677e-03 
3.259677e-03 
3.259677e-03 
3.259677e-03 
2.927394e-03 
2.927394e-03 
2.927394e-03 
2.927394e-03 
2.927394e-03 
2.927394e-03 
2.711858e-03 
2.706646e-03 
2.706646e-03 
2.706646e-03 
2.706646e-03 
2.706646e-03 
2.706646e-03 
2.668800e-03 
2.645022e-03 
2.645022e-03 
2.640416e-03 
2.640416e-03 
2.640416e-03 
2.640416e-03 
2.640416e-03 
2.632268e-03 
2.624498e-03 
2.619763e-03 
2.616794e-03 
2.614885e-03 
2.613631e-03 
2.612793e-03 
2.612225e-03 
2.611837e-03 
2.611569e-03 
2.611384e-03 
2.611255e-03 
2.611165e-03 
2.611102e-03 
2.611058e-03 
2.611027e-03 
2.611005e-03 
2.610990e-03 
2.610979e-03 
2.610972e-03 
2.610967e-03 
2.610963e-03 
2.610960e-03 
2.610959e-03 
2.610957e-03 
2.610956e-03 
2.422520e-03 
2.422520e-03 
2.415370e-03 
2.251063e-03 
2.251063e-03 
2.181092e-03 
2.181092e-03 
2.181092e-03 
2.181092e-03 
2.181092e-03 
2.168500e-03 
2.149277e-03 
2.149277e-03 
1.534499e-03 
1.534499e-03 
1.534499e-03 
1.153921e-03 
1.153921e-03 
1.153921e-03 
1.153921e-03 
1.153921e-03 
1.153921e-03 
1.153921e-03 
9.166881e-04 
9.166881e-04 
9.166881e-04 
9.166881e-04 
9.166881e-04 
9.166881e-04 
9.166881e-04 
9.166881e-04 
8.697757e-04 
8.697757e-04 
8.246954e-04 
8.246954e-04 
8.246954e-04 
8.246954e-04 
8.246954e-04 
8.246954e-04 
8.246954e-04 
8.246954e-04 
8.246954e-04 
8.246954e-04 
8.246954e-04 
8.246954e-04 
8.246954e-04 
8.246954e-04 
8.246954e-04 
8.246954e-04 
8.246954e-04 
8.246954e-04 
8.246954e-04 
7.786560e-04 
5.764518e-04 
3.207126e-04 
3.043606e-04 
2.752651e-04 
2.752651e-04 
2.752651e-04 
1.996193e-04 
1.996193e-04 
1.996193e-04 
1.952761e-04 
1.952761e-04 
1.952761e-04 
1.036924e-04 
1.036924e-04 
1.036924e-04 
1.036924e-04 
1.036924e-04 
1.036924e-04 
1.036924e-04 
1.036924e-04 
1.036924e-04 
1.036924e-04 
1.036924e-04 
1.036924e-04 
1.036924e-04 
1.036924e-04 
1.036924e-04 
1.036924e-04 
1.036924e-04 
1.036924e-04 
1.036924e-04 
1.036924e-04 
1.036924e-04 
1.036924e-04 
1.032363e-04 
9.948071e-05 
9.948071e-05 
5.830388e-05 
5.448626e-05 
5.448626e-05 
3.561967e-05 
3.561967e-05 
3.561967e-05 
3.561967e-05 
3.561967e-05 
3.561967e-05 
3.561967e-05 
3.561967e-05 
3.561967e-05 
3.561967e-05 
3.561967e-05 
3.561967e-05 
3.561967e-05 
3.561967e-05 
3.561967e-05 
3.561967e-05 
3.561967e-05 
3.561967e-05 
3.561967e-05 
3.561967e-05 
3.561967e-05 
3.561967e-05 
3.561967e-05 
3.561967e-05 
3.561967e-05 
3.561967e-05 
3.561967e-05 
3.561967e-05 
3.390046e-05 
3.390046e-05 
2.881482e-05 
2.881482e-05 
2.881482e-05 
2.881482e-05 
2.881482e-05 
2.881482e-05 
2.881482e-05 
2.842298e-05 
2.842298e-05 
2.402181e-05 
2.402181e-05 
2.402181e-05 
2.402181e-05 
2.402181e-05 
2.345143e-05 
2.067885e-05 
2.014513e-05 
2.014513e-05 
2.014468e-05 
2.014468e-05 
1.974296e-05 
1.965715e-05 
1.965715e-05 
1.942550e-05 
1.941100e-05 
1.941100e-05 
1.941100e-05 
1.894445e-05 
1.841094e-05 
1.811558e-05 
1.794671e-05 
1.784692e-05 
1.778605e-05 
1.774784e-05 
1.772328e-05 
1.770717e-05 
1.769644e-05 
1.768922e-05 
1.768431e-05 
1.768095e-05 
1.767865e-05 
1.767707e-05 
1.767597e-05 
1.767521e-05 
1.767469e-05 
1.767433e-05 
1.301219e-05 
1.189624e-05 
1.189624e-05 
1.136044e-05 
1.136044e-05 
1.136044e-05 
1.136044e-05 
1.136044e-05 
1.136044e-05 
1.136044e-05 
1.136044e-05 
1.136044e-05 
1.136044e-05 
1.136044e-05 
8.864548e-06 
8.864548e-06 
8.864548e-06 
8.864548e-06 
8.135917e-06 
8.135917e-06 
4.331763e-06 
4.331763e-06 
2.787813e-06 
2.787813e-06 
2.787813e-06 
2.431312e-06 
2.431312e-06 
2.431312e-06 
2.297330e-06 
2.297330e-06 
2.297330e-06 
2.297330e-06 
2.297330e-06 
1.556602e-06 
1.556602e-06 
1.556602e-06 
1.556602e-06 
1.496675e-06 
1.496675e-06 
1.388899e-06 
1.388899e-06 
1.388899e-06 
1.388899e-06 
1.278510e-06 
1.278510e-06 
1.174063e-06 
1.174063e-06 
1.174063e-06 
1.174063e-06 
1.174063e-06 
1.174063e-06 
1.155092e-06 
1.155092e-06 
5.080837e-07 
5.080837e-07 
5.080837e-07 
5.080837e-07 
5.080837e-07 
5.080837e-07 
5.080837e-07 
5.080837e-07 
5.080837e-07 
5.080837e-07 
5.080837e-07 
5.080837e-07 
5.080837e-07 
5.080837e-07 
5.080837e-07 
5.080837e-07 
5.080837e-07 
5.080837e-07 
5.080837e-07 
5.058527e-07 
5.058527e-07 
5.058527e-07 
5.058527e-07 
5.058527e-07 
5.058527e-07 
5.058527e-07 
5.058527e-07 
5.058527e-07 
5.058527e-07 
5.058527e-07 
5.058527e-07 
5.058527e-07 
5.058527e-07 
5.058527e-07 
5.058527e-07 
5.058527e-07 
5.058527e-07 
5.058527e-07 
5.058527e-07 
5.058527e-07 
5.058527e-07 
5.058527e-07 
5.058527e-07 
5.058527e-07 
5.058527e-07 
5.058527e-07 
5.058527e-07 
5.058527e-07 
5.058527e-07 
5.058527e-07 
5.058527e-07 
5.058527e-07 
5.058527e-07 
5.058527e-07 
4.345114e-07 
4.345114e-07 
4.345114e-07 
3.677101e-07 
3.677101e-07 
3.677101e-07 
3.677101e-07 
3.363598e-07 
3.363598e-07 
3.363598e-07 
3.363598e-07 
3.363598e-07 
3.363598e-07 
3.363598e-07 
3.363598e-07 
2.966586e-07 
2.966586e-07 
2.941105e-07 
2.941105e-07 
2.586972e-07 
1.616690e-07 
1.616690e-07 
1.463264e-07 
1.463264e-07 
1.463264e-07 
1.463264e-07 
9.330042e-08 
9.330042e-08 
5.777239e-08 
5.777239e-08 
5.777239e-08 
5.777239e-08 
5.777239e-08 
5.777239e-08 
5.777239e-08 
5.172346e-08 
5.172346e-08 
5.172346e-08 
5.172346e-08 
5.172346e-08 
5.172346e-08 
5.172346e-08 
5.108382e-08 
5.108382e-08 
4.977573e-08 
4.977573e-08 
4.977573e-08 
4.977573e-08 
4.563349e-08 
4.537869e-08 
4.537869e-08 
4.442267e-08 
4.442267e-08 
4.442267e-08 
4.415628e-08 
4.415628e-08 
4.415628e-08 
4.365403e-08 
4.341403e-08 
4.341403e-08 
4.341403e-08 
4.325240e-08 
4.325240e-08 
4.325240e-08 
4.325240e-08 
4.128789e-08 
3.890705e-08 
3.753245e-08 
3.733886e-08 
3.296323e-08 
3.296323e-08 
2.915745e-08 
2.758579e-08 
2.567896e-08 
2.567896e-08 
2.049533e-08 
1.906862e-08 
1.906862e-08 
1.906862e-08 
1.906862e-08 
1.831755e-08 
1.303139e-08 
1.303139e-08 
1.303139e-08 
1.303139e-08 
1.234197e-08 
1.234197e-08 
1.234197e-08 
1.067229e-08 
1.067229e-08 
1.067229e-08 
1.067229e-08 
1.067229e-08 
1.067229e-08 
1.067229e-08 
1.067229e-08 
1.067229e-08 
1.067229e-08 
1.061713e-08 
1.061713e-08 
1.061713e-08 
1.061713e-08 
1.061713e-08 
1.061713e-08 
1.061713e-08 
1.061713e-08 
1.061713e-08 
1.061713e-08 
1.061713e-08 
1.061713e-08 
1.061713e-08 
1.061713e-08 
1.061713e-08 
9.950765e-09 
9.950765e-09 
9.950765e-09 
9.950765e-09 
9.950765e-09 
9.950765e-09 
9.950765e-09 
9.950765e-09 
9.950765e-09 
9.950765e-09 
9.878953e-09 
9.878953e-09 
9.878953e-09 
9.878953e-09 
9.878953e-09 
9.878953e-09 
9.878953e-09 
9.878953e-09 
9.878953e-09 
9.878953e-09 
9.878953e-09 
9.878953e-09 
9.878953e-09 
9.878953e-09 
9.878953e-09 
9.878953e-09 
9.878953e-09 
9.878953e-09 
9.878953e-09 
9.878953e-09 
9.870959e-09 
9.870959e-09 
9.870959e-09 
9.805417e-09 
9.778414e-09 
9.770559e-09 
9.769537e-09 
9.769537e-09 
9.759112e-09 
9.751535e-09 
9.746753e-09 
9.743628e-09 
9.741666e-09 
9.740559e-09 
4.945588e-09 
4.945588e-09 
4.945588e-09 
3.496318e-09 
3.329726e-09 
3.329726e-09 
3.329726e-09 
3.329726e-09 
3.329726e-09 
3.329726e-09 
3.329726e-09 
3.329726e-09 
3.329726e-09 
3.329726e-09 
3.329726e-09 
2.838416e-09 
2.838416e-09 
2.838416e-09 
2.838416e-09 
2.838416e-09 
2.749528e-09 
2.749528e-09 
2.252942e-09 
1.899171e-09 
1.899171e-09 
1.899171e-09 
1.899171e-09 
1.553457e-09 
1.553457e-09 
1.553457e-09 
1.473966e-09 
1.473966e-09 
1.473966e-09 
1.389574e-09 
1.389574e-09 
1.389574e-09 
1.389574e-09 
1.389574e-09 
1.295528e-09 
1.295528e-09 
1.295528e-09 
9.490585e-10 
9.490585e-10 
9.490585e-10 
9.490585e-10 
9.490585e-10 
8.349905e-10 
5.451338e-10 
5.351270e-10 
5.351270e-10 
5.351270e-10 
4.748467e-10 
4.069149e-10 
4.069149e-10 
4.069149e-10 
4.069149e-10 
4.069149e-10 
2.379335e-10 
2.379335e-10 
2.379335e-10 
2.379335e-10 
2.379335e-10 
2.379335e-10 
2.379335e-10 
2.379335e-10 
2.379335e-10 
2.148154e-10 
2.011601e-10 
2.011601e-10 
1.522145e-10 
1.522145e-10 
1.522145e-10 
1.522145e-10 
1.522145e-10 
1.522145e-10 
1.522145e-10 
1.341937e-10 
1.312337e-10 
1.312337e-10 
1.125392e-10 
1.125392e-10 
1.125392e-10 
1.125392e-10 
1.125392e-10 
1.112978e-10 
1.112978e-10 
1.112978e-10 
1.112978e-10 
8.449893e-11 
8.449893e-11 
8.449893e-11 
8.449893e-11 
8.449893e-11 
8.449893e-11 
7.567672e-11 
6.468537e-11 
6.468537e-11 
6.468537e-11 
6.468537e-11 
6.468537e-11 
6.468537e-11 
6.468537e-11 
6.468537e-11 
6.468537e-11 
6.468537e-11 
6.468537e-11 
6.468537e-11 
6.056703e-11 
6.056703e-11 
6.056703e-11 
6.056703e-11 
4.342800e-11 
4.342800e-11 
4.342800e-11 
4.342800e-11 
4.342800e-11 
4.342800e-11 
4.342800e-11 
4.342800e-11 
4.342800e-11 
3.134026e-11 
3.002028e-11 
3.002028e-11 
2.809116e-11 
2.809116e-11 
2.809116e-11 
2.809116e-11 
2.809116e-11 
2.809116e-11 
2.809116e-11 
2.809116e-11 
2.809116e-11 
2.809116e-11 
2.809116e-11 
2.762435e-11 
2.744908e-11 
2.744908e-11 
2.662677e-11 
2.662677e-11 
2.662677e-11 
2.662677e-11 
2.662677e-11 
2.662677e-11 
2.662677e-11 
2.662677e-11 
2.645365e-11 
2.605708e-11 
2.605708e-11 
2.605708e-11 
2.605708e-11 
2.605708e-11 
2.605708e-11 
2.605708e-11 
2.605708e-11 
2.605338e-11 
2.602119e-11 
2.602119e-11 
2.602119e-11 
2.602119e-11 
2.599062e-11 
2.599062e-11 
2.128564e-11 
2.128564e-11 
2.128564e-11 
1.613709e-11 
1.613709e-11 
1.406090e-11 
1.102496e-11 
1.097359e-11 
1.097359e-11 
1.097359e-11 
9.508246e-12 
9.508246e-12 
9.508246e-12 
9.508246e-12 
9.508246e-12 
9.508246e-12 
9.508246e-12 
9.508246e-12 
9.084585e-12 
8.808732e-12 
7.725820e-12 
7.725820e-12 
7.704800e-12 
7.704800e-12 
4.847308e-12 
4.426163e-12 
3.457605e-12 
2.809086e-12 
2.809086e-12 
2.633301e-12 
2.349750e-12 
2.055245e-12 
1.926903e-12 
1.926903e-12 
1.593984e-12 
1.593984e-12 
1.066480e-12 
1.066480e-12 
1.066480e-12 
1.066480e-12 
1.066480e-12 
1.066480e-12 
1.066480e-12 
1.066480e-12 
1.066480e-12 
1.066480e-12 
1.066480e-12 
1.066480e-12 
1.066480e-12 
1.066480e-12 
1.066480e-12 
1.062779e-12 
1.062779e-12 
1.062779e-12 
1.062779e-12 
1.062779e-12 
1.062779e-12 
1.027770e-12 
1.027770e-12 
1.027770e-12 
9.745538e-13 
8.697487e-13 
8.697487e-13 
8.697487e-13 
8.697487e-13 
8.697487e-13 
8.697487e-13 
4.596323e-13 
4.596323e-13 
4.596323e-13 
4.596323e-13 
4.596323e-13 
4.596323e-13 
4.596323e-13 
4.596323e-13 
4.596323e-13 
4.596323e-13 
4.596323e-13 
4.596323e-13 
4.540072e-13 
4.540072e-13 
4.540072e-13 
4.540072e-13 
4.540072e-13 
4.540072e-13 
4.540072e-13 
4.540072e-13 
4.540072e-13 
4.540072e-13 
4.540072e-13 
4.540072e-13 
4.540072e-13 
4.540072e-13 
4.540072e-13 
4.540072e-13 
4.540072e-13 
4.540072e-13 
4.316547e-13 
4.316547e-13 
4.316547e-13 
4.227729e-13 
4.227729e-13 
4.227729e-13 
1.955473e-13 
1.955473e-13 
1.955473e-13 
1.955473e-13 
1.955473e-13 
1.955473e-13 
1.955473e-13 
1.955473e-13 
1.955473e-13 
1.955473e-13 
1.955473e-13 
1.955473e-13 
1.955473e-13 
1.955473e-13 
1.955473e-13 
1.955473e-13 
1.955473e-13 
1.955473e-13 
1.955473e-13 
1.955473e-13 
1.955473e-13 
1.955473e-13 
1.955473e-13 
1.955473e-13 
1.955473e-13 
1.955473e-13 
1.955473e-13 
1.955473e-13 
1.955473e-13 
1.955473e-13 
1.955473e-13 
1.955473e-13 
1.955473e-13 
1.955473e-13 
1.955473e-13 
1.955473e-13 
1.955473e-13 
1.955473e-13 
1.955473e-13 
1.914765e-13 
1.914765e-13 
1.914765e-13 
1.914765e-13 
1.914765e-13 
1.914765e-13 
1.914765e-13 
1.914765e-13 
1.914765e-13 
1.914765e-13 
1.914765e-13 
1.914765e-13 
1.914765e-13 
1.914765e-13 
1.914765e-13 
1.914765e-13 
1.914765e-13 
1.914765e-13 
1.914765e-13 
1.914765e-13 
1.914765e-13 
1.914765e-13 
1.914765e-13 
1.914765e-13 
1.914765e-13 
1.871096e-13 
1.871096e-13 
1.871096e-13 
1.871096e-13 
1.871096e-13 
1.871096e-13 
1.871096e-13 
1.871096e-13 
1.751932e-13 
1.751932e-13 
1.751932e-13 
1.709743e-13 
1.709743e-13 
1.709743e-13 
1.709743e-13 
1.709743e-13 
1.709743e-13 
1.709743e-13 
1.709743e-13 
1.709743e-13 
1.268615e-13 
1.179797e-13 
1.179797e-13 
1.179797e-13 
4.611126e-14 
4.611126e-14 
4.611126e-14 
4.611126e-14 
4.611126e-14 
4.611126e-14 
4.611126e-14 
4.611126e-14 
4.611126e-14 
4.611126e-14 
4.611126e-14 
4.611126e-14 
4.611126e-14 
4.477900e-14 
4.477900e-14 
4.477900e-14 
4.477900e-14 
4.477900e-14 
4.477900e-14 
4.477900e-14 
4.477900e-14 
4.477900e-14 
4.477900e-14 
4.477900e-14 
4.477900e-14 
4.477900e-14 
4.477900e-14 
4.477900e-14 
4.107825e-14 
4.107825e-14 
4.107825e-14 
4.107825e-14 
4.107825e-14 
4.107825e-14 
4.107825e-14 
4.107825e-14 
4.107825e-14 
4.107825e-14 
4.107825e-14 
4.107825e-14 
4.107825e-14 
4.107825e-14 
4.107825e-14 
4.107825e-14 
4.107825e-14 
4.107825e-14 
4.107825e-14 
4.107825e-14 
4.107825e-14 
4.107825e-14 
4.107825e-14 
4.107825e-14 
4.033810e-14 
4.033810e-14 
4.033810e-14 
4.033810e-14 
4.033810e-14 
4.033810e-14 
4.033810e-14 
4.033810e-14 
4.033810e-14 
4.033810e-14 
4.033810e-14 
4.033810e-14 
4.033810e-14 
4.033810e-14 
4.033810e-14 
4.033810e-14 
4.033810e-14 
4.033810e-14 
4.033810e-14 
3.811766e-14 
3.589721e-14 
3.589721e-14 
3.589721e-14 
3.589721e-14 
3.589721e-14 
3.589721e-14 
3.589721e-14 
3.589721e-14 
3.589721e-14 
3.589721e-14 
3.589721e-14 
3.589721e-14 
3.589721e-14 
3.589721e-14 
3.589721e-14 
3.589721e-14 
3.589721e-14 
3.589721e-14 
3.589721e-14 
3.589721e-14 
3.589721e-14 
3.463896e-14 
3.463896e-14 
3.463896e-14 
3.463896e-14 
3.463896e-14 
3.463896e-14 
3.463896e-14 
3.463896e-14 
2.945792e-14 
2.945792e-14 
2.945792e-14 
2.945792e-14 
2.945792e-14 
2.945792e-14 
2.945792e-14 
2.945792e-14 
2.945792e-14 
2.072416e-14 
2.072416e-14 
2.072416e-14 
2.072416e-14 
2.072416e-14 
2.072416e-14 
2.072416e-14 
2.072416e-14 
2.072416e-14 
2.072416e-14 
2.072416e-14 
2.072416e-14 
2.072416e-14 
2.072416e-14 
2.072416e-14 
2.072416e-14 
2.072416e-14 
2.072416e-14 
2.072416e-14 
2.072416e-14 
2.072416e-14 
2.072416e-14 
2.072416e-14 
2.072416e-14 
2.072416e-14 
2.072416e-14 
2.072416e-14 
2.072416e-14 
2.072416e-14 
2.072416e-14 
2.072416e-14 
2.072416e-14 
2.072416e-14 
2.072416e-14 
2.072416e-14 
2.072416e-14 
2.072416e-14 
2.072416e-14 
2.072416e-14 
2.072416e-14 
2.072416e-14 
2.072416e-14 
2.072416e-14 
2.072416e-14 
2.072416e-14 
2.072416e-14 
2.072416e-14 
2.072416e-14 
2.072416e-14 
2.072416e-14 
2.072416e-14 
2.072416e-14 
1.554312e-14 
1.554312e-14 
1.554312e-14 
1.554312e-14 
1.554312e-14 
1.554312e-14 
1.554312e-14 
1.554312e-14 
1.554312e-14 
1.554312e-14 
1.554312e-14 
1.554312e-14 
1.554312e-14 
1.554312e-14 
1.554312e-14 
1.554312e-14 
1.554312e-14 
9.251859e-15 
9.251859e-15 
9.251859e-15 
9.251859e-15 
9.251859e-15 
9.251859e-15 
9.251859e-15 
9.251859e-15 
9.251859e-15 
9.251859e-15 
9.251859e-15 
9.251859e-15 
9.251859e-15 
9.251859e-15 
9.251859e-15 
9.251859e-15 
9.251859e-15 
9.251859e-15 
9.251859e-15 
9.251859e-15 
9.251859e-15 
9.251859e-15 
9.251859e-15 
9.251859e-15 
9.251859e-15 
9.251859e-15 
9.251859e-15 
9.251859e-15 
9.251859e-15 
9.251859e-15 
9.251859e-15 
9.251859e-15 
9.251859e-15 
9.251859e-15 
9.251859e-15 
9.251859e-15 
9.251859e-15 
9.251859e-15 
9.251859e-15 
9.251859e-15 
9.251859e-15 
9.251859e-15 
9.251859e-15 
9.251859e-15 
9.251859e-15 
9.251859e-15 
9.251859e-15 
6.291264e-15 
6.291264e-15 
6.291264e-15 
6.291264e-15 
6.291264e-15 
6.291264e-15 
6.291264e-15 
6.291264e-15 
6.291264e-15 
6.291264e-15 
6.291264e-15 
6.291264e-15 
6.291264e-15 
6.291264e-15 
6.291264e-15 
6.291264e-15 
6.291264e-15 
6.291264e-15 
6.291264e-15 
6.291264e-15 
6.291264e-15 
6.291264e-15 
6.291264e-15 
6.291264e-15 
6.291264e-15 
6.291264e-15 
6.291264e-15 
6.291264e-15 
6.291264e-15 
6.291264e-15 
6.291264e-15 
6.291264e-15 
6.291264e-15 
6.291264e-15 
6.291264e-15 
6.291264e-15 
6.291264e-15 
6.291264e-15 
6.291264e-15 
6.291264e-15 
6.291264e-15 
6.291264e-15 
6.291264e-15 
6.291264e-15 
6.291264e-15 
6.291264e-15 
5.551115e-15 
5.551115e-15 
5.551115e-15 
4.440892e-15 
4.440892e-15 
4.440892e-15 
4.440892e-15 
4.440892e-15 
4.440892e-15 
4.440892e-15 
4.440892e-15 
4.440892e-15 
4.440892e-15 
2.960595e-15 
2.960595e-15 
2.960595e-15 
2.960595e-15 
2.960595e-15 
2.960595e-15 
2.960595e-15 
2.960595e-15 
2.960595e-15 
2.960595e-15 
2.960595e-15 
2.960595e-15 
2.960595e-15 
2.960595e-15 
2.960595e-15 
2.960595e-15 
2.960595e-15 
2.960595e-15 
2.960595e-15 
2.960595e-15 
2.960595e-15 
2.960595e-15 
2.960595e-15 
2.960595e-15 
2.960595e-15 
2.960595e-15 
2.960595e-15 
2.960595e-15 
2.960595e-15 
2.960595e-15 
2.960595e-15 
2.960595e-15 
2.960595e-15 
2.960595e-15 
2.960595e-15 
2.960595e-15 
2.960595e-15 
2.960595e-15 
2.960595e-15 
2.960595e-15 
2.960595e-15 
2.960595e-15 
2.960595e-15 
2.960595e-15 
2.960595e-15 
2.960595e-15 
2.960595e-15 
2.960595e-15 
2.960595e-15 
2.960595e-15 
2.960595e-15 
2.960595e-15 
2.960595e-15 
2.960595e-15 
2.960595e-15 
2.960595e-15 
2.960595e-15 
2.960595e-15 
2.960595e-15 
2.960595e-15 
2.960595e-15 
2.960595e-15 
2.960595e-15 
2.960595e-15 
2.960595e-15 
2.960595e-15 
2.960595e-15 
2.960595e-15 
2.960595e-15 
2.960595e-15 
2.960595e-15 
2.960595e-15 
2.960595e-15 
2.960595e-15 
2.960595e-15 
2.960595e-15 
2.960595e-15 
2.960595e-15 
2.960595e-15 
2.960595e-15 
2.960595e-15 
2.960595e-15 
2.960595e-15 
2.960595e-15 
2.960595e-15 
2.960595e-15 
2.960595e-15 
2.960595e-15 
2.960595e-15 
2.960595e-15 
2.960595e-15 
2.960595e-15 
2.960595e-15 
2.960595e-15 
2.960595e-15 
2.960595e-15 
2.960595e-15 
2.960595e-15 
2.960595e-15 
2.960595e-15 
2.960595e-15 
2.960595e-15 
2.960595e-15 
2.960595e-15 
2.960595e-15 
2.960595e-15 
2.960595e-15 
2.960595e-15 
2.960595e-15 
2.960595e-15 
2.960595e-15 
2.960595e-15 
2.960595e-15 
2.960595e-15 
2.960595e-15 
2.960595e-15 
2.960595e-15 
2.960595e-15 
2.960595e-15 
2.960595e-15 
2.960595e-15 
2.960595e-15 
2.960595e-15 
2.960595e-15 
2.960595e-15 
2.960595e-15 
2.960595e-15 
2.960595e-15 
2.960595e-15 
2.960595e-15 
2.590520e-15 
2.590520e-15 
2.590520e-15 
2.590520e-15 
2.590520e-15 
2.590520e-15 
2.590520e-15 
2.590520e-15 
2.590520e-15 
2.590520e-15 
2.590520e-15 
2.590520e-15 
2.590520e-15 
2.590520e-15 
2.590520e-15 
2.590520e-15 
2.590520e-15 
2.590520e-15 
2.590520e-15 
2.590520e-15 
2.590520e-15 
2.590520e-15 
2.590520e-15 
2.590520e-15 
2.590520e-15 
2.590520e-15 
2.590520e-15 
2.590520e-15 
2.590520e-15 
2.590520e-15 
2.220446e-15 
2.220446e-15 
1.110223e-15 
1.110223e-15 
1.110223e-15 
1.110223e-15 
1.110223e-15 
1.110223e-15 
1.110223e-15 
1.110223e-15 
1.110223e-15 
1.110223e-15 
1.110223e-15 
1.110223e-15 
1.110223e-15 
1.110223e-15 
1.110223e-15 
1.110223e-15 
1.110223e-15 
1.110223e-15 
3.700743e-16 
3.700743e-16 
3.700743e-16 
3.700743e-16 
3.700743e-16 
3.700743e-16 
3.700743e-16 
3.700743e-16 
3.700743e-16 
3.700743e-16 
3.700743e-16 
3.700743e-16 
3.700743e-16 
3.700743e-16 
3.700743e-16 
3.700743e-16 
3.700743e-16 
3.700743e-16 
3.700743e-16 
3.700743e-16 
3.700743e-16 
0 
0 
0 
0 
0 
0 
0 
0 
0 
0 
0 
0 
0 
0 
0 
0 
0 
0 
0 
0 
0 
0 
0 
0 
0 
0 
0 
0 
0 
0 
0 
0 
0 
0 
0 
0 
0 
0 
0 
0 
0 
0 
0 
0 
0 
0 
0 
0 
0 
0 
0 
0 
0 
0 
0 
0 
0 
0 
0 
0 
0 
0 
0 
0 
0 
0 
0 
0 
0 
0 
0 
0 
0 
0 
0 
0 
0 
0 
0 
0 
0 
0 
0 
0 
0 
0 
0 
0 
0 
0 
0 
0 
0 
0 
0 
0 
0 
0 
0 
0 
0 
0 
0 
0 
0 
0 
0 
0 
0 
0 
0 
0 
0 
0 
0 
0 
0 
0 
0 
0 
0 
0 
0 
0 
0 
0 
0 
0 
0 
0 
0 
0 
0 
0 
0 
0 
0 
0 
0 
0 
0 
0 
0 
0 
0 
0 
0 
0 
0 
0 
0 
0 
0 
0 
0 
0 
0 
0 
0 
0 
0 
0 
0 
0 
0 
0 
0 
0 
0 
0 
0 
0 
0 
0 
0 
0 
0 
0 
0 
0 
0 
0 
0 
0 
0 
0 
0 
0 
0 
0 
0 
0 
0 
0 
0 
0 
0 
0 
0 
0 
0 
0 
0 
0 
0 
0 
0 
0 
0 
0 
0 
0 
0 
0 
0 
0 
0 
0 
0 
0 
0 
0 
0 
0 
0 
0 
0 
0 
0 
0 
0 
0 
0 
0 
0 
0 
0 
0 
0 
0 
0 
0 
0 
0 
0 
0 
0 
0 
0 
0 
0 
0 
0 
0 
0 
0 
0 
0 
0 
0 
0 
0 
0 
0 
0 
0 
0 
0 
0 
0 
0 
0 
0 
0 
0 
0 
0 
0 
0 
0 
0 
0 
0 
0 
0 
0 
0 
0 
0 
0 
0 
0 
0 
0 
0 
0 
0 
0 
0 
0 
0 
0 
0 
0 
0 
0 
0 
0 
0 
0 
0 
0 
0 
0 
0 
0 
0 
0 
0 
0 
0 
0 
0 
0 
0 
0 
0 
0 
0 
0 
0 
0 
0 
0 
0 
0 
0 
0 
0 
0 
0 
0 
0 
0 
0 
0 
0 
0 
0 
0 
0 
0 
0 
0 
0 
0 
0 
0 
0 
0 
0 
0 
0 
0 
0 
0 
0 
0 
0 
0 
0 
0 
0 
0 
0 
0 
0 
0 
0 
0 
0 
0 
0 
0 
0 
0 
0 
0 
0 
0 
0 
0 
0 
0 
0 
0 
0 
0 
0 
0 
0 
0 
0 
0 
0 
0 
0 
0 
0 
0 
0 
0 
0 
0 
0 
0 
0 
0 
0 
0 
0 
0 
0 
0 
0 
0 
0 
0 
0 
0 
0 
0 
0 
0 
0 
0 
0 
0 
0 
0 
0 
0 
0 
0 
0 
0 
0 
0 
0 
0 
0 
0 
0 
0 
0 
0 
0 
0 
0 
0 
0 
0 
0 
0 
0 
0 
0 
0 
0 
0 
0 
0 
0 
0 
0 
0 
0 
0 
0 
0 
0 
0 
0 
0 
0 
0 
0 
0 
0 
0 
0 
0 
0 
0 
0 
0 
0 
0 
0 
0 
0 
0 
0 
0 
0 
0 
0 
0 
0 
0 
0 
0 
0 
0 
0 
0 
0 
0 
0 
0 
0 
0 
0 
0 
0 
0 
0 
0 
0 
0 
0 
0 
0 
0 
0 
0 
0 
0 
0 
0 
0 
0 
0 
0 
0 
0 
0 
0 
0 
0 
0 
0 
0 
0 
0 
0 
0 
0 
0 
0 
0 
0 
0 
0 
0 
0 
0 
0 
0 
0 
0 
0 
0 
0 
0 
0 
0 
0 
0 
0 
0 
0 
0 
0 
0 
0 
0 
0 
0 
0 
0 
0 
0 
0 
0 
0 
0 
0 
0 
0 
0 
0 
0 
0 
0 
0 
0 
0 
0 
0 
0 
0 
0 
0 
0 
0 
0 
0 
0 
0 
0 
0 
0 
0 
0 
0 
0 
0 
0 
0 
0 
0 
0 
0 
0 
0 
0 
0 
0 
0 
0 
0 
0 
0 
0 
0 
0 
0 
0 
0 
0 
0 
0 
0 
0 
0 
0 
0 
0 
0 
0 
0 
0 
0 
0 
0 
0 
0 
0 
0 
0 
0 
0 
0 
0 
0 
0 
0 
0 
0 
0 
0 
0 
0 
0 
0 
0 
0 
0 
0 
0 
0 
0 
0 
0 
0 
0 
0 
0 
0 
0 
0 
0 
0 
0 
0 
0 
0 
0 
0 
0 
0 
0 
0 
0 
0 
0 
0 
0 
0 
0 
0 
0 
0 
0 
0 
0 
0 
0 
0 
0 
0 
0 
0 
0 
0 
0 
0 
0 
0 
0 
0 
0 
0 
0 
0 
0 
0 
0 
0 
0 
0 
0 
0 
0 
0 
0 
0 
0 
0 
0 
0 
0 
0 
0 
0 
0 
0 
0 
0 
0 
0 
0 
0 
0 
0 
0 
0 
0 
0 
0 
0 
0 
0 
0 
0 
0 
0 
0 
0 
0 
0 
0 
0 
0 
0 
0 
0 
0 
0 
0 
0 
0 
0 
0 
0 
0 
0 
0 
0 
0 
0 
0 
0 
0 
0 
0 
0 
0 
0 
0 
0 
0 
0 
0 
0 
0 
0 
0 
0 
0 
0 
0 
0 
0 
0 
0 
0 
0 
0 
0 
0 
0 
0 
0 
0 
0 
0 
0 
0 
0 
0 
0 
0 
0 
0 
0 
0 
0 
0 
0 
0 
0 
0 
0 
0 
0 
0 
0 
0 
0 
0 
0 
0 
0 
0 
0 
0 
0 
0 
0 
0 
0 
0 
0 
0 
0 
0 
0 
0 
0 
0 
0 
0 
0 
0 
0 
0 
0 
0 
0 
0 
0 
0 
0 
0 
0 
0 
0 
0 
0 
0 
0 
0 
0 
0 
0 
0 
0 
0 
0 
0 
0 
0 
0 
0 
0 
0 
0 
0 
0 
0 
0 
0 
0 
0 
0 
0 
0 
0 
0 
0 
0 
0 
0 
0 
0 
0 
0 
0 
0 
0 
0 
0 
0 
0 
0 
0 
0 
0 
0 
0 
0 
0 
0 
0 
0 
0 
0 
0 
0 
0 
0 
0 
0 
0 
0 
0 
0 
0 
0 
0 
0 
0 
0 
0 
0 
0 
0 
0 
0 
0 
0 
0 
0 
0 
0 
0 
0 
0 
0 
0 
0 
0 
0 
0 
0 
0 
0 
0 
0 
0 
0 
0 
0 
0 
0 
0 
0 
0 
0 
0 
0 
0 
0 
0 
0 
0 
0 
0 
0 
0 
0 
0 
0 
0 
0 
0 
0 
0 
0 
0 
0 
0 
0 
0 
0 
0 
0 
0 
0 
0 
0 
0 
0 
0 
0 
0 
0 
0 
0 
0 
0 
0 
0 
0 
0 
0 
0 
0 
0 
0 
0 
0 
0 
0 
0 
0 
0 
0 
0 
0 
0 
0 
0 
0 
0 
0 
0 
0 
0 
0 
0 
0 
0 
0 
0 
0 
0 
0 
0 
0 
0 
0 
0 
0 
0 
0 
0 
0 
0 
0 
0 
0 
0 
0 
0 
0 
0 
0 
0 
0 
0 
0 
0 
0 
0 
0 
0 
0 
0 
0 
0 
0 
0 
0 
0 
0 
0 
0 
0 
0 
0 
0 
0 
0 
0 
0 
0 
0 
0 
0 
0 
0 
0 
0 
0 
0 
0 
0 
0 
0 
0 
0 
0 
0 
0 
0 
0 
0 
0 
0 
0 
0 
0 
0 
0 
0 
0 
0 
0 
0 
0 
0 
0 
0 
0 
0 
0 
0 
0 
0 
0 
0 
0 
0 
0 
0 
0 
0 
0 
0 
0 
0 
0 
0 
0 
0 
0 
0 
0 
0 
0 
0 
0 
0 
0 
0 
0 
0 
0 
0 
0 
0 
0 
0 
0 
0 
0 
0 
0 
0 
0 
0 
0 
0 
0 
0 
0 
0 
0 
0 
0 
0 
0 
0 
0 
0 
0 
0 
0 
0 
0 
0 
0 
0 
0 
0 
0 
0 
0 
0 
0 
0 
0 
0 
0 
0 
0 
0 
0 
0 
0 
0 
0 
0 
0 
0 
0 
0 
0 
0 
0 
0 
0 
0 
0 
0 
0 
0 
0 
0 
0 
0 
0 
0 
0 
0 
0 
0 
0 
0 
0 
0 
0 
0 
0 
0 
0 
0 
0 
0 
0 
0 
0 
0 
0 
0 
0 
0 
0 
0 
0 
0 
0 
0 
0 
0 
0 
0 
0 
0 
0 
0 
0 
0 
0 
0 
0 
0 
0 
0 
0 
0 
0 
0 
0 
0 
0 
0 
0 
0 
0 
0 
0 
0 
0 
0 
0 
0 
0 
0 
0 
0 
0 
0 
0 
0 
0 
0 
0 
0 
0 
0 
0 
0 
0 
0 
0 
0 
0 
0 
0 
0 
0 
0 
0 
0 
0 
0 
0 
0 
0 
0 
0 
0 
0 
0 
0 
0 
0 
0 
0 
0 
0 
0 
0 
0 
0 
0 
0 
0 
0 
0 
0 
0 
0 
0 
0 
0 
0 
0 
0 
0 
0 
0 
0 
0 
0 
0 
0 
0 
0 
0 
0 
0 
0 
0 
0 
0 
0 
0 
0 
0 
0 
0 
0 
0 
0 
0 
0 
0 
0 
0 
0 
0 
0 
0 
0 
0 
0 
0 
0 
0 
0 
0 
0 
0 
0 
0 
0 
0 
0 
0 
0 
0 
0 
0 
0 
0 
0 
0 
0 
0 
0 
0 
0 
0 
0 
0 
0 
0 
0 
0 
0 
0 
0 
0 
0 
0 
0 
0 
0 
0 
0 
0 
0 
0 
0 
0 
0 
0 
0 
0 
0 
0 
0 
0 
0 
0 
0 
0 
0 
0 
0 
0 
0 
0 
0 
0 
0 
0 
0 
0 
0 
0 
0 
0 
0 
0 
0 
0 
0 
0 
0 
0 
0 
0 
0 
0 
0 
0 
0 
0 
0 
0 
0 
0 
0 
0 
0 
0 
0 
0 
0 
0 
0 
0 
0 
0 
0 
0 
0 
0 
0 
0 
0 
0 
0 
0 
0 
0 
0 
0 
0 
0 
0 
0 
0 
0 
0 
0 
0 
0 
0 
0 
0 
0 
0 
0 
0 
0 
0 
0 
0 
0 
0 
0 
0 
0 
0 
0 
0 
0 
0 
0 
0 
0 
0 
0 
0 
0 
0 
0 
0 
0 
0 
0 
0 
0 
0 
0 
0 
0 
0 
0 
0 
0 
0 
0 
0 
0 
0 
0 
0 
0 
0 
0 
0 
0 
0 
0 
0 
0 
0 
0 
0 
0 
0 
0 
0 
0 
0 
0 
0 
0 
0 
0 
0 
0 
0 
0 
0 
0 
0 
0 
0 
0 
0 
0 
0 
0 
0 
0 
0 
0 
0 
0 
0 
0 
0 
0 
0 
0 
0 
0 
0 
0 
0 
0 
0 
0 
0 
0 
0 
0 
0 
0 
0 
0 
0 
0 
0 
0 
0 
0 
0 
0 
0 
0 
0 
0 
0 
0 
0 
0 
0 
0 
0 
0 
0 
0 
0 
0 
0 
0 
0 
0 
0 
0 
0 
0 
0 
0 
0 
0 
0 
0 
0 
0 
0 
0 
0 
0 
0 
0 
0 
0 
0 
0 
0 
0 
0 
0 
0 
0 
0 
0 
0 
0 
0 
0 
0 
0 
0 
0 
0 
0 
0 
0 
0 
0 
0 
0 
0 
0 
0 
0 
0 
0 
0 
0 
0 
0 
0 
0 
0 
0 
0 
0 
0 
0 
0 
0 
0 
0 
0 
0 
0 
0 
0 
0 
0 
0 
0 
0 
0 
0 
0 
0 
0 
0 
0 
0 
0 
0 
0 
0 
0 
0 
0 
0 
0 
0 
0 
0 
0 
0 
0 
0 
0 
0 
0 
0 
0 
0 
0 
0 
0 
0 
0 
0 
0 
0 
0 
0 
0 
0 
0 
0 
0 
0 
0 
0 
0 
0 
0 
0 
0 
0 
0 
0 
0 
0 
0 
0 
0 
0 
0 
0 
0 
0 
0 
0 
0 
0 
0 
0 
0 
0 
0 
0 
0 
0 
0 
0 
0 
0 
0 
0 
0 
0 
0 
0 
0 
0 
0 
0 
0 
0 
0 
0 
0 
0 
0 
0 
0 
0 
0 
0 
0 
0 
0 
0 
0 
0 
0 
0 
0 
0 
0 
0 
0 
0 
0 
0 
0 
0 
0 
0 
0 
0 
0 
0 
0 
0 
0 
0 
0 
0 
0 
0 
0 
0 
0 
0 
0 
0 
0 
0 
0 
0 
0 
0 
0 
0 
0 
0 
0 
0 
0 
0 
0 
0 
0 
0 
0 
0 
0 
0 
0 
0 
0 
0 
0 
0 
0 
0 
0 
0 
0 
0 
0 
0 
0 
0 
0 
0 
0 
0 
0 
0 
0 
0 
0 
0 
0 
0 
0 
0 
0 
0 
0 
0 
0 
0 
0 
0 
0 
0 
0 
0 
0 
0 
0 
0 
0 
0 
0 
0 
0 
0 
0 
0 
0 
0 
0 
0 
0 
0 
0 
0 
0 
0 
0 
0 
0 
0 
0 
0 
0 
0 
0 
0 
0 
0 
0 
0 
0 
0 
0 
0 
0 
0 
0 
0 
0 
0 
0 
0 
0 
0 
0 
0 
0 
0 
0 
0 
0 
0 
0 
0 
0 
0 
0 
0 
0 
0 
0 
0 
0 
0 
0 
0 
0 
0 
0 
0 
0 
0 
0 
0 
0 
0 
0 
0 
0 
0 
0 
0 
0 
0 
0 
0 
0 
0 
0 
0 
0 
0 
0 
0 
0 
0 
0 
0 
0 
0 
0 
0 
0 
0 
0 
0 
0 
0 
0 
0 
0 
0 
0 
0 
0 
0 
0 
0 
0 
0 
0 
0 
0 
0 
0 
0 
0 
0 
0 
0 
0 
0 
0 
0 
0 
0 
0 
0 
0 
0 
0 
0 
0 
0 
0 
0 
0 
0 
0 
0 
0 
0 
0 
0 
0 
0 
0 
0 
0 
0 
0 
0 
0 
0 
0 
0 
0 
0 
0 
0 
0 
0 
0 
0 
0 
0 
0 
0 
0 
0 
0 
0 
0 
0 
0 
0 
0 
0 
0 
0 
0 
0 
0 
0 
0 
0 
0 
0 
0 
0 
0 
0 
0 
0 
0 
0 
0 
0 
0 
0 
0 
0 
0 
0 
0 
0 
0 
0 
0 
0 
0 
0 
0 
0 
0 
0 
0 
0 
0 
0 
0 
0 
0 
0 
0 
0 
0 
0 
0 
0 
0 
0 
0 
0 
0 
0 
0 
0 
0 
0 
0 
0 
0 
0 
0 
0 
0 
0 
0 
0 
0 
0 
0 
0 
0 
0 
0 
0 
0 
0 
0 
0 
0 
0 
0 
0 
0 
0 
0 
0 
0 
0 
0 
0 
0 
0 
0 
0 
0 
0 
0 
0 
0 
0 
0 
0 
0 
0 
0 
0 
0 
0 
0 
0 
0 
0 
0 
0 
0 
0 
0 
0 
0 
0 
0 
0 
0 
0 
0 
0 
0 
0 
0 
0 
0 
0 
0 
0 
0 
0 
0 
0 
0 
0 
0 
0 
0 
0 
0 
0 
0 
0 
0 
0 
0 
0 
0 
0 
0 
0 
0 
0 
0 
0 
0 
0 
0 
0 
0 
0 
0 
0 
0 
0 
0 
0 
0 
0 
0 
0 
0 
0 
0 
0 
0 
0 
0 
0 
0 
0 
0 
0 
0 
0 
0 
0 
0 
0 
0 
0 
0 
0 
0 
0 
0 
0 
0 
0 
0 
0 
0 
0 
0 
0 
0 
0 
0 
0 
0 
0 
0 
0 
0 
0 
0 
0 
0 
0 
0 
0 
0 
0 
0 
0 
0 
0 
0 
0 
0 
0 
0 
0 
0 
0 
0 
0 
0 
0 
0 
0 
0 
0 
0 
0 
0 
0 
0 
0 
0 
0 
0 
0 
0 
0 
0 
0 
0 
0 
0 
0 
0 
0 
0 
0 
0 
0 
0 
0 
0 
0 
0 
0 
0 
0 
0 
0 
0 
0 
0 
0 
0 
0 
0 
0 
0 
0 
0 
0 
0 
0 
0 
0 
0 
0 
0 
0 
0 
0 
0 
0 
0 
0 
0 
0 
0 
0 
0 
0 
0 
0 
0 
0 
0 
0 
0 
0 
0 
0 
0 
0 
0 
0 
0 
0 
0 
0 
0 
0 
0 
0 
0 
0 
0 
0 
0 
0 
0 
0 
0 
0 
0 
0 
0 
0 
0 
0 
0 
0 
0 
0 
0 
0 
0 
0 
0 
0 
0 
0 
0 
0 
0 
0 
0 
0 
0 
0 
0 
0 
0 
0 
0 
0 
0 
0 
0 
0 
0 
0 
0 
0 
0 
0 
0 
0 
0 
0 
0 
0 
0 
0 
0 
0 
0 
0 
0 
0 
0 
0 
0 
0 
0 
0 
0 
0 
0 
0 
0 
0 
0 
0 
0 
0 
0 
0 
0 
0 
0 
0 
0 
0 
0 
0 
0 
0 
0 
0 
0 
0 
0 
0 
0 
0 
0 
0 
0 
0 
0 
0 
0 
0 
0 
0 
0 
0 
0 
0 
0 
0 
0 
0 
0 
0 
0 
0 
0 
0 
0 
0 
0 
0 
0 
0 
0 
0 
0 
0 
0 
0 
0 
0 
0 
0 
0 
0 
0 
0 
0 
0 
0 
0 
0 
0 
0 
0 
0 
0 
0 
0 
0 
0 
0 
0 
0 
0 
0 
0 
0 
0 
0 
0 
0 
0 
0 
0 
0 
0 
0 
0 
0 
0 
0 
0 
0 
0 
0 
0 
0 
0 
0 
0 
0 
0 
0 
0 
0 
0 
0 
0 
0 
0 
0 
0 
0 
0 
0 
0 
0 
0 
0 
0 
0 
0 
0 
0 
0 
0 
0 
0 
0 
0 
0 
0 
0 
0 
0 
0 
0 
0 
0 
0 
0 
0 
0 
0 
0 
0 
0 
0 
0 
0 
0 
0 
0 
0 
0 
0 
0 
0 
0 
0 
0 
0 
0 
0 
0 
0 
0 
0 
0 
0 
0 
0 
0 
0 
0 
0 
0 
0 
0 
0 
0 
0 
0 
0 
0 
0 
0 
0 
0 
0 
0 
0 
0 
0 
0 
0 
0 
0 
0 
0 
0 
0 
0 
0 
0 
0 
0 
0 
0 
0 
0 
0 
0 
0 
0 
0 
0 
0 
0 
0 
0 
0 
0 
0 
0 
0 
0 
0 
0 
0 
0 
0 
0 
0 
0 
0 
0 
0 
0 
0 
0 
0 
0 
0 
0 
0 
0 
0 
0 
0 
0 
0 
0 
0 
0 
0 
0 
0 
0 
0 
0 
0 
0 
0 
0 
0 
0 
0 
0 
0 
0 
0 
0 
0 
0 
0 
0 
0 
0 
0 
0 
0 
0 
0 
0 
0 
0 
0 
0 
0 
0 
0 
0 
0 
0 
0 
0 
0 
0 
0 
0 
0 
0 
0 
0 
0 
0 
0 
0 
0 
0 
0 
0 
0 
0 
0 
0 
0 
0 
0 
0 
0 
0 
0 
0 
0 
0 
0 
0 
0 
0 
0 
0 
0 
0 
0 
0 
0 
0 
0 
0 
0 
0 
0 
0 
0 
0 
0 
0 
0 
0 
0 
0 
0 
0 
0 
0 
0 
0 
0 
0 
0 
0 
0 
0 
0 
0 
0 
0 
0 
0 
0 
0 
0 
0 
0 
0 
0 
0 
0 
0 
0 
0 
0 
0 
0 
0 
0 
0 
0 
0 
0 
0 
0 
0 
0 
0 
0 
0 
0 
0 
0 
0 
0 
0 
0 
0 
0 
0 
0 
0 
0 
0 
0 
0 
0 
0 
0 
0 
0 
0 
0 
0 
0 
0 
0 
0 
0 
0 
0 
0 
0 
0 
0 
0 
0 
0 
0 
0 
0 
0 
0 
0 
0 
0 
0 
0 
0 
0 
0 
0 
0 
0 
0 
0 
0 
0 
0 
0 
0 
0 
0 
0 
0 
0 
0 
0 
0 
0 
0 
0 
0 
0 
0 
0 
0 
0 
0 
0 
0 
0 
0 
0 
0 
0 
0 
0 
0 
0 
0 
0 
0 
0 
0 
0 
0 
0 
0 
0 
0 
0 
0 
0 
0 
0 
0 
0 
0 
0 
0 
0 
0 
0 
0 
0 
0 
0 
0 
0 
0 
0 
0 
0 
0 
0 
0 
0 
0 
0 
0 
0 
0 
0 
0 
0 
0 
0 
0 
0 
0 
0 
0 
0 
0 
0 
0 
0 
0 
0 
0 
0 
0 
0 
0 
0 
0 
0 
0 
0 
0 
0 
0 
0 
0 
0 
0 
0 
0 
0 
0 
0 
0 
0 
0 
0 
0 
0 
0 
0 
0 
0 
0 
0 
0 
0 
0 
0 
0 
0 
0 
0 
0 
0 
0 
0 
0 
0 
0 
0 
0 
0 
0 
0 
0 
0 
0 
0 
0 
0 
0 
0 
0 
0 
0 
0 
0 
0 
0 
0 
0 
0 
0 
0 
0 
0 
0 
0 
0 
0 
0 
0 
0 
0 
0 
0 
0 
0 
0 
0 
0 
0 
0 
0 
0 
0 
0 
0 
0 
0 
0 
0 
0 
0 
0 
0 
0 
0 
0 
0 
0 
0 
0 
0 
0 
0 
0 
0 
0 
0 
0 
0 
0 
0 
0 
0 
0 
0 
0 
0 
0 
0 
0 
0 
0 
0 
0 
0 
0 
0 
0 
0 
0 
0 
0 
0 
0 
0 
0 
0 
0 
0 
0 
0 
0 
0 
0 
0 
0 
0 
0 
0 
0 
0 
0 
0 
0 
0 
0 
0 
0 
0 
0 
0 
0 
0 
0 
0 
0 
0 
0 
0 
0 
0 
0 
0 
0 
0 
0 
0 
0 
0 
0 
0 
0 
0 
0 
0 
0 
0 
0 
0 
0 
0 
0 
0 
0 
0 
0 
0 
0 
0 
0 
0 
0 
0 
0 
0 
0 
0 
0 
0 
0 
0 
0 
0 
0 
0 
0 
0 
0 
0 
0 
0 
0 
0 
0 
0 
0 
0 
0 
0 
0 
0 
0 
0 
0 
0 
0 
0 
0 
0 
0 
0 
0 
0 
0 
0 
0 
0 
0 
0 
0 
0 
0 
0 
0 
0 
0 
0 
0 
0 
0 
0 
0 
0 
0 
0 
0 
0 
0 
0 
0 
0 
0 
0 
0 
0 
0 
0 
0 
0 
0 
0 
0 
0 
0 
0 
0 
0 
0 
0 
0 
0 
0 
0 
0 
0 
0 
0 
0 
0 
0 
0 
0 
0 
0 
0 
0 
0 
0 
0 
0 
0 
0 
0 
0 
0 
0 
0 
0 
0 
0 
0 
0 
0 
0 
0 
0 
0 
0 
0 
0 
0 
0 
0 
0 
0 
0 
0 
0 
0 
0 
0 
0 
0 
0 
0 
0 
0 
0 
0 
0 
0 
0 
0 
0 
0 
0 
0 
0 
0 
0 
0 
0 
0 
0 
0 
0 
0 
0 
0 
0 
0 
0 
0 
0 
0 
0 
0 
0 
0 
0 
0 
0 
0 
0 
0 
0 
0 
0 
0 
0 
0 
0 
0 
0 
0 
0 
0 
0 
0 
0 
0 
0 
0 
0 
0 
0 
0 
0 
0 
0 
0 
0 
0 
0 
0 
0 
0 
0 
0 
0 
0 
0 
0 
0 
0 
0 
0 
0 
0 
0 
0 
0 
0 
0 
0 
0 
0 
0 
0 
0 
0 
0 
0 
0 
0 
0 
0 
0 
0 
0 
0 
0 
0 
0 
0 
0 
0 
0 
0 
0 
0 
0 
0 
0 
0 
0 
0 
0 
0 
0 
0 
0 
0 
0 
0 
0 
0 
0 
0 
0 
0 
0 
0 
0 
0 
0 
0 
0 
0 
0 
0 
0 
0 
0 
0 
0 
0 
0 
0 
0 
0 
0 
0 
0 
0 
0 
0 
0 
0 
0 
0 
0 
0 
0 
0 
0 
0 
0 
0 
0 
0 
0 
0 
0 
0 
0 
0 
0 
0 
0 
0 
0 
0 
0 
0 
0 
0 
0 
0 
0 
0 
0 
0 
0 
0 
0 
0 
0 
0 
0 
0 
0 
0 
0 
0 
0 
0 
0 
0 
0 
0 
0 
0 
0 
0 
0 
0 
0 
0 
0 
0 
0 
0 
0 
0 
0 
0 
0 
0 
0 
0 
0 
0 
0 
0 
0 
0 
0 
0 
0 
0 
0 
0 
0 
0 
0 
0 
0 
0 
0 
0 
0 
0 
0 
0 
0 
0 
0 
0 
0 
0 
0 
0 
0 
0 
0 
0 
0 
0 
0 
0 
0 
0 
0 
0 
0 
0 
0 
0 
0 
0 
0 
0 
0 
0 
0 
0 
0 
0 
0 
0 
0 
0 
0 
0 
0 
0 
0 
0 
0 
0 
0 
0 
0 
0 
0 
0 
0 
0 
0 
0 
0 
0 
0 
0 
0 
0 
0 
0 
0 
0 
0 
0 
0 
0 
0 
0 
0 
0 
0 
0 
0 
0 
0 
0 
0 
0 
0 
0 
0 
0 
0 
0 
0 
0 
0 
0 
0 
0 
0 
0 
0 
0 
0 
0 
0 
0 
0 
0 
0 
0 
0 
0 
0 
0 
0 
0 
0 
0 
0 
0 
0 
0 
0 
0 
0 
0 
0 
0 
0 
0 
0 
0 
0 
0 
0 
0 
0 
0 
0 
0 
0 
0 
0 
0 
0 
0 
0 
0 
0 
0 
0 
0 
0 
0 
0 
0 
0 
0 
0 
0 
0 
0 
0 
0 
0 
0 
0 
0 
0 
0 
0 
0 
0 
0 
0 
0 
0 
0 
0 
0 
0 
0 
0 
0 
0 
0 
0 
0 
0 
0 
0 
0 
0 
0 
0 
0 
0 
0 
0 
0 
0 
0 
0 
0 
0 
0 
0 
0 
0 
0 
0 
0 
0 
0 
0 
0 
0 
0 
0 
0 
0 
0 
0 
0 
0 
0 
0 
0 
0 
0 
0 
0 
0 
0 
0 
0 
0 
0 
0 
0 
0 
0 
0 
0 
0 
0 
0 
0 
0 
0 
0 
0 
0 
0 
0 
0 
0 
0 
0 
0 
0 
0 
0 
0 
0 
0 
0 
0 
0 
0 
0 
0 
0 
0 
0 
0 
0 
0 
0 
0 
0 
0 
0 
0 
0 
0 
0 
0 
0 
0 
0 
0 
0 
0 
0 
0 
0 
0 
0 
0 
0 
0 
0 
0 
0 
0 
0 
0 
0 
0 
0 
0 
0 
0 
0 
0 
0 
0 
0 
0 
0 
0 
0 
0 
0 
0 
0 
0 
0 
0 
0 
0 
0 
0 
0 
0 
0 
0 
0 
0 
0 
0 
0 
0 
0 
0 
0 
0 
0 
0 
0 
0 
0 
0 
0 
0 
0 
0 
0 
0 
0 
0 
0 
0 
0 
0 
0 
0 
0 
0 
0 
0 
0 
0 
0 
0 
0 
0 
0 
0 
0 
0 
0 
0 
0 
0 
0 
0 
0 
0 
0 
0 
0 
0 
0 
0 
0 
0 
0 
0 
0 
0 
0 
0 
0 
0 
0 
0 
0 
0 
0 
0 
0 
0 
0 
0 
0 
0 
0 
0 
0 
0 
0 
0 
0 
0 
0 
0 
0 
0 
0 
0 
0 
0 
0 
0 
0 
0 
0 
0 
0 
0 
0 
0 
0 
0 
0 
0 
0 
0 
0 
0 
0 
0 
0 
0 
0 
0 
0 
0 
0 
0 
0 
0 
0 
0 
0 
0 
0 
0 
0 
0 
0 
0 
0 
0 
0 
0 
0 
0 
0 
0 
0 
0 
0 
0 
0 
0 
0 
0 
0 
0 
0 
0 
0 
0 
0 
0 
0 
0 
0 
0 
0 
0 
0 
0 
0 
0 
0 
0 
0 
0 
0 
0 
0 
0 
0 
0 
0 
0 
0 
0 
0 
0 
0 
0 
0 
0 
0 
0 
0 
0 
0 
0 
0 
0 
0 
0 
0 
0 
0 
0 
0 
0 
0 
0 
0 
0 
0 
0 
0 
0 
0 
0 
0 
0 
0 
0 
0 
0 
0 
0 
0 
0 
0 
0 
0 
0 
0 
0 
0 
0 
0 
0 
0 
0 
0 
0 
0 
0 
0 
0 
0 
0 
0 
0 
0 
0 
0 
0 
0 
0 
0 
0 
0 
0 
0 
0 
0 
0 
0 
0 
0 
0 
0 
0 
0 
0 
0 
0 
0 
0 
0 
0 
0 
0 
0 
0 
0 
0 
0 
0 
0 
0 
0 
0 
0 
0 
0 
0 
0 
0 
0 
0 
