9.891536e+02 
3.403150e+02 
2.834421e+02 
2.440962e+02 
2.440962e+02 
1.748168e+02 
1.748168e+02 
1.748168e+02 
1.480687e+02 
1.480687e+02 
1.480687e+02 
1.480687e+02 
1.480687e+02 
1.352254e+02 
1.352254e+02 
1.262897e+02 
1.261977e+02 
1.241428e+02 
1.055594e+02 
9.153476e+01 
9.153476e+01 
9.153476e+01 
9.153476e+01 
9.153476e+01 
9.153476e+01 
9.153476e+01 
8.376884e+01 
8.140282e+01 
8.140282e+01 
8.020841e+01 
8.020841e+01 
8.020841e+01 
7.460343e+01 
7.223418e+01 
6.365443e+01 
6.365443e+01 
6.365443e+01 
6.365443e+01 
5.716169e+01 
5.716169e+01 
5.716169e+01 
5.716169e+01 
5.716169e+01 
5.716169e+01 
5.716169e+01 
5.716169e+01 
5.716169e+01 
5.716169e+01 
5.716169e+01 
5.716169e+01 
5.716169e+01 
5.716169e+01 
5.716169e+01 
5.604755e+01 
5.604755e+01 
5.465320e+01 
5.465320e+01 
5.465320e+01 
5.465320e+01 
5.438088e+01 
5.436963e+01 
5.335972e+01 
5.335972e+01 
5.335972e+01 
5.323540e+01 
5.323540e+01 
5.323540e+01 
5.323540e+01 
5.142030e+01 
5.142030e+01 
5.142030e+01 
5.142030e+01 
5.142030e+01 
5.142030e+01 
5.142030e+01 
5.142030e+01 
5.142030e+01 
5.142030e+01 
5.142030e+01 
5.142030e+01 
5.142030e+01 
5.142030e+01 
5.142030e+01 
5.142030e+01 
5.142030e+01 
5.142030e+01 
5.142030e+01 
5.142030e+01 
5.142030e+01 
5.142030e+01 
5.142030e+01 
5.134136e+01 
5.134136e+01 
5.134136e+01 
5.134136e+01 
5.134136e+01 
5.120402e+01 
5.120402e+01 
5.080872e+01 
5.080872e+01 
5.080872e+01 
5.080872e+01 
5.080872e+01 
5.080872e+01 
5.050693e+01 
5.050693e+01 
5.047438e+01 
5.047438e+01 
5.047438e+01 
4.982973e+01 
4.982973e+01 
4.982973e+01 
4.982973e+01 
4.982973e+01 
4.982973e+01 
4.963047e+01 
4.963047e+01 
4.963047e+01 
4.963047e+01 
4.963047e+01 
4.902287e+01 
4.902287e+01 
4.902287e+01 
4.902287e+01 
4.902287e+01 
4.902287e+01 
4.902287e+01 
4.902287e+01 
4.902287e+01 
4.902287e+01 
4.902287e+01 
4.902287e+01 
4.902287e+01 
4.902287e+01 
4.902287e+01 
4.902287e+01 
4.902287e+01 
4.899342e+01 
4.899342e+01 
4.876609e+01 
4.876609e+01 
4.876609e+01 
4.876609e+01 
4.876609e+01 
4.876609e+01 
4.876609e+01 
4.876609e+01 
4.876609e+01 
4.876609e+01 
4.876609e+01 
4.876609e+01 
4.876609e+01 
4.876609e+01 
4.876609e+01 
4.876609e+01 
4.876609e+01 
4.876609e+01 
4.876609e+01 
4.876609e+01 
4.876609e+01 
4.876609e+01 
4.876609e+01 
4.876609e+01 
4.876609e+01 
4.876609e+01 
4.876609e+01 
4.876609e+01 
4.876609e+01 
4.876609e+01 
4.871418e+01 
4.871418e+01 
4.871418e+01 
4.871418e+01 
4.865957e+01 
4.862824e+01 
4.862824e+01 
4.862824e+01 
4.862824e+01 
4.862824e+01 
4.862824e+01 
4.862824e+01 
4.859680e+01 
4.859680e+01 
4.859680e+01 
4.859680e+01 
4.859680e+01 
4.859680e+01 
4.859680e+01 
4.855817e+01 
4.855817e+01 
4.855817e+01 
4.855817e+01 
4.853007e+01 
4.853007e+01 
4.852366e+01 
4.852366e+01 
4.851248e+01 
4.851248e+01 
4.851248e+01 
4.851248e+01 
4.851248e+01 
4.849796e+01 
4.849796e+01 
4.849796e+01 
4.848280e+01 
4.845551e+01 
4.845551e+01 
4.845551e+01 
4.845551e+01 
4.845551e+01 
4.845551e+01 
4.845551e+01 
4.845551e+01 
4.845551e+01 
4.845551e+01 
4.845551e+01 
4.845551e+01 
4.845551e+01 
4.845551e+01 
4.845551e+01 
4.845551e+01 
4.845551e+01 
4.845551e+01 
4.845551e+01 
4.845551e+01 
4.845551e+01 
4.845373e+01 
4.845373e+01 
4.845373e+01 
4.845373e+01 
4.845304e+01 
4.845304e+01 
4.845158e+01 
4.844785e+01 
4.844785e+01 
4.844785e+01 
4.844334e+01 
4.844334e+01 
4.844134e+01 
4.844105e+01 
4.843883e+01 
4.843883e+01 
4.843774e+01 
4.843774e+01 
4.843774e+01 
4.843774e+01 
4.843734e+01 
4.843734e+01 
4.843497e+01 
4.843497e+01 
4.843497e+01 
4.843431e+01 
4.843431e+01 
4.843431e+01 
4.843431e+01 
4.843273e+01 
4.843273e+01 
4.843273e+01 
4.843273e+01 
4.843273e+01 
4.843215e+01 
4.843215e+01 
4.843215e+01 
4.843174e+01 
4.843174e+01 
4.843174e+01 
4.843174e+01 
4.843117e+01 
4.843117e+01 
4.843117e+01 
4.843117e+01 
4.843108e+01 
4.843108e+01 
4.843108e+01 
4.843104e+01 
4.843104e+01 
4.843104e+01 
4.843073e+01 
4.843073e+01 
4.843073e+01 
4.843073e+01 
4.843072e+01 
4.843064e+01 
4.843064e+01 
4.843064e+01 
4.843064e+01 
4.843043e+01 
4.843043e+01 
4.843043e+01 
4.843043e+01 
4.843043e+01 
4.843043e+01 
4.843043e+01 
4.843043e+01 
4.843043e+01 
4.843043e+01 
4.843043e+01 
4.843039e+01 
4.843032e+01 
4.843027e+01 
4.843027e+01 
4.843027e+01 
4.843027e+01 
4.843024e+01 
4.843024e+01 
4.843024e+01 
4.843024e+01 
4.843024e+01 
4.843024e+01 
4.843024e+01 
4.843024e+01 
4.843024e+01 
4.843022e+01 
4.843022e+01 
4.843022e+01 
4.843021e+01 
4.843020e+01 
4.843016e+01 
4.843016e+01 
4.843016e+01 
4.843015e+01 
4.843015e+01 
4.843015e+01 
4.843015e+01 
4.843015e+01 
4.843015e+01 
4.843014e+01 
4.843014e+01 
4.843014e+01 
4.843014e+01 
4.843014e+01 
4.843014e+01 
4.843014e+01 
4.843014e+01 
4.843014e+01 
4.843014e+01 
4.843014e+01 
4.843014e+01 
4.843014e+01 
4.843013e+01 
4.843013e+01 
4.843013e+01 
4.843013e+01 
4.843013e+01 
4.843013e+01 
4.843013e+01 
4.843013e+01 
4.843013e+01 
4.843012e+01 
4.843012e+01 
4.843012e+01 
4.843012e+01 
4.843012e+01 
4.843012e+01 
4.843012e+01 
4.843012e+01 
4.843012e+01 
4.843012e+01 
4.843012e+01 
4.843012e+01 
4.843012e+01 
4.843012e+01 
4.843012e+01 
4.843012e+01 
4.843012e+01 
4.843012e+01 
4.843012e+01 
4.843012e+01 
4.843012e+01 
4.843012e+01 
4.843012e+01 
4.843012e+01 
4.843012e+01 
4.843012e+01 
4.843012e+01 
4.843012e+01 
4.843012e+01 
4.843012e+01 
4.843012e+01 
4.843012e+01 
4.843012e+01 
4.843012e+01 
4.843012e+01 
4.843012e+01 
4.843012e+01 
4.843012e+01 
4.843012e+01 
4.843012e+01 
4.843012e+01 
4.843012e+01 
4.843012e+01 
4.843012e+01 
4.843012e+01 
4.843012e+01 
4.843012e+01 
4.843012e+01 
4.843012e+01 
4.843012e+01 
4.843012e+01 
4.843012e+01 
4.843012e+01 
4.843012e+01 
4.843012e+01 
4.843012e+01 
4.843012e+01 
4.843012e+01 
4.843012e+01 
4.843012e+01 
4.843012e+01 
4.843012e+01 
4.843012e+01 
4.843012e+01 
4.843012e+01 
4.843012e+01 
4.843012e+01 
4.843012e+01 
4.843012e+01 
4.843012e+01 
4.843012e+01 
4.843012e+01 
4.843012e+01 
4.843012e+01 
4.843012e+01 
4.843012e+01 
4.843012e+01 
4.843012e+01 
4.843012e+01 
4.843012e+01 
4.843012e+01 
4.843012e+01 
4.843012e+01 
4.843012e+01 
4.843012e+01 
4.843012e+01 
4.843012e+01 
4.843012e+01 
4.843012e+01 
4.843012e+01 
4.843012e+01 
4.843012e+01 
4.843012e+01 
4.843012e+01 
4.843012e+01 
4.843012e+01 
4.843012e+01 
4.843012e+01 
4.843012e+01 
4.843012e+01 
4.843012e+01 
4.843012e+01 
4.843012e+01 
4.843012e+01 
4.843012e+01 
4.843012e+01 
4.843012e+01 
4.843012e+01 
4.843012e+01 
4.843012e+01 
4.843012e+01 
4.843012e+01 
4.843012e+01 
4.843012e+01 
4.843012e+01 
4.843012e+01 
4.843012e+01 
4.843012e+01 
4.843012e+01 
4.843012e+01 
4.843012e+01 
4.843012e+01 
4.843012e+01 
4.843012e+01 
4.843012e+01 
4.843012e+01 
4.843012e+01 
4.843012e+01 
4.843012e+01 
4.843012e+01 
4.843012e+01 
4.843012e+01 
4.843012e+01 
4.843012e+01 
4.843012e+01 
4.843012e+01 
4.843012e+01 
4.843012e+01 
4.843012e+01 
4.843012e+01 
4.843012e+01 
4.843012e+01 
4.843012e+01 
4.843012e+01 
4.843012e+01 
4.843012e+01 
4.843012e+01 
4.843012e+01 
4.843012e+01 
4.843012e+01 
4.843012e+01 
4.843012e+01 
4.843012e+01 
4.843012e+01 
4.843012e+01 
4.843012e+01 
4.843012e+01 
4.843012e+01 
4.843012e+01 
4.843012e+01 
4.843012e+01 
4.843012e+01 
4.843012e+01 
4.843012e+01 
4.843012e+01 
4.843012e+01 
4.843012e+01 
4.843012e+01 
4.843012e+01 
4.843012e+01 
4.843012e+01 
4.843012e+01 
4.843012e+01 
4.843012e+01 
4.843012e+01 
4.843012e+01 
4.843012e+01 
4.843012e+01 
4.843012e+01 
4.843012e+01 
4.843012e+01 
4.843012e+01 
4.843012e+01 
4.843012e+01 
4.843012e+01 
4.843012e+01 
4.843012e+01 
4.843012e+01 
4.843012e+01 
4.843012e+01 
4.843012e+01 
4.843012e+01 
4.843012e+01 
4.843012e+01 
4.843012e+01 
4.843012e+01 
4.843012e+01 
4.843012e+01 
4.843012e+01 
4.843012e+01 
4.843012e+01 
4.843012e+01 
4.843012e+01 
4.843012e+01 
4.843012e+01 
4.843012e+01 
4.843012e+01 
4.843012e+01 
4.843012e+01 
4.843012e+01 
4.843012e+01 
4.843012e+01 
4.843012e+01 
4.843012e+01 
4.843012e+01 
4.843012e+01 
4.843012e+01 
4.843012e+01 
4.843012e+01 
4.843012e+01 
4.843012e+01 
4.843012e+01 
4.843012e+01 
4.843012e+01 
4.843012e+01 
4.843012e+01 
4.843012e+01 
4.843012e+01 
4.843012e+01 
4.843012e+01 
4.843012e+01 
4.843012e+01 
4.843012e+01 
4.843012e+01 
4.843012e+01 
4.843012e+01 
4.843012e+01 
4.843012e+01 
4.843012e+01 
4.843012e+01 
4.843012e+01 
4.843012e+01 
4.843012e+01 
4.843012e+01 
4.843012e+01 
4.843012e+01 
2.486900e-13 
2.042810e-13 
2.042810e-13 
2.042810e-13 
2.042810e-13 
2.042810e-13 
2.042810e-13 
1.598721e-13 
1.598721e-13 
1.598721e-13 
1.598721e-13 
1.421085e-13 
7.993606e-14 
7.993606e-14 
7.993606e-14 
7.993606e-14 
7.993606e-14 
7.993606e-14 
5.329071e-14 
5.329071e-14 
5.329071e-14 
5.329071e-14 
5.329071e-14 
5.329071e-14 
5.329071e-14 
4.440892e-14 
4.440892e-14 
3.552714e-14 
3.552714e-14 
3.552714e-14 
3.552714e-14 
3.552714e-14 
3.552714e-14 
2.664535e-14 
2.664535e-14 
2.664535e-14 
2.664535e-14 
2.664535e-14 
2.664535e-14 
1.776357e-14 
1.776357e-14 
1.776357e-14 
1.776357e-14 
1.776357e-14 
1.776357e-14 
1.776357e-14 
1.776357e-14 
8.881784e-15 
8.881784e-15 
8.881784e-15 
8.881784e-15 
8.881784e-15 
8.881784e-15 
8.881784e-15 
8.881784e-15 
1.309631e-25 
1.309631e-25 
1.539846e-24 
1.539846e-24 
1.539846e-24 
1.314737e-24 
