9.823641e+09 
6.139656e+09 
3.273838e+09 
3.273838e+09 
3.273838e+09 
2.616010e+09 
1.996324e+09 
1.197252e+09 
1.197252e+09 
8.845215e+08 
6.671318e+08 
6.671318e+08 
6.671318e+08 
6.671318e+08 
6.671318e+08 
4.837355e+08 
3.613421e+08 
3.613421e+08 
1.464247e+08 
1.464247e+08 
1.464247e+08 
1.464247e+08 
6.337820e+07 
6.337820e+07 
6.337820e+07 
6.337820e+07 
6.337820e+07 
6.337820e+07 
6.337820e+07 
6.337820e+07 
3.679395e+07 
3.161881e+07 
3.161881e+07 
3.161881e+07 
2.692706e+07 
9.088668e+06 
8.970861e+06 
8.970861e+06 
8.970861e+06 
8.970861e+06 
8.970861e+06 
8.970861e+06 
8.794251e+06 
7.181149e+06 
4.107639e+06 
4.107639e+06 
4.107639e+06 
2.860117e+06 
2.860117e+06 
2.687244e+06 
2.687244e+06 
2.687244e+06 
2.687244e+06 
2.123917e+06 
2.123917e+06 
9.389882e+05 
9.389882e+05 
9.389882e+05 
9.389882e+05 
5.940133e+05 
4.911202e+05 
4.911202e+05 
4.911202e+05 
4.911202e+05 
4.911202e+05 
4.673911e+05 
4.673911e+05 
4.123625e+05 
3.744516e+05 
3.744516e+05 
2.046088e+05 
2.046088e+05 
1.570142e+05 
1.552974e+05 
1.401749e+05 
1.401749e+05 
6.726241e+04 
6.726241e+04 
6.726241e+04 
6.726241e+04 
6.726241e+04 
6.726241e+04 
6.726241e+04 
5.021054e+04 
3.657522e+04 
3.657522e+04 
3.657522e+04 
3.657522e+04 
3.657522e+04 
3.394613e+04 
3.291729e+04 
2.164231e+04 
2.164231e+04 
2.164231e+04 
2.164231e+04 
2.164231e+04 
1.180189e+04 
1.054350e+04 
1.054350e+04 
1.054350e+04 
1.054350e+04 
7.398732e+03 
7.390726e+03 
6.595873e+03 
6.595873e+03 
6.595873e+03 
6.595873e+03 
5.222301e+03 
3.188722e+03 
2.582214e+03 
2.582214e+03 
1.931986e+03 
1.722795e+03 
1.333750e+03 
1.333750e+03 
1.333750e+03 
1.333750e+03 
1.060390e+03 
1.060390e+03 
1.060390e+03 
1.060390e+03 
5.271679e+02 
5.271679e+02 
5.271679e+02 
5.188667e+02 
5.188667e+02 
5.188667e+02 
4.749966e+02 
4.353908e+02 
3.807544e+02 
2.636892e+02 
2.348681e+02 
2.320781e+02 
2.320781e+02 
2.320781e+02 
2.320781e+02 
1.049056e+02 
1.049056e+02 
1.049056e+02 
9.752927e+01 
9.752927e+01 
9.752927e+01 
8.423259e+01 
7.674897e+01 
4.715832e+01 
4.715832e+01 
4.715832e+01 
4.715832e+01 
4.715832e+01 
3.843662e+01 
2.915898e+01 
2.915898e+01 
2.915898e+01 
2.915898e+01 
2.915898e+01 
2.915898e+01 
2.915898e+01 
1.826703e+01 
7.856659e+00 
7.856659e+00 
7.856659e+00 
4.537349e+00 
4.537349e+00 
4.537349e+00 
4.537349e+00 
4.517653e+00 
3.268212e+00 
1.929217e+00 
1.929217e+00 
1.929217e+00 
1.929217e+00 
1.929217e+00 
1.929217e+00 
1.084963e+00 
1.084963e+00 
1.084963e+00 
1.084963e+00 
1.084963e+00 
1.084963e+00 
5.863550e-01 
5.863550e-01 
4.604600e-01 
4.499244e-01 
4.499244e-01 
3.549633e-01 
3.549633e-01 
3.549633e-01 
3.549633e-01 
3.265876e-01 
3.265876e-01 
2.485844e-01 
2.485844e-01 
2.485844e-01 
1.613999e-01 
1.613999e-01 
1.613999e-01 
1.613999e-01 
1.613999e-01 
1.613999e-01 
1.613999e-01 
1.463996e-01 
1.270379e-01 
1.233359e-01 
8.248586e-02 
7.271784e-02 
7.144286e-02 
7.144286e-02 
7.144286e-02 
3.729514e-02 
3.729514e-02 
3.729514e-02 
3.729514e-02 
1.324259e-02 
1.324259e-02 
1.324259e-02 
1.324259e-02 
1.324259e-02 
1.324259e-02 
1.126515e-02 
6.299591e-03 
6.299591e-03 
6.299591e-03 
6.299591e-03 
6.299591e-03 
6.299591e-03 
6.299591e-03 
5.701908e-03 
2.450934e-03 
2.450934e-03 
2.450934e-03 
2.450934e-03 
2.450934e-03 
2.450934e-03 
2.450934e-03 
2.450934e-03 
2.450934e-03 
2.450934e-03 
2.389185e-03 
1.761108e-03 
1.143692e-03 
1.143692e-03 
8.855208e-04 
8.855208e-04 
8.855208e-04 
6.710024e-04 
6.245601e-04 
5.905199e-04 
5.905199e-04 
4.943418e-04 
4.943418e-04 
4.943418e-04 
4.943418e-04 
3.522978e-04 
1.781354e-04 
1.781354e-04 
1.781354e-04 
1.753092e-04 
1.753092e-04 
1.753092e-04 
9.733137e-05 
3.297176e-05 
3.297176e-05 
3.297176e-05 
3.297176e-05 
3.297176e-05 
2.998660e-05 
2.998660e-05 
2.998660e-05 
2.470616e-05 
2.470616e-05 
2.470616e-05 
1.182105e-05 
9.463898e-06 
9.463898e-06 
9.463898e-06 
9.463898e-06 
7.591917e-06 
7.591917e-06 
7.591917e-06 
5.409476e-06 
5.409476e-06 
4.892980e-06 
4.718314e-06 
4.718314e-06 
1.178391e-06 
1.178391e-06 
1.178391e-06 
1.178391e-06 
1.178391e-06 
1.178391e-06 
1.178391e-06 
5.519302e-07 
5.519302e-07 
5.519302e-07 
5.519302e-07 
4.666532e-07 
3.231491e-07 
3.231491e-07 
3.231491e-07 
3.231491e-07 
2.586556e-07 
2.030240e-07 
2.030240e-07 
2.030240e-07 
2.030240e-07 
1.622752e-07 
1.622752e-07 
1.622752e-07 
8.780141e-08 
7.692257e-08 
3.833926e-08 
3.833926e-08 
3.833926e-08 
3.833926e-08 
3.833926e-08 
3.833926e-08 
3.801217e-08 
2.549121e-08 
2.203567e-08 
2.019595e-08 
2.019595e-08 
2.019595e-08 
2.019595e-08 
2.019595e-08 
1.292029e-08 
6.543764e-09 
6.543764e-09 
6.543764e-09 
6.543764e-09 
6.543764e-09 
6.157787e-09 
5.689495e-09 
5.689495e-09 
5.689495e-09 
4.380880e-09 
3.907345e-09 
3.746641e-09 
2.130287e-09 
2.130287e-09 
2.130287e-09 
1.620153e-09 
5.875952e-10 
5.875952e-10 
5.875952e-10 
5.875952e-10 
5.875952e-10 
5.135467e-10 
5.135467e-10 
3.066274e-10 
3.066274e-10 
3.039642e-10 
3.039642e-10 
3.039642e-10 
3.039642e-10 
2.319832e-10 
2.161346e-10 
2.161346e-10 
1.156556e-10 
1.156556e-10 
1.156556e-10 
1.116483e-10 
7.460271e-11 
6.214436e-11 
6.214436e-11 
6.159780e-11 
5.673054e-11 
2.064093e-11 
1.039330e-11 
1.039330e-11 
1.039330e-11 
1.039330e-11 
1.039330e-11 
5.725465e-12 
5.725465e-12 
5.725465e-12 
5.725465e-12 
5.725465e-12 
5.725465e-12 
5.725465e-12 
5.725465e-12 
3.181744e-12 
3.181744e-12 
3.181744e-12 
3.181744e-12 
1.061345e-12 
1.061345e-12 
1.061345e-12 
1.061345e-12 
1.061345e-12 
1.061345e-12 
8.844619e-13 
7.624672e-13 
7.624672e-13 
7.624672e-13 
7.624672e-13 
5.191156e-13 
5.191156e-13 
5.191156e-13 
2.801564e-13 
2.186335e-13 
1.614277e-13 
1.569687e-13 
1.569687e-13 
1.569687e-13 
1.332965e-13 
1.216205e-13 
1.216205e-13 
1.216205e-13 
1.216205e-13 
1.216205e-13 
1.134741e-13 
7.615621e-14 
7.615621e-14 
7.615621e-14 
7.615621e-14 
7.615621e-14 
7.615621e-14 
5.070778e-14 
3.712698e-14 
3.712698e-14 
3.712698e-14 
3.712698e-14 
3.712698e-14 
2.679510e-14 
2.679510e-14 
2.679510e-14 
1.711995e-14 
1.711995e-14 
1.711995e-14 
1.615955e-14 
1.387941e-14 
1.387941e-14 
1.387941e-14 
1.387941e-14 
5.331190e-15 
5.331190e-15 
5.331190e-15 
5.331190e-15 
5.331190e-15 
3.362061e-15 
3.362061e-15 
3.218731e-15 
2.716561e-15 
2.716561e-15 
2.716561e-15 
1.758335e-15 
1.758335e-15 
1.526513e-15 
9.544356e-16 
9.544356e-16 
9.544356e-16 
9.544356e-16 
9.544356e-16 
9.544356e-16 
9.460944e-16 
8.197082e-16 
6.458380e-16 
6.458380e-16 
5.403414e-16 
5.403414e-16 
4.652255e-16 
3.281387e-16 
3.281387e-16 
3.281387e-16 
1.184151e-16 
1.184151e-16 
1.184151e-16 
1.184151e-16 
1.184151e-16 
1.184151e-16 
1.184151e-16 
1.184151e-16 
1.184151e-16 
7.763792e-17 
7.763792e-17 
7.117034e-17 
4.948040e-17 
4.948040e-17 
4.948040e-17 
4.259793e-17 
4.259793e-17 
2.585595e-17 
2.585595e-17 
2.585595e-17 
2.585595e-17 
2.585595e-17 
1.642036e-17 
1.049959e-17 
1.049959e-17 
6.800231e-18 
6.800231e-18 
6.686390e-18 
4.911208e-18 
4.911208e-18 
4.911208e-18 
4.911208e-18 
3.869047e-18 
3.869047e-18 
3.158638e-18 
3.158638e-18 
3.158638e-18 
2.051108e-18 
1.853705e-18 
1.729254e-18 
1.729254e-18 
1.729254e-18 
1.693278e-18 
1.693278e-18 
1.535666e-18 
1.533655e-18 
8.302027e-19 
8.302027e-19 
8.302027e-19 
8.302027e-19 
8.302027e-19 
7.471442e-19 
7.254362e-19 
4.285690e-19 
3.711731e-19 
3.711731e-19 
3.711731e-19 
2.521750e-19 
1.857031e-19 
1.857031e-19 
1.764835e-19 
1.710279e-19 
1.710279e-19 
1.710279e-19 
1.710279e-19 
1.553845e-19 
1.212578e-19 
8.048149e-20 
8.048149e-20 
8.048149e-20 
8.048149e-20 
5.926457e-20 
3.925179e-20 
2.132263e-20 
2.132263e-20 
2.132263e-20 
1.830588e-20 
1.830588e-20 
1.830588e-20 
1.830588e-20 
1.442950e-20 
1.224799e-20 
1.160043e-20 
5.990713e-21 
5.990713e-21 
5.990713e-21 
5.990713e-21 
4.433437e-21 
1.143124e-21 
1.143124e-21 
1.143124e-21 
1.143124e-21 
1.143124e-21 
1.143124e-21 
1.143124e-21 
1.143124e-21 
1.143124e-21 
1.143124e-21 
1.143124e-21 
1.143124e-21 
8.248028e-22 
8.248028e-22 
6.271392e-22 
6.271392e-22 
6.271392e-22 
6.271392e-22 
2.880471e-22 
2.880471e-22 
2.880471e-22 
2.880471e-22 
2.880471e-22 
2.880471e-22 
2.880471e-22 
1.590354e-22 
1.590354e-22 
1.590354e-22 
1.590354e-22 
1.590354e-22 
1.000363e-22 
7.685089e-23 
7.685089e-23 
7.685089e-23 
7.685089e-23 
6.367004e-23 
6.367004e-23 
2.558441e-23 
2.558441e-23 
2.558441e-23 
2.558441e-23 
2.558441e-23 
2.558441e-23 
2.558441e-23 
2.558441e-23 
1.309928e-23 
1.309928e-23 
1.309928e-23 
1.309928e-23 
4.856220e-24 
4.856220e-24 
4.856220e-24 
4.856220e-24 
4.856220e-24 
4.856220e-24 
4.856220e-24 
4.856220e-24 
4.833372e-24 
4.833372e-24 
4.833372e-24 
3.059929e-24 
3.059929e-24 
3.059929e-24 
1.964422e-24 
1.562407e-24 
1.259518e-24 
1.259518e-24 
1.259518e-24 
1.259518e-24 
1.259518e-24 
1.259518e-24 
9.598470e-25 
9.598470e-25 
9.598470e-25 
9.598470e-25 
7.137703e-25 
3.052470e-25 
2.858662e-25 
2.858662e-25 
1.909157e-25 
1.909157e-25 
