3.292387e+04 
3.292387e+04 
5.802463e+02 
5.802463e+02 
2.102751e+02 
2.102751e+02 
2.102751e+02 
2.102751e+02 
2.102751e+02 
2.102751e+02 
2.102751e+02 
2.102751e+02 
1.230490e+02 
1.230490e+02 
1.230490e+02 
1.727650e+01 
1.727650e+01 
1.270172e+01 
1.270172e+01 
1.270172e+01 
1.270172e+01 
1.270172e+01 
1.270172e+01 
1.114641e+01 
9.930881e+00 
9.930881e+00 
8.479073e+00 
8.479073e+00 
8.479073e+00 
8.479073e+00 
8.479073e+00 
8.479073e+00 
8.479073e+00 
8.479073e+00 
7.441679e+00 
7.222738e+00 
7.222738e+00 
7.222738e+00 
7.222738e+00 
7.222738e+00 
6.761340e+00 
6.761340e+00 
6.761340e+00 
6.761340e+00 
6.761340e+00 
6.761340e+00 
6.761340e+00 
6.336151e+00 
4.684002e+00 
4.684002e+00 
4.684002e+00 
4.684002e+00 
4.684002e+00 
4.684002e+00 
4.684002e+00 
4.684002e+00 
4.291025e+00 
4.291025e+00 
4.291025e+00 
4.291025e+00 
4.291025e+00 
4.291025e+00 
3.540814e+00 
3.540814e+00 
3.540814e+00 
3.540814e+00 
3.540814e+00 
3.540814e+00 
3.540814e+00 
3.540814e+00 
3.540814e+00 
3.159937e+00 
3.159937e+00 
3.159937e+00 
3.159937e+00 
2.955114e+00 
2.591947e+00 
2.591947e+00 
2.591947e+00 
2.591947e+00 
2.591947e+00 
2.591947e+00 
2.591947e+00 
2.151802e+00 
2.151802e+00 
2.151802e+00 
2.151802e+00 
2.151802e+00 
2.151802e+00 
2.151802e+00 
2.151802e+00 
2.151802e+00 
2.151802e+00 
2.151802e+00 
2.151802e+00 
2.151802e+00 
2.151802e+00 
2.151802e+00 
1.570277e+00 
1.570277e+00 
1.570277e+00 
1.479525e+00 
1.479525e+00 
1.479525e+00 
1.479525e+00 
1.479525e+00 
8.171783e-01 
8.171783e-01 
8.171783e-01 
8.171783e-01 
8.171783e-01 
8.171783e-01 
8.171783e-01 
8.171783e-01 
8.171783e-01 
8.171783e-01 
8.171783e-01 
8.171783e-01 
8.171783e-01 
8.171783e-01 
8.171783e-01 
8.171783e-01 
8.171783e-01 
8.171783e-01 
8.171783e-01 
8.171783e-01 
7.816839e-01 
7.816839e-01 
7.603302e-01 
7.603302e-01 
7.603302e-01 
7.603302e-01 
7.603302e-01 
7.603302e-01 
7.603302e-01 
7.603302e-01 
7.228317e-01 
7.228317e-01 
7.228317e-01 
7.228317e-01 
7.228317e-01 
7.228317e-01 
7.228317e-01 
7.148731e-01 
7.148731e-01 
7.148731e-01 
7.148731e-01 
7.148731e-01 
7.148731e-01 
7.148731e-01 
6.929395e-01 
6.929395e-01 
6.929395e-01 
6.929395e-01 
6.929395e-01 
6.929395e-01 
6.929395e-01 
6.929395e-01 
6.768800e-01 
6.529786e-01 
6.199148e-01 
6.199148e-01 
6.199148e-01 
6.097763e-01 
6.097763e-01 
6.097763e-01 
6.097763e-01 
6.097763e-01 
6.097763e-01 
6.051117e-01 
6.051117e-01 
6.051117e-01 
6.051117e-01 
6.051117e-01 
6.051117e-01 
6.051117e-01 
6.051117e-01 
5.972198e-01 
5.933049e-01 
5.933049e-01 
5.933049e-01 
5.933049e-01 
5.933049e-01 
5.933049e-01 
5.933049e-01 
5.933049e-01 
5.880802e-01 
5.880802e-01 
5.880802e-01 
5.870348e-01 
5.870348e-01 
5.869610e-01 
5.869610e-01 
5.869610e-01 
5.869610e-01 
5.869610e-01 
5.869610e-01 
5.869610e-01 
5.847295e-01 
5.847295e-01 
5.847295e-01 
5.822786e-01 
5.805460e-01 
5.805460e-01 
5.805460e-01 
5.805460e-01 
5.805460e-01 
5.797371e-01 
5.797371e-01 
5.786125e-01 
5.786125e-01 
5.786125e-01 
5.782486e-01 
5.782486e-01 
5.768435e-01 
5.768381e-01 
5.768381e-01 
5.766381e-01 
5.766381e-01 
5.766381e-01 
5.766381e-01 
5.761897e-01 
5.761897e-01 
5.758437e-01 
5.753779e-01 
5.753779e-01 
5.753779e-01 
5.752294e-01 
5.744815e-01 
5.744815e-01 
5.744815e-01 
5.744815e-01 
5.744815e-01 
5.744815e-01 
5.744815e-01 
5.743849e-01 
5.742598e-01 
5.742598e-01 
5.742598e-01 
5.742598e-01 
5.742598e-01 
5.739965e-01 
5.736386e-01 
5.736386e-01 
5.736386e-01 
5.736386e-01 
5.736386e-01 
5.736386e-01 
5.736386e-01 
5.736386e-01 
5.735014e-01 
5.735014e-01 
5.735014e-01 
5.735014e-01 
5.732020e-01 
5.732020e-01 
5.732020e-01 
5.732020e-01 
5.728163e-01 
5.728163e-01 
5.728163e-01 
5.728163e-01 
5.728163e-01 
5.728163e-01 
5.728163e-01 
5.728163e-01 
5.728163e-01 
5.728163e-01 
5.728163e-01 
5.724751e-01 
5.724751e-01 
5.724751e-01 
5.724751e-01 
5.724751e-01 
5.724751e-01 
5.724751e-01 
5.724751e-01 
5.724751e-01 
5.724243e-01 
5.724243e-01 
5.724243e-01 
5.724243e-01 
5.724243e-01 
5.723361e-01 
5.723361e-01 
5.720385e-01 
5.720385e-01 
5.720385e-01 
5.720385e-01 
5.720385e-01 
5.720385e-01 
5.720385e-01 
5.720351e-01 
5.720351e-01 
5.719418e-01 
5.719418e-01 
5.719418e-01 
5.719418e-01 
5.719418e-01 
5.718852e-01 
5.718335e-01 
5.718335e-01 
5.718335e-01 
5.718335e-01 
5.718335e-01 
5.718335e-01 
5.718284e-01 
5.718193e-01 
5.718193e-01 
5.718193e-01 
5.718193e-01 
5.717849e-01 
5.717849e-01 
5.717849e-01 
5.716656e-01 
5.716656e-01 
5.716656e-01 
5.716656e-01 
5.716656e-01 
5.716330e-01 
5.716330e-01 
5.715731e-01 
5.715731e-01 
5.715211e-01 
5.715066e-01 
5.714231e-01 
5.714217e-01 
5.714217e-01 
5.714217e-01 
5.714217e-01 
5.714217e-01 
5.714217e-01 
5.714217e-01 
5.714217e-01 
5.714217e-01 
5.714217e-01 
5.714217e-01 
5.714217e-01 
5.713985e-01 
5.713446e-01 
5.713446e-01 
5.713446e-01 
5.713148e-01 
5.713148e-01 
5.712272e-01 
5.712272e-01 
5.712272e-01 
5.712150e-01 
5.712150e-01 
5.712150e-01 
5.712150e-01 
5.711334e-01 
5.711334e-01 
5.711334e-01 
5.711334e-01 
5.711334e-01 
5.711334e-01 
5.711334e-01 
5.710998e-01 
5.710521e-01 
5.710094e-01 
5.709631e-01 
5.709631e-01 
5.709631e-01 
5.709631e-01 
5.709631e-01 
5.709631e-01 
5.709395e-01 
5.709395e-01 
5.708975e-01 
5.708938e-01 
5.708888e-01 
5.708624e-01 
5.708624e-01 
5.708624e-01 
5.708624e-01 
5.708353e-01 
5.707732e-01 
5.707732e-01 
5.707732e-01 
5.707709e-01 
5.707625e-01 
5.707625e-01 
5.707625e-01 
5.707625e-01 
5.707449e-01 
5.706782e-01 
5.706171e-01 
5.705277e-01 
5.705277e-01 
5.705277e-01 
5.705277e-01 
5.705277e-01 
5.705277e-01 
5.705131e-01 
5.705131e-01 
5.705131e-01 
5.705131e-01 
5.705131e-01 
5.705131e-01 
5.705131e-01 
5.704556e-01 
5.704556e-01 
5.704556e-01 
5.704556e-01 
5.704232e-01 
5.704232e-01 
5.704232e-01 
5.704232e-01 
5.704232e-01 
5.704232e-01 
5.704232e-01 
5.704232e-01 
5.704232e-01 
5.704232e-01 
5.704232e-01 
5.704232e-01 
5.704232e-01 
5.704232e-01 
5.703841e-01 
5.703841e-01 
5.703841e-01 
5.703841e-01 
5.703841e-01 
5.703841e-01 
5.703841e-01 
5.703841e-01 
5.703841e-01 
5.703681e-01 
5.702693e-01 
5.702693e-01 
5.702693e-01 
5.702693e-01 
5.702693e-01 
5.702693e-01 
5.702693e-01 
5.702693e-01 
5.702065e-01 
5.702065e-01 
5.702065e-01 
5.702065e-01 
5.702065e-01 
5.702065e-01 
5.702065e-01 
5.701812e-01 
5.701812e-01 
5.701812e-01 
5.701812e-01 
5.701524e-01 
5.701524e-01 
5.701262e-01 
5.700619e-01 
5.700619e-01 
5.700619e-01 
5.700619e-01 
5.700619e-01 
5.700619e-01 
5.700619e-01 
5.700619e-01 
5.700619e-01 
5.700619e-01 
5.700605e-01 
5.700605e-01 
5.700605e-01 
5.700605e-01 
5.700605e-01 
5.700605e-01 
5.700338e-01 
5.700262e-01 
5.700164e-01 
5.700093e-01 
5.699956e-01 
5.699839e-01 
5.699762e-01 
5.699762e-01 
5.698930e-01 
5.698930e-01 
5.698930e-01 
5.698930e-01 
5.698930e-01 
5.698930e-01 
5.698930e-01 
5.698840e-01 
5.698840e-01 
5.698840e-01 
5.698840e-01 
5.698840e-01 
5.698130e-01 
5.698130e-01 
5.698130e-01 
5.698130e-01 
5.698130e-01 
5.698130e-01 
5.698130e-01 
5.698130e-01 
5.698130e-01 
5.698130e-01 
5.698130e-01 
5.698130e-01 
5.698046e-01 
5.698045e-01 
5.697478e-01 
5.697478e-01 
5.697478e-01 
5.696921e-01 
5.696921e-01 
5.696921e-01 
5.696921e-01 
5.696921e-01 
5.696921e-01 
5.696921e-01 
5.696921e-01 
5.696921e-01 
5.696921e-01 
5.696921e-01 
5.696921e-01 
5.696888e-01 
5.696888e-01 
5.696888e-01 
5.696888e-01 
5.696794e-01 
5.696784e-01 
5.696773e-01 
5.696473e-01 
5.696400e-01 
5.696400e-01 
5.696325e-01 
5.696325e-01 
5.696325e-01 
5.695955e-01 
5.695955e-01 
5.695186e-01 
5.695186e-01 
5.695186e-01 
5.695186e-01 
5.695186e-01 
5.695186e-01 
5.695186e-01 
5.695186e-01 
5.695186e-01 
5.695186e-01 
5.695186e-01 
5.695186e-01 
5.695186e-01 
5.695186e-01 
5.695186e-01 
5.695186e-01 
5.695186e-01 
5.694710e-01 
5.694710e-01 
5.694710e-01 
5.694710e-01 
5.694710e-01 
5.694710e-01 
5.694710e-01 
5.694485e-01 
5.694160e-01 
5.694160e-01 
5.694160e-01 
5.694020e-01 
5.694020e-01 
5.694020e-01 
5.693576e-01 
5.693576e-01 
5.693576e-01 
5.693576e-01 
5.693576e-01 
5.693576e-01 
5.693576e-01 
5.693418e-01 
5.693418e-01 
5.693409e-01 
5.693279e-01 
5.693279e-01 
5.693279e-01 
5.693045e-01 
5.693045e-01 
5.693045e-01 
5.693045e-01 
5.693045e-01 
5.692782e-01 
5.692364e-01 
5.691716e-01 
5.691716e-01 
5.691716e-01 
5.691716e-01 
5.691716e-01 
5.691716e-01 
5.691716e-01 
5.691716e-01 
5.691400e-01 
5.691400e-01 
5.691400e-01 
5.691400e-01 
5.691400e-01 
1.269167e-24 
1.269167e-24 
1.269167e-24 
1.269167e-24 
1.269167e-24 
1.269167e-24 
1.027397e-24 
1.027397e-24 
8.094894e-25 
8.094894e-25 
8.094894e-25 
7.028173e-25 
6.729745e-25 
4.814878e-25 
4.814878e-25 
4.814878e-25 
3.622112e-25 
2.899736e-25 
2.858650e-25 
2.741893e-25 
1.046980e-25 
2.635723e-23 
2.635723e-23 
2.624537e-23 
2.045672e-23 
2.045672e-23 
7.360023e-24 
7.360023e-24 
7.360023e-24 
7.360023e-24 
7.360023e-24 
6.678628e-24 
2.508721e-24 
1.841195e-24 
1.841195e-24 
1.841195e-24 
1.841195e-24 
1.841195e-24 
1.841195e-24 
1.841195e-24 
1.913239e-23 
1.129845e-23 
1.129845e-23 
1.129845e-23 
1.129845e-23 
8.079680e-24 
7.391666e-24 
7.245558e-24 
7.245558e-24 
7.245558e-24 
4.764432e-24 
7.582769e-25 
7.582769e-25 
7.582769e-25 
1.309631e-25 
1.309631e-25 
1.539846e-24 
1.539846e-24 
1.539846e-24 
1.314737e-24 
