8.025154e+02 
7.997780e+02 
7.086423e+02 
7.086423e+02 
6.880879e+02 
6.880879e+02 
6.489875e+02 
6.022973e+02 
5.482480e+02 
4.486242e+02 
3.843245e+02 
3.843245e+02 
1.553030e+02 
1.553030e+02 
1.553030e+02 
1.553030e+02 
1.283153e+02 
1.283153e+02 
1.283153e+02 
1.283153e+02 
1.283153e+02 
1.283153e+02 
1.283153e+02 
1.283153e+02 
1.283153e+02 
1.283153e+02 
1.136316e+02 
1.136316e+02 
1.136316e+02 
1.136316e+02 
1.136316e+02 
8.046756e+01 
8.046756e+01 
8.046756e+01 
6.658609e+01 
6.658609e+01 
5.647597e+01 
5.647597e+01 
5.647597e+01 
5.647597e+01 
3.047656e+01 
3.047656e+01 
3.047656e+01 
3.047656e+01 
3.047656e+01 
3.047656e+01 
3.047656e+01 
3.047656e+01 
3.047656e+01 
3.047656e+01 
3.047656e+01 
3.047656e+01 
2.834851e+01 
2.834851e+01 
2.755929e+01 
2.676895e+01 
1.546104e+01 
1.343451e+01 
1.083767e+01 
1.083767e+01 
1.083767e+01 
1.083767e+01 
1.083767e+01 
1.083767e+01 
1.083767e+01 
9.202668e+00 
9.202668e+00 
8.672238e+00 
8.672238e+00 
7.706929e+00 
7.706929e+00 
7.706929e+00 
7.706929e+00 
7.706929e+00 
7.706929e+00 
6.852168e+00 
6.808773e+00 
6.290258e+00 
6.290258e+00 
6.290258e+00 
6.290258e+00 
6.290258e+00 
6.290258e+00 
6.290258e+00 
6.290258e+00 
6.290258e+00 
6.095239e+00 
6.095239e+00 
6.095239e+00 
6.095239e+00 
6.095239e+00 
6.095239e+00 
6.040602e+00 
5.742893e+00 
5.742893e+00 
5.742893e+00 
5.742893e+00 
5.742893e+00 
5.742893e+00 
5.742893e+00 
5.709428e+00 
5.709428e+00 
5.584648e+00 
5.584648e+00 
5.584648e+00 
5.584648e+00 
5.584648e+00 
5.584648e+00 
5.584648e+00 
5.584648e+00 
5.554572e+00 
5.554572e+00 
5.554572e+00 
5.554572e+00 
5.554572e+00 
5.554572e+00 
5.554572e+00 
5.554572e+00 
5.554572e+00 
5.554572e+00 
5.554572e+00 
5.554572e+00 
5.554572e+00 
5.554572e+00 
5.554572e+00 
5.554572e+00 
5.554572e+00 
5.554572e+00 
5.554572e+00 
5.554572e+00 
5.554572e+00 
5.554572e+00 
5.554572e+00 
5.554572e+00 
5.554572e+00 
5.554572e+00 
5.554572e+00 
5.554572e+00 
5.554572e+00 
5.554572e+00 
5.554572e+00 
5.554572e+00 
5.554572e+00 
5.554572e+00 
5.554572e+00 
5.554572e+00 
5.554572e+00 
5.554572e+00 
5.554572e+00 
5.554572e+00 
5.554572e+00 
5.554572e+00 
5.554572e+00 
5.554572e+00 
5.554572e+00 
5.553228e+00 
5.553228e+00 
5.553228e+00 
5.553228e+00 
5.553228e+00 
5.553228e+00 
5.553228e+00 
5.538137e+00 
5.497985e+00 
5.497985e+00 
5.497985e+00 
5.497985e+00 
5.497985e+00 
5.497985e+00 
5.497985e+00 
5.479219e+00 
5.479219e+00 
1.965593e+00 
1.965593e+00 
1.965593e+00 
1.965593e+00 
1.965593e+00 
1.965593e+00 
1.710595e+00 
1.710595e+00 
1.710595e+00 
1.694952e+00 
1.694952e+00 
1.694952e+00 
1.667683e+00 
1.667683e+00 
1.667683e+00 
1.667683e+00 
1.667683e+00 
1.667683e+00 
1.667683e+00 
1.667683e+00 
1.665358e+00 
1.626300e+00 
1.626300e+00 
1.626300e+00 
1.626300e+00 
1.626300e+00 
1.626300e+00 
1.626300e+00 
1.626300e+00 
1.626300e+00 
1.626300e+00 
1.622105e+00 
1.600463e+00 
1.600463e+00 
1.600463e+00 
1.452653e+00 
1.452653e+00 
1.452653e+00 
1.452653e+00 
1.452653e+00 
1.452653e+00 
1.452653e+00 
1.452653e+00 
1.452653e+00 
1.452653e+00 
1.452653e+00 
1.452653e+00 
1.452653e+00 
1.452653e+00 
1.452653e+00 
1.452653e+00 
1.452653e+00 
1.452653e+00 
1.452653e+00 
1.452653e+00 
1.452653e+00 
1.452653e+00 
1.452653e+00 
1.452653e+00 
1.452653e+00 
1.452653e+00 
1.452653e+00 
1.452653e+00 
1.452653e+00 
1.452653e+00 
1.452653e+00 
1.452653e+00 
1.452653e+00 
1.452653e+00 
1.452653e+00 
1.452653e+00 
1.452653e+00 
1.452653e+00 
1.452653e+00 
1.452653e+00 
1.452653e+00 
1.452653e+00 
1.452653e+00 
1.452653e+00 
1.452653e+00 
1.452653e+00 
1.452653e+00 
1.452653e+00 
1.452653e+00 
1.452653e+00 
1.452653e+00 
1.452653e+00 
1.452653e+00 
1.452653e+00 
1.452653e+00 
1.452653e+00 
1.452653e+00 
1.452653e+00 
1.452653e+00 
1.452653e+00 
1.452653e+00 
1.452653e+00 
1.452653e+00 
1.452653e+00 
1.452653e+00 
1.452653e+00 
1.447717e+00 
1.438338e+00 
1.438338e+00 
1.400679e+00 
1.396125e+00 
1.384456e+00 
1.353328e+00 
1.333224e+00 
1.321063e+00 
1.321063e+00 
1.321063e+00 
1.318463e+00 
1.318463e+00 
1.308276e+00 
1.302946e+00 
1.302946e+00 
1.302946e+00 
1.302946e+00 
1.302021e+00 
1.302021e+00 
1.302021e+00 
1.302021e+00 
1.302021e+00 
1.300430e+00 
1.300430e+00 
1.300430e+00 
1.300430e+00 
1.299199e+00 
1.295155e+00 
1.293059e+00 
1.293059e+00 
1.287740e+00 
1.287740e+00 
1.286704e+00 
1.286182e+00 
1.286182e+00 
1.098656e+00 
8.534652e-01 
8.534652e-01 
5.843628e-01 
5.843628e-01 
5.843628e-01 
4.921994e-01 
4.921994e-01 
4.689154e-01 
4.689154e-01 
4.689154e-01 
4.689154e-01 
4.689154e-01 
4.689154e-01 
4.689154e-01 
4.656911e-01 
4.656911e-01 
4.656911e-01 
4.656911e-01 
4.656911e-01 
4.654498e-01 
4.654498e-01 
4.654498e-01 
4.654498e-01 
4.654498e-01 
4.654498e-01 
4.645210e-01 
4.645210e-01 
4.645210e-01 
4.645210e-01 
4.645210e-01 
4.554802e-01 
4.554802e-01 
4.554802e-01 
4.554802e-01 
4.554802e-01 
4.554802e-01 
4.554802e-01 
4.554802e-01 
4.554802e-01 
4.554802e-01 
4.550592e-01 
4.550592e-01 
4.550592e-01 
4.550592e-01 
4.550592e-01 
4.550592e-01 
4.549420e-01 
4.549420e-01 
4.549420e-01 
4.549420e-01 
4.537909e-01 
4.537909e-01 
4.537909e-01 
4.537909e-01 
4.535476e-01 
4.535476e-01 
4.535476e-01 
4.535476e-01 
4.535476e-01 
4.535476e-01 
4.535476e-01 
4.535476e-01 
4.535476e-01 
4.535476e-01 
4.535476e-01 
4.535476e-01 
4.529737e-01 
4.526795e-01 
4.526795e-01 
4.526795e-01 
4.526795e-01 
4.526795e-01 
4.526795e-01 
4.526795e-01 
4.523529e-01 
4.518051e-01 
4.515184e-01 
4.515184e-01 
4.515184e-01 
4.515184e-01 
4.515184e-01 
4.482767e-01 
4.478652e-01 
4.478652e-01 
4.476766e-01 
4.459867e-01 
4.459867e-01 
4.459867e-01 
4.459867e-01 
4.459867e-01 
4.459867e-01 
4.459867e-01 
4.459867e-01 
4.459867e-01 
4.457382e-01 
4.457382e-01 
4.457382e-01 
4.457382e-01 
4.456150e-01 
4.456150e-01 
4.456150e-01 
4.454344e-01 
4.454344e-01 
4.454344e-01 
4.454344e-01 
4.449438e-01 
4.449438e-01 
4.444193e-01 
4.444193e-01 
4.444193e-01 
4.444193e-01 
4.444193e-01 
4.444193e-01 
4.444193e-01 
4.444193e-01 
4.444193e-01 
4.444193e-01 
4.444193e-01 
4.444193e-01 
4.444193e-01 
4.444193e-01 
4.444193e-01 
4.444193e-01 
4.444193e-01 
4.444193e-01 
4.444193e-01 
4.444193e-01 
4.444193e-01 
4.443980e-01 
4.443980e-01 
4.443980e-01 
4.443980e-01 
4.434320e-01 
4.434320e-01 
4.434320e-01 
4.434320e-01 
4.434320e-01 
4.434320e-01 
4.434320e-01 
4.434320e-01 
4.434320e-01 
4.434320e-01 
4.434320e-01 
4.434320e-01 
4.434320e-01 
4.434320e-01 
4.434320e-01 
4.434320e-01 
4.434320e-01 
4.434320e-01 
4.434320e-01 
4.434320e-01 
4.434320e-01 
4.434320e-01 
4.434320e-01 
4.434320e-01 
4.434320e-01 
4.434320e-01 
4.434320e-01 
4.434320e-01 
4.434320e-01 
4.434320e-01 
4.434320e-01 
4.434320e-01 
4.434320e-01 
4.434320e-01 
4.434320e-01 
4.434320e-01 
4.434320e-01 
4.434320e-01 
4.434045e-01 
4.433933e-01 
4.433933e-01 
4.433933e-01 
4.433933e-01 
4.433933e-01 
4.433933e-01 
4.433933e-01 
4.433933e-01 
4.433933e-01 
4.433933e-01 
4.433933e-01 
4.433933e-01 
4.433933e-01 
4.433933e-01 
4.433689e-01 
4.433689e-01 
4.433689e-01 
4.433659e-01 
4.433659e-01 
4.433659e-01 
4.433659e-01 
4.433659e-01 
4.433659e-01 
4.433659e-01 
4.433659e-01 
4.433595e-01 
4.433595e-01 
4.433595e-01 
4.433553e-01 
4.433397e-01 
4.433397e-01 
4.433397e-01 
4.433397e-01 
4.433397e-01 
4.433397e-01 
4.433397e-01 
4.433397e-01 
4.433397e-01 
4.433397e-01 
4.433397e-01 
4.433397e-01 
4.433339e-01 
4.433339e-01 
4.433339e-01 
4.433284e-01 
4.433284e-01 
4.433284e-01 
4.433284e-01 
4.433284e-01 
4.433284e-01 
4.433205e-01 
4.433205e-01 
4.433205e-01 
4.433205e-01 
4.433205e-01 
4.433177e-01 
4.433177e-01 
4.433177e-01 
4.433177e-01 
4.433177e-01 
4.433177e-01 
4.433177e-01 
4.433151e-01 
4.433151e-01 
4.433151e-01 
1.256694e-17 
1.256694e-17 
1.256694e-17 
1.256694e-17 
6.774888e-18 
6.590780e-18 
6.590780e-18 
1.272620e-18 
1.272620e-18 
1.272620e-18 
1.272620e-18 
1.272620e-18 
1.272620e-18 
1.272620e-18 
1.272620e-18 
1.272620e-18 
1.272620e-18 
1.272620e-18 
5.036417e-19 
5.036417e-19 
2.652926e-19 
2.652926e-19 
2.652926e-19 
2.652926e-19 
2.652926e-19 
2.652926e-19 
2.652926e-19 
2.652926e-19 
2.652926e-19 
2.652926e-19 
2.652926e-19 
2.652926e-19 
2.652926e-19 
2.652926e-19 
2.652926e-19 
4.065995e-21 
4.065995e-21 
4.065995e-21 
4.065995e-21 
4.065995e-21 
4.065995e-21 
1.546259e-14 
1.546259e-14 
1.546259e-14 
1.546259e-14 
1.546259e-14 
1.546259e-14 
1.203102e+00 
1.203102e+00 
1.203102e+00 
1.203102e+00 
1.203102e+00 
1.203102e+00 
1.203102e+00 
1.203102e+00 
8.712774e-01 
9.903462e-01 
9.903421e-01 
9.903421e-01 
9.903421e-01 
9.903421e-01 
9.902607e-01 
9.901071e-01 
9.901071e-01 
9.901071e-01 
9.901071e-01 
9.901071e-01 
9.900344e-01 
9.899396e-01 
9.899396e-01 
9.899396e-01 
2.635723e-23 
2.624537e-23 
2.045672e-23 
2.045672e-23 
7.360023e-24 
7.360023e-24 
7.360023e-24 
7.360023e-24 
7.360023e-24 
6.678628e-24 
2.508721e-24 
1.841195e-24 
1.841195e-24 
1.841195e-24 
1.841195e-24 
1.841195e-24 
1.841195e-24 
1.841195e-24 
1.913239e-23 
1.129845e-23 
1.129845e-23 
1.129845e-23 
1.129845e-23 
8.079680e-24 
7.391666e-24 
7.245558e-24 
7.245558e-24 
7.245558e-24 
4.764432e-24 
7.582769e-25 
7.582769e-25 
7.582769e-25 
1.309631e-25 
1.309631e-25 
1.539846e-24 
1.539846e-24 
1.539846e-24 
1.314737e-24 
