4.754973e+02 
4.017361e+02 
3.143975e+02 
3.143975e+02 
3.143975e+02 
2.532502e+02 
2.480522e+02 
2.195805e+02 
2.187252e+02 
2.187252e+02 
1.252381e+02 
1.252381e+02 
1.252381e+02 
1.252381e+02 
9.959931e+01 
9.959931e+01 
9.935921e+01 
8.320861e+01 
7.810688e+01 
7.013124e+01 
7.013124e+01 
7.013124e+01 
7.013124e+01 
7.013124e+01 
7.013124e+01 
5.688849e+01 
5.405996e+01 
5.405996e+01 
5.405996e+01 
5.405996e+01 
5.405996e+01 
5.405996e+01 
5.405996e+01 
5.405996e+01 
4.439603e+01 
4.439603e+01 
2.709835e+01 
2.709835e+01 
2.709835e+01 
2.709835e+01 
2.709835e+01 
2.639062e+01 
2.551753e+01 
2.551753e+01 
2.551753e+01 
2.551753e+01 
2.551753e+01 
2.151911e+01 
2.138716e+01 
2.138716e+01 
1.633897e+01 
1.633897e+01 
1.633897e+01 
1.633897e+01 
1.633897e+01 
1.633897e+01 
1.633897e+01 
1.633897e+01 
1.584320e+01 
1.584320e+01 
1.584320e+01 
1.419155e+01 
1.367475e+01 
1.367475e+01 
1.200367e+01 
1.181330e+01 
1.144853e+01 
1.144853e+01 
1.144853e+01 
1.142178e+01 
1.102505e+01 
1.102505e+01 
1.047703e+01 
1.006492e+01 
8.843056e+00 
8.843056e+00 
8.843056e+00 
8.843056e+00 
7.723907e+00 
7.723907e+00 
7.723907e+00 
7.723907e+00 
6.498190e+00 
6.498190e+00 
6.498190e+00 
6.260861e+00 
5.877230e+00 
5.877230e+00 
5.877230e+00 
5.877230e+00 
4.673838e+00 
4.673838e+00 
2.990111e+00 
2.990111e+00 
2.990111e+00 
2.990111e+00 
2.990111e+00 
2.173349e+00 
2.042536e+00 
2.042536e+00 
2.042536e+00 
1.995267e+00 
1.949573e+00 
1.242556e+00 
1.242556e+00 
1.242556e+00 
2.943024e-01 
2.943024e-01 
2.943024e-01 
2.943024e-01 
2.943024e-01 
2.943024e-01 
2.943024e-01 
2.943024e-01 
2.943024e-01 
2.943024e-01 
2.943024e-01 
2.943024e-01 
2.741498e-01 
2.741498e-01 
2.654595e-01 
2.654595e-01 
2.654595e-01 
2.006731e-01 
2.006731e-01 
1.755592e-01 
1.755592e-01 
1.755592e-01 
1.755592e-01 
1.755592e-01 
1.755592e-01 
1.619263e-01 
1.549807e-01 
1.400181e-01 
1.400181e-01 
1.400181e-01 
1.119029e-01 
1.092370e-01 
1.092370e-01 
1.092370e-01 
1.092370e-01 
7.651676e-02 
5.893425e-02 
5.893425e-02 
5.147195e-02 
5.147195e-02 
5.147195e-02 
5.147195e-02 
4.201989e-02 
4.052625e-02 
4.052625e-02 
4.052625e-02 
4.052625e-02 
4.052625e-02 
4.052625e-02 
3.277836e-02 
3.277836e-02 
3.277836e-02 
3.277836e-02 
2.164735e-02 
2.164735e-02 
2.164735e-02 
1.513173e-02 
1.513173e-02 
1.513173e-02 
1.513173e-02 
1.513173e-02 
1.513173e-02 
1.458445e-02 
1.029623e-02 
1.029623e-02 
9.872282e-03 
9.872282e-03 
8.959577e-03 
6.274315e-03 
6.274315e-03 
6.274315e-03 
6.274315e-03 
6.274315e-03 
5.718608e-03 
5.718608e-03 
5.677473e-03 
3.354509e-03 
3.354509e-03 
3.354509e-03 
3.354509e-03 
3.354509e-03 
1.658977e-03 
1.658977e-03 
1.658977e-03 
1.658977e-03 
1.658977e-03 
1.658977e-03 
1.658977e-03 
1.658977e-03 
1.658977e-03 
1.658977e-03 
1.466292e-03 
1.466292e-03 
1.466292e-03 
1.466292e-03 
1.466292e-03 
1.466292e-03 
1.463966e-03 
1.348996e-03 
1.126130e-03 
1.126130e-03 
1.112540e-03 
1.112540e-03 
1.112540e-03 
1.112540e-03 
7.471347e-04 
7.471347e-04 
6.173491e-04 
6.173491e-04 
6.173491e-04 
6.173491e-04 
5.955930e-04 
5.641541e-04 
4.699351e-04 
4.195369e-04 
4.195369e-04 
4.195369e-04 
3.351876e-04 
3.351876e-04 
3.351876e-04 
3.351876e-04 
3.351876e-04 
3.091433e-04 
3.091433e-04 
3.091433e-04 
2.570160e-04 
2.570160e-04 
2.570160e-04 
2.570160e-04 
1.859343e-04 
1.859343e-04 
1.859343e-04 
1.859343e-04 
1.720516e-04 
1.701727e-04 
1.701727e-04 
1.574765e-04 
1.204320e-04 
1.204320e-04 
7.855994e-05 
7.855994e-05 
7.855994e-05 
7.855994e-05 
7.431688e-05 
7.431688e-05 
6.598217e-05 
5.981071e-05 
5.981071e-05 
5.543533e-05 
5.543533e-05 
4.847697e-05 
3.698826e-05 
3.698826e-05 
3.698826e-05 
3.698826e-05 
3.698826e-05 
3.520134e-05 
3.280176e-05 
2.975048e-05 
2.946620e-05 
2.839098e-05 
2.839098e-05 
2.833618e-05 
2.833618e-05 
2.833618e-05 
2.624457e-05 
2.611579e-05 
2.194514e-05 
2.194514e-05 
2.167411e-05 
2.167411e-05 
1.968037e-05 
1.893093e-05 
1.107931e-05 
1.107931e-05 
1.040492e-05 
1.040492e-05 
1.040492e-05 
7.972229e-06 
7.972229e-06 
5.279486e-06 
5.279486e-06 
5.279486e-06 
5.279486e-06 
5.279486e-06 
5.279486e-06 
5.279486e-06 
5.279486e-06 
5.279486e-06 
5.279486e-06 
5.279486e-06 
5.279486e-06 
4.469714e-06 
4.469714e-06 
4.348420e-06 
2.920203e-06 
2.920203e-06 
2.920203e-06 
2.920203e-06 
2.920203e-06 
2.920203e-06 
2.920203e-06 
2.666486e-06 
2.368022e-06 
2.045048e-06 
2.045048e-06 
2.045048e-06 
2.045048e-06 
2.045048e-06 
1.856019e-06 
1.751440e-06 
1.751440e-06 
1.609211e-06 
1.536909e-06 
1.073370e-06 
1.073370e-06 
1.073370e-06 
1.073370e-06 
1.046159e-06 
7.683797e-07 
7.683797e-07 
7.683797e-07 
7.683797e-07 
7.683797e-07 
5.270891e-07 
5.136692e-07 
5.136692e-07 
5.136692e-07 
5.136692e-07 
5.122378e-07 
4.176708e-07 
4.176708e-07 
4.176708e-07 
3.142991e-07 
2.613242e-07 
2.602113e-07 
2.602113e-07 
2.602113e-07 
2.602113e-07 
2.576810e-07 
2.576810e-07 
2.241576e-07 
2.241576e-07 
2.207206e-07 
2.207206e-07 
2.207206e-07 
2.207206e-07 
2.207206e-07 
1.775016e-07 
1.775016e-07 
1.775016e-07 
1.775016e-07 
1.772974e-07 
1.155731e-07 
1.155731e-07 
1.155731e-07 
1.155731e-07 
9.828977e-08 
9.828977e-08 
9.828977e-08 
9.828977e-08 
8.515838e-08 
8.515838e-08 
7.431240e-08 
7.182034e-08 
5.614868e-08 
5.614868e-08 
5.614868e-08 
5.614868e-08 
5.614868e-08 
5.614868e-08 
4.517656e-08 
4.517656e-08 
2.871140e-08 
2.871140e-08 
2.871140e-08 
2.871140e-08 
2.871140e-08 
2.642643e-08 
2.236259e-08 
2.236259e-08 
2.236259e-08 
2.236259e-08 
2.236259e-08 
2.236259e-08 
1.718031e-08 
1.718031e-08 
1.718031e-08 
1.718031e-08 
1.718031e-08 
1.718031e-08 
1.364684e-08 
1.364684e-08 
1.319137e-08 
1.233543e-08 
1.080212e-08 
1.080212e-08 
1.046510e-08 
1.046510e-08 
9.337446e-09 
9.337446e-09 
9.337446e-09 
7.546266e-09 
7.546266e-09 
7.336221e-09 
7.336221e-09 
7.336221e-09 
6.565992e-09 
6.565992e-09 
6.288179e-09 
5.334790e-09 
4.760894e-09 
3.996687e-09 
3.996687e-09 
3.967902e-09 
3.967902e-09 
3.967902e-09 
3.651319e-09 
3.346443e-09 
3.346443e-09 
3.346443e-09 
3.346443e-09 
2.716041e-09 
2.007505e-09 
1.843201e-09 
1.843201e-09 
1.843201e-09 
1.476046e-09 
1.476046e-09 
1.407390e-09 
1.407390e-09 
1.062972e-09 
1.062972e-09 
1.062972e-09 
8.192025e-10 
8.192025e-10 
8.192025e-10 
8.192025e-10 
7.825918e-10 
6.601475e-10 
6.601475e-10 
5.417355e-10 
5.417355e-10 
5.417355e-10 
5.417355e-10 
3.880185e-10 
3.880185e-10 
3.880185e-10 
3.049028e-10 
2.901768e-10 
2.901768e-10 
2.901768e-10 
1.987832e-10 
1.987832e-10 
1.987832e-10 
1.987832e-10 
1.987832e-10 
1.983302e-10 
1.983302e-10 
1.693579e-10 
1.693579e-10 
1.693579e-10 
1.693579e-10 
1.693579e-10 
1.693579e-10 
1.555822e-10 
1.060396e-10 
1.060396e-10 
1.060396e-10 
1.060396e-10 
1.060396e-10 
1.060396e-10 
1.060396e-10 
1.060396e-10 
1.060396e-10 
9.683809e-11 
9.683809e-11 
7.540635e-11 
7.235990e-11 
7.235990e-11 
7.235990e-11 
7.235990e-11 
6.347811e-11 
6.347811e-11 
6.347811e-11 
6.347811e-11 
6.347811e-11 
4.501288e-11 
4.495959e-11 
4.453327e-11 
4.453327e-11 
4.206413e-11 
4.206413e-11 
4.206413e-11 
4.131806e-11 
3.613110e-11 
3.613110e-11 
3.435474e-11 
3.435474e-11 
3.435474e-11 
3.317346e-11 
2.546408e-11 
1.778133e-11 
1.778133e-11 
1.778133e-11 
1.778133e-11 
1.778133e-11 
1.275424e-11 
1.275424e-11 
1.179501e-11 
1.179501e-11 
1.179501e-11 
9.343637e-12 
8.064660e-12 
8.064660e-12 
8.064660e-12 
7.442935e-12 
7.158718e-12 
6.572520e-12 
6.572520e-12 
6.572520e-12 
6.572520e-12 
6.066259e-12 
4.716227e-12 
4.716227e-12 
4.716227e-12 
4.716227e-12 
4.138911e-12 
4.138911e-12 
4.138911e-12 
4.138911e-12 
4.138911e-12 
3.685940e-12 
3.685940e-12 
3.446132e-12 
3.064216e-12 
3.064216e-12 
3.064216e-12 
3.064216e-12 
2.122746e-12 
2.122746e-12 
2.007283e-12 
2.007283e-12 
2.007283e-12 
2.007283e-12 
1.634248e-12 
1.190159e-12 
1.190159e-12 
1.190159e-12 
1.190159e-12 
1.190159e-12 
8.704149e-13 
8.704149e-13 
8.704149e-13 
8.704149e-13 
8.704149e-13 
7.638334e-13 
7.638334e-13 
7.638334e-13 
7.638334e-13 
6.394885e-13 
5.240253e-13 
3.463896e-13 
3.463896e-13 
3.463896e-13 
3.463896e-13 
3.375078e-13 
3.375078e-13 
3.375078e-13 
3.375078e-13 
2.664535e-13 
2.664535e-13 
2.664535e-13 
2.575717e-13 
2.486900e-13 
2.486900e-13 
2.309264e-13 
1.687539e-13 
1.598721e-13 
1.598721e-13 
1.598721e-13 
1.598721e-13 
1.598721e-13 
1.332268e-13 
1.332268e-13 
1.332268e-13 
1.065814e-13 
9.769963e-14 
7.993606e-14 
7.993606e-14 
7.993606e-14 
7.993606e-14 
7.993606e-14 
7.105427e-14 
7.105427e-14 
7.105427e-14 
6.217249e-14 
6.217249e-14 
6.217249e-14 
5.329071e-14 
5.329071e-14 
4.440892e-14 
3.552714e-14 
2.664535e-14 
2.664535e-14 
2.664535e-14 
1.776357e-14 
1.776357e-14 
1.776357e-14 
1.776357e-14 
1.776357e-14 
1.776357e-14 
1.776357e-14 
8.881784e-15 
8.881784e-15 
8.881784e-15 
8.881784e-15 
8.881784e-15 
8.881784e-15 
8.881784e-15 
8.881784e-15 
8.881784e-15 
8.881784e-15 
8.881784e-15 
8.881784e-15 
8.881784e-15 
8.881784e-15 
8.881784e-15 
8.881784e-15 
8.881784e-15 
8.881784e-15 
8.881784e-15 
8.881784e-15 
8.881784e-15 
8.881784e-15 
7.391666e-24 
7.245558e-24 
7.245558e-24 
7.245558e-24 
4.764432e-24 
7.582769e-25 
7.582769e-25 
7.582769e-25 
1.309631e-25 
1.309631e-25 
1.539846e-24 
1.539846e-24 
1.539846e-24 
1.314737e-24 
