2.229673e+03 
1.359230e+03 
1.359230e+03 
1.359230e+03 
1.313080e+03 
5.786076e+02 
5.786076e+02 
5.786076e+02 
5.786076e+02 
5.786076e+02 
5.786076e+02 
5.786076e+02 
5.786076e+02 
5.786076e+02 
5.786076e+02 
5.786076e+02 
5.786076e+02 
5.786076e+02 
5.616944e+02 
5.616944e+02 
5.616944e+02 
5.616944e+02 
5.616944e+02 
5.616944e+02 
5.616944e+02 
5.616944e+02 
5.616944e+02 
5.616944e+02 
5.616944e+02 
5.616944e+02 
5.616944e+02 
5.033514e+02 
5.033514e+02 
5.033514e+02 
5.033514e+02 
5.033514e+02 
5.033514e+02 
5.033514e+02 
5.033514e+02 
5.033514e+02 
5.033514e+02 
5.033514e+02 
5.033514e+02 
5.033514e+02 
5.033514e+02 
5.033514e+02 
5.033514e+02 
5.033514e+02 
5.033514e+02 
5.033514e+02 
5.033514e+02 
5.033514e+02 
5.033514e+02 
5.033514e+02 
5.033514e+02 
5.033514e+02 
5.033514e+02 
5.033514e+02 
5.033514e+02 
5.033514e+02 
5.033514e+02 
5.033514e+02 
5.033514e+02 
5.033514e+02 
5.033514e+02 
5.033514e+02 
5.033514e+02 
5.033514e+02 
5.033514e+02 
5.033514e+02 
5.033514e+02 
5.033514e+02 
5.033514e+02 
5.033514e+02 
5.033514e+02 
4.986867e+02 
4.986867e+02 
4.986867e+02 
4.986867e+02 
4.986867e+02 
4.986867e+02 
4.986867e+02 
4.986867e+02 
4.986867e+02 
4.986867e+02 
4.986867e+02 
4.986867e+02 
4.986867e+02 
4.986867e+02 
4.986867e+02 
4.986867e+02 
4.986867e+02 
4.986867e+02 
4.986867e+02 
4.986867e+02 
4.986867e+02 
4.986867e+02 
4.986867e+02 
4.986867e+02 
4.986867e+02 
4.986867e+02 
4.986867e+02 
4.986867e+02 
4.573458e+02 
4.573458e+02 
4.573458e+02 
4.573458e+02 
4.573458e+02 
4.573458e+02 
4.573458e+02 
4.573458e+02 
4.573458e+02 
4.573458e+02 
4.573458e+02 
4.573458e+02 
4.573458e+02 
4.573458e+02 
4.573458e+02 
4.573458e+02 
4.573458e+02 
4.573458e+02 
4.573458e+02 
4.573458e+02 
4.573458e+02 
4.573458e+02 
4.573458e+02 
4.573458e+02 
4.573458e+02 
4.573458e+02 
4.573458e+02 
3.221517e+02 
3.221517e+02 
3.221517e+02 
3.221517e+02 
3.221517e+02 
3.221517e+02 
3.221517e+02 
3.221517e+02 
3.221517e+02 
3.221517e+02 
3.221517e+02 
3.221517e+02 
3.221517e+02 
3.221517e+02 
3.221517e+02 
3.221517e+02 
3.221517e+02 
3.221517e+02 
3.221517e+02 
3.221517e+02 
3.221517e+02 
3.221517e+02 
3.221517e+02 
3.221517e+02 
3.221517e+02 
3.221517e+02 
3.221517e+02 
3.221517e+02 
3.221517e+02 
3.221517e+02 
3.221517e+02 
3.221517e+02 
3.221517e+02 
3.221517e+02 
3.221517e+02 
3.221517e+02 
3.221517e+02 
3.221517e+02 
3.221517e+02 
3.221517e+02 
3.221517e+02 
3.221517e+02 
3.221517e+02 
3.221517e+02 
3.221517e+02 
3.221517e+02 
3.221517e+02 
3.221517e+02 
3.221517e+02 
3.221517e+02 
3.221517e+02 
3.100749e+02 
3.100749e+02 
2.741249e+02 
2.741249e+02 
2.741249e+02 
2.741249e+02 
2.741249e+02 
2.741249e+02 
2.741249e+02 
2.741249e+02 
2.741249e+02 
2.741249e+02 
2.741249e+02 
2.741249e+02 
2.741249e+02 
2.741249e+02 
2.741249e+02 
2.741249e+02 
2.741249e+02 
2.741249e+02 
2.741249e+02 
2.741249e+02 
2.741249e+02 
2.741249e+02 
2.741249e+02 
2.741249e+02 
2.741249e+02 
2.741249e+02 
2.741249e+02 
2.741249e+02 
2.741249e+02 
2.741249e+02 
2.741249e+02 
2.741249e+02 
2.741249e+02 
2.741249e+02 
2.741249e+02 
2.741249e+02 
2.741249e+02 
2.741249e+02 
2.741249e+02 
2.741249e+02 
2.741249e+02 
2.741249e+02 
2.741249e+02 
2.741249e+02 
2.741249e+02 
2.741249e+02 
2.741249e+02 
2.741249e+02 
2.741249e+02 
2.741249e+02 
2.741249e+02 
2.741249e+02 
2.741249e+02 
2.741249e+02 
2.741249e+02 
2.741249e+02 
2.741249e+02 
2.741249e+02 
2.741249e+02 
2.741249e+02 
2.741249e+02 
2.741249e+02 
2.741249e+02 
2.741249e+02 
2.741249e+02 
2.741249e+02 
2.741249e+02 
2.741249e+02 
2.741249e+02 
2.741249e+02 
2.741249e+02 
2.741249e+02 
2.741249e+02 
2.741249e+02 
2.741249e+02 
2.741249e+02 
2.741249e+02 
2.741249e+02 
2.741249e+02 
2.741249e+02 
2.741249e+02 
2.741249e+02 
2.741249e+02 
2.741249e+02 
2.741249e+02 
2.741249e+02 
2.741249e+02 
2.741249e+02 
2.741249e+02 
2.741249e+02 
2.741249e+02 
2.741249e+02 
2.741249e+02 
2.741249e+02 
2.741249e+02 
2.741249e+02 
2.741249e+02 
2.741249e+02 
2.741249e+02 
2.741249e+02 
2.741249e+02 
2.741249e+02 
2.741249e+02 
2.741249e+02 
2.741249e+02 
2.741249e+02 
2.741249e+02 
2.741249e+02 
2.741249e+02 
2.741249e+02 
2.741249e+02 
2.741249e+02 
2.741249e+02 
2.741249e+02 
2.741249e+02 
2.741249e+02 
2.741249e+02 
2.741249e+02 
2.741249e+02 
2.741249e+02 
2.741249e+02 
2.741249e+02 
2.741249e+02 
2.741249e+02 
2.741249e+02 
2.741249e+02 
2.741249e+02 
2.741249e+02 
2.741249e+02 
2.741249e+02 
2.741249e+02 
2.741249e+02 
2.741249e+02 
2.741249e+02 
2.741249e+02 
2.741249e+02 
2.741249e+02 
2.741249e+02 
2.741249e+02 
2.741249e+02 
2.741249e+02 
2.741249e+02 
2.741249e+02 
2.741249e+02 
2.741249e+02 
2.741249e+02 
2.741249e+02 
2.741249e+02 
2.741249e+02 
2.741249e+02 
2.741249e+02 
2.741249e+02 
2.741249e+02 
2.741249e+02 
2.741249e+02 
2.741249e+02 
2.741249e+02 
2.741249e+02 
2.741249e+02 
2.741249e+02 
2.741249e+02 
2.741249e+02 
2.741249e+02 
2.741249e+02 
2.741249e+02 
2.741249e+02 
2.741249e+02 
2.741249e+02 
2.741249e+02 
2.741249e+02 
2.741249e+02 
2.741249e+02 
2.741249e+02 
2.741249e+02 
2.741249e+02 
2.741249e+02 
2.741249e+02 
2.741249e+02 
2.741249e+02 
2.741249e+02 
2.741249e+02 
2.741249e+02 
2.741249e+02 
2.741249e+02 
2.741249e+02 
2.741249e+02 
2.741249e+02 
2.741249e+02 
2.741249e+02 
2.741249e+02 
2.741249e+02 
2.741249e+02 
2.741249e+02 
2.741249e+02 
2.741249e+02 
2.741249e+02 
2.741249e+02 
2.741249e+02 
2.741249e+02 
2.741249e+02 
2.741249e+02 
2.741249e+02 
2.741249e+02 
2.741249e+02 
2.741249e+02 
2.741249e+02 
2.741249e+02 
2.741249e+02 
2.741249e+02 
2.741249e+02 
2.741249e+02 
2.741249e+02 
2.741249e+02 
2.741249e+02 
2.741249e+02 
2.741249e+02 
2.741249e+02 
2.741249e+02 
2.741249e+02 
2.741249e+02 
2.741249e+02 
2.741249e+02 
2.741249e+02 
2.741249e+02 
2.741249e+02 
2.741249e+02 
2.741249e+02 
2.741249e+02 
2.741249e+02 
2.741249e+02 
2.741249e+02 
2.741249e+02 
2.741249e+02 
2.741249e+02 
2.741249e+02 
2.741249e+02 
2.741249e+02 
2.741249e+02 
2.741249e+02 
2.741249e+02 
2.741249e+02 
2.741249e+02 
2.741249e+02 
2.741249e+02 
2.741249e+02 
2.741249e+02 
2.741249e+02 
2.741249e+02 
2.741249e+02 
2.741249e+02 
2.741249e+02 
2.741249e+02 
2.741249e+02 
2.741249e+02 
2.741249e+02 
2.741249e+02 
2.741249e+02 
2.741249e+02 
2.741249e+02 
2.741249e+02 
2.741249e+02 
2.741249e+02 
2.741249e+02 
2.741249e+02 
2.741249e+02 
2.741249e+02 
2.741249e+02 
2.741249e+02 
2.741249e+02 
2.741249e+02 
2.741249e+02 
2.741249e+02 
2.741249e+02 
2.741249e+02 
2.741249e+02 
2.741249e+02 
2.741249e+02 
2.741249e+02 
2.741249e+02 
2.741249e+02 
2.741249e+02 
2.741249e+02 
2.741249e+02 
2.741249e+02 
2.741249e+02 
2.741249e+02 
2.741249e+02 
2.741249e+02 
2.741249e+02 
2.741249e+02 
2.741249e+02 
2.741249e+02 
2.741249e+02 
2.741249e+02 
2.741249e+02 
2.741249e+02 
2.741249e+02 
2.741249e+02 
2.741249e+02 
2.741249e+02 
2.741249e+02 
2.741249e+02 
2.741249e+02 
2.741249e+02 
2.741249e+02 
2.741249e+02 
2.741249e+02 
2.741249e+02 
2.741249e+02 
2.741249e+02 
2.741249e+02 
2.741249e+02 
2.741249e+02 
2.741249e+02 
2.741249e+02 
2.741249e+02 
2.741249e+02 
2.741249e+02 
2.741249e+02 
2.741249e+02 
2.741249e+02 
2.741249e+02 
2.741249e+02 
2.741249e+02 
2.741249e+02 
2.741249e+02 
2.741249e+02 
2.741249e+02 
2.741249e+02 
2.741249e+02 
2.741249e+02 
2.741249e+02 
2.741249e+02 
2.741249e+02 
2.741249e+02 
2.741249e+02 
2.741249e+02 
2.741249e+02 
2.741249e+02 
2.741249e+02 
2.741249e+02 
2.741249e+02 
2.741249e+02 
2.741249e+02 
2.741249e+02 
2.741249e+02 
2.741249e+02 
2.741249e+02 
2.741249e+02 
2.741249e+02 
2.741249e+02 
2.741249e+02 
2.741249e+02 
2.741249e+02 
2.741249e+02 
2.741249e+02 
2.741249e+02 
2.741249e+02 
2.741249e+02 
2.741249e+02 
2.741249e+02 
2.741249e+02 
2.741249e+02 
2.741249e+02 
2.741249e+02 
2.741249e+02 
2.741249e+02 
2.741249e+02 
2.741249e+02 
2.741249e+02 
2.741249e+02 
2.741249e+02 
2.741249e+02 
2.741249e+02 
2.741249e+02 
2.741249e+02 
2.741249e+02 
2.741249e+02 
2.741249e+02 
2.741249e+02 
2.741249e+02 
2.741249e+02 
2.741249e+02 
2.741249e+02 
2.741249e+02 
2.741249e+02 
2.741249e+02 
2.741249e+02 
2.741249e+02 
2.741249e+02 
2.741249e+02 
2.741249e+02 
2.741249e+02 
2.741249e+02 
2.741249e+02 
2.741249e+02 
2.741249e+02 
2.741249e+02 
2.741249e+02 
2.741249e+02 
2.741249e+02 
2.741249e+02 
2.741249e+02 
2.741249e+02 
2.741249e+02 
2.741249e+02 
2.741249e+02 
2.741249e+02 
2.741249e+02 
2.741249e+02 
2.741249e+02 
2.741249e+02 
2.741249e+02 
2.741249e+02 
2.741249e+02 
2.741249e+02 
2.741249e+02 
2.741249e+02 
2.741249e+02 
2.741249e+02 
2.741249e+02 
2.741249e+02 
2.741249e+02 
2.741249e+02 
2.741249e+02 
2.741249e+02 
2.741249e+02 
2.741249e+02 
2.741249e+02 
2.741249e+02 
2.741249e+02 
2.741249e+02 
2.741249e+02 
2.741249e+02 
2.741249e+02 
2.741249e+02 
2.741249e+02 
2.741249e+02 
2.741249e+02 
2.741249e+02 
2.741249e+02 
2.741249e+02 
2.741249e+02 
2.741249e+02 
2.741249e+02 
2.741249e+02 
2.741249e+02 
2.741249e+02 
2.741249e+02 
2.741249e+02 
2.741249e+02 
2.741249e+02 
2.741249e+02 
2.741249e+02 
2.741249e+02 
2.741249e+02 
2.741249e+02 
2.741249e+02 
2.741249e+02 
2.741249e+02 
2.741249e+02 
2.741249e+02 
2.741249e+02 
2.741249e+02 
2.741249e+02 
2.741249e+02 
2.741249e+02 
2.741249e+02 
2.741249e+02 
2.741249e+02 
2.741249e+02 
2.741249e+02 
2.741249e+02 
2.741249e+02 
2.741249e+02 
2.741249e+02 
2.741249e+02 
2.741249e+02 
2.741249e+02 
2.741249e+02 
2.741249e+02 
2.741249e+02 
2.741249e+02 
2.741249e+02 
2.741249e+02 
2.741249e+02 
2.741249e+02 
2.741249e+02 
2.741249e+02 
2.741249e+02 
2.741249e+02 
2.741249e+02 
2.741249e+02 
2.741249e+02 
2.741249e+02 
2.741249e+02 
2.741249e+02 
2.741249e+02 
2.741249e+02 
2.741249e+02 
2.741249e+02 
2.741249e+02 
2.741249e+02 
2.741249e+02 
2.741249e+02 
2.741249e+02 
2.741249e+02 
2.741249e+02 
2.741249e+02 
2.741249e+02 
2.741249e+02 
2.741249e+02 
2.741249e+02 
2.741249e+02 
2.741249e+02 
2.741249e+02 
2.741249e+02 
2.741249e+02 
2.741249e+02 
2.741249e+02 
2.741249e+02 
2.741249e+02 
2.741249e+02 
2.741249e+02 
2.741249e+02 
2.741249e+02 
2.741249e+02 
2.741249e+02 
2.741249e+02 
2.741249e+02 
2.741249e+02 
2.741249e+02 
2.741249e+02 
2.741249e+02 
2.741249e+02 
2.741249e+02 
2.741249e+02 
2.741249e+02 
2.741249e+02 
2.741249e+02 
2.741249e+02 
2.741249e+02 
2.741249e+02 
2.741249e+02 
2.741249e+02 
2.741249e+02 
2.741249e+02 
2.741249e+02 
2.741249e+02 
2.741249e+02 
2.741249e+02 
2.741249e+02 
2.741249e+02 
2.741249e+02 
2.741249e+02 
2.741249e+02 
2.741249e+02 
2.741249e+02 
2.741249e+02 
2.741249e+02 
2.741249e+02 
2.741249e+02 
2.741249e+02 
2.741249e+02 
2.741249e+02 
2.741249e+02 
2.741249e+02 
2.741249e+02 
2.741249e+02 
2.741249e+02 
2.741249e+02 
2.741249e+02 
2.741249e+02 
2.741249e+02 
2.741249e+02 
2.741249e+02 
2.741249e+02 
2.741249e+02 
2.741249e+02 
2.741249e+02 
2.741249e+02 
2.741249e+02 
2.741249e+02 
2.741249e+02 
2.741249e+02 
2.741249e+02 
2.741249e+02 
2.741249e+02 
2.741249e+02 
2.741249e+02 
2.741249e+02 
2.741249e+02 
2.741249e+02 
2.741249e+02 
2.741249e+02 
2.741249e+02 
2.741249e+02 
2.741249e+02 
2.741249e+02 
2.741249e+02 
2.741249e+02 
2.741249e+02 
2.741249e+02 
2.741249e+02 
2.741249e+02 
2.741249e+02 
2.741249e+02 
2.741249e+02 
2.741249e+02 
2.741249e+02 
2.741249e+02 
2.741249e+02 
2.741249e+02 
2.741249e+02 
2.741249e+02 
2.741249e+02 
2.741249e+02 
2.741249e+02 
2.741249e+02 
2.741249e+02 
2.741249e+02 
2.741249e+02 
2.741249e+02 
2.741249e+02 
2.741249e+02 
2.741249e+02 
2.741249e+02 
2.741249e+02 
2.741249e+02 
2.741249e+02 
2.741249e+02 
2.741249e+02 
2.741249e+02 
2.741249e+02 
2.741249e+02 
2.741249e+02 
2.741249e+02 
2.741249e+02 
2.741249e+02 
2.741249e+02 
2.741249e+02 
2.741249e+02 
2.741249e+02 
2.741249e+02 
2.741249e+02 
2.741249e+02 
2.741249e+02 
2.741249e+02 
2.741249e+02 
2.741249e+02 
2.741249e+02 
2.741249e+02 
2.741249e+02 
2.741249e+02 
2.741249e+02 
2.741249e+02 
2.741249e+02 
2.741249e+02 
2.741249e+02 
2.741249e+02 
2.741249e+02 
2.741249e+02 
2.741249e+02 
2.741249e+02 
2.741249e+02 
2.741249e+02 
2.741249e+02 
2.741249e+02 
2.741249e+02 
2.741249e+02 
2.741249e+02 
2.741249e+02 
2.741249e+02 
2.741249e+02 
2.741249e+02 
2.741249e+02 
2.741249e+02 
2.741249e+02 
2.741249e+02 
2.741249e+02 
2.741249e+02 
2.741249e+02 
2.741249e+02 
2.741249e+02 
2.741249e+02 
2.741249e+02 
2.741249e+02 
2.741249e+02 
2.741249e+02 
2.741249e+02 
2.741249e+02 
2.741249e+02 
2.741249e+02 
2.741249e+02 
2.741249e+02 
2.741249e+02 
2.741249e+02 
2.741249e+02 
2.741249e+02 
2.741249e+02 
2.741249e+02 
2.741249e+02 
2.741249e+02 
2.741249e+02 
2.741249e+02 
2.741249e+02 
2.741249e+02 
2.741249e+02 
2.741249e+02 
2.741249e+02 
2.741249e+02 
2.741249e+02 
2.741249e+02 
2.741249e+02 
2.741249e+02 
2.741249e+02 
2.741249e+02 
2.741249e+02 
2.741249e+02 
2.741249e+02 
2.741249e+02 
2.741249e+02 
2.741249e+02 
2.741249e+02 
2.741249e+02 
2.741249e+02 
2.741249e+02 
2.741249e+02 
2.741249e+02 
2.741249e+02 
2.741249e+02 
2.741249e+02 
2.741249e+02 
2.741249e+02 
2.741249e+02 
2.741249e+02 
2.741249e+02 
2.741249e+02 
2.741249e+02 
2.741249e+02 
2.741249e+02 
2.741249e+02 
2.741249e+02 
2.741249e+02 
2.741249e+02 
2.741249e+02 
2.741249e+02 
2.741249e+02 
2.741249e+02 
2.741249e+02 
2.741249e+02 
2.741249e+02 
2.741249e+02 
2.741249e+02 
2.741249e+02 
2.741249e+02 
2.741249e+02 
2.741249e+02 
2.741249e+02 
2.741249e+02 
2.741249e+02 
2.741249e+02 
2.741249e+02 
2.741249e+02 
2.741249e+02 
2.741249e+02 
2.741249e+02 
2.741249e+02 
2.741249e+02 
2.741249e+02 
2.741249e+02 
2.741249e+02 
2.741249e+02 
2.741249e+02 
2.741249e+02 
2.741249e+02 
2.741249e+02 
2.741249e+02 
2.741249e+02 
2.741249e+02 
2.741249e+02 
2.741249e+02 
2.741249e+02 
2.741249e+02 
2.741249e+02 
2.741249e+02 
2.741249e+02 
2.741249e+02 
2.741249e+02 
2.741249e+02 
2.741249e+02 
2.741249e+02 
2.741249e+02 
2.741249e+02 
2.741249e+02 
2.741249e+02 
2.741249e+02 
2.741249e+02 
2.741249e+02 
2.741249e+02 
2.741249e+02 
2.741249e+02 
2.741249e+02 
2.741249e+02 
2.741249e+02 
2.741249e+02 
2.741249e+02 
2.741249e+02 
2.741249e+02 
2.741249e+02 
2.741249e+02 
2.741249e+02 
2.741249e+02 
2.741249e+02 
2.741249e+02 
2.741249e+02 
2.741249e+02 
2.741249e+02 
2.741249e+02 
2.741249e+02 
2.741249e+02 
2.741249e+02 
2.741249e+02 
2.741249e+02 
2.741249e+02 
2.741249e+02 
2.741249e+02 
2.741249e+02 
2.741249e+02 
2.741249e+02 
2.741249e+02 
2.741249e+02 
2.741249e+02 
2.741249e+02 
2.741249e+02 
2.741249e+02 
2.741249e+02 
2.741249e+02 
2.741249e+02 
2.741249e+02 
2.741249e+02 
2.741249e+02 
2.741249e+02 
2.741249e+02 
2.741249e+02 
2.741249e+02 
2.741249e+02 
2.741249e+02 
2.741249e+02 
2.741249e+02 
2.741249e+02 
2.741249e+02 
2.741249e+02 
2.741249e+02 
2.741249e+02 
2.741249e+02 
2.741249e+02 
2.741249e+02 
2.741249e+02 
2.741249e+02 
2.741249e+02 
2.741249e+02 
2.741249e+02 
2.741249e+02 
2.741249e+02 
2.741249e+02 
2.741249e+02 
2.741249e+02 
2.741249e+02 
2.741249e+02 
2.741249e+02 
2.741249e+02 
2.741249e+02 
2.741249e+02 
2.741249e+02 
2.741249e+02 
2.741249e+02 
2.741249e+02 
2.741249e+02 
2.741249e+02 
2.741249e+02 
2.741249e+02 
2.741249e+02 
2.741249e+02 
2.741249e+02 
2.741249e+02 
2.741249e+02 
2.741249e+02 
2.741249e+02 
2.741249e+02 
2.741249e+02 
2.741249e+02 
2.741249e+02 
2.741249e+02 
2.741249e+02 
2.741249e+02 
2.741249e+02 
2.741249e+02 
2.741249e+02 
2.741249e+02 
2.741249e+02 
2.741249e+02 
2.741249e+02 
2.741249e+02 
2.741249e+02 
2.741249e+02 
2.741249e+02 
2.741249e+02 
2.437372e+02 
2.437372e+02 
2.437372e+02 
2.437372e+02 
2.437372e+02 
2.437372e+02 
2.437372e+02 
2.437372e+02 
2.437372e+02 
2.437372e+02 
2.437372e+02 
2.437372e+02 
2.437372e+02 
2.437372e+02 
2.437372e+02 
2.437372e+02 
2.437372e+02 
2.437372e+02 
2.437372e+02 
2.437372e+02 
2.437372e+02 
2.437372e+02 
2.437372e+02 
2.437372e+02 
2.437372e+02 
2.437372e+02 
2.437372e+02 
2.437372e+02 
2.437372e+02 
2.437372e+02 
2.437372e+02 
2.437372e+02 
2.437372e+02 
2.437372e+02 
2.437372e+02 
2.437372e+02 
2.437372e+02 
2.437372e+02 
2.437372e+02 
2.437372e+02 
2.437372e+02 
2.437372e+02 
2.437372e+02 
2.437372e+02 
2.437372e+02 
2.437372e+02 
2.437372e+02 
2.437372e+02 
2.437372e+02 
2.437372e+02 
2.437372e+02 
2.437372e+02 
2.437372e+02 
2.437372e+02 
2.437372e+02 
2.437372e+02 
2.437372e+02 
2.437372e+02 
2.437372e+02 
2.437372e+02 
2.437372e+02 
2.437372e+02 
2.437372e+02 
2.437372e+02 
2.437372e+02 
2.437372e+02 
2.437372e+02 
2.437372e+02 
2.437372e+02 
2.437372e+02 
2.437372e+02 
2.437372e+02 
2.437372e+02 
2.437372e+02 
2.437372e+02 
2.437372e+02 
2.437372e+02 
2.437372e+02 
2.437372e+02 
2.437372e+02 
2.437372e+02 
2.437372e+02 
2.437372e+02 
2.437372e+02 
2.437372e+02 
2.437372e+02 
2.437372e+02 
2.437372e+02 
2.437372e+02 
2.437372e+02 
2.437372e+02 
2.437372e+02 
2.437372e+02 
2.437372e+02 
2.437372e+02 
2.437372e+02 
2.437372e+02 
2.437372e+02 
2.437372e+02 
2.437372e+02 
2.437372e+02 
2.437372e+02 
2.437372e+02 
2.437372e+02 
2.437372e+02 
2.437372e+02 
2.437372e+02 
2.437372e+02 
2.437372e+02 
2.437372e+02 
2.437372e+02 
2.437372e+02 
2.437372e+02 
2.437372e+02 
2.437372e+02 
2.437372e+02 
2.437372e+02 
2.437372e+02 
2.437372e+02 
2.437372e+02 
2.437372e+02 
2.437372e+02 
2.437372e+02 
2.437372e+02 
2.437372e+02 
2.437372e+02 
2.437372e+02 
2.437372e+02 
2.437372e+02 
2.437372e+02 
2.437372e+02 
2.437372e+02 
2.437372e+02 
2.437372e+02 
2.437372e+02 
2.437372e+02 
2.437372e+02 
2.437372e+02 
2.437372e+02 
2.437372e+02 
2.437372e+02 
2.437372e+02 
2.437372e+02 
2.437372e+02 
2.437372e+02 
2.437372e+02 
2.437372e+02 
2.437372e+02 
2.437372e+02 
2.437372e+02 
2.437372e+02 
2.437372e+02 
2.437372e+02 
2.437372e+02 
2.437372e+02 
2.437372e+02 
2.437372e+02 
2.437372e+02 
2.437372e+02 
2.437372e+02 
2.437372e+02 
2.437372e+02 
2.437372e+02 
2.437372e+02 
2.437372e+02 
2.437372e+02 
2.437372e+02 
2.437372e+02 
2.437372e+02 
2.437372e+02 
2.437372e+02 
2.437372e+02 
2.437372e+02 
2.437372e+02 
2.437372e+02 
2.437372e+02 
2.437372e+02 
2.437372e+02 
2.437372e+02 
2.437372e+02 
2.437372e+02 
2.437372e+02 
2.437372e+02 
2.437372e+02 
2.437372e+02 
2.437372e+02 
2.437372e+02 
2.437372e+02 
2.437372e+02 
2.437372e+02 
2.437372e+02 
2.437372e+02 
2.437372e+02 
2.437372e+02 
2.437372e+02 
2.437372e+02 
2.437372e+02 
2.437372e+02 
2.059295e+02 
2.059295e+02 
2.059295e+02 
2.059295e+02 
2.059295e+02 
2.059295e+02 
1.996196e+02 
1.996196e+02 
1.996196e+02 
1.996196e+02 
1.996196e+02 
1.996196e+02 
1.996196e+02 
1.996196e+02 
1.996196e+02 
1.996196e+02 
1.996196e+02 
1.996196e+02 
1.996196e+02 
1.996196e+02 
1.996196e+02 
1.996196e+02 
1.996196e+02 
1.996196e+02 
1.996196e+02 
1.996196e+02 
1.996196e+02 
1.996196e+02 
1.996196e+02 
1.996196e+02 
1.996196e+02 
1.996196e+02 
1.996196e+02 
1.996196e+02 
1.996196e+02 
1.996196e+02 
1.996196e+02 
1.996196e+02 
1.996196e+02 
1.996196e+02 
1.996196e+02 
1.996196e+02 
1.996196e+02 
1.996196e+02 
1.996196e+02 
1.996196e+02 
1.996196e+02 
1.996196e+02 
1.996196e+02 
1.996196e+02 
1.996196e+02 
1.996196e+02 
1.996196e+02 
1.996196e+02 
1.996196e+02 
1.996196e+02 
1.996196e+02 
1.996196e+02 
1.996196e+02 
1.996196e+02 
1.996196e+02 
1.996196e+02 
1.996196e+02 
1.996196e+02 
1.996196e+02 
1.996196e+02 
1.996196e+02 
1.996196e+02 
1.996196e+02 
1.996196e+02 
1.996196e+02 
1.996196e+02 
1.996196e+02 
1.996196e+02 
1.996196e+02 
1.996196e+02 
1.996196e+02 
1.996196e+02 
1.996196e+02 
1.996196e+02 
1.996196e+02 
1.996196e+02 
1.996196e+02 
1.996196e+02 
1.996196e+02 
1.996196e+02 
1.996196e+02 
1.996196e+02 
1.996196e+02 
1.996196e+02 
1.996196e+02 
1.996196e+02 
1.996196e+02 
1.996196e+02 
1.996196e+02 
1.996196e+02 
1.996196e+02 
1.996196e+02 
1.996196e+02 
1.996196e+02 
1.996196e+02 
1.996196e+02 
1.996196e+02 
1.996196e+02 
1.996196e+02 
1.996196e+02 
1.996196e+02 
1.996196e+02 
1.996196e+02 
1.996196e+02 
1.996196e+02 
1.996196e+02 
1.996196e+02 
1.996196e+02 
1.996196e+02 
1.996196e+02 
1.996196e+02 
1.996196e+02 
1.996196e+02 
1.996196e+02 
1.996196e+02 
1.996196e+02 
1.996196e+02 
1.996196e+02 
1.996196e+02 
1.996196e+02 
1.996196e+02 
1.996196e+02 
1.996196e+02 
1.996196e+02 
1.996196e+02 
1.996196e+02 
1.996196e+02 
1.996196e+02 
1.996196e+02 
1.996196e+02 
1.996196e+02 
1.996196e+02 
1.996196e+02 
1.996196e+02 
1.996196e+02 
1.996196e+02 
1.996196e+02 
1.996196e+02 
1.996196e+02 
1.996196e+02 
1.996196e+02 
1.996196e+02 
1.996196e+02 
1.996196e+02 
1.996196e+02 
1.996196e+02 
1.996196e+02 
1.996196e+02 
1.996196e+02 
1.996196e+02 
1.996196e+02 
1.996196e+02 
1.996196e+02 
1.996196e+02 
1.996196e+02 
1.996196e+02 
1.996196e+02 
1.996196e+02 
1.996196e+02 
1.996196e+02 
1.996196e+02 
1.996196e+02 
1.996196e+02 
1.996196e+02 
1.996196e+02 
1.996196e+02 
1.996196e+02 
1.996196e+02 
1.996196e+02 
1.996196e+02 
1.996196e+02 
1.996196e+02 
1.996196e+02 
1.996196e+02 
1.996196e+02 
1.996196e+02 
1.996196e+02 
1.996196e+02 
1.996196e+02 
1.996196e+02 
1.996196e+02 
1.996196e+02 
1.996196e+02 
1.996196e+02 
1.996196e+02 
1.996196e+02 
1.996196e+02 
1.996196e+02 
1.996196e+02 
1.996196e+02 
1.996196e+02 
1.996196e+02 
1.996196e+02 
1.996196e+02 
1.996196e+02 
1.996196e+02 
1.996196e+02 
1.996196e+02 
1.996196e+02 
1.996196e+02 
1.996196e+02 
1.996196e+02 
1.996196e+02 
1.996196e+02 
1.996196e+02 
1.996196e+02 
1.996196e+02 
1.996196e+02 
1.996196e+02 
1.996196e+02 
1.996196e+02 
1.996196e+02 
1.996196e+02 
1.996196e+02 
1.996196e+02 
1.996196e+02 
1.996196e+02 
1.996196e+02 
1.996196e+02 
1.996196e+02 
1.996196e+02 
1.996196e+02 
1.996196e+02 
1.996196e+02 
1.996196e+02 
1.996196e+02 
1.996196e+02 
1.996196e+02 
1.928779e+02 
1.928779e+02 
1.928779e+02 
1.928779e+02 
1.928779e+02 
1.928779e+02 
1.928779e+02 
1.928779e+02 
1.928779e+02 
1.928779e+02 
1.928779e+02 
1.928779e+02 
1.928779e+02 
1.928779e+02 
1.928779e+02 
1.928779e+02 
1.928779e+02 
1.928779e+02 
1.928779e+02 
1.928779e+02 
1.928779e+02 
1.928779e+02 
1.928779e+02 
1.928779e+02 
1.928779e+02 
1.928779e+02 
1.928779e+02 
1.928779e+02 
1.928779e+02 
1.928779e+02 
1.928779e+02 
1.928779e+02 
1.928779e+02 
1.928779e+02 
1.928779e+02 
1.928779e+02 
1.928779e+02 
1.928779e+02 
1.928779e+02 
1.928779e+02 
1.928779e+02 
1.928779e+02 
1.928779e+02 
1.928779e+02 
1.928779e+02 
1.928779e+02 
1.928779e+02 
1.928779e+02 
1.928779e+02 
1.928779e+02 
1.928779e+02 
1.928779e+02 
1.928779e+02 
1.928779e+02 
1.928779e+02 
1.928779e+02 
1.928779e+02 
1.928779e+02 
1.928779e+02 
1.928779e+02 
1.928779e+02 
1.928779e+02 
1.928779e+02 
1.928779e+02 
1.928779e+02 
1.928779e+02 
1.928779e+02 
1.928779e+02 
1.928779e+02 
1.928779e+02 
1.928779e+02 
1.928779e+02 
1.928779e+02 
1.928779e+02 
1.928779e+02 
1.928779e+02 
1.928779e+02 
1.928779e+02 
1.928779e+02 
1.928779e+02 
1.928779e+02 
1.928779e+02 
1.928779e+02 
1.928779e+02 
1.928779e+02 
1.928779e+02 
1.928779e+02 
1.928779e+02 
1.928779e+02 
1.928779e+02 
1.928779e+02 
1.928779e+02 
1.928779e+02 
1.928779e+02 
1.928779e+02 
1.928779e+02 
1.928779e+02 
1.928779e+02 
1.928779e+02 
1.928779e+02 
1.928779e+02 
1.928779e+02 
1.928779e+02 
1.928779e+02 
1.928779e+02 
1.928779e+02 
1.928779e+02 
1.928779e+02 
1.928779e+02 
1.928779e+02 
1.928779e+02 
1.928779e+02 
1.928779e+02 
1.783359e+02 
1.783359e+02 
1.783359e+02 
1.783359e+02 
1.783359e+02 
1.783359e+02 
1.783359e+02 
1.783359e+02 
1.783359e+02 
1.783359e+02 
1.783359e+02 
1.783359e+02 
1.783359e+02 
1.783359e+02 
1.783359e+02 
1.783359e+02 
1.783359e+02 
1.783359e+02 
1.783359e+02 
1.783359e+02 
1.783359e+02 
1.783359e+02 
1.783359e+02 
1.783359e+02 
1.783359e+02 
1.783359e+02 
1.783359e+02 
1.783359e+02 
1.783359e+02 
1.783359e+02 
1.783359e+02 
1.510171e+02 
1.510171e+02 
1.510171e+02 
1.510171e+02 
1.510171e+02 
1.510171e+02 
1.510171e+02 
1.488321e+02 
1.488321e+02 
1.488321e+02 
1.488321e+02 
1.478596e+02 
1.478596e+02 
1.478596e+02 
1.478596e+02 
1.478596e+02 
1.478596e+02 
1.478596e+02 
1.478596e+02 
1.478596e+02 
1.478596e+02 
1.478596e+02 
1.478596e+02 
1.478596e+02 
1.478596e+02 
1.478596e+02 
1.478596e+02 
1.478596e+02 
1.478596e+02 
1.478596e+02 
1.478596e+02 
1.478596e+02 
1.478596e+02 
1.478596e+02 
1.478596e+02 
1.478596e+02 
1.478596e+02 
1.478596e+02 
1.478596e+02 
1.478596e+02 
1.478596e+02 
1.478596e+02 
1.478596e+02 
1.478596e+02 
1.478596e+02 
1.478596e+02 
1.478596e+02 
1.478596e+02 
1.478596e+02 
1.478596e+02 
1.478596e+02 
1.478596e+02 
1.478596e+02 
1.478596e+02 
1.478596e+02 
1.478596e+02 
1.478596e+02 
1.478596e+02 
1.478596e+02 
1.478596e+02 
1.478596e+02 
1.478596e+02 
1.478596e+02 
1.478596e+02 
1.478596e+02 
1.478596e+02 
1.478596e+02 
1.478596e+02 
1.478596e+02 
1.478596e+02 
1.478596e+02 
1.478596e+02 
1.478596e+02 
1.478596e+02 
1.478596e+02 
1.478596e+02 
1.478596e+02 
1.478596e+02 
1.478596e+02 
1.478596e+02 
1.478596e+02 
1.478596e+02 
1.478596e+02 
1.478596e+02 
1.478596e+02 
1.478596e+02 
1.478596e+02 
1.478596e+02 
1.478596e+02 
1.478596e+02 
1.478596e+02 
1.478596e+02 
1.478596e+02 
1.478596e+02 
1.478596e+02 
1.478596e+02 
1.478596e+02 
1.478596e+02 
1.478596e+02 
1.478596e+02 
1.478596e+02 
1.478596e+02 
1.478596e+02 
1.478596e+02 
1.478596e+02 
1.478596e+02 
1.478596e+02 
1.478596e+02 
1.478596e+02 
1.478596e+02 
1.478596e+02 
1.478596e+02 
1.478596e+02 
1.478596e+02 
1.478596e+02 
1.478596e+02 
1.478596e+02 
1.478596e+02 
1.478596e+02 
1.478596e+02 
1.473615e+02 
1.473615e+02 
1.473615e+02 
1.473615e+02 
1.473615e+02 
1.473615e+02 
1.473615e+02 
1.473615e+02 
1.473615e+02 
1.473615e+02 
1.473615e+02 
1.473615e+02 
1.473615e+02 
1.473615e+02 
1.473615e+02 
1.473615e+02 
1.473615e+02 
1.471254e+02 
1.471254e+02 
1.471254e+02 
1.471254e+02 
1.471254e+02 
1.471254e+02 
1.471254e+02 
1.471254e+02 
1.471254e+02 
1.471254e+02 
1.471254e+02 
1.471254e+02 
1.471254e+02 
1.471254e+02 
1.471254e+02 
1.471254e+02 
1.471254e+02 
1.471254e+02 
1.470849e+02 
1.470849e+02 
1.470849e+02 
1.470849e+02 
1.470849e+02 
1.470849e+02 
1.470849e+02 
1.464105e+02 
1.464105e+02 
1.464105e+02 
1.464105e+02 
1.464105e+02 
1.464105e+02 
1.464105e+02 
1.464105e+02 
1.464105e+02 
1.464105e+02 
1.464105e+02 
1.464105e+02 
1.464105e+02 
1.464105e+02 
1.464105e+02 
1.464105e+02 
1.464105e+02 
1.464105e+02 
1.464105e+02 
1.464105e+02 
1.464105e+02 
1.464105e+02 
1.464105e+02 
1.464105e+02 
1.464105e+02 
1.464105e+02 
1.464105e+02 
1.464105e+02 
1.464105e+02 
1.464105e+02 
1.464105e+02 
1.464105e+02 
1.464105e+02 
1.464105e+02 
1.464105e+02 
1.464105e+02 
1.464105e+02 
1.464105e+02 
1.464105e+02 
1.464105e+02 
1.464105e+02 
1.464105e+02 
1.464105e+02 
1.464105e+02 
1.464105e+02 
1.464105e+02 
1.464105e+02 
1.464105e+02 
1.464105e+02 
1.464105e+02 
1.458622e+02 
1.457478e+02 
1.457478e+02 
1.457478e+02 
1.456473e+02 
1.455520e+02 
1.455520e+02 
1.455520e+02 
1.455520e+02 
1.455520e+02 
1.455436e+02 
1.455436e+02 
1.455436e+02 
1.455436e+02 
1.455280e+02 
1.455061e+02 
1.454972e+02 
1.454957e+02 
1.454957e+02 
1.454879e+02 
1.454846e+02 
1.454846e+02 
1.454846e+02 
1.454837e+02 
1.454831e+02 
1.454831e+02 
1.454831e+02 
1.454822e+02 
1.454822e+02 
1.454822e+02 
1.454822e+02 
1.454814e+02 
1.454806e+02 
1.454799e+02 
1.454793e+02 
1.454789e+02 
1.454786e+02 
1.454783e+02 
1.454781e+02 
1.454779e+02 
1.454777e+02 
1.454776e+02 
1.454775e+02 
1.454774e+02 
1.454774e+02 
1.454773e+02 
1.454773e+02 
1.454773e+02 
1.454772e+02 
1.454772e+02 
1.454772e+02 
1.454772e+02 
1.454772e+02 
1.454772e+02 
1.454772e+02 
1.454772e+02 
1.454772e+02 
1.454772e+02 
1.454772e+02 
1.454772e+02 
1.454771e+02 
1.454771e+02 
1.454771e+02 
1.454771e+02 
1.454771e+02 
1.454771e+02 
1.454771e+02 
1.454771e+02 
1.454771e+02 
1.454771e+02 
1.454771e+02 
1.454771e+02 
1.454771e+02 
1.454771e+02 
1.454771e+02 
1.454771e+02 
1.454771e+02 
1.454771e+02 
1.454771e+02 
1.454771e+02 
1.454771e+02 
1.454771e+02 
1.454771e+02 
1.454771e+02 
1.454771e+02 
1.454771e+02 
1.454771e+02 
1.454771e+02 
1.454771e+02 
1.454771e+02 
1.454771e+02 
1.454771e+02 
1.454771e+02 
1.454771e+02 
1.454771e+02 
1.454771e+02 
1.454771e+02 
1.454771e+02 
1.454771e+02 
1.454771e+02 
1.454771e+02 
1.454771e+02 
1.454771e+02 
1.454771e+02 
1.454771e+02 
1.454771e+02 
1.454771e+02 
1.454771e+02 
1.454771e+02 
1.454771e+02 
1.454771e+02 
1.454771e+02 
8.300593e+01 
8.300593e+01 
8.300593e+01 
6.663686e+01 
6.663686e+01 
6.663686e+01 
6.663686e+01 
6.663686e+01 
6.663686e+01 
6.663686e+01 
6.663686e+01 
6.663686e+01 
6.663686e+01 
6.663686e+01 
6.663686e+01 
6.663686e+01 
6.663686e+01 
6.663686e+01 
6.663686e+01 
6.663686e+01 
6.663686e+01 
6.663686e+01 
6.663686e+01 
6.663686e+01 
6.663686e+01 
6.663686e+01 
6.663686e+01 
6.663686e+01 
6.663686e+01 
6.663686e+01 
6.663686e+01 
6.663686e+01 
6.663686e+01 
6.663686e+01 
6.663686e+01 
6.663686e+01 
6.663686e+01 
6.663686e+01 
6.663686e+01 
6.663686e+01 
6.663686e+01 
6.663686e+01 
6.663686e+01 
6.663686e+01 
6.663686e+01 
6.663686e+01 
6.663686e+01 
6.663686e+01 
6.663686e+01 
6.663686e+01 
6.663686e+01 
6.663686e+01 
6.663686e+01 
6.663686e+01 
6.663686e+01 
6.663686e+01 
6.663686e+01 
6.663686e+01 
6.663686e+01 
6.663686e+01 
6.663686e+01 
6.663686e+01 
6.663686e+01 
6.663686e+01 
6.663686e+01 
6.663686e+01 
6.663686e+01 
6.663686e+01 
6.663686e+01 
6.663686e+01 
6.663686e+01 
6.663686e+01 
6.663686e+01 
6.663686e+01 
6.663686e+01 
6.663686e+01 
6.069566e+01 
6.069566e+01 
5.296143e+01 
5.296143e+01 
5.296143e+01 
5.296143e+01 
5.296143e+01 
5.296143e+01 
5.296143e+01 
5.296143e+01 
5.296143e+01 
5.296143e+01 
5.296143e+01 
5.296143e+01 
5.296143e+01 
5.296143e+01 
5.296143e+01 
5.296143e+01 
5.296143e+01 
5.296143e+01 
5.296143e+01 
5.296143e+01 
5.296143e+01 
5.296143e+01 
5.296143e+01 
5.296143e+01 
5.296143e+01 
5.296143e+01 
5.296143e+01 
5.296143e+01 
5.296143e+01 
5.296143e+01 
5.296143e+01 
5.296143e+01 
5.296143e+01 
5.296143e+01 
5.296143e+01 
5.296143e+01 
5.296143e+01 
5.296143e+01 
5.296143e+01 
5.296143e+01 
5.296143e+01 
5.296143e+01 
5.296143e+01 
5.296143e+01 
5.296143e+01 
5.296143e+01 
5.296143e+01 
5.296143e+01 
5.296143e+01 
5.296143e+01 
5.296143e+01 
5.296143e+01 
5.296143e+01 
5.296143e+01 
5.296143e+01 
5.296143e+01 
5.296143e+01 
5.296143e+01 
5.296143e+01 
5.296143e+01 
5.296143e+01 
5.296143e+01 
5.296143e+01 
5.296143e+01 
5.296143e+01 
5.296143e+01 
5.296143e+01 
5.296143e+01 
5.296143e+01 
5.296143e+01 
5.296143e+01 
5.296143e+01 
5.296143e+01 
5.296143e+01 
5.296143e+01 
5.296143e+01 
5.296143e+01 
5.296143e+01 
5.296143e+01 
5.296143e+01 
5.296143e+01 
5.296143e+01 
5.296143e+01 
5.296143e+01 
5.296143e+01 
5.296143e+01 
5.296143e+01 
5.296143e+01 
5.296143e+01 
5.296143e+01 
5.296143e+01 
5.296143e+01 
5.296143e+01 
5.296143e+01 
5.296143e+01 
5.296143e+01 
5.296143e+01 
5.296143e+01 
5.296143e+01 
5.296143e+01 
5.296143e+01 
5.296143e+01 
5.296143e+01 
5.296143e+01 
5.296143e+01 
5.296143e+01 
5.296143e+01 
5.296143e+01 
5.296143e+01 
5.296143e+01 
5.296143e+01 
5.296143e+01 
5.296143e+01 
5.296143e+01 
5.296143e+01 
5.296143e+01 
5.296143e+01 
5.296143e+01 
5.296143e+01 
5.296143e+01 
5.296143e+01 
5.296143e+01 
5.296143e+01 
5.296143e+01 
5.296143e+01 
5.296143e+01 
5.296143e+01 
5.296143e+01 
5.296143e+01 
5.296143e+01 
5.296143e+01 
5.296143e+01 
5.296143e+01 
5.296143e+01 
5.296143e+01 
5.296143e+01 
5.296143e+01 
5.296143e+01 
5.296143e+01 
5.296143e+01 
5.296143e+01 
5.296143e+01 
5.296143e+01 
5.296143e+01 
5.296143e+01 
5.296143e+01 
5.296143e+01 
5.296143e+01 
5.296143e+01 
5.296143e+01 
5.296143e+01 
5.296143e+01 
5.296143e+01 
5.296143e+01 
5.296143e+01 
5.296143e+01 
5.296143e+01 
5.296143e+01 
5.296143e+01 
5.296143e+01 
5.296143e+01 
5.296143e+01 
5.296143e+01 
5.296143e+01 
5.296143e+01 
5.296143e+01 
5.296143e+01 
5.296143e+01 
5.296143e+01 
5.296143e+01 
5.296143e+01 
5.296143e+01 
5.296143e+01 
3.852021e+01 
2.585482e+01 
2.585482e+01 
2.585482e+01 
2.585482e+01 
2.585482e+01 
2.585482e+01 
2.585482e+01 
2.585482e+01 
2.585482e+01 
2.585482e+01 
2.585482e+01 
2.585482e+01 
2.585482e+01 
2.585482e+01 
2.585482e+01 
2.585482e+01 
2.585482e+01 
2.585482e+01 
2.585482e+01 
2.585482e+01 
2.585482e+01 
2.585482e+01 
2.200046e+01 
2.200046e+01 
2.200046e+01 
2.200046e+01 
2.200046e+01 
2.200046e+01 
2.200046e+01 
2.200046e+01 
2.200046e+01 
2.200046e+01 
2.200046e+01 
2.200046e+01 
2.200046e+01 
2.200046e+01 
2.200046e+01 
2.200046e+01 
2.200046e+01 
2.200046e+01 
2.200046e+01 
2.200046e+01 
2.200046e+01 
2.200046e+01 
2.200046e+01 
2.136387e+01 
2.136387e+01 
2.136387e+01 
2.136387e+01 
2.136387e+01 
2.136387e+01 
2.136387e+01 
2.136387e+01 
2.019657e+01 
1.987597e+01 
1.987597e+01 
1.923635e+01 
1.923635e+01 
1.923635e+01 
1.923635e+01 
1.916485e+01 
1.916485e+01 
1.916485e+01 
1.903397e+01 
1.903397e+01 
1.903397e+01 
1.903397e+01 
1.899997e+01 
1.899997e+01 
1.899997e+01 
1.893098e+01 
1.893098e+01 
1.893098e+01 
1.893098e+01 
1.893098e+01 
1.893098e+01 
1.893098e+01 
1.889128e+01 
1.889128e+01 
1.889128e+01 
1.889128e+01 
1.889128e+01 
1.889128e+01 
1.889128e+01 
1.889128e+01 
1.889128e+01 
1.889128e+01 
1.889128e+01 
1.889128e+01 
1.889128e+01 
1.889128e+01 
1.889128e+01 
1.889128e+01 
1.889128e+01 
1.889128e+01 
1.889128e+01 
1.889128e+01 
1.889128e+01 
1.889128e+01 
1.889128e+01 
1.889128e+01 
1.889128e+01 
1.889128e+01 
1.889128e+01 
1.889128e+01 
1.889128e+01 
1.889128e+01 
1.889128e+01 
1.889128e+01 
1.889128e+01 
1.889128e+01 
1.889128e+01 
1.889128e+01 
1.889128e+01 
1.889128e+01 
1.889128e+01 
1.889128e+01 
1.889128e+01 
1.889128e+01 
1.889128e+01 
1.889128e+01 
1.889128e+01 
1.889128e+01 
1.889128e+01 
1.889128e+01 
1.889128e+01 
1.889128e+01 
1.889128e+01 
1.889128e+01 
1.889128e+01 
1.889128e+01 
1.889128e+01 
1.889128e+01 
1.889128e+01 
1.889128e+01 
1.889128e+01 
1.889128e+01 
1.889128e+01 
1.889128e+01 
1.889128e+01 
1.889128e+01 
1.889128e+01 
1.889128e+01 
1.889128e+01 
1.889128e+01 
1.889128e+01 
1.889128e+01 
1.889128e+01 
1.889128e+01 
1.889128e+01 
1.889128e+01 
1.889128e+01 
1.889128e+01 
1.889128e+01 
1.889128e+01 
1.889128e+01 
1.889128e+01 
1.889128e+01 
1.889128e+01 
1.889128e+01 
1.889128e+01 
1.889128e+01 
1.889128e+01 
1.889128e+01 
1.889128e+01 
1.889128e+01 
1.889128e+01 
1.889128e+01 
1.889128e+01 
1.889128e+01 
1.889128e+01 
1.889128e+01 
1.889128e+01 
1.889128e+01 
1.889128e+01 
1.889128e+01 
1.889128e+01 
1.889128e+01 
1.889128e+01 
1.889128e+01 
1.889128e+01 
1.889128e+01 
1.889128e+01 
1.889128e+01 
1.889128e+01 
1.889128e+01 
1.889128e+01 
1.889128e+01 
1.889128e+01 
1.889128e+01 
1.889128e+01 
1.889128e+01 
1.881686e+01 
1.881686e+01 
1.881686e+01 
1.881686e+01 
1.881686e+01 
1.881686e+01 
1.881686e+01 
1.881686e+01 
1.881686e+01 
1.881686e+01 
1.881686e+01 
1.881686e+01 
1.881686e+01 
1.881686e+01 
1.881686e+01 
1.881686e+01 
1.881686e+01 
1.881686e+01 
1.881686e+01 
1.881686e+01 
1.881686e+01 
1.881686e+01 
1.881686e+01 
1.881686e+01 
1.881686e+01 
1.881686e+01 
1.881686e+01 
1.881686e+01 
1.881686e+01 
1.881686e+01 
1.881686e+01 
1.881686e+01 
1.881686e+01 
1.881686e+01 
1.881686e+01 
1.881686e+01 
1.881686e+01 
1.881686e+01 
1.881686e+01 
1.881686e+01 
1.881686e+01 
1.881686e+01 
1.881686e+01 
1.881686e+01 
1.881686e+01 
1.881686e+01 
1.881686e+01 
1.881686e+01 
1.881686e+01 
1.881686e+01 
1.881686e+01 
1.881686e+01 
1.881686e+01 
1.881686e+01 
1.881686e+01 
1.881686e+01 
1.881686e+01 
1.881424e+01 
1.881424e+01 
1.881424e+01 
1.881424e+01 
1.881424e+01 
1.881424e+01 
1.881424e+01 
1.881424e+01 
1.881424e+01 
1.881424e+01 
1.881424e+01 
1.881424e+01 
1.881424e+01 
1.881424e+01 
1.881424e+01 
1.881424e+01 
1.881424e+01 
1.881424e+01 
1.881357e+01 
1.881357e+01 
1.881357e+01 
1.881357e+01 
1.881087e+01 
1.881087e+01 
1.881087e+01 
1.881087e+01 
1.881087e+01 
1.881087e+01 
1.881087e+01 
1.881087e+01 
1.881087e+01 
1.881087e+01 
1.881087e+01 
1.881087e+01 
1.881087e+01 
1.881087e+01 
1.881087e+01 
1.881033e+01 
1.881033e+01 
1.881033e+01 
1.881033e+01 
1.881033e+01 
1.881033e+01 
1.881033e+01 
1.881033e+01 
1.881033e+01 
1.878549e+01 
1.878549e+01 
1.878549e+01 
1.878549e+01 
1.878549e+01 
1.878549e+01 
1.878549e+01 
1.878549e+01 
1.878549e+01 
1.878549e+01 
1.878549e+01 
1.878549e+01 
1.878549e+01 
1.878549e+01 
1.878549e+01 
1.878549e+01 
1.878549e+01 
1.878549e+01 
1.878549e+01 
1.878549e+01 
1.878549e+01 
1.878549e+01 
1.878549e+01 
1.878549e+01 
1.878549e+01 
1.878549e+01 
1.878549e+01 
1.878549e+01 
1.878549e+01 
1.878549e+01 
1.878549e+01 
1.878549e+01 
1.878549e+01 
1.877948e+01 
1.877948e+01 
1.877948e+01 
1.877948e+01 
1.877948e+01 
1.877948e+01 
1.877948e+01 
1.877948e+01 
1.877948e+01 
1.877948e+01 
1.877948e+01 
1.877948e+01 
1.877948e+01 
1.877948e+01 
1.877948e+01 
1.877948e+01 
1.877948e+01 
1.877948e+01 
1.877948e+01 
1.877948e+01 
1.877948e+01 
1.877948e+01 
1.877948e+01 
1.877948e+01 
1.877948e+01 
1.877948e+01 
1.877948e+01 
1.877948e+01 
1.877948e+01 
1.877948e+01 
1.877948e+01 
1.877948e+01 
1.877948e+01 
1.877948e+01 
1.877948e+01 
1.877948e+01 
1.877948e+01 
1.877948e+01 
1.877948e+01 
1.877948e+01 
1.877948e+01 
1.877948e+01 
1.877948e+01 
1.877948e+01 
1.877948e+01 
1.877948e+01 
1.877948e+01 
1.877948e+01 
1.877948e+01 
1.877948e+01 
1.877948e+01 
1.877948e+01 
1.877948e+01 
1.877948e+01 
1.877948e+01 
1.877948e+01 
1.877948e+01 
1.877948e+01 
1.877948e+01 
1.877604e+01 
1.877604e+01 
1.877604e+01 
1.877604e+01 
1.877604e+01 
1.877532e+01 
1.877532e+01 
1.877532e+01 
1.877532e+01 
1.877532e+01 
1.877532e+01 
1.877528e+01 
1.877528e+01 
1.877528e+01 
1.877528e+01 
1.877528e+01 
1.877528e+01 
1.877528e+01 
1.877528e+01 
1.877528e+01 
1.877528e+01 
1.877527e+01 
1.877527e+01 
1.877527e+01 
1.877527e+01 
1.877527e+01 
1.877527e+01 
1.877527e+01 
1.877527e+01 
1.877527e+01 
1.877527e+01 
1.877527e+01 
1.877527e+01 
1.877527e+01 
1.877527e+01 
1.877527e+01 
1.877527e+01 
1.877526e+01 
1.877526e+01 
1.877526e+01 
1.877526e+01 
1.877526e+01 
1.877526e+01 
1.877526e+01 
1.877526e+01 
1.877526e+01 
1.877526e+01 
1.877526e+01 
1.877526e+01 
1.877526e+01 
1.877526e+01 
1.877526e+01 
1.877526e+01 
1.130711e+01 
1.130711e+01 
1.130711e+01 
1.130711e+01 
1.130711e+01 
1.130711e+01 
1.130711e+01 
1.130711e+01 
1.130711e+01 
1.130711e+01 
1.130711e+01 
1.130711e+01 
1.130711e+01 
1.130711e+01 
1.130711e+01 
1.130711e+01 
1.130711e+01 
1.130711e+01 
1.130711e+01 
1.130711e+01 
1.130711e+01 
1.130711e+01 
1.130711e+01 
1.130711e+01 
1.130711e+01 
1.130711e+01 
1.130711e+01 
1.130711e+01 
1.130711e+01 
1.130711e+01 
1.130711e+01 
1.130711e+01 
1.130711e+01 
1.130711e+01 
1.130711e+01 
1.130711e+01 
1.130711e+01 
1.130711e+01 
1.130711e+01 
1.130711e+01 
1.130711e+01 
1.130711e+01 
1.130711e+01 
1.130711e+01 
1.130711e+01 
1.130711e+01 
1.130711e+01 
1.130711e+01 
1.130711e+01 
1.130711e+01 
1.130711e+01 
1.130711e+01 
1.130711e+01 
1.130711e+01 
1.130711e+01 
1.130711e+01 
1.130711e+01 
1.130711e+01 
1.130711e+01 
1.130711e+01 
9.096467e+00 
9.096467e+00 
9.096467e+00 
9.096467e+00 
9.096467e+00 
9.096467e+00 
9.096467e+00 
9.096467e+00 
9.096467e+00 
9.096467e+00 
9.096467e+00 
9.096467e+00 
9.096467e+00 
9.096467e+00 
9.096467e+00 
9.096467e+00 
9.096467e+00 
9.096467e+00 
9.096467e+00 
9.096467e+00 
9.096467e+00 
9.096467e+00 
9.096467e+00 
9.096467e+00 
9.096467e+00 
9.096467e+00 
9.096467e+00 
9.096467e+00 
9.096467e+00 
9.096467e+00 
9.096467e+00 
9.096467e+00 
9.096467e+00 
9.096467e+00 
9.096467e+00 
9.096467e+00 
9.096467e+00 
9.096467e+00 
9.096467e+00 
9.096467e+00 
9.096467e+00 
9.096467e+00 
9.096467e+00 
9.096467e+00 
9.096467e+00 
9.096467e+00 
9.096467e+00 
9.096467e+00 
9.096467e+00 
9.096467e+00 
9.096467e+00 
9.096467e+00 
9.096467e+00 
9.096467e+00 
9.096467e+00 
9.096467e+00 
9.096467e+00 
9.096467e+00 
9.096467e+00 
9.096467e+00 
9.096467e+00 
9.096467e+00 
9.096467e+00 
9.096467e+00 
9.096467e+00 
9.096467e+00 
9.096467e+00 
9.096467e+00 
9.096467e+00 
9.096467e+00 
9.096467e+00 
9.096467e+00 
9.096467e+00 
9.096467e+00 
9.096467e+00 
9.096467e+00 
9.096467e+00 
9.096467e+00 
9.096467e+00 
9.096467e+00 
9.096467e+00 
9.053101e+00 
9.053101e+00 
9.053101e+00 
9.053101e+00 
9.053101e+00 
9.053101e+00 
9.053101e+00 
9.053101e+00 
9.053101e+00 
9.053101e+00 
9.053101e+00 
9.053101e+00 
9.053101e+00 
9.053101e+00 
9.053101e+00 
9.053101e+00 
9.053101e+00 
9.053101e+00 
9.053101e+00 
9.053101e+00 
7.450346e+00 
7.450346e+00 
7.450346e+00 
7.450346e+00 
7.450346e+00 
7.450346e+00 
7.450346e+00 
7.233553e+00 
7.233553e+00 
7.233553e+00 
7.233553e+00 
7.233553e+00 
7.233553e+00 
7.233553e+00 
7.233553e+00 
7.014177e+00 
6.553760e+00 
6.553760e+00 
6.553760e+00 
6.553760e+00 
6.010317e+00 
6.010317e+00 
6.010317e+00 
6.010317e+00 
6.010317e+00 
6.010317e+00 
6.010317e+00 
6.010317e+00 
6.010317e+00 
6.010317e+00 
6.010317e+00 
6.010317e+00 
6.010317e+00 
6.010317e+00 
6.010317e+00 
6.010317e+00 
6.010317e+00 
6.010317e+00 
6.010317e+00 
6.010317e+00 
6.010317e+00 
6.010317e+00 
6.010317e+00 
6.010317e+00 
6.010317e+00 
4.243361e+00 
4.243361e+00 
4.243361e+00 
4.243361e+00 
4.243361e+00 
4.243361e+00 
4.243361e+00 
4.243361e+00 
4.243361e+00 
4.243361e+00 
4.243361e+00 
4.072503e+00 
4.072503e+00 
4.072503e+00 
4.072503e+00 
4.072503e+00 
4.072503e+00 
4.072503e+00 
4.067452e+00 
4.067452e+00 
4.067452e+00 
4.067452e+00 
4.067452e+00 
4.067452e+00 
4.067452e+00 
4.067452e+00 
4.067452e+00 
4.067452e+00 
4.067452e+00 
4.067452e+00 
4.067452e+00 
4.067452e+00 
4.067452e+00 
4.067452e+00 
4.067452e+00 
4.067452e+00 
4.067452e+00 
4.067452e+00 
4.067452e+00 
4.067452e+00 
4.067452e+00 
4.067452e+00 
4.067452e+00 
4.067452e+00 
4.067452e+00 
4.067452e+00 
4.067452e+00 
4.067452e+00 
4.067452e+00 
4.067452e+00 
4.067452e+00 
4.067452e+00 
4.067452e+00 
4.067452e+00 
4.067452e+00 
4.067452e+00 
4.067452e+00 
4.067452e+00 
4.067452e+00 
4.067452e+00 
4.067452e+00 
4.067452e+00 
4.067452e+00 
4.067452e+00 
4.067452e+00 
4.067452e+00 
4.067452e+00 
4.067452e+00 
4.067452e+00 
4.067452e+00 
4.056199e+00 
4.056199e+00 
4.056199e+00 
4.056199e+00 
4.056199e+00 
4.056199e+00 
4.056199e+00 
4.056199e+00 
4.051755e+00 
4.051755e+00 
4.051755e+00 
4.051755e+00 
4.051755e+00 
4.051755e+00 
4.051755e+00 
4.051755e+00 
4.051755e+00 
4.051755e+00 
4.044267e+00 
4.044267e+00 
4.044267e+00 
4.044267e+00 
4.041407e+00 
4.034788e+00 
4.034788e+00 
4.034788e+00 
4.034788e+00 
4.033732e+00 
4.032069e+00 
4.032069e+00 
4.032069e+00 
4.032069e+00 
4.032069e+00 
4.032069e+00 
4.032069e+00 
4.030411e+00 
4.030411e+00 
4.030411e+00 
4.030411e+00 
4.030411e+00 
4.030411e+00 
4.030411e+00 
4.030411e+00 
4.030411e+00 
4.030411e+00 
4.030411e+00 
4.030411e+00 
4.030253e+00 
4.030253e+00 
4.030253e+00 
4.030253e+00 
4.030253e+00 
4.030055e+00 
4.030055e+00 
4.030055e+00 
4.030055e+00 
4.030055e+00 
4.030055e+00 
4.030055e+00 
4.030055e+00 
4.030055e+00 
4.030055e+00 
4.030055e+00 
4.029988e+00 
4.029988e+00 
4.029988e+00 
4.029984e+00 
4.029984e+00 
4.029984e+00 
4.029984e+00 
4.029984e+00 
4.029984e+00 
4.029970e+00 
4.029970e+00 
4.029969e+00 
4.029969e+00 
4.029951e+00 
4.029951e+00 
4.029944e+00 
4.029944e+00 
4.029944e+00 
4.029940e+00 
4.029940e+00 
4.029940e+00 
4.029940e+00 
4.029940e+00 
4.029940e+00 
4.029936e+00 
4.029936e+00 
4.029936e+00 
4.029936e+00 
4.029936e+00 
4.029936e+00 
4.029936e+00 
4.029936e+00 
4.029936e+00 
4.029936e+00 
4.029936e+00 
4.029936e+00 
4.029920e+00 
4.029920e+00 
4.029920e+00 
4.029920e+00 
4.029919e+00 
4.029916e+00 
4.029916e+00 
4.029916e+00 
4.029916e+00 
4.029916e+00 
4.029916e+00 
4.029916e+00 
4.029916e+00 
4.029916e+00 
4.029916e+00 
4.029916e+00 
4.029916e+00 
4.029916e+00 
4.029916e+00 
4.029916e+00 
4.029916e+00 
4.029916e+00 
4.029916e+00 
4.029916e+00 
4.029916e+00 
4.029916e+00 
4.029916e+00 
4.029916e+00 
4.029916e+00 
4.029916e+00 
4.029916e+00 
4.029916e+00 
4.029916e+00 
4.029916e+00 
4.029916e+00 
4.029916e+00 
4.029916e+00 
4.029916e+00 
4.029916e+00 
4.029916e+00 
4.029916e+00 
4.029916e+00 
4.029916e+00 
4.029916e+00 
4.029916e+00 
4.029916e+00 
4.029916e+00 
4.029916e+00 
4.029916e+00 
4.029916e+00 
4.029916e+00 
4.029916e+00 
4.029916e+00 
4.029916e+00 
4.029916e+00 
4.029916e+00 
4.029916e+00 
4.029916e+00 
4.029916e+00 
4.029916e+00 
4.029916e+00 
4.029916e+00 
4.029916e+00 
4.029916e+00 
4.029916e+00 
4.029916e+00 
4.029916e+00 
4.029916e+00 
4.029916e+00 
4.029916e+00 
4.029916e+00 
4.029916e+00 
4.029916e+00 
4.029916e+00 
4.029916e+00 
4.029916e+00 
4.029916e+00 
4.029916e+00 
4.029916e+00 
4.029916e+00 
4.029916e+00 
4.029916e+00 
4.029916e+00 
4.029916e+00 
4.029916e+00 
4.029916e+00 
4.029916e+00 
4.029916e+00 
4.029916e+00 
4.029916e+00 
4.029916e+00 
4.029916e+00 
4.029916e+00 
4.029916e+00 
4.029916e+00 
4.029916e+00 
4.029916e+00 
4.029916e+00 
4.029916e+00 
4.029916e+00 
4.029916e+00 
4.029916e+00 
4.029916e+00 
4.029916e+00 
4.029916e+00 
4.029916e+00 
4.029916e+00 
4.029916e+00 
4.029916e+00 
4.029916e+00 
4.029916e+00 
4.029916e+00 
4.029916e+00 
4.029916e+00 
4.029916e+00 
4.029916e+00 
4.029916e+00 
4.029916e+00 
4.029916e+00 
4.029916e+00 
4.029916e+00 
4.029916e+00 
4.029916e+00 
4.029916e+00 
4.029916e+00 
4.029916e+00 
4.029916e+00 
4.029916e+00 
4.029916e+00 
4.029916e+00 
4.029916e+00 
4.029916e+00 
4.029916e+00 
4.029916e+00 
4.029916e+00 
4.029916e+00 
4.029916e+00 
4.029916e+00 
4.029916e+00 
4.029916e+00 
4.029916e+00 
4.029916e+00 
4.029916e+00 
3.575427e+00 
2.983574e+00 
2.983574e+00 
2.983574e+00 
2.973191e+00 
2.973191e+00 
2.973191e+00 
2.714998e+00 
2.714998e+00 
2.329241e+00 
2.007540e+00 
2.007540e+00 
1.545114e+00 
1.339464e+00 
1.339464e+00 
1.339464e+00 
1.339464e+00 
1.339464e+00 
1.339464e+00 
1.339464e+00 
1.004118e+00 
1.004118e+00 
1.004118e+00 
9.901926e-01 
9.901926e-01 
9.901926e-01 
9.901926e-01 
9.901926e-01 
9.901926e-01 
9.901926e-01 
9.901926e-01 
9.901926e-01 
9.901926e-01 
9.901926e-01 
9.901926e-01 
9.901926e-01 
9.901926e-01 
9.901926e-01 
9.901926e-01 
9.901926e-01 
9.901926e-01 
9.834074e-01 
9.834074e-01 
9.834074e-01 
8.850486e-01 
8.850486e-01 
8.850486e-01 
8.850486e-01 
8.850486e-01 
8.850486e-01 
8.850486e-01 
8.850486e-01 
8.850486e-01 
8.850486e-01 
8.850486e-01 
8.850486e-01 
8.850486e-01 
8.644132e-01 
8.644132e-01 
8.644132e-01 
8.616988e-01 
8.616988e-01 
8.616988e-01 
8.616988e-01 
8.616988e-01 
8.616988e-01 
8.616988e-01 
8.616988e-01 
8.616988e-01 
8.616988e-01 
8.616988e-01 
8.616988e-01 
8.616988e-01 
8.616988e-01 
8.616988e-01 
8.616988e-01 
8.616988e-01 
8.616988e-01 
8.616988e-01 
8.616988e-01 
8.616988e-01 
8.616988e-01 
8.616988e-01 
8.616988e-01 
8.616988e-01 
8.616988e-01 
8.616988e-01 
8.616988e-01 
8.616988e-01 
8.616988e-01 
8.616988e-01 
8.616988e-01 
8.616988e-01 
8.616988e-01 
7.766645e-01 
7.766645e-01 
7.766645e-01 
7.766645e-01 
7.766645e-01 
7.766645e-01 
7.766645e-01 
7.766645e-01 
7.766645e-01 
7.766645e-01 
7.766645e-01 
7.766645e-01 
7.766645e-01 
7.326097e-01 
7.326097e-01 
7.326097e-01 
7.326097e-01 
7.326097e-01 
7.326097e-01 
7.326097e-01 
6.885822e-01 
6.885822e-01 
6.885822e-01 
6.885822e-01 
6.685814e-01 
6.685814e-01 
6.685814e-01 
6.544311e-01 
6.544311e-01 
6.544311e-01 
6.544311e-01 
6.544311e-01 
6.544311e-01 
6.544311e-01 
6.544311e-01 
6.544311e-01 
6.544311e-01 
6.544311e-01 
6.544311e-01 
6.544311e-01 
6.544311e-01 
6.544311e-01 
6.544311e-01 
6.544311e-01 
6.522238e-01 
6.522238e-01 
4.327505e-01 
4.327505e-01 
3.376444e-01 
3.376444e-01 
3.376444e-01 
2.914620e-01 
2.914620e-01 
2.914620e-01 
2.914620e-01 
2.914620e-01 
2.914620e-01 
2.914620e-01 
2.914620e-01 
2.908991e-01 
2.908991e-01 
2.908991e-01 
2.908991e-01 
2.908991e-01 
2.908991e-01 
2.908991e-01 
2.908991e-01 
2.908991e-01 
2.908991e-01 
2.908991e-01 
2.908991e-01 
2.908991e-01 
2.908991e-01 
2.908991e-01 
2.908991e-01 
2.908991e-01 
2.908991e-01 
2.908991e-01 
2.571034e-01 
2.571034e-01 
2.571034e-01 
2.571034e-01 
2.571034e-01 
2.571034e-01 
2.571034e-01 
2.571034e-01 
2.571034e-01 
2.571034e-01 
2.571034e-01 
2.571034e-01 
2.571034e-01 
2.571034e-01 
2.571034e-01 
2.571034e-01 
2.571034e-01 
2.571034e-01 
2.571034e-01 
2.190797e-01 
2.190797e-01 
2.190797e-01 
2.190797e-01 
2.178185e-01 
2.178185e-01 
2.178185e-01 
1.766152e-01 
1.766152e-01 
1.766152e-01 
1.766152e-01 
1.766152e-01 
1.766152e-01 
1.766152e-01 
1.766152e-01 
1.766152e-01 
1.610107e-01 
1.610107e-01 
1.610107e-01 
1.610107e-01 
1.610107e-01 
1.573732e-01 
1.543930e-01 
1.543930e-01 
1.520864e-01 
1.520864e-01 
1.518509e-01 
1.518509e-01 
1.511726e-01 
1.511726e-01 
1.511726e-01 
1.504058e-01 
1.486594e-01 
1.486594e-01 
1.243586e-01 
1.136862e-01 
1.136862e-01 
1.136862e-01 
1.024675e-01 
1.024675e-01 
9.997314e-02 
9.997314e-02 
9.996621e-02 
9.996621e-02 
9.996621e-02 
9.996621e-02 
9.996621e-02 
9.996621e-02 
9.996621e-02 
9.996621e-02 
9.996621e-02 
9.996621e-02 
9.996621e-02 
9.996621e-02 
9.996621e-02 
9.856572e-02 
9.856572e-02 
9.856572e-02 
9.856572e-02 
9.856572e-02 
9.856572e-02 
9.856572e-02 
9.856572e-02 
9.856572e-02 
9.856572e-02 
9.856572e-02 
9.856572e-02 
9.856572e-02 
9.856572e-02 
9.856572e-02 
9.856572e-02 
9.856572e-02 
9.856572e-02 
9.856572e-02 
9.856572e-02 
9.856572e-02 
9.856572e-02 
9.856572e-02 
9.856572e-02 
9.856572e-02 
9.856572e-02 
9.856572e-02 
9.856572e-02 
9.825754e-02 
9.825754e-02 
9.810245e-02 
9.803598e-02 
9.803598e-02 
9.803598e-02 
9.787780e-02 
9.775618e-02 
9.767542e-02 
9.762076e-02 
9.758317e-02 
9.755699e-02 
9.753858e-02 
9.752552e-02 
9.751620e-02 
9.750953e-02 
9.750473e-02 
9.750128e-02 
9.749878e-02 
9.749698e-02 
9.749567e-02 
9.749473e-02 
9.749405e-02 
9.749355e-02 
9.749319e-02 
9.749293e-02 
9.749274e-02 
9.749261e-02 
9.749251e-02 
9.749244e-02 
9.749239e-02 
9.749235e-02 
9.749232e-02 
9.749230e-02 
9.749229e-02 
9.749228e-02 
9.749227e-02 
9.749226e-02 
9.749226e-02 
9.749226e-02 
9.749225e-02 
9.749225e-02 
9.749225e-02 
9.749225e-02 
9.749225e-02 
9.749225e-02 
9.749225e-02 
9.749225e-02 
9.749225e-02 
9.749225e-02 
9.749225e-02 
9.749225e-02 
9.749225e-02 
9.749225e-02 
9.749225e-02 
9.749225e-02 
9.749225e-02 
9.749225e-02 
9.749225e-02 
9.749225e-02 
9.749225e-02 
9.749225e-02 
9.749225e-02 
9.749225e-02 
9.749225e-02 
9.749225e-02 
9.749225e-02 
9.749225e-02 
9.749225e-02 
9.749225e-02 
9.749225e-02 
9.749225e-02 
9.749225e-02 
9.749225e-02 
9.749225e-02 
9.749225e-02 
9.749225e-02 
9.749225e-02 
9.749225e-02 
9.749225e-02 
9.749225e-02 
9.749225e-02 
9.749225e-02 
9.749225e-02 
9.749225e-02 
9.749225e-02 
9.749225e-02 
9.749225e-02 
9.749225e-02 
9.749225e-02 
9.749225e-02 
8.803910e-02 
7.772585e-02 
6.171753e-02 
6.171753e-02 
6.171753e-02 
6.171753e-02 
5.314077e-02 
4.530480e-02 
3.536996e-02 
3.536996e-02 
3.536996e-02 
3.536996e-02 
3.536996e-02 
3.536996e-02 
3.536996e-02 
3.536996e-02 
3.536996e-02 
3.536996e-02 
3.536996e-02 
3.536996e-02 
3.536996e-02 
3.536996e-02 
3.536996e-02 
3.536996e-02 
3.536996e-02 
3.536996e-02 
3.536996e-02 
3.536996e-02 
3.536996e-02 
3.536996e-02 
3.536996e-02 
3.536996e-02 
3.536996e-02 
3.536996e-02 
3.536996e-02 
3.536996e-02 
3.536996e-02 
3.352673e-02 
3.352673e-02 
3.352673e-02 
3.118891e-02 
3.118891e-02 
3.089118e-02 
3.089118e-02 
3.089118e-02 
3.089118e-02 
3.089118e-02 
3.089118e-02 
3.089118e-02 
3.089118e-02 
3.089118e-02 
3.089118e-02 
3.089118e-02 
3.089118e-02 
3.089118e-02 
3.089118e-02 
3.089118e-02 
3.075197e-02 
3.075197e-02 
3.075197e-02 
3.075197e-02 
3.075197e-02 
3.075197e-02 
3.046915e-02 
3.046915e-02 
3.033596e-02 
3.033596e-02 
2.408478e-02 
2.408478e-02 
2.408478e-02 
2.408478e-02 
2.408478e-02 
2.408478e-02 
2.408478e-02 
2.408478e-02 
2.408478e-02 
2.408478e-02 
2.408478e-02 
2.408478e-02 
2.408478e-02 
2.408478e-02 
2.408478e-02 
1.154007e-02 
1.154007e-02 
1.154007e-02 
1.154007e-02 
1.154007e-02 
1.154007e-02 
1.154007e-02 
1.154007e-02 
1.154007e-02 
1.154007e-02 
1.154007e-02 
1.154007e-02 
1.154007e-02 
1.154007e-02 
1.154007e-02 
1.154007e-02 
1.154007e-02 
1.154007e-02 
1.154007e-02 
1.154007e-02 
1.154007e-02 
1.154007e-02 
1.154007e-02 
1.154007e-02 
1.154007e-02 
1.154007e-02 
1.154007e-02 
1.154007e-02 
1.154007e-02 
1.154007e-02 
1.154007e-02 
1.154007e-02 
1.154007e-02 
1.154007e-02 
1.154007e-02 
1.154007e-02 
1.154007e-02 
1.154007e-02 
1.154007e-02 
1.154007e-02 
1.154007e-02 
1.154007e-02 
1.154007e-02 
1.154007e-02 
1.154007e-02 
1.154007e-02 
1.154007e-02 
1.154007e-02 
1.154007e-02 
1.154007e-02 
1.154007e-02 
1.154007e-02 
1.154007e-02 
1.154007e-02 
1.154007e-02 
1.152434e-02 
1.152434e-02 
8.871830e-03 
8.871830e-03 
8.871830e-03 
8.871830e-03 
8.871830e-03 
8.871830e-03 
8.871830e-03 
8.871830e-03 
7.554329e-03 
7.554329e-03 
7.554329e-03 
7.554329e-03 
7.061087e-03 
7.061087e-03 
7.061087e-03 
7.061087e-03 
7.061087e-03 
7.061087e-03 
7.061087e-03 
7.061087e-03 
7.061087e-03 
7.061087e-03 
7.061087e-03 
7.061087e-03 
7.061087e-03 
7.061087e-03 
7.061087e-03 
7.060450e-03 
7.060450e-03 
6.703736e-03 
6.703736e-03 
6.703736e-03 
6.703736e-03 
5.745494e-03 
5.745494e-03 
4.733432e-03 
4.733432e-03 
4.733432e-03 
4.733432e-03 
4.733432e-03 
4.733432e-03 
4.686898e-03 
4.686898e-03 
4.686898e-03 
4.686898e-03 
4.686898e-03 
4.686898e-03 
4.649472e-03 
4.287550e-03 
4.287550e-03 
3.413468e-03 
3.407340e-03 
3.407340e-03 
3.407340e-03 
3.407340e-03 
3.407340e-03 
3.407340e-03 
3.407340e-03 
3.407340e-03 
3.407340e-03 
3.407340e-03 
3.407340e-03 
3.407340e-03 
3.407340e-03 
3.407340e-03 
3.407340e-03 
3.407340e-03 
3.407340e-03 
3.407340e-03 
3.407340e-03 
3.407340e-03 
3.407340e-03 
3.407340e-03 
3.407340e-03 
3.407340e-03 
3.407340e-03 
3.407340e-03 
3.407340e-03 
3.407340e-03 
3.407340e-03 
3.407340e-03 
3.407340e-03 
3.407340e-03 
3.407340e-03 
3.407340e-03 
3.395857e-03 
3.395857e-03 
3.395857e-03 
3.395857e-03 
3.395857e-03 
3.395857e-03 
3.395857e-03 
3.395857e-03 
3.395857e-03 
3.395857e-03 
3.395857e-03 
3.395857e-03 
3.395857e-03 
2.748937e-03 
2.748937e-03 
2.369744e-03 
2.369744e-03 
2.369744e-03 
2.369744e-03 
2.369744e-03 
2.369744e-03 
1.601200e-03 
1.601200e-03 
1.601200e-03 
1.601200e-03 
1.601200e-03 
1.601200e-03 
1.244962e-03 
1.244962e-03 
1.244962e-03 
1.232611e-03 
1.232611e-03 
1.232611e-03 
1.232611e-03 
1.232611e-03 
1.232611e-03 
1.230979e-03 
1.230979e-03 
1.206183e-03 
1.061807e-03 
1.061807e-03 
1.061807e-03 
1.061807e-03 
1.061807e-03 
1.061807e-03 
1.061807e-03 
1.061807e-03 
1.061807e-03 
1.061807e-03 
9.260226e-04 
9.260226e-04 
8.275709e-04 
8.275709e-04 
8.275709e-04 
8.275709e-04 
8.275709e-04 
8.275709e-04 
8.275709e-04 
8.275709e-04 
8.275709e-04 
8.275709e-04 
6.734298e-04 
6.734298e-04 
6.734298e-04 
6.734298e-04 
6.734298e-04 
6.734298e-04 
6.734298e-04 
6.734298e-04 
6.734298e-04 
6.734298e-04 
6.734298e-04 
6.734298e-04 
6.734298e-04 
6.734298e-04 
6.734298e-04 
6.734298e-04 
6.734298e-04 
6.734298e-04 
6.734298e-04 
6.734298e-04 
6.734298e-04 
6.734298e-04 
6.734298e-04 
6.734298e-04 
6.734298e-04 
6.734298e-04 
6.734298e-04 
6.734298e-04 
6.734298e-04 
6.734298e-04 
6.734298e-04 
6.734298e-04 
6.734298e-04 
6.734298e-04 
6.734298e-04 
6.734298e-04 
6.395841e-04 
5.266776e-04 
5.266776e-04 
5.266776e-04 
4.428979e-04 
4.153956e-04 
4.153956e-04 
4.153956e-04 
3.985587e-04 
3.985587e-04 
3.985587e-04 
3.985587e-04 
3.852077e-04 
3.852077e-04 
3.852077e-04 
3.852077e-04 
3.852077e-04 
3.852077e-04 
3.852077e-04 
3.852077e-04 
3.749939e-04 
3.667574e-04 
3.656621e-04 
3.656621e-04 
3.600656e-04 
3.590585e-04 
3.590585e-04 
3.590585e-04 
3.588160e-04 
3.588160e-04 
3.588160e-04 
3.588160e-04 
3.588160e-04 
3.583905e-04 
3.583905e-04 
3.583905e-04 
3.583905e-04 
3.578784e-04 
3.578784e-04 
3.578784e-04 
3.578784e-04 
3.578784e-04 
3.578784e-04 
3.578784e-04 
3.578784e-04 
1.739803e-04 
1.739803e-04 
1.589595e-04 
1.589595e-04 
1.589595e-04 
1.589595e-04 
1.589595e-04 
1.589595e-04 
1.589595e-04 
1.589595e-04 
1.589595e-04 
1.589595e-04 
1.589595e-04 
1.589595e-04 
1.589595e-04 
1.589595e-04 
1.589595e-04 
1.589595e-04 
1.589595e-04 
1.589595e-04 
1.589595e-04 
1.589595e-04 
1.417754e-04 
1.417754e-04 
1.417754e-04 
9.820524e-05 
7.617116e-05 
7.617116e-05 
4.038727e-05 
3.829495e-05 
3.829495e-05 
3.489272e-05 
3.489272e-05 
3.413249e-05 
3.413249e-05 
3.413249e-05 
3.413249e-05 
3.413249e-05 
3.413249e-05 
3.413249e-05 
3.413249e-05 
3.413249e-05 
3.413249e-05 
3.349926e-05 
3.349926e-05 
3.349926e-05 
3.349926e-05 
3.349926e-05 
3.349926e-05 
3.349926e-05 
3.349926e-05 
3.349926e-05 
3.349926e-05 
3.349926e-05 
3.349926e-05 
3.349926e-05 
3.349926e-05 
3.349926e-05 
3.349926e-05 
3.349926e-05 
3.349926e-05 
3.349926e-05 
2.857864e-05 
2.857864e-05 
2.857864e-05 
2.857864e-05 
2.857864e-05 
2.580610e-05 
2.580610e-05 
2.405107e-05 
2.405107e-05 
2.405107e-05 
2.405107e-05 
2.405107e-05 
2.405107e-05 
2.405107e-05 
2.256954e-05 
2.256954e-05 
2.256954e-05 
2.256954e-05 
2.256954e-05 
2.256954e-05 
2.209820e-05 
2.209820e-05 
2.209820e-05 
2.209820e-05 
2.209820e-05 
2.209820e-05 
2.209820e-05 
1.828339e-05 
1.828339e-05 
1.828339e-05 
1.828339e-05 
1.828339e-05 
1.828339e-05 
1.503145e-05 
1.503145e-05 
1.271584e-05 
1.271584e-05 
1.271584e-05 
1.271584e-05 
1.271584e-05 
1.271584e-05 
1.100301e-05 
1.100301e-05 
1.091820e-05 
1.091820e-05 
1.091820e-05 
9.024221e-06 
9.024221e-06 
9.024221e-06 
9.024221e-06 
9.024221e-06 
9.024221e-06 
8.656965e-06 
8.656965e-06 
8.656965e-06 
7.524831e-06 
7.524831e-06 
7.524831e-06 
7.524831e-06 
7.524831e-06 
7.392769e-06 
7.392769e-06 
7.392769e-06 
7.392769e-06 
7.392769e-06 
7.392769e-06 
7.392769e-06 
7.392769e-06 
7.203724e-06 
7.174130e-06 
7.174130e-06 
7.084545e-06 
6.852302e-06 
5.610341e-06 
5.610341e-06 
5.610341e-06 
5.610341e-06 
5.107678e-06 
5.107678e-06 
5.107678e-06 
4.985394e-06 
4.604778e-06 
4.604778e-06 
4.604778e-06 
4.604778e-06 
4.435731e-06 
4.435731e-06 
4.435731e-06 
4.435731e-06 
4.277452e-06 
4.204185e-06 
4.171452e-06 
4.157507e-06 
4.152080e-06 
4.150373e-06 
4.150185e-06 
4.150185e-06 
4.149972e-06 
4.149758e-06 
4.149695e-06 
4.149694e-06 
4.149694e-06 
4.149694e-06 
4.149649e-06 
4.149166e-06 
4.148832e-06 
4.148600e-06 
4.148440e-06 
4.148329e-06 
4.148252e-06 
4.148198e-06 
4.148161e-06 
4.148135e-06 
4.148117e-06 
4.148104e-06 
4.148096e-06 
4.148090e-06 
4.148086e-06 
4.148083e-06 
4.148081e-06 
3.961119e-06 
3.961119e-06 
3.961119e-06 
3.873045e-06 
3.873045e-06 
3.873045e-06 
3.873045e-06 
3.873045e-06 
3.873045e-06 
3.873045e-06 
3.873045e-06 
3.873045e-06 
3.873045e-06 
3.873045e-06 
3.873045e-06 
3.853007e-06 
3.853007e-06 
3.810249e-06 
3.810249e-06 
3.810249e-06 
3.804537e-06 
3.804537e-06 
3.804537e-06 
3.804537e-06 
3.804537e-06 
3.804537e-06 
3.804537e-06 
2.955937e-06 
2.857011e-06 
2.857011e-06 
2.857011e-06 
2.488062e-06 
2.488062e-06 
2.332564e-06 
2.332564e-06 
2.120503e-06 
2.120503e-06 
2.120503e-06 
2.120503e-06 
2.120503e-06 
1.859484e-06 
1.859484e-06 
1.807995e-06 
1.807995e-06 
1.649751e-06 
1.649751e-06 
1.649751e-06 
1.649751e-06 
5.667119e-07 
5.667119e-07 
5.667119e-07 
5.667119e-07 
5.667119e-07 
5.667119e-07 
5.667119e-07 
5.667119e-07 
5.667119e-07 
5.667119e-07 
5.667119e-07 
5.667119e-07 
5.667119e-07 
5.078042e-07 
5.078042e-07 
5.078042e-07 
3.775318e-07 
3.282861e-07 
3.282861e-07 
3.282861e-07 
3.155097e-07 
3.155097e-07 
2.021907e-07 
2.021907e-07 
2.021907e-07 
2.021907e-07 
2.021907e-07 
2.021907e-07 
2.021907e-07 
2.021907e-07 
2.021907e-07 
2.021907e-07 
2.021907e-07 
2.021907e-07 
2.021907e-07 
2.004788e-07 
2.004788e-07 
2.004788e-07 
2.004788e-07 
1.974855e-07 
1.974855e-07 
1.907695e-07 
1.907695e-07 
1.907695e-07 
1.907695e-07 
1.658203e-07 
1.317862e-07 
1.317862e-07 
1.317862e-07 
1.317862e-07 
1.317862e-07 
1.099010e-07 
1.099010e-07 
1.099010e-07 
1.099010e-07 
8.151250e-08 
6.193555e-08 
5.497790e-08 
5.328597e-08 
5.328597e-08 
5.328597e-08 
5.328597e-08 
5.256687e-08 
5.192617e-08 
5.187361e-08 
5.187361e-08 
5.187361e-08 
5.187361e-08 
5.148928e-08 
5.116989e-08 
5.103269e-08 
5.097708e-08 
5.095756e-08 
5.095289e-08 
5.095289e-08 
5.095289e-08 
5.095289e-08 
5.082252e-08 
5.070760e-08 
5.063636e-08 
5.059126e-08 
4.757807e-08 
4.757807e-08 
4.757807e-08 
4.674117e-08 
3.654893e-08 
3.385890e-08 
3.385890e-08 
3.385890e-08 
3.349996e-08 
3.061197e-08 
3.061197e-08 
3.000806e-08 
3.000806e-08 
2.807085e-08 
2.418953e-08 
2.418953e-08 
2.418953e-08 
2.418953e-08 
2.264493e-08 
2.264493e-08 
2.264493e-08 
1.929468e-08 
1.929468e-08 
1.929468e-08 
1.929468e-08 
1.876233e-08 
1.820344e-08 
1.770839e-08 
1.770839e-08 
1.736404e-08 
1.736404e-08 
1.736404e-08 
1.736404e-08 
1.692180e-08 
1.692180e-08 
1.692180e-08 
1.690904e-08 
1.690904e-08 
1.690904e-08 
1.690904e-08 
1.690904e-08 
1.690904e-08 
1.677893e-08 
1.677893e-08 
1.655697e-08 
1.646014e-08 
1.581638e-08 
1.555279e-08 
1.527886e-08 
1.527886e-08 
1.527886e-08 
1.527108e-08 
1.527108e-08 
1.515358e-08 
1.509355e-08 
1.506468e-08 
1.505062e-08 
1.405022e-08 
1.405022e-08 
1.405022e-08 
1.405022e-08 
1.405022e-08 
1.099747e-08 
1.099747e-08 
1.099747e-08 
1.099747e-08 
1.099747e-08 
9.251478e-09 
9.251478e-09 
9.251478e-09 
9.251478e-09 
9.251478e-09 
4.714227e-09 
4.714227e-09 
4.714227e-09 
4.714227e-09 
3.085727e-09 
3.085727e-09 
3.085727e-09 
3.085727e-09 
3.085727e-09 
2.510000e-09 
2.510000e-09 
2.510000e-09 
2.510000e-09 
2.510000e-09 
2.510000e-09 
2.510000e-09 
2.224568e-09 
2.224568e-09 
2.224568e-09 
2.201034e-09 
2.201034e-09 
2.058393e-09 
2.058393e-09 
2.058393e-09 
2.058393e-09 
1.999009e-09 
1.999009e-09 
1.925888e-09 
1.925888e-09 
1.925888e-09 
1.925888e-09 
1.925888e-09 
1.551712e-09 
1.551712e-09 
1.468484e-09 
1.468484e-09 
1.295105e-09 
1.295105e-09 
1.295105e-09 
1.295105e-09 
1.295105e-09 
1.185318e-09 
1.185318e-09 
9.861586e-10 
9.861586e-10 
9.861586e-10 
9.861586e-10 
9.861586e-10 
8.990492e-10 
8.811306e-10 
8.811306e-10 
8.505246e-10 
8.505246e-10 
8.505246e-10 
8.375631e-10 
8.375631e-10 
8.375631e-10 
8.375631e-10 
8.375631e-10 
8.375631e-10 
8.375631e-10 
8.375631e-10 
8.375631e-10 
8.375631e-10 
8.375631e-10 
7.870330e-10 
7.870330e-10 
7.870330e-10 
7.870330e-10 
7.870330e-10 
7.870330e-10 
7.833072e-10 
7.832632e-10 
7.832632e-10 
7.791850e-10 
7.754200e-10 
7.737352e-10 
7.734003e-10 
7.734003e-10 
7.217036e-10 
6.818959e-10 
6.818959e-10 
6.818959e-10 
6.156907e-10 
6.156907e-10 
6.156907e-10 
5.857050e-10 
5.857050e-10 
5.857050e-10 
5.857050e-10 
5.857050e-10 
5.857050e-10 
4.206602e-10 
4.206602e-10 
4.206602e-10 
4.206602e-10 
4.206602e-10 
4.206602e-10 
4.206602e-10 
4.206602e-10 
4.206602e-10 
3.384820e-10 
3.384820e-10 
2.060045e-10 
2.060045e-10 
2.060045e-10 
2.060045e-10 
2.060045e-10 
2.060045e-10 
2.060045e-10 
2.060045e-10 
2.060045e-10 
1.760651e-10 
1.760651e-10 
1.760651e-10 
1.760651e-10 
1.760651e-10 
1.760651e-10 
1.760651e-10 
1.760651e-10 
1.760651e-10 
1.760651e-10 
1.760651e-10 
1.671250e-10 
1.671250e-10 
1.671250e-10 
1.671250e-10 
1.671250e-10 
1.671250e-10 
1.671250e-10 
1.590737e-10 
1.590737e-10 
1.551901e-10 
1.421790e-10 
1.421790e-10 
1.187471e-10 
1.187471e-10 
1.187471e-10 
1.187471e-10 
1.187471e-10 
1.187471e-10 
1.187471e-10 
1.187471e-10 
1.187471e-10 
1.187471e-10 
1.187471e-10 
1.187471e-10 
1.187471e-10 
1.187471e-10 
1.187471e-10 
1.187471e-10 
1.187471e-10 
1.187471e-10 
1.187471e-10 
1.187471e-10 
1.187471e-10 
1.103944e-10 
1.103944e-10 
9.440944e-11 
9.440944e-11 
8.568324e-11 
8.568324e-11 
8.568324e-11 
8.568324e-11 
8.568324e-11 
8.568324e-11 
8.568324e-11 
8.568324e-11 
8.568324e-11 
8.568324e-11 
8.568324e-11 
8.568324e-11 
8.568324e-11 
7.049117e-11 
6.267461e-11 
5.906808e-11 
5.741592e-11 
5.636247e-11 
5.587664e-11 
5.580499e-11 
5.578256e-11 
4.269940e-11 
4.269940e-11 
4.269940e-11 
3.853510e-11 
3.853510e-11 
3.853510e-11 
3.785120e-11 
3.785120e-11 
3.725501e-11 
3.725501e-11 
3.367788e-11 
3.367788e-11 
3.209470e-11 
3.209470e-11 
2.780369e-11 
2.780369e-11 
2.780369e-11 
2.748128e-11 
2.726626e-11 
1.362110e-11 
1.362110e-11 
1.362110e-11 
1.293758e-11 
1.211327e-11 
1.211327e-11 
1.211327e-11 
1.211327e-11 
1.211327e-11 
1.168006e-11 
1.168006e-11 
1.160116e-11 
1.160116e-11 
1.160116e-11 
1.160116e-11 
1.132968e-11 
1.132968e-11 
1.061521e-11 
9.669672e-12 
9.480564e-12 
9.480564e-12 
9.480564e-12 
9.480564e-12 
9.053943e-12 
9.053943e-12 
8.637683e-12 
8.637683e-12 
8.637683e-12 
8.637683e-12 
8.637683e-12 
8.637683e-12 
6.671922e-12 
6.671922e-12 
6.671922e-12 
6.671922e-12 
6.671922e-12 
6.671922e-12 
6.671922e-12 
6.408429e-12 
6.408429e-12 
6.408429e-12 
6.408429e-12 
5.977885e-12 
4.237129e-12 
4.237129e-12 
4.237129e-12 
4.237129e-12 
4.237129e-12 
3.534210e-12 
3.534210e-12 
3.534210e-12 
3.534210e-12 
3.487729e-12 
3.487729e-12 
2.693845e-12 
2.693845e-12 
2.693845e-12 
2.693845e-12 
2.693845e-12 
2.693845e-12 
2.693845e-12 
2.693845e-12 
2.693845e-12 
2.693845e-12 
2.693845e-12 
2.693845e-12 
2.693845e-12 
2.693845e-12 
2.693845e-12 
2.693845e-12 
2.693845e-12 
2.693845e-12 
2.693845e-12 
2.693845e-12 
2.507698e-12 
2.506662e-12 
2.506662e-12 
2.506662e-12 
2.506662e-12 
2.243687e-12 
2.243687e-12 
2.243687e-12 
2.239838e-12 
2.239838e-12 
2.239838e-12 
2.239838e-12 
2.239838e-12 
2.239838e-12 
2.239838e-12 
2.239838e-12 
1.966871e-12 
1.966871e-12 
1.966871e-12 
1.966871e-12 
1.958211e-12 
1.504278e-12 
1.347737e-12 
1.347737e-12 
1.298147e-12 
1.168547e-12 
1.130947e-12 
1.129467e-12 
1.129467e-12 
1.117625e-12 
1.117625e-12 
1.054564e-12 
1.036282e-12 
1.018815e-12 
9.889127e-13 
9.513871e-13 
9.282945e-13 
9.282945e-13 
9.103089e-13 
8.971342e-13 
8.945437e-13 
8.941736e-13 
7.261599e-13 
5.328330e-13 
5.328330e-13 
5.328330e-13 
5.328330e-13 
4.679960e-13 
4.679960e-13 
4.435711e-13 
4.435711e-13 
4.435711e-13 
4.317287e-13 
4.235871e-13 
4.212186e-13 
4.212186e-13 
4.212186e-13 
4.212186e-13 
4.212186e-13 
4.212186e-13 
3.978299e-13 
3.978299e-13 
3.978299e-13 
3.978299e-13 
9.170442e-14 
9.170442e-14 
9.170442e-14 
9.170442e-14 
9.170442e-14 
9.170442e-14 
9.170442e-14 
9.170442e-14 
9.170442e-14 
9.170442e-14 
9.170442e-14 
9.170442e-14 
9.170442e-14 
9.170442e-14 
9.170442e-14 
9.170442e-14 
9.170442e-14 
9.170442e-14 
9.170442e-14 
9.170442e-14 
9.170442e-14 
9.170442e-14 
9.170442e-14 
9.170442e-14 
9.170442e-14 
9.170442e-14 
9.170442e-14 
5.536312e-14 
5.536312e-14 
5.536312e-14 
5.536312e-14 
5.536312e-14 
5.536312e-14 
5.536312e-14 
5.536312e-14 
5.536312e-14 
5.536312e-14 
5.536312e-14 
5.536312e-14 
5.536312e-14 
5.536312e-14 
5.536312e-14 
5.536312e-14 
5.536312e-14 
5.536312e-14 
5.536312e-14 
5.536312e-14 
5.536312e-14 
5.536312e-14 
5.536312e-14 
5.536312e-14 
5.536312e-14 
5.536312e-14 
5.536312e-14 
4.389082e-14 
3.293662e-14 
3.293662e-14 
3.293662e-14 
2.997602e-14 
2.997602e-14 
2.997602e-14 
2.997602e-14 
2.997602e-14 
2.997602e-14 
2.997602e-14 
2.997602e-14 
2.997602e-14 
2.997602e-14 
2.997602e-14 
2.997602e-14 
2.997602e-14 
2.997602e-14 
2.997602e-14 
2.997602e-14 
2.997602e-14 
2.997602e-14 
2.479498e-14 
2.479498e-14 
2.479498e-14 
1.221245e-14 
1.221245e-14 
1.221245e-14 
1.221245e-14 
1.221245e-14 
1.221245e-14 
1.221245e-14 
1.221245e-14 
1.221245e-14 
1.221245e-14 
1.221245e-14 
1.221245e-14 
1.221245e-14 
1.221245e-14 
1.221245e-14 
1.221245e-14 
1.221245e-14 
1.221245e-14 
1.221245e-14 
1.221245e-14 
9.251859e-15 
9.251859e-15 
9.251859e-15 
9.251859e-15 
9.251859e-15 
9.251859e-15 
9.251859e-15 
9.251859e-15 
9.251859e-15 
9.251859e-15 
9.251859e-15 
9.251859e-15 
9.251859e-15 
9.251859e-15 
9.251859e-15 
9.251859e-15 
9.251859e-15 
9.251859e-15 
9.251859e-15 
9.251859e-15 
9.251859e-15 
8.881784e-15 
8.881784e-15 
8.881784e-15 
8.881784e-15 
8.881784e-15 
8.881784e-15 
8.881784e-15 
8.881784e-15 
7.401487e-15 
7.401487e-15 
7.401487e-15 
7.401487e-15 
7.401487e-15 
7.401487e-15 
7.401487e-15 
7.401487e-15 
7.401487e-15 
7.401487e-15 
7.401487e-15 
7.401487e-15 
7.031412e-15 
7.031412e-15 
7.031412e-15 
7.031412e-15 
7.031412e-15 
7.031412e-15 
7.031412e-15 
7.031412e-15 
7.031412e-15 
7.031412e-15 
7.031412e-15 
5.181041e-15 
5.181041e-15 
5.181041e-15 
5.181041e-15 
5.181041e-15 
5.181041e-15 
5.181041e-15 
5.181041e-15 
5.181041e-15 
5.181041e-15 
5.181041e-15 
5.181041e-15 
5.181041e-15 
5.181041e-15 
5.181041e-15 
5.181041e-15 
5.181041e-15 
5.181041e-15 
5.181041e-15 
5.181041e-15 
5.181041e-15 
5.181041e-15 
5.181041e-15 
5.181041e-15 
5.181041e-15 
5.181041e-15 
5.181041e-15 
5.181041e-15 
5.181041e-15 
5.181041e-15 
5.181041e-15 
5.181041e-15 
5.181041e-15 
5.181041e-15 
5.181041e-15 
5.181041e-15 
5.181041e-15 
5.181041e-15 
5.181041e-15 
5.181041e-15 
5.181041e-15 
5.181041e-15 
5.181041e-15 
5.181041e-15 
5.181041e-15 
5.181041e-15 
5.181041e-15 
5.181041e-15 
5.181041e-15 
5.181041e-15 
5.181041e-15 
5.181041e-15 
5.181041e-15 
5.181041e-15 
5.181041e-15 
5.181041e-15 
5.181041e-15 
5.181041e-15 
5.181041e-15 
5.181041e-15 
5.181041e-15 
5.181041e-15 
5.181041e-15 
5.181041e-15 
5.181041e-15 
5.181041e-15 
5.181041e-15 
5.181041e-15 
5.181041e-15 
5.181041e-15 
5.181041e-15 
5.181041e-15 
5.181041e-15 
5.181041e-15 
5.181041e-15 
5.181041e-15 
5.181041e-15 
5.181041e-15 
5.181041e-15 
5.181041e-15 
5.181041e-15 
5.181041e-15 
5.181041e-15 
5.181041e-15 
5.181041e-15 
5.181041e-15 
5.181041e-15 
5.181041e-15 
5.181041e-15 
5.181041e-15 
5.181041e-15 
5.181041e-15 
5.181041e-15 
5.181041e-15 
5.181041e-15 
5.181041e-15 
4.810966e-15 
4.810966e-15 
4.810966e-15 
4.810966e-15 
4.810966e-15 
4.810966e-15 
4.810966e-15 
4.810966e-15 
4.810966e-15 
4.810966e-15 
4.810966e-15 
4.070818e-15 
4.070818e-15 
4.070818e-15 
4.070818e-15 
3.700743e-15 
3.700743e-15 
3.700743e-15 
3.700743e-15 
3.700743e-15 
3.700743e-15 
3.700743e-15 
3.700743e-15 
3.700743e-15 
3.700743e-15 
3.700743e-15 
3.700743e-15 
3.700743e-15 
3.700743e-15 
3.700743e-15 
3.700743e-15 
3.700743e-15 
3.700743e-15 
3.700743e-15 
3.700743e-15 
3.700743e-15 
3.700743e-15 
3.700743e-15 
3.330669e-15 
1.480297e-15 
1.480297e-15 
1.480297e-15 
1.480297e-15 
1.480297e-15 
1.480297e-15 
1.480297e-15 
1.480297e-15 
1.480297e-15 
1.480297e-15 
1.480297e-15 
1.480297e-15 
1.480297e-15 
1.480297e-15 
1.480297e-15 
1.480297e-15 
1.480297e-15 
1.480297e-15 
1.480297e-15 
1.480297e-15 
1.480297e-15 
1.480297e-15 
1.480297e-15 
1.480297e-15 
1.480297e-15 
1.480297e-15 
1.480297e-15 
1.480297e-15 
1.480297e-15 
1.480297e-15 
1.480297e-15 
1.480297e-15 
1.480297e-15 
1.480297e-15 
1.480297e-15 
1.480297e-15 
1.480297e-15 
1.480297e-15 
1.480297e-15 
1.480297e-15 
1.480297e-15 
1.480297e-15 
1.480297e-15 
1.110223e-15 
1.110223e-15 
1.110223e-15 
1.110223e-15 
3.700743e-16 
3.700743e-16 
3.700743e-16 
3.700743e-16 
3.700743e-16 
3.700743e-16 
3.700743e-16 
3.700743e-16 
3.700743e-16 
3.700743e-16 
3.700743e-16 
3.700743e-16 
3.700743e-16 
3.700743e-16 
3.700743e-16 
3.700743e-16 
3.700743e-16 
3.700743e-16 
3.700743e-16 
3.700743e-16 
3.700743e-16 
3.700743e-16 
3.700743e-16 
3.700743e-16 
3.700743e-16 
3.700743e-16 
3.700743e-16 
3.700743e-16 
3.700743e-16 
3.700743e-16 
3.700743e-16 
3.700743e-16 
3.700743e-16 
3.700743e-16 
3.700743e-16 
3.700743e-16 
3.700743e-16 
3.700743e-16 
3.700743e-16 
3.700743e-16 
3.700743e-16 
3.700743e-16 
3.700743e-16 
3.700743e-16 
3.700743e-16 
3.700743e-16 
3.700743e-16 
3.700743e-16 
3.700743e-16 
3.700743e-16 
3.700743e-16 
3.700743e-16 
3.700743e-16 
3.700743e-16 
3.700743e-16 
3.700743e-16 
3.700743e-16 
3.700743e-16 
3.700743e-16 
3.700743e-16 
3.700743e-16 
3.700743e-16 
3.700743e-16 
3.700743e-16 
3.700743e-16 
3.700743e-16 
3.700743e-16 
3.700743e-16 
3.700743e-16 
3.700743e-16 
3.700743e-16 
3.700743e-16 
3.700743e-16 
3.700743e-16 
3.700743e-16 
3.700743e-16 
3.700743e-16 
3.700743e-16 
3.700743e-16 
3.700743e-16 
3.700743e-16 
3.700743e-16 
3.700743e-16 
3.700743e-16 
3.700743e-16 
3.700743e-16 
3.700743e-16 
3.700743e-16 
3.700743e-16 
3.700743e-16 
3.700743e-16 
3.700743e-16 
3.700743e-16 
3.700743e-16 
3.700743e-16 
3.700743e-16 
3.700743e-16 
3.700743e-16 
3.700743e-16 
3.700743e-16 
3.700743e-16 
3.700743e-16 
3.700743e-16 
3.700743e-16 
3.700743e-16 
3.700743e-16 
3.700743e-16 
3.700743e-16 
3.700743e-16 
3.700743e-16 
3.700743e-16 
3.700743e-16 
3.700743e-16 
0 
0 
0 
0 
0 
0 
0 
0 
0 
0 
0 
0 
0 
0 
0 
0 
0 
0 
0 
0 
0 
0 
0 
0 
0 
0 
0 
0 
0 
0 
0 
0 
0 
0 
0 
0 
0 
0 
0 
0 
0 
0 
0 
0 
0 
0 
0 
0 
0 
0 
0 
0 
0 
0 
0 
0 
0 
0 
0 
0 
0 
0 
0 
0 
0 
0 
0 
0 
0 
0 
0 
0 
0 
0 
0 
0 
0 
0 
0 
0 
0 
0 
0 
0 
0 
0 
0 
0 
0 
0 
0 
0 
0 
0 
0 
0 
0 
0 
0 
0 
0 
0 
0 
0 
0 
0 
0 
0 
0 
0 
0 
0 
0 
0 
0 
0 
0 
0 
0 
0 
0 
0 
0 
0 
0 
0 
0 
0 
0 
0 
0 
0 
0 
0 
0 
0 
0 
0 
0 
0 
0 
0 
0 
0 
0 
0 
0 
0 
0 
0 
0 
0 
0 
0 
0 
0 
0 
0 
0 
0 
0 
0 
0 
0 
0 
0 
0 
0 
0 
0 
0 
0 
0 
0 
0 
0 
0 
0 
0 
0 
0 
0 
0 
0 
0 
0 
0 
0 
0 
0 
0 
0 
0 
0 
0 
0 
0 
0 
0 
0 
0 
0 
0 
0 
0 
0 
0 
0 
0 
0 
0 
0 
0 
0 
0 
0 
0 
0 
0 
0 
0 
0 
0 
0 
0 
0 
0 
0 
0 
0 
0 
0 
0 
0 
0 
0 
0 
0 
0 
0 
0 
0 
0 
0 
0 
0 
0 
0 
0 
0 
0 
0 
0 
0 
0 
0 
0 
0 
0 
0 
0 
0 
0 
0 
0 
0 
0 
0 
0 
0 
0 
0 
0 
0 
0 
0 
0 
0 
0 
0 
0 
0 
0 
0 
0 
0 
0 
0 
0 
0 
0 
0 
0 
0 
0 
0 
0 
0 
0 
0 
0 
0 
0 
0 
0 
0 
0 
0 
0 
0 
0 
0 
0 
0 
0 
0 
0 
0 
0 
0 
0 
0 
0 
0 
0 
0 
0 
0 
0 
0 
0 
0 
0 
0 
0 
0 
0 
0 
0 
0 
0 
0 
0 
0 
0 
0 
0 
0 
0 
0 
0 
0 
0 
0 
0 
0 
0 
0 
0 
0 
0 
0 
0 
0 
0 
0 
0 
0 
0 
0 
0 
0 
0 
0 
0 
0 
0 
0 
0 
0 
0 
0 
0 
0 
0 
0 
0 
0 
0 
0 
0 
0 
0 
0 
0 
0 
0 
0 
0 
0 
0 
0 
0 
0 
0 
0 
0 
0 
0 
0 
0 
0 
0 
0 
0 
0 
0 
0 
0 
0 
0 
0 
0 
0 
0 
0 
0 
0 
0 
0 
0 
0 
0 
0 
0 
0 
0 
0 
0 
0 
0 
0 
0 
0 
0 
0 
0 
0 
0 
0 
0 
0 
0 
0 
0 
0 
0 
0 
0 
0 
0 
0 
0 
0 
0 
0 
0 
0 
0 
0 
0 
0 
0 
0 
0 
0 
0 
0 
0 
0 
0 
0 
0 
0 
0 
0 
0 
0 
0 
0 
0 
0 
0 
0 
0 
0 
0 
0 
0 
0 
0 
0 
0 
0 
0 
0 
0 
0 
0 
0 
0 
0 
0 
0 
0 
0 
0 
0 
0 
0 
0 
0 
0 
0 
0 
0 
0 
0 
0 
0 
0 
0 
0 
0 
0 
0 
0 
0 
0 
0 
0 
0 
0 
0 
0 
0 
0 
0 
0 
0 
0 
0 
0 
0 
0 
0 
0 
0 
0 
0 
0 
0 
0 
0 
0 
0 
0 
0 
0 
0 
0 
0 
0 
0 
0 
0 
0 
0 
0 
0 
0 
0 
0 
0 
0 
0 
0 
0 
0 
0 
0 
0 
0 
0 
0 
0 
0 
0 
0 
0 
0 
0 
0 
0 
0 
0 
0 
0 
0 
0 
0 
0 
0 
0 
0 
0 
0 
0 
0 
0 
0 
0 
0 
0 
0 
0 
0 
0 
0 
0 
0 
0 
0 
0 
0 
0 
0 
0 
0 
0 
0 
0 
0 
0 
0 
0 
0 
0 
0 
0 
0 
0 
0 
0 
0 
0 
0 
0 
0 
0 
0 
0 
0 
0 
0 
0 
0 
0 
0 
0 
0 
0 
0 
0 
0 
0 
0 
0 
0 
0 
0 
0 
0 
0 
0 
0 
0 
0 
0 
0 
0 
0 
0 
0 
0 
0 
0 
0 
0 
0 
0 
0 
0 
0 
0 
0 
0 
0 
0 
0 
0 
0 
0 
0 
0 
0 
0 
0 
0 
0 
0 
0 
0 
0 
0 
0 
0 
0 
0 
0 
0 
0 
0 
0 
0 
0 
0 
0 
0 
0 
0 
0 
0 
0 
0 
0 
0 
0 
0 
0 
0 
0 
0 
0 
0 
0 
0 
0 
0 
0 
0 
0 
0 
0 
0 
0 
0 
0 
0 
0 
0 
0 
0 
0 
0 
0 
0 
0 
0 
0 
0 
0 
0 
0 
0 
0 
0 
0 
0 
0 
0 
0 
0 
0 
0 
0 
0 
0 
0 
0 
0 
0 
0 
0 
0 
0 
0 
0 
0 
0 
0 
0 
0 
0 
0 
0 
0 
0 
0 
0 
0 
0 
0 
0 
0 
0 
0 
0 
0 
0 
0 
0 
0 
0 
0 
0 
0 
0 
0 
0 
0 
0 
0 
0 
0 
0 
0 
0 
0 
0 
0 
0 
0 
0 
0 
0 
0 
0 
0 
0 
0 
0 
0 
0 
0 
0 
0 
0 
0 
0 
0 
0 
0 
0 
0 
0 
0 
0 
0 
0 
0 
0 
0 
0 
0 
0 
0 
0 
0 
0 
0 
0 
0 
0 
0 
0 
0 
0 
0 
0 
0 
0 
0 
0 
0 
0 
0 
0 
0 
0 
0 
0 
0 
0 
0 
0 
0 
0 
0 
0 
0 
0 
0 
0 
0 
0 
0 
0 
0 
0 
0 
0 
0 
0 
0 
0 
0 
0 
0 
0 
0 
0 
0 
0 
0 
0 
0 
0 
0 
0 
0 
0 
0 
0 
0 
0 
0 
0 
0 
0 
0 
0 
0 
0 
0 
0 
0 
0 
0 
0 
0 
0 
0 
0 
0 
0 
0 
0 
0 
0 
0 
0 
0 
0 
0 
0 
0 
0 
0 
0 
0 
0 
0 
0 
0 
0 
0 
0 
0 
0 
0 
0 
0 
0 
0 
0 
0 
0 
0 
0 
0 
0 
0 
0 
0 
0 
0 
0 
0 
0 
0 
0 
0 
0 
0 
0 
0 
0 
0 
0 
0 
0 
0 
0 
0 
0 
0 
0 
0 
0 
0 
0 
0 
0 
0 
0 
0 
0 
0 
0 
0 
0 
0 
0 
0 
0 
0 
0 
0 
0 
0 
0 
0 
0 
0 
0 
0 
0 
0 
0 
0 
0 
0 
0 
0 
0 
0 
0 
0 
0 
0 
0 
0 
0 
0 
0 
0 
0 
0 
0 
0 
0 
0 
0 
0 
0 
0 
0 
0 
0 
0 
0 
0 
0 
0 
0 
0 
0 
0 
0 
0 
0 
0 
0 
0 
0 
0 
0 
0 
0 
0 
0 
0 
0 
0 
0 
0 
0 
0 
0 
0 
0 
0 
0 
0 
0 
0 
0 
0 
0 
0 
0 
0 
0 
0 
0 
0 
0 
0 
0 
0 
0 
0 
0 
0 
0 
0 
0 
0 
0 
0 
0 
0 
0 
0 
0 
0 
0 
0 
0 
0 
0 
0 
0 
0 
0 
0 
0 
0 
0 
0 
0 
0 
0 
0 
0 
0 
0 
0 
0 
0 
0 
0 
0 
0 
0 
0 
0 
0 
0 
0 
0 
0 
0 
0 
0 
0 
0 
0 
0 
0 
0 
0 
0 
0 
0 
0 
0 
0 
0 
0 
0 
0 
0 
0 
0 
0 
0 
0 
0 
0 
0 
0 
0 
0 
0 
0 
0 
0 
0 
0 
0 
0 
0 
0 
0 
0 
0 
0 
0 
0 
0 
0 
0 
0 
0 
0 
0 
0 
0 
0 
0 
0 
0 
0 
0 
0 
0 
0 
0 
0 
0 
0 
0 
0 
0 
0 
0 
0 
0 
0 
0 
0 
0 
0 
0 
0 
0 
0 
0 
0 
0 
0 
0 
0 
0 
0 
0 
0 
0 
0 
0 
0 
0 
0 
0 
0 
0 
0 
0 
0 
0 
0 
0 
0 
0 
0 
0 
0 
0 
0 
0 
0 
0 
0 
0 
0 
0 
0 
0 
0 
0 
0 
0 
0 
0 
0 
0 
0 
0 
0 
0 
0 
0 
0 
0 
0 
0 
0 
0 
0 
0 
0 
0 
0 
0 
0 
0 
0 
0 
0 
0 
0 
0 
0 
0 
0 
0 
0 
0 
0 
0 
0 
0 
0 
0 
0 
0 
0 
0 
0 
0 
0 
0 
0 
0 
0 
0 
0 
0 
0 
0 
0 
0 
0 
0 
0 
0 
0 
0 
0 
0 
0 
0 
0 
0 
0 
0 
0 
0 
0 
0 
0 
0 
0 
0 
0 
0 
0 
0 
0 
0 
0 
0 
0 
0 
0 
0 
0 
0 
0 
0 
0 
0 
0 
0 
0 
0 
0 
0 
0 
0 
0 
0 
0 
0 
0 
0 
0 
0 
0 
0 
0 
0 
0 
0 
0 
0 
0 
0 
0 
0 
0 
0 
0 
0 
0 
0 
0 
0 
0 
0 
0 
0 
0 
0 
0 
0 
0 
0 
0 
0 
0 
0 
0 
0 
0 
0 
0 
0 
0 
0 
0 
0 
0 
0 
0 
0 
0 
0 
0 
0 
0 
0 
0 
0 
0 
0 
0 
0 
0 
0 
0 
0 
0 
0 
0 
0 
0 
0 
0 
0 
0 
0 
0 
0 
0 
0 
0 
0 
0 
0 
0 
0 
0 
0 
0 
0 
0 
0 
0 
0 
0 
0 
0 
0 
0 
0 
0 
0 
0 
0 
0 
0 
0 
0 
0 
0 
0 
0 
0 
0 
0 
0 
0 
0 
0 
0 
0 
0 
0 
0 
0 
0 
0 
0 
0 
0 
0 
0 
0 
0 
0 
0 
0 
0 
0 
0 
0 
0 
0 
0 
0 
0 
0 
0 
0 
0 
0 
0 
0 
0 
0 
0 
0 
0 
0 
0 
0 
0 
0 
0 
0 
0 
0 
0 
0 
0 
0 
0 
0 
0 
0 
0 
0 
0 
0 
0 
0 
0 
0 
0 
0 
0 
0 
0 
0 
0 
0 
0 
0 
0 
0 
0 
0 
0 
0 
0 
0 
0 
0 
0 
0 
0 
0 
0 
0 
0 
0 
0 
0 
0 
0 
0 
0 
0 
0 
0 
0 
0 
0 
0 
0 
0 
0 
0 
0 
0 
0 
0 
0 
0 
0 
0 
0 
0 
0 
0 
0 
0 
0 
0 
0 
0 
0 
0 
0 
0 
0 
0 
0 
0 
0 
0 
0 
0 
0 
0 
0 
0 
0 
0 
0 
0 
0 
0 
0 
0 
0 
0 
0 
0 
0 
0 
0 
0 
0 
0 
0 
0 
0 
0 
0 
0 
0 
0 
0 
0 
0 
0 
0 
0 
0 
0 
0 
0 
0 
0 
0 
0 
0 
0 
0 
0 
0 
0 
0 
0 
0 
0 
0 
0 
0 
0 
0 
0 
0 
0 
0 
0 
0 
0 
0 
0 
0 
0 
0 
0 
0 
0 
0 
0 
0 
0 
0 
0 
0 
0 
0 
0 
0 
0 
0 
0 
0 
0 
0 
0 
0 
0 
0 
0 
0 
0 
0 
0 
0 
0 
0 
0 
0 
0 
0 
0 
0 
0 
0 
0 
0 
0 
0 
0 
0 
0 
0 
0 
0 
0 
0 
0 
0 
0 
0 
0 
0 
0 
0 
0 
0 
0 
0 
0 
0 
0 
0 
0 
0 
0 
0 
0 
0 
0 
0 
0 
0 
0 
0 
0 
0 
0 
0 
0 
0 
0 
0 
0 
0 
0 
0 
0 
0 
0 
0 
0 
0 
0 
0 
0 
0 
0 
0 
0 
0 
0 
0 
0 
0 
0 
0 
0 
0 
0 
0 
0 
0 
0 
0 
0 
0 
0 
0 
0 
0 
0 
0 
0 
0 
0 
0 
0 
0 
0 
0 
0 
0 
0 
0 
0 
0 
0 
0 
0 
0 
0 
0 
0 
0 
0 
0 
0 
0 
0 
0 
0 
0 
0 
0 
0 
0 
0 
0 
0 
0 
0 
0 
0 
0 
0 
0 
0 
0 
0 
0 
0 
0 
0 
0 
0 
0 
0 
0 
0 
0 
0 
0 
0 
0 
0 
0 
0 
0 
0 
0 
0 
0 
0 
0 
0 
0 
0 
0 
0 
0 
0 
0 
0 
0 
0 
0 
0 
0 
0 
0 
0 
0 
0 
0 
0 
0 
0 
0 
0 
0 
0 
0 
0 
0 
0 
0 
0 
0 
0 
0 
0 
0 
0 
0 
0 
0 
0 
0 
0 
0 
0 
0 
0 
0 
0 
0 
0 
0 
0 
0 
0 
0 
0 
0 
0 
0 
0 
0 
0 
0 
0 
0 
0 
0 
0 
0 
0 
0 
0 
0 
0 
0 
0 
0 
0 
0 
0 
0 
0 
0 
0 
0 
0 
0 
0 
0 
0 
0 
0 
0 
0 
0 
0 
0 
0 
0 
0 
0 
0 
0 
0 
0 
0 
0 
0 
0 
0 
0 
0 
0 
0 
0 
0 
0 
0 
0 
0 
0 
0 
0 
0 
0 
0 
0 
0 
0 
0 
0 
0 
0 
0 
0 
0 
0 
0 
0 
0 
0 
0 
0 
0 
0 
0 
0 
0 
0 
0 
0 
0 
0 
0 
0 
0 
0 
0 
0 
0 
0 
0 
0 
0 
0 
0 
0 
0 
0 
0 
0 
0 
0 
0 
0 
0 
0 
0 
0 
0 
0 
0 
0 
0 
0 
0 
0 
0 
0 
0 
0 
0 
0 
0 
0 
0 
0 
0 
0 
0 
0 
0 
0 
0 
0 
0 
0 
0 
0 
0 
0 
0 
0 
0 
0 
0 
0 
0 
0 
0 
0 
0 
0 
0 
0 
0 
0 
0 
0 
0 
0 
0 
0 
0 
0 
0 
0 
0 
0 
0 
0 
0 
0 
0 
0 
0 
0 
0 
0 
0 
0 
0 
0 
0 
0 
0 
0 
0 
0 
0 
0 
0 
0 
0 
0 
0 
0 
0 
0 
0 
0 
0 
0 
0 
0 
0 
0 
0 
0 
0 
0 
0 
0 
0 
0 
0 
0 
0 
0 
0 
0 
0 
0 
0 
0 
0 
0 
0 
0 
0 
0 
0 
0 
0 
0 
0 
0 
0 
0 
0 
0 
0 
0 
0 
0 
0 
0 
0 
0 
0 
0 
0 
0 
0 
0 
0 
0 
0 
0 
0 
0 
0 
0 
0 
0 
0 
0 
0 
0 
0 
0 
0 
0 
0 
0 
0 
0 
0 
0 
0 
0 
0 
0 
0 
0 
0 
0 
0 
0 
0 
0 
0 
0 
0 
0 
0 
0 
0 
0 
0 
0 
0 
0 
0 
0 
0 
0 
0 
0 
0 
0 
0 
0 
0 
0 
0 
0 
0 
0 
0 
0 
0 
0 
0 
0 
0 
0 
0 
0 
0 
0 
0 
0 
0 
0 
0 
0 
0 
0 
0 
0 
0 
0 
0 
0 
0 
0 
0 
0 
0 
0 
0 
0 
0 
0 
0 
0 
0 
0 
0 
0 
0 
0 
0 
0 
0 
0 
0 
0 
0 
0 
0 
0 
0 
0 
0 
0 
0 
0 
0 
0 
0 
0 
0 
0 
0 
0 
0 
0 
0 
0 
0 
0 
0 
0 
0 
0 
0 
0 
0 
0 
0 
0 
0 
0 
0 
0 
0 
0 
0 
0 
0 
0 
0 
0 
0 
0 
0 
0 
0 
0 
0 
0 
0 
0 
0 
0 
0 
0 
0 
0 
0 
0 
0 
0 
0 
0 
0 
0 
0 
0 
0 
0 
0 
0 
0 
0 
0 
0 
0 
0 
0 
0 
0 
0 
0 
0 
0 
0 
0 
0 
0 
0 
0 
0 
0 
0 
0 
0 
0 
0 
0 
0 
0 
0 
0 
0 
0 
0 
0 
0 
0 
0 
0 
0 
0 
0 
0 
0 
0 
0 
0 
0 
0 
0 
0 
0 
0 
0 
0 
0 
0 
0 
0 
0 
0 
0 
0 
0 
0 
0 
0 
0 
0 
0 
0 
0 
0 
0 
0 
0 
0 
0 
0 
0 
0 
0 
0 
0 
0 
0 
0 
0 
0 
0 
0 
0 
0 
0 
0 
0 
0 
0 
0 
0 
0 
0 
0 
0 
0 
0 
0 
0 
0 
0 
0 
0 
0 
0 
0 
0 
0 
0 
0 
0 
0 
0 
0 
0 
0 
0 
0 
0 
0 
0 
0 
0 
0 
0 
0 
0 
0 
0 
0 
0 
0 
0 
0 
0 
0 
0 
0 
0 
0 
0 
0 
0 
0 
0 
0 
0 
0 
0 
0 
0 
0 
0 
0 
0 
0 
0 
0 
0 
0 
0 
0 
0 
0 
0 
0 
0 
0 
0 
0 
0 
0 
0 
0 
0 
0 
0 
0 
0 
0 
0 
0 
0 
0 
0 
0 
0 
0 
0 
0 
0 
0 
0 
0 
0 
0 
0 
0 
0 
0 
0 
0 
0 
0 
0 
0 
0 
0 
0 
0 
0 
0 
0 
0 
0 
0 
0 
0 
0 
0 
0 
0 
0 
0 
0 
0 
0 
0 
0 
0 
0 
0 
0 
0 
0 
0 
0 
0 
0 
0 
0 
0 
0 
0 
0 
0 
0 
0 
0 
0 
0 
0 
0 
0 
0 
0 
0 
0 
0 
0 
0 
0 
0 
0 
0 
0 
0 
0 
0 
0 
0 
0 
0 
0 
0 
0 
0 
0 
0 
0 
0 
0 
0 
0 
0 
0 
0 
0 
0 
0 
0 
0 
0 
0 
0 
0 
0 
0 
0 
0 
0 
0 
0 
0 
0 
0 
0 
0 
0 
0 
0 
0 
0 
0 
0 
0 
0 
0 
0 
0 
0 
0 
0 
0 
0 
0 
0 
0 
0 
0 
0 
0 
0 
0 
0 
0 
0 
0 
0 
0 
0 
0 
0 
0 
0 
0 
0 
0 
0 
0 
0 
0 
0 
0 
0 
0 
0 
0 
0 
0 
0 
0 
0 
0 
0 
0 
0 
0 
0 
0 
0 
0 
0 
0 
0 
0 
0 
0 
0 
0 
0 
0 
0 
0 
0 
0 
0 
0 
0 
0 
0 
0 
0 
0 
0 
0 
0 
0 
0 
0 
0 
0 
0 
0 
0 
0 
0 
0 
0 
0 
0 
0 
0 
0 
0 
0 
0 
0 
0 
0 
0 
0 
0 
0 
0 
0 
0 
0 
0 
0 
0 
0 
0 
0 
0 
0 
0 
0 
0 
0 
0 
0 
0 
0 
0 
0 
0 
0 
0 
0 
0 
0 
0 
0 
0 
0 
0 
0 
0 
0 
0 
0 
0 
0 
0 
0 
0 
0 
0 
0 
0 
0 
0 
0 
0 
0 
0 
0 
0 
0 
0 
0 
0 
0 
0 
0 
0 
0 
0 
0 
0 
0 
0 
0 
0 
0 
0 
0 
0 
0 
0 
0 
0 
0 
0 
0 
0 
0 
0 
0 
0 
0 
0 
0 
0 
0 
0 
0 
0 
0 
0 
0 
0 
0 
0 
0 
0 
0 
0 
0 
0 
0 
0 
0 
0 
0 
0 
0 
0 
0 
0 
0 
0 
0 
0 
0 
0 
0 
0 
0 
0 
0 
0 
0 
0 
0 
0 
0 
0 
0 
0 
0 
0 
0 
0 
0 
0 
0 
0 
0 
0 
0 
0 
0 
0 
0 
0 
0 
0 
0 
0 
0 
0 
0 
0 
0 
0 
0 
0 
0 
0 
0 
0 
0 
0 
0 
0 
0 
0 
0 
0 
0 
0 
0 
0 
0 
0 
0 
0 
0 
0 
0 
0 
0 
0 
0 
0 
0 
0 
0 
0 
0 
0 
0 
0 
0 
0 
0 
0 
0 
0 
0 
0 
0 
0 
0 
0 
0 
0 
0 
0 
0 
0 
0 
0 
0 
0 
0 
0 
0 
0 
0 
0 
0 
0 
0 
0 
0 
0 
0 
0 
0 
0 
0 
0 
0 
0 
0 
0 
0 
0 
0 
0 
0 
0 
0 
0 
0 
0 
0 
0 
0 
0 
0 
0 
0 
0 
0 
0 
0 
0 
0 
0 
0 
0 
0 
0 
0 
0 
0 
0 
0 
0 
0 
0 
0 
0 
0 
0 
0 
0 
0 
0 
0 
0 
0 
0 
0 
0 
0 
0 
0 
0 
0 
0 
0 
0 
0 
0 
0 
0 
0 
0 
0 
0 
0 
0 
0 
0 
0 
0 
0 
0 
0 
0 
0 
0 
0 
0 
0 
0 
0 
0 
0 
0 
0 
0 
0 
0 
0 
0 
0 
0 
0 
0 
0 
0 
0 
0 
0 
0 
0 
0 
0 
0 
0 
0 
0 
0 
0 
0 
0 
0 
0 
0 
0 
0 
0 
0 
0 
0 
0 
0 
0 
0 
0 
0 
0 
0 
0 
0 
0 
0 
0 
0 
0 
0 
0 
0 
0 
0 
0 
0 
0 
0 
0 
0 
0 
0 
0 
0 
0 
0 
0 
0 
0 
0 
0 
0 
0 
0 
0 
0 
0 
0 
0 
0 
0 
0 
0 
0 
0 
0 
0 
0 
0 
0 
0 
0 
0 
0 
0 
0 
0 
0 
0 
0 
0 
0 
0 
0 
0 
0 
0 
0 
0 
0 
0 
0 
0 
0 
0 
0 
0 
0 
0 
0 
0 
0 
0 
0 
0 
0 
0 
0 
0 
0 
0 
0 
0 
0 
0 
0 
0 
0 
0 
0 
0 
0 
0 
0 
0 
0 
0 
0 
0 
0 
0 
0 
0 
0 
0 
0 
0 
0 
0 
0 
0 
0 
0 
0 
0 
0 
0 
0 
0 
0 
0 
0 
0 
0 
0 
0 
0 
0 
0 
0 
0 
0 
0 
0 
0 
0 
0 
0 
0 
0 
0 
0 
0 
0 
0 
0 
0 
0 
0 
0 
0 
0 
0 
0 
0 
0 
0 
0 
0 
0 
0 
0 
0 
0 
0 
0 
0 
0 
0 
0 
0 
0 
0 
0 
0 
0 
0 
0 
0 
0 
0 
0 
0 
0 
0 
0 
0 
0 
0 
0 
0 
0 
0 
0 
0 
0 
0 
0 
0 
0 
0 
0 
0 
0 
0 
0 
0 
0 
0 
0 
0 
0 
0 
0 
0 
0 
0 
0 
0 
0 
0 
0 
0 
0 
0 
0 
0 
0 
0 
0 
0 
0 
0 
0 
0 
0 
0 
0 
0 
0 
0 
0 
0 
0 
0 
0 
0 
0 
0 
0 
0 
0 
0 
0 
0 
0 
0 
0 
0 
0 
0 
0 
0 
0 
0 
0 
0 
0 
0 
0 
0 
0 
0 
0 
0 
0 
0 
0 
0 
0 
0 
0 
0 
0 
0 
0 
0 
0 
0 
0 
0 
0 
0 
0 
0 
0 
0 
0 
0 
0 
0 
0 
0 
0 
0 
0 
0 
0 
0 
0 
0 
0 
0 
0 
0 
0 
0 
0 
0 
0 
0 
0 
0 
0 
0 
0 
0 
0 
0 
0 
0 
0 
0 
0 
0 
0 
0 
0 
0 
0 
0 
0 
0 
0 
0 
0 
0 
0 
0 
0 
0 
0 
0 
0 
0 
0 
0 
0 
0 
0 
0 
0 
0 
0 
0 
0 
0 
0 
0 
0 
0 
0 
0 
0 
0 
0 
0 
0 
0 
0 
0 
0 
0 
0 
0 
0 
0 
0 
0 
0 
0 
0 
0 
0 
0 
0 
0 
0 
0 
0 
0 
0 
0 
0 
0 
0 
0 
0 
0 
0 
0 
0 
0 
0 
0 
0 
0 
0 
0 
0 
0 
0 
0 
0 
0 
0 
0 
0 
0 
0 
0 
0 
0 
0 
0 
0 
0 
0 
0 
0 
0 
0 
0 
0 
0 
0 
0 
0 
0 
0 
0 
0 
0 
0 
0 
0 
0 
0 
0 
0 
0 
0 
0 
0 
0 
0 
0 
0 
0 
0 
0 
0 
0 
0 
0 
0 
0 
0 
0 
0 
0 
0 
0 
0 
0 
0 
0 
0 
0 
0 
0 
0 
0 
0 
0 
0 
0 
0 
0 
0 
0 
0 
0 
0 
0 
0 
0 
0 
0 
0 
0 
0 
0 
0 
0 
0 
0 
0 
0 
0 
0 
0 
0 
0 
0 
0 
0 
0 
0 
0 
0 
0 
0 
0 
0 
0 
0 
0 
0 
0 
0 
0 
0 
0 
0 
0 
0 
0 
0 
0 
0 
0 
0 
0 
0 
0 
0 
0 
0 
0 
0 
0 
0 
0 
0 
0 
0 
0 
0 
0 
0 
0 
0 
0 
0 
0 
0 
0 
0 
0 
0 
0 
0 
0 
0 
0 
0 
0 
0 
0 
0 
0 
0 
0 
0 
0 
0 
0 
0 
0 
0 
0 
0 
0 
0 
0 
0 
0 
0 
0 
0 
0 
0 
0 
0 
0 
0 
0 
0 
0 
0 
0 
0 
0 
0 
0 
0 
0 
0 
0 
0 
0 
0 
0 
0 
0 
0 
0 
0 
0 
0 
0 
0 
0 
0 
0 
0 
0 
0 
0 
0 
0 
0 
0 
0 
0 
0 
0 
0 
0 
0 
0 
0 
0 
0 
0 
0 
0 
0 
0 
0 
0 
0 
0 
0 
0 
0 
0 
0 
0 
0 
0 
0 
0 
0 
0 
0 
0 
0 
0 
0 
0 
0 
0 
0 
0 
0 
0 
0 
0 
0 
0 
0 
0 
0 
0 
0 
0 
0 
0 
0 
0 
0 
0 
0 
0 
0 
0 
0 
0 
0 
0 
0 
0 
0 
0 
0 
0 
0 
0 
0 
0 
0 
0 
0 
0 
0 
0 
0 
0 
0 
0 
0 
0 
0 
0 
0 
0 
0 
0 
0 
0 
0 
0 
0 
0 
0 
0 
0 
0 
0 
0 
0 
0 
0 
0 
0 
0 
0 
0 
0 
0 
0 
0 
0 
0 
0 
0 
0 
0 
0 
0 
0 
0 
0 
0 
0 
0 
0 
0 
0 
0 
0 
0 
0 
0 
0 
0 
0 
0 
0 
0 
0 
0 
0 
0 
0 
0 
0 
0 
0 
0 
0 
0 
0 
0 
0 
0 
0 
0 
0 
0 
0 
0 
0 
0 
0 
0 
0 
0 
0 
0 
0 
0 
0 
0 
0 
0 
0 
0 
0 
0 
0 
0 
0 
0 
0 
0 
0 
0 
0 
0 
0 
0 
0 
0 
0 
0 
0 
0 
0 
0 
0 
0 
0 
0 
0 
0 
0 
0 
0 
0 
0 
0 
0 
0 
0 
0 
0 
0 
0 
0 
0 
0 
0 
0 
0 
0 
0 
0 
0 
0 
0 
0 
0 
0 
0 
0 
0 
0 
0 
0 
0 
0 
0 
0 
0 
0 
0 
0 
0 
0 
0 
0 
0 
0 
0 
0 
0 
0 
0 
0 
0 
0 
0 
0 
0 
0 
0 
0 
0 
0 
0 
0 
0 
0 
0 
0 
0 
0 
0 
0 
0 
0 
0 
0 
0 
0 
0 
0 
0 
0 
0 
0 
0 
0 
0 
0 
0 
0 
0 
0 
0 
0 
0 
0 
0 
0 
0 
0 
0 
0 
0 
0 
0 
0 
0 
0 
0 
0 
0 
0 
0 
0 
0 
0 
0 
0 
0 
0 
0 
0 
0 
0 
0 
0 
0 
0 
0 
0 
0 
0 
0 
0 
0 
0 
0 
0 
0 
0 
0 
0 
0 
0 
0 
0 
0 
0 
0 
0 
0 
0 
0 
0 
0 
0 
0 
0 
0 
0 
0 
0 
0 
0 
0 
0 
0 
0 
0 
0 
0 
0 
0 
0 
0 
0 
0 
0 
0 
0 
0 
0 
0 
0 
0 
0 
0 
0 
0 
0 
0 
0 
0 
0 
0 
0 
0 
0 
0 
0 
0 
0 
0 
0 
0 
0 
0 
0 
0 
0 
0 
0 
0 
0 
0 
0 
0 
0 
0 
0 
0 
0 
0 
0 
0 
0 
0 
0 
0 
0 
0 
0 
0 
0 
0 
0 
0 
0 
0 
0 
0 
0 
0 
0 
0 
0 
0 
0 
0 
0 
0 
0 
0 
0 
0 
0 
0 
0 
0 
0 
0 
0 
0 
0 
0 
0 
0 
0 
0 
0 
0 
0 
0 
0 
0 
0 
0 
0 
0 
0 
0 
0 
0 
0 
0 
0 
0 
0 
0 
0 
0 
0 
0 
0 
0 
0 
0 
0 
0 
0 
0 
0 
0 
0 
0 
0 
0 
0 
0 
0 
0 
0 
0 
0 
0 
0 
0 
0 
0 
0 
0 
0 
0 
0 
0 
0 
0 
0 
0 
0 
0 
0 
0 
0 
0 
0 
0 
0 
0 
0 
0 
0 
0 
0 
0 
0 
0 
0 
0 
0 
0 
0 
0 
0 
0 
0 
0 
0 
0 
0 
0 
0 
0 
0 
0 
0 
0 
0 
0 
0 
0 
0 
0 
0 
0 
0 
0 
0 
0 
0 
0 
0 
0 
0 
0 
0 
0 
0 
0 
0 
0 
0 
0 
0 
0 
0 
0 
0 
