3.255341e-224 
1.514054e-225 
3.703695e-222 
4.337549e-221 
1.143363e-231 
1.987664e-227 
8.270028e-221 
5.366066e-218 
7.252358e-221 
1.032591e-228 
2.396901e-231 
2.854065e-228 
2.298127e-230 
2.314399e-224 
1.843250e-228 
1.179913e-225 
3.438664e-222 
2.423467e-226 
5.750162e-234 
8.439136e-223 
2.272842e-228 
1.655777e-230 
1.023251e-227 
3.394582e-230 
1.172256e-226 
7.171057e-230 
9.523250e-228 
7.002248e-226 
4.242996e-225 
9.936192e-231 
average=1.795577e-219 
std=0 
best=5.750162e-234 
