5.044478e+09 
2.893944e+09 
1.557927e+09 
6.006145e+08 
6.006145e+08 
5.866915e+08 
3.529043e+08 
1.678924e+08 
1.678924e+08 
1.678924e+08 
1.097013e+08 
8.016695e+07 
8.016695e+07 
7.651655e+07 
4.314400e+07 
2.751968e+07 
2.109919e+07 
2.109919e+07 
1.685580e+07 
1.685580e+07 
7.241517e+06 
7.241517e+06 
7.241517e+06 
4.340069e+06 
1.792272e+06 
1.792272e+06 
1.558125e+06 
1.378561e+06 
1.351002e+06 
1.351002e+06 
1.057785e+06 
1.057785e+06 
9.123650e+05 
9.123650e+05 
7.943859e+05 
7.361953e+05 
2.783267e+05 
2.783267e+05 
2.783267e+05 
2.408468e+05 
1.700855e+05 
1.700855e+05 
1.700855e+05 
1.100745e+05 
7.910503e+04 
7.782068e+04 
4.527269e+04 
4.527269e+04 
3.861586e+04 
3.741365e+04 
3.741365e+04 
3.740185e+04 
3.730028e+04 
2.756673e+04 
2.159363e+04 
2.159363e+04 
1.939158e+04 
1.939158e+04 
1.939158e+04 
1.762876e+04 
1.592721e+04 
1.305676e+04 
1.199755e+04 
9.829523e+03 
9.660675e+03 
9.660675e+03 
9.284767e+03 
8.245930e+03 
8.236762e+03 
7.570280e+03 
7.570280e+03 
7.570280e+03 
7.560188e+03 
7.560188e+03 
7.450410e+03 
7.416817e+03 
7.174827e+03 
7.174827e+03 
7.174827e+03 
7.164638e+03 
7.092562e+03 
7.092562e+03 
7.092562e+03 
6.917806e+03 
6.917806e+03 
6.891202e+03 
6.891202e+03 
6.874296e+03 
6.849953e+03 
6.849953e+03 
6.849953e+03 
6.776547e+03 
6.711848e+03 
6.699286e+03 
6.693671e+03 
6.685991e+03 
6.668839e+03 
6.634986e+03 
6.619680e+03 
6.592711e+03 
6.480660e+03 
6.399601e+03 
6.343087e+03 
6.116936e+03 
5.686654e+03 
5.250605e+03 
4.887371e+03 
4.560160e+03 
4.214733e+03 
3.706307e+03 
3.224317e+03 
2.597907e+03 
2.092671e+03 
1.440050e+03 
9.755989e+02 
6.571298e+02 
3.001398e+02 
1.945693e+02 
1.467813e+02 
1.209575e+02 
1.209575e+02 
9.223046e+01 
8.939683e+01 
7.177574e+01 
4.914232e+01 
4.025712e+01 
2.829266e+01 
2.433246e+01 
2.433246e+01 
1.920583e+01 
1.607804e+01 
1.607804e+01 
1.255491e+01 
1.232592e+01 
1.232592e+01 
1.020397e+01 
5.038386e+00 
4.177506e+00 
2.077623e+00 
1.437468e+00 
1.437468e+00 
1.437468e+00 
1.285404e+00 
9.421283e-01 
9.421283e-01 
8.024658e-01 
7.271731e-01 
7.271731e-01 
7.271731e-01 
5.198732e-01 
4.072687e-01 
4.067441e-01 
3.714773e-01 
3.502556e-01 
2.729848e-01 
2.179949e-01 
1.292103e-01 
7.882229e-02 
7.882229e-02 
7.766294e-02 
7.766294e-02 
6.123373e-02 
4.956455e-02 
4.956455e-02 
3.530505e-02 
2.843748e-02 
2.843748e-02 
2.192003e-02 
1.465501e-02 
1.057088e-02 
8.974056e-03 
8.974056e-03 
7.453198e-03 
7.453198e-03 
6.021149e-03 
4.407726e-03 
4.104879e-03 
4.058921e-03 
3.688341e-03 
3.247993e-03 
2.040040e-03 
7.296736e-04 
7.296736e-04 
7.296736e-04 
7.163834e-04 
6.783183e-04 
4.727882e-04 
3.527808e-04 
3.527808e-04 
2.543636e-04 
2.543636e-04 
2.426310e-04 
2.025365e-04 
2.025365e-04 
1.927484e-04 
1.415996e-04 
1.230061e-04 
9.112958e-05 
7.057034e-05 
4.703011e-05 
4.703011e-05 
4.703011e-05 
3.231791e-05 
3.141029e-05 
2.550138e-05 
2.240044e-05 
2.240044e-05 
1.520314e-05 
6.559174e-06 
6.559174e-06 
5.728879e-06 
3.397258e-06 
3.397258e-06 
2.882186e-06 
2.882186e-06 
2.882186e-06 
2.882186e-06 
2.422553e-06 
1.990444e-06 
1.648634e-06 
1.648634e-06 
1.560628e-06 
6.381337e-07 
6.381337e-07 
6.381337e-07 
5.159084e-07 
5.088553e-07 
5.088553e-07 
3.286457e-07 
1.055695e-07 
9.215424e-08 
9.215424e-08 
6.412308e-08 
6.412308e-08 
6.412308e-08 
6.412308e-08 
6.310319e-08 
5.602260e-08 
4.018888e-08 
3.206201e-08 
2.379740e-08 
2.311394e-08 
2.307013e-08 
1.203594e-08 
1.203594e-08 
1.203594e-08 
9.713633e-09 
5.725385e-09 
5.002235e-09 
5.002235e-09 
2.202302e-09 
1.869081e-09 
1.024556e-09 
1.024556e-09 
8.089670e-10 
4.081100e-10 
3.113454e-10 
2.829142e-10 
2.554281e-10 
1.820051e-10 
1.471725e-10 
1.471725e-10 
1.281148e-10 
1.281148e-10 
1.281148e-10 
1.067021e-10 
9.644273e-11 
8.102610e-11 
6.557463e-11 
6.557463e-11 
5.486969e-11 
5.218134e-11 
4.104849e-11 
3.907130e-11 
3.907130e-11 
3.907130e-11 
2.935497e-11 
2.653859e-11 
2.319069e-11 
2.319069e-11 
1.399613e-11 
1.399613e-11 
1.399613e-11 
1.127155e-11 
9.614664e-12 
5.213858e-12 
5.213858e-12 
5.213858e-12 
5.213858e-12 
2.666164e-12 
2.666164e-12 
2.666164e-12 
2.666164e-12 
1.417707e-12 
1.004593e-12 
8.704507e-13 
8.704507e-13 
6.579578e-13 
6.579578e-13 
4.838852e-13 
1.728117e-13 
1.728117e-13 
1.728117e-13 
1.679521e-13 
1.410419e-13 
1.357369e-13 
1.178210e-13 
9.730551e-14 
5.515003e-14 
3.504862e-14 
3.504862e-14 
1.618368e-14 
1.618368e-14 
1.355458e-14 
1.024711e-14 
1.024711e-14 
9.031935e-15 
8.173618e-15 
7.936522e-15 
6.677295e-15 
6.563523e-15 
3.559872e-15 
2.379841e-15 
2.379841e-15 
2.087729e-15 
9.678489e-16 
9.145497e-16 
8.965401e-16 
8.965401e-16 
5.292725e-16 
2.911389e-16 
2.219597e-16 
2.084117e-16 
1.826186e-16 
9.647233e-17 
8.034653e-17 
8.034653e-17 
7.952473e-17 
6.818139e-17 
6.319408e-17 
2.946242e-17 
2.946242e-17 
1.739319e-17 
1.708672e-17 
1.708672e-17 
7.817974e-18 
6.439726e-18 
4.363311e-18 
4.235874e-18 
3.867723e-18 
3.867723e-18 
3.377903e-18 
3.377903e-18 
3.377903e-18 
2.667606e-18 
2.564749e-18 
2.354699e-18 
2.145225e-18 
1.402632e-18 
1.402632e-18 
1.402632e-18 
1.402632e-18 
1.053515e-18 
9.484729e-19 
9.331529e-19 
8.540320e-19 
8.110121e-19 
7.427042e-19 
5.436776e-19 
5.341790e-19 
5.143121e-19 
4.625076e-19 
3.284156e-19 
2.328841e-19 
2.328841e-19 
2.291616e-19 
1.832095e-19 
1.832095e-19 
1.747269e-19 
1.499960e-19 
1.388525e-19 
1.213738e-19 
5.981272e-20 
5.981272e-20 
3.576880e-20 
2.947436e-20 
2.423891e-20 
2.423891e-20 
2.005440e-20 
1.406887e-20 
1.406887e-20 
1.406887e-20 
9.477196e-21 
8.443369e-21 
8.443369e-21 
7.824319e-21 
5.005462e-21 
4.154964e-21 
1.398288e-21 
1.398288e-21 
1.260622e-21 
1.260622e-21 
1.176605e-21 
8.982518e-22 
8.670201e-22 
5.233567e-22 
5.233567e-22 
5.000152e-22 
4.964325e-22 
4.964325e-22 
4.290753e-22 
2.925976e-22 
2.137139e-22 
2.137139e-22 
1.834391e-22 
1.834391e-22 
1.622864e-22 
1.395057e-22 
7.003182e-23 
7.003182e-23 
4.056053e-23 
4.056053e-23 
3.208773e-23 
3.208773e-23 
3.208773e-23 
2.895291e-23 
2.895291e-23 
2.295853e-23 
1.368752e-23 
1.368752e-23 
4.999035e-24 
4.999035e-24 
4.999035e-24 
4.799212e-24 
2.264150e-24 
2.264150e-24 
2.264150e-24 
1.623526e-24 
1.306043e-24 
1.306043e-24 
1.228540e-24 
9.490882e-25 
9.490882e-25 
7.711108e-25 
7.449747e-25 
7.253116e-25 
6.777176e-25 
5.138777e-25 
4.558830e-25 
4.034489e-25 
2.906885e-25 
2.560801e-25 
2.247103e-25 
2.247103e-25 
2.181480e-25 
6.307860e-26 
6.307860e-26 
6.301250e-26 
4.469890e-26 
4.147431e-26 
3.418208e-26 
2.529974e-26 
2.529974e-26 
1.741674e-26 
1.741674e-26 
1.741674e-26 
1.347993e-26 
1.347993e-26 
1.274138e-26 
1.274138e-26 
1.121695e-26 
9.377982e-27 
9.377982e-27 
9.377982e-27 
6.588283e-27 
6.588283e-27 
6.588283e-27 
6.458433e-27 
6.458433e-27 
5.961593e-27 
5.435398e-27 
5.435297e-27 
5.435297e-27 
4.003828e-27 
3.803789e-27 
1.055745e-27 
9.475109e-28 
8.367679e-28 
6.712862e-28 
4.143922e-28 
4.143922e-28 
4.143922e-28 
3.470141e-28 
3.264562e-28 
3.264562e-28 
2.634021e-28 
2.082162e-28 
1.609108e-28 
1.522407e-28 
1.522407e-28 
1.269581e-28 
1.269581e-28 
1.030071e-28 
8.108657e-29 
4.227085e-29 
3.769092e-29 
3.545182e-29 
3.545182e-29 
3.022013e-29 
3.022013e-29 
2.933211e-29 
2.475195e-29 
2.339268e-29 
2.172677e-29 
2.172677e-29 
2.081168e-29 
2.073753e-29 
1.601385e-29 
1.596682e-29 
1.471760e-29 
1.471760e-29 
8.703097e-30 
8.703097e-30 
6.254209e-30 
6.254209e-30 
6.254209e-30 
5.392449e-30 
5.392449e-30 
5.138349e-30 
3.714609e-30 
3.714609e-30 
3.714609e-30 
2.481363e-30 
2.098272e-30 
2.098272e-30 
1.097644e-30 
1.097644e-30 
1.097644e-30 
9.678082e-31 
9.678082e-31 
4.991906e-31 
4.948448e-31 
4.948448e-31 
3.418552e-31 
3.418552e-31 
3.418552e-31 
3.418552e-31 
3.243990e-31 
2.326588e-31 
2.326588e-31 
2.263438e-31 
1.746339e-31 
1.746339e-31 
1.746339e-31 
1.434712e-31 
7.866613e-32 
7.214139e-32 
3.087850e-32 
3.087850e-32 
2.665925e-32 
2.665925e-32 
2.055526e-32 
1.782714e-32 
1.782714e-32 
1.782714e-32 
1.331768e-32 
1.158334e-32 
9.071520e-33 
8.516364e-33 
8.010792e-33 
6.486773e-33 
6.242268e-33 
6.242268e-33 
5.386164e-33 
4.360528e-33 
4.360528e-33 
3.615107e-33 
3.568327e-33 
3.411217e-33 
2.808563e-33 
2.392674e-33 
1.293503e-33 
1.293097e-33 
1.042898e-33 
1.042898e-33 
8.642083e-34 
8.642083e-34 
8.642083e-34 
6.709005e-34 
5.535622e-34 
4.458378e-34 
2.512755e-34 
1.948219e-34 
1.948219e-34 
1.948219e-34 
1.919367e-34 
1.807094e-34 
1.127991e-34 
1.127991e-34 
8.421562e-35 
8.421562e-35 
7.732653e-35 
7.333500e-35 
5.506518e-35 
5.506518e-35 
5.311869e-35 
2.899066e-35 
2.052409e-35 
1.458281e-35 
1.458281e-35 
9.829636e-36 
9.829636e-36 
8.235474e-36 
7.175052e-36 
7.175052e-36 
5.581164e-36 
5.213008e-36 
5.213008e-36 
4.348131e-36 
3.928489e-36 
3.928489e-36 
2.599395e-36 
1.995379e-36 
1.986609e-36 
1.986609e-36 
1.261509e-36 
1.037342e-36 
1.037342e-36 
1.037342e-36 
1.037342e-36 
9.749690e-37 
7.726698e-37 
7.726698e-37 
7.726698e-37 
7.181217e-37 
7.181217e-37 
5.004778e-37 
5.004778e-37 
5.004778e-37 
5.004778e-37 
3.966987e-37 
2.043135e-37 
1.921814e-37 
1.606468e-37 
1.606468e-37 
1.306066e-37 
1.137234e-37 
1.137234e-37 
1.018467e-37 
9.701972e-38 
7.079105e-38 
5.589724e-38 
4.878783e-38 
4.663660e-38 
3.173824e-38 
2.683185e-38 
2.505656e-38 
2.175004e-38 
1.715039e-38 
1.715039e-38 
9.930662e-39 
9.930662e-39 
9.779720e-39 
9.779720e-39 
9.779720e-39 
8.534914e-39 
5.722800e-39 
5.722800e-39 
2.148424e-39 
8.068779e-40 
8.068779e-40 
8.068779e-40 
8.068779e-40 
8.068779e-40 
8.068779e-40 
8.012721e-40 
7.556486e-40 
5.299168e-40 
5.299168e-40 
5.299168e-40 
5.299168e-40 
3.554747e-40 
2.733986e-40 
2.296585e-40 
1.916006e-40 
1.916006e-40 
1.310792e-40 
1.310792e-40 
1.310792e-40 
1.310792e-40 
1.310792e-40 
1.099939e-40 
6.846980e-41 
5.977781e-41 
5.439997e-41 
4.995107e-41 
2.586281e-41 
2.231884e-41 
2.231884e-41 
1.269281e-41 
1.269281e-41 
1.139097e-41 
1.112290e-41 
9.877284e-42 
9.843015e-42 
8.340650e-42 
8.340650e-42 
6.566527e-42 
6.566527e-42 
6.566527e-42 
5.751293e-42 
4.963948e-42 
4.963948e-42 
3.095572e-42 
3.095572e-42 
2.130150e-42 
1.418561e-42 
8.854666e-43 
8.854666e-43 
4.384620e-43 
4.384620e-43 
4.384620e-43 
3.204297e-43 
3.204297e-43 
3.066774e-43 
3.066774e-43 
2.976116e-43 
2.745529e-43 
2.516820e-43 
2.246897e-43 
2.246897e-43 
2.123063e-43 
1.483614e-43 
1.483614e-43 
1.437242e-43 
1.276671e-43 
1.077696e-43 
8.177558e-44 
8.177558e-44 
6.064644e-44 
4.930553e-44 
4.930553e-44 
4.846296e-44 
4.277121e-44 
4.277121e-44 
4.122760e-44 
2.427584e-44 
1.668462e-44 
1.668462e-44 
1.668462e-44 
1.668462e-44 
1.193804e-44 
8.452000e-45 
5.222508e-45 
5.222508e-45 
4.544850e-45 
4.488574e-45 
3.428323e-45 
2.802218e-45 
2.802218e-45 
2.802218e-45 
2.802218e-45 
1.832215e-45 
1.594967e-45 
1.348785e-45 
8.119376e-46 
8.119376e-46 
8.119376e-46 
6.420753e-46 
6.420753e-46 
6.420753e-46 
5.560134e-46 
5.027448e-46 
2.602446e-46 
2.525996e-46 
2.470649e-46 
1.862676e-46 
1.862676e-46 
1.270633e-46 
1.270633e-46 
1.111527e-46 
7.340474e-47 
6.844026e-47 
5.334560e-47 
5.334560e-47 
4.870961e-47 
4.365830e-47 
3.807581e-47 
3.663380e-47 
2.480249e-47 
2.145116e-47 
2.145116e-47 
1.918450e-47 
1.416076e-47 
1.416076e-47 
1.334571e-47 
1.331940e-47 
1.114408e-47 
1.026912e-47 
1.026912e-47 
7.414036e-48 
7.263400e-48 
7.263400e-48 
5.289811e-48 
4.359533e-48 
3.870048e-48 
3.676699e-48 
3.676699e-48 
3.676699e-48 
3.370321e-48 
3.146357e-48 
2.872141e-48 
2.488604e-48 
2.405593e-48 
2.056454e-48 
1.715765e-48 
1.596836e-48 
1.571383e-48 
1.195890e-48 
1.099277e-48 
8.730835e-49 
6.674263e-49 
4.427860e-49 
3.277513e-49 
2.447367e-49 
2.343571e-49 
2.285332e-49 
2.071736e-49 
1.808396e-49 
1.682187e-49 
1.368961e-49 
1.129303e-49 
8.663820e-50 
8.171458e-50 
4.903523e-50 
4.903523e-50 
4.153577e-50 
3.704427e-50 
2.492217e-50 
2.492217e-50 
2.139543e-50 
1.854752e-50 
1.508110e-50 
1.405488e-50 
1.096830e-50 
7.176935e-51 
7.176935e-51 
5.307199e-51 
5.209329e-51 
3.606121e-51 
3.145359e-51 
1.583846e-51 
1.583846e-51 
1.583846e-51 
1.583846e-51 
1.583846e-51 
1.416593e-51 
1.007208e-51 
8.140335e-52 
6.691966e-52 
5.654746e-52 
1.757589e-52 
1.757589e-52 
1.757589e-52 
1.757589e-52 
1.492282e-52 
1.492282e-52 
1.492282e-52 
9.132706e-53 
7.496662e-53 
7.045778e-53 
4.990636e-53 
4.451108e-53 
4.451108e-53 
4.451108e-53 
4.062537e-53 
3.429794e-53 
3.429794e-53 
2.656083e-53 
2.437058e-53 
1.848748e-53 
1.312669e-53 
1.312669e-53 
1.312669e-53 
1.312669e-53 
1.226937e-53 
1.181210e-53 
1.181210e-53 
1.181210e-53 
1.138843e-53 
7.587425e-54 
5.914748e-54 
5.914748e-54 
5.535138e-54 
5.330401e-54 
5.330401e-54 
4.170302e-54 
4.159102e-54 
3.486066e-54 
3.057960e-54 
2.482914e-54 
2.195190e-54 
2.195190e-54 
2.151634e-54 
1.889266e-54 
1.506824e-54 
1.231428e-54 
1.061786e-54 
6.501722e-55 
4.354389e-55 
4.153466e-55 
1.619604e-55 
1.619604e-55 
9.273546e-56 
9.273546e-56 
9.273546e-56 
9.214975e-56 
9.214975e-56 
9.214975e-56 
9.214975e-56 
7.104179e-56 
7.104179e-56 
4.337538e-56 
4.063832e-56 
3.309479e-56 
3.309479e-56 
3.309479e-56 
1.845075e-56 
1.101718e-56 
1.101718e-56 
5.259258e-57 
2.803383e-57 
2.803383e-57 
1.472874e-57 
1.021376e-57 
6.195629e-58 
6.195629e-58 
6.195629e-58 
6.195629e-58 
6.195629e-58 
6.195629e-58 
6.195629e-58 
4.908450e-58 
4.908450e-58 
4.908450e-58 
4.908450e-58 
3.413296e-58 
3.203259e-58 
3.203259e-58 
2.613479e-58 
1.989343e-58 
1.949269e-58 
1.430527e-58 
1.218194e-58 
7.265554e-59 
6.258282e-59 
6.258282e-59 
6.258282e-59 
5.577673e-59 
3.823194e-59 
3.673860e-59 
3.673860e-59 
3.503680e-59 
3.503680e-59 
1.665475e-59 
1.665475e-59 
1.617872e-59 
1.333556e-59 
1.244730e-59 
1.229193e-59 
1.224700e-59 
1.018006e-59 
7.663898e-60 
7.663898e-60 
5.675772e-60 
3.109737e-60 
3.109737e-60 
3.109737e-60 
2.024599e-60 
1.197279e-60 
1.197279e-60 
1.197279e-60 
1.099109e-60 
1.084495e-60 
6.282207e-61 
6.282207e-61 
5.458007e-61 
3.556173e-61 
2.898614e-61 
2.898614e-61 
2.519900e-61 
2.519900e-61 
1.925890e-61 
1.887021e-61 
1.626987e-61 
1.626987e-61 
8.844193e-62 
4.583345e-62 
3.872180e-62 
3.872180e-62 
3.313305e-62 
3.313305e-62 
3.059997e-62 
3.059997e-62 
2.742158e-62 
1.640009e-62 
1.640009e-62 
1.640009e-62 
1.249424e-62 
1.036748e-62 
1.036748e-62 
1.036748e-62 
1.036748e-62 
9.300145e-63 
4.826386e-63 
4.826386e-63 
4.379484e-63 
4.379484e-63 
3.124038e-63 
3.124038e-63 
3.124038e-63 
3.124038e-63 
2.247716e-63 
1.805111e-63 
1.112518e-63 
1.112518e-63 
1.097507e-63 
8.063346e-64 
7.238597e-64 
5.449697e-64 
5.449697e-64 
5.449697e-64 
1.445179e-64 
1.445179e-64 
7.327074e-65 
7.327074e-65 
7.327074e-65 
7.327074e-65 
4.295379e-65 
4.295379e-65 
2.536125e-65 
2.446446e-65 
2.446446e-65 
2.173252e-65 
1.484169e-65 
1.484169e-65 
1.484169e-65 
1.204683e-65 
1.158973e-65 
8.975318e-66 
7.442172e-66 
7.442172e-66 
6.833575e-66 
4.602485e-66 
4.602485e-66 
4.602485e-66 
3.047206e-66 
3.047206e-66 
2.593683e-66 
2.593683e-66 
6.002771e-67 
6.002771e-67 
5.989898e-67 
5.488991e-67 
3.889071e-67 
3.889071e-67 
2.930455e-67 
2.285162e-67 
1.261310e-67 
8.181186e-68 
6.163737e-68 
6.163737e-68 
6.163737e-68 
5.629845e-68 
5.629845e-68 
4.085205e-68 
3.791840e-68 
2.517241e-68 
2.517241e-68 
2.250123e-68 
1.272055e-68 
1.272055e-68 
1.272055e-68 
1.272055e-68 
1.258374e-68 
1.119495e-68 
9.979966e-69 
9.112664e-69 
8.314009e-69 
8.314009e-69 
8.314009e-69 
6.931869e-69 
5.806728e-69 
5.806728e-69 
5.671459e-69 
5.528730e-69 
5.528730e-69 
5.482959e-69 
5.248104e-69 
5.094978e-69 
4.786143e-69 
4.786143e-69 
4.514215e-69 
4.131972e-69 
3.987778e-69 
2.667654e-69 
4.183547e-70 
4.183547e-70 
4.183547e-70 
3.898557e-70 
3.898557e-70 
3.078588e-70 
3.078588e-70 
3.078588e-70 
2.246037e-70 
2.246037e-70 
1.719113e-70 
1.347001e-70 
1.209690e-70 
8.740743e-71 
5.560129e-71 
5.134996e-71 
3.880084e-71 
3.280688e-71 
2.743740e-71 
2.743740e-71 
2.375818e-71 
2.362675e-71 
2.362675e-71 
1.782796e-71 
1.782796e-71 
1.556620e-71 
1.556620e-71 
1.098841e-71 
9.774129e-72 
8.011055e-72 
8.011055e-72 
6.136805e-72 
4.579121e-72 
4.579121e-72 
4.067031e-72 
2.876448e-72 
2.481635e-72 
2.481635e-72 
2.278453e-72 
1.842598e-72 
1.697604e-72 
1.295299e-72 
1.164867e-72 
7.499688e-73 
7.499688e-73 
5.177003e-73 
4.566092e-73 
3.191027e-73 
3.191027e-73 
2.197370e-73 
2.197370e-73 
1.890636e-73 
1.890636e-73 
1.890636e-73 
1.487262e-73 
1.487262e-73 
9.580451e-74 
7.827251e-74 
7.613388e-74 
6.083819e-74 
4.877025e-74 
4.877025e-74 
4.877025e-74 
2.788824e-74 
2.699215e-74 
1.896720e-74 
1.896720e-74 
1.682614e-74 
1.682614e-74 
1.682614e-74 
1.362134e-74 
9.491785e-75 
7.082095e-75 
6.388598e-75 
6.355802e-75 
5.481692e-75 
4.365936e-75 
3.499539e-75 
3.269913e-75 
2.933947e-75 
2.933947e-75 
2.933947e-75 
1.348535e-75 
1.348535e-75 
1.348535e-75 
1.051291e-75 
1.051291e-75 
1.051291e-75 
9.704329e-76 
9.704329e-76 
6.421288e-76 
4.893887e-76 
4.801853e-76 
4.801853e-76 
4.801853e-76 
4.186498e-76 
3.030205e-76 
3.030205e-76 
3.030205e-76 
1.769766e-76 
1.769766e-76 
1.769766e-76 
1.331109e-76 
1.140165e-76 
8.320274e-77 
8.320274e-77 
8.320274e-77 
5.697284e-77 
4.921456e-77 
4.921456e-77 
3.284404e-77 
2.489962e-77 
1.339524e-77 
1.339524e-77 
1.286790e-77 
1.286790e-77 
1.286790e-77 
7.059706e-78 
5.501824e-78 
3.105961e-78 
2.677246e-78 
2.677246e-78 
2.213456e-78 
2.213456e-78 
1.963392e-78 
1.911960e-78 
1.911960e-78 
1.134090e-78 
1.134090e-78 
9.325722e-79 
6.392790e-79 
6.392790e-79 
5.674971e-79 
4.694973e-79 
3.157348e-79 
3.157348e-79 
3.157348e-79 
1.633678e-79 
1.633678e-79 
1.419362e-79 
1.031594e-79 
7.635105e-80 
3.154318e-80 
3.055894e-80 
3.055894e-80 
1.931613e-80 
1.067014e-80 
6.093647e-81 
6.093647e-81 
5.924712e-81 
5.421167e-81 
4.246024e-81 
3.192863e-81 
2.797847e-81 
2.797847e-81 
1.852933e-81 
1.419003e-81 
1.028001e-81 
9.512812e-82 
7.337789e-82 
7.326609e-82 
5.530698e-82 
4.584499e-82 
4.584499e-82 
4.150622e-82 
3.299656e-82 
3.299656e-82 
3.299656e-82 
3.002872e-82 
1.835666e-82 
1.835666e-82 
1.835666e-82 
1.776785e-82 
1.776785e-82 
1.690042e-82 
1.598920e-82 
1.416857e-82 
1.415352e-82 
1.415352e-82 
8.630388e-83 
8.630388e-83 
8.630388e-83 
8.060807e-83 
4.187476e-83 
3.350810e-83 
3.350810e-83 
2.004465e-83 
1.723384e-83 
1.713224e-83 
1.479748e-83 
1.479748e-83 
1.152827e-83 
7.874803e-84 
6.823468e-84 
6.823468e-84 
4.886671e-84 
3.467784e-84 
3.249799e-84 
3.068995e-84 
2.730869e-84 
2.364334e-84 
2.200845e-84 
1.594546e-84 
1.594546e-84 
1.312964e-84 
1.165847e-84 
7.641142e-85 
6.073800e-85 
6.059601e-85 
5.979866e-85 
3.380247e-85 
3.065256e-85 
3.065256e-85 
3.065256e-85 
2.003066e-85 
1.033694e-85 
8.340531e-86 
8.340531e-86 
7.452741e-86 
7.165594e-86 
7.165594e-86 
5.318297e-86 
4.006227e-86 
4.006227e-86 
3.831339e-86 
1.440323e-86 
1.440323e-86 
1.440323e-86 
1.440323e-86 
8.308038e-87 
8.308038e-87 
7.653158e-87 
5.981650e-87 
5.779351e-87 
5.080546e-87 
5.080546e-87 
4.118798e-87 
3.291668e-87 
2.986357e-87 
2.400140e-87 
2.067680e-87 
1.894075e-87 
1.525210e-87 
8.917925e-88 
8.917925e-88 
8.917925e-88 
7.899507e-88 
7.899507e-88 
3.559981e-88 
3.023724e-88 
3.023724e-88 
3.023724e-88 
2.056242e-88 
2.056242e-88 
1.449723e-88 
1.449723e-88 
1.449723e-88 
1.373865e-88 
1.295820e-88 
1.282366e-88 
1.181741e-88 
8.633928e-89 
8.168152e-89 
7.064392e-89 
7.064392e-89 
7.064392e-89 
5.542338e-89 
5.542338e-89 
5.542338e-89 
4.895959e-89 
2.966668e-89 
2.670592e-89 
2.032875e-89 
1.707789e-89 
1.288228e-89 
1.288228e-89 
1.146650e-89 
1.146650e-89 
1.024571e-89 
4.856668e-90 
4.856668e-90 
3.330521e-90 
3.330521e-90 
1.878387e-90 
1.716391e-90 
1.325276e-90 
1.129037e-90 
4.314200e-91 
4.314200e-91 
4.314200e-91 
4.314200e-91 
3.007474e-91 
1.482467e-91 
1.256307e-91 
1.197391e-91 
1.197391e-91 
7.429042e-92 
5.906422e-92 
5.688339e-92 
2.843447e-92 
2.843447e-92 
2.137470e-92 
2.037494e-92 
1.757967e-92 
1.757967e-92 
1.575670e-92 
1.536880e-92 
7.560032e-93 
7.560032e-93 
7.166480e-93 
7.166480e-93 
7.166480e-93 
7.166480e-93 
7.166480e-93 
2.636160e-93 
2.636160e-93 
2.074228e-93 
9.960471e-94 
9.960471e-94 
9.960471e-94 
9.960471e-94 
9.631868e-94 
8.996757e-94 
8.173326e-94 
5.075263e-94 
5.075263e-94 
4.816318e-94 
4.816318e-94 
4.017532e-94 
3.613235e-94 
3.613235e-94 
3.613235e-94 
2.539082e-94 
2.539082e-94 
2.539082e-94 
2.169356e-94 
1.900947e-94 
1.900947e-94 
1.383433e-94 
1.061960e-94 
8.360706e-95 
6.363371e-95 
4.040006e-95 
1.900653e-95 
1.178453e-95 
1.024031e-95 
3.327385e-96 
3.327385e-96 
3.327385e-96 
2.020152e-96 
2.020152e-96 
1.724614e-96 
1.244280e-96 
1.244280e-96 
8.543687e-97 
7.125548e-97 
6.072097e-97 
6.072097e-97 
6.072097e-97 
4.820360e-97 
4.820360e-97 
4.495567e-97 
2.004866e-97 
1.411606e-97 
1.411606e-97 
9.893708e-98 
9.893708e-98 
9.893708e-98 
9.206723e-98 
5.243145e-98 
5.243145e-98 
3.357098e-98 
3.357098e-98 
3.357098e-98 
3.357098e-98 
3.357098e-98 
2.584994e-98 
2.584994e-98 
1.756924e-98 
1.224467e-98 
1.012455e-98 
1.009142e-98 
5.682841e-99 
4.564787e-99 
4.564787e-99 
4.137527e-99 
4.137527e-99 
4.137527e-99 
3.422769e-99 
3.422769e-99 
3.361016e-99 
2.448356e-99 
2.192485e-99 
2.173801e-99 
2.173801e-99 
1.818490e-99 
1.091618e-99 
8.404821e-100 
6.306407e-100 
2.659973e-100 
2.659973e-100 
2.659973e-100 
2.659973e-100 
2.291570e-100 
2.188281e-100 
2.188281e-100 
1.841452e-100 
1.642366e-100 
1.040124e-100 
1.040124e-100 
1.002251e-100 
1.002251e-100 
7.010102e-101 
6.418963e-101 
6.418963e-101 
5.755279e-101 
4.569749e-101 
3.464184e-101 
3.464184e-101 
3.032695e-101 
3.032695e-101 
2.734541e-101 
2.157877e-101 
2.157877e-101 
2.157877e-101 
1.352993e-101 
1.248991e-101 
1.248991e-101 
1.248991e-101 
9.712424e-102 
7.006717e-102 
6.066077e-102 
4.675122e-102 
3.901701e-102 
1.858728e-102 
1.858728e-102 
1.858728e-102 
1.591827e-102 
1.591827e-102 
1.262914e-102 
8.331574e-103 
8.331574e-103 
5.324514e-103 
5.324514e-103 
5.324514e-103 
3.444748e-103 
2.432452e-103 
2.432452e-103 
1.689387e-103 
1.083110e-103 
8.103301e-104 
8.103301e-104 
2.872586e-104 
2.607103e-104 
2.607103e-104 
2.448199e-104 
1.960832e-104 
1.960832e-104 
1.960832e-104 
1.363147e-104 
9.079320e-105 
9.079320e-105 
7.791180e-105 
7.791180e-105 
7.590745e-105 
7.590745e-105 
7.338025e-105 
5.767352e-105 
5.767352e-105 
4.008988e-105 
2.092678e-105 
2.092678e-105 
2.092678e-105 
9.679347e-106 
9.679347e-106 
9.679347e-106 
9.679347e-106 
9.679347e-106 
9.679347e-106 
9.410373e-106 
9.410373e-106 
6.540362e-106 
6.540362e-106 
6.135829e-106 
5.587464e-106 
5.587464e-106 
4.449674e-106 
3.990702e-106 
3.019882e-106 
2.123271e-106 
2.123271e-106 
1.878746e-106 
1.191679e-106 
9.698526e-107 
7.901405e-107 
5.539337e-107 
4.988737e-107 
4.988737e-107 
3.697798e-107 
2.787680e-107 
2.787680e-107 
1.384930e-107 
1.384930e-107 
8.169269e-108 
8.169269e-108 
6.616233e-108 
6.616233e-108 
6.616233e-108 
6.616233e-108 
5.830996e-108 
5.576292e-108 
5.535596e-108 
2.279437e-108 
2.279437e-108 
8.433728e-109 
8.433728e-109 
8.433728e-109 
8.433728e-109 
4.702633e-109 
3.205957e-109 
2.870495e-109 
2.870495e-109 
2.235383e-109 
2.211798e-109 
1.799657e-109 
1.566749e-109 
1.566749e-109 
1.109219e-109 
1.109219e-109 
1.109219e-109 
9.234167e-110 
7.851852e-110 
7.320044e-110 
7.156909e-110 
6.152657e-110 
4.971971e-110 
4.561614e-110 
3.810089e-110 
2.203412e-110 
1.994920e-110 
1.994920e-110 
1.365987e-110 
1.322847e-110 
1.322847e-110 
9.571424e-111 
9.571424e-111 
9.548426e-111 
9.443175e-111 
8.967477e-111 
8.967477e-111 
8.967477e-111 
6.905975e-111 
4.633147e-111 
4.633147e-111 
4.633147e-111 
4.633147e-111 
4.444543e-111 
4.108621e-111 
2.836316e-111 
2.836316e-111 
2.836316e-111 
2.738063e-111 
2.738063e-111 
2.711317e-111 
2.332287e-111 
2.029879e-111 
9.337394e-112 
9.337394e-112 
9.337394e-112 
8.432487e-112 
7.256852e-112 
4.424626e-112 
4.163983e-112 
4.163983e-112 
3.583208e-112 
2.707442e-112 
2.707442e-112 
2.707442e-112 
1.881852e-112 
1.881852e-112 
1.881852e-112 
1.779343e-112 
1.641880e-112 
1.397257e-112 
1.369668e-112 
1.369668e-112 
1.090964e-112 
9.721594e-113 
9.067908e-113 
7.908388e-113 
3.174346e-113 
3.144633e-113 
3.144633e-113 
1.993397e-113 
1.993397e-113 
1.485899e-113 
1.485899e-113 
1.485899e-113 
1.246921e-113 
9.068450e-114 
6.728024e-114 
4.484235e-114 
3.577244e-114 
2.548836e-114 
2.548836e-114 
2.548836e-114 
2.390855e-114 
2.070660e-114 
1.823949e-114 
1.823949e-114 
1.756088e-114 
1.544771e-114 
1.544771e-114 
1.301724e-114 
1.301724e-114 
1.301724e-114 
1.108479e-114 
1.108479e-114 
1.082638e-114 
1.072320e-114 
9.866159e-115 
9.510272e-115 
9.053462e-115 
8.122815e-115 
6.079628e-115 
4.474655e-115 
2.500428e-115 
2.356104e-115 
1.337266e-115 
1.220564e-115 
1.220564e-115 
1.196031e-115 
1.191967e-115 
1.107529e-115 
1.093154e-115 
1.093154e-115 
8.343973e-116 
8.343973e-116 
7.618603e-116 
7.618603e-116 
7.520557e-116 
7.520557e-116 
7.520557e-116 
5.738074e-116 
5.738074e-116 
4.354541e-116 
3.836693e-116 
2.530165e-116 
2.530165e-116 
2.530165e-116 
2.196408e-116 
2.138585e-116 
1.679249e-116 
1.278072e-116 
8.766619e-117 
8.664012e-117 
5.761981e-117 
3.842028e-117 
3.842028e-117 
2.363131e-117 
2.363131e-117 
2.152377e-117 
1.241992e-117 
1.152481e-117 
1.046353e-117 
4.109915e-118 
4.109915e-118 
4.109915e-118 
4.048146e-118 
3.550898e-118 
3.018046e-118 
2.944793e-118 
2.175215e-118 
2.175215e-118 
1.885349e-118 
1.629069e-118 
1.498893e-118 
1.406826e-118 
1.224880e-118 
1.224880e-118 
9.364827e-119 
9.174929e-119 
8.017086e-119 
7.902614e-119 
3.784959e-119 
3.784959e-119 
3.665347e-119 
2.157699e-119 
1.863456e-119 
1.796758e-119 
1.705233e-119 
7.605487e-120 
4.883915e-120 
4.883915e-120 
4.883915e-120 
4.553241e-120 
4.526085e-120 
3.409312e-120 
3.409312e-120 
3.142967e-120 
3.082680e-120 
2.358807e-120 
2.358807e-120 
2.358807e-120 
1.887013e-120 
1.068372e-120 
9.019770e-121 
7.037268e-121 
3.606954e-121 
3.606954e-121 
3.439933e-121 
3.180948e-121 
3.180948e-121 
3.125840e-121 
2.191414e-121 
1.971369e-121 
1.971369e-121 
1.971369e-121 
1.063149e-121 
8.040085e-122 
8.040085e-122 
8.040085e-122 
6.180486e-122 
6.180486e-122 
3.573781e-122 
2.277151e-122 
1.827847e-122 
1.827847e-122 
1.827847e-122 
1.827199e-122 
1.827199e-122 
1.025348e-122 
1.025348e-122 
1.025348e-122 
1.025348e-122 
1.025348e-122 
9.507160e-123 
9.507160e-123 
9.453705e-123 
7.067820e-123 
7.067820e-123 
7.067820e-123 
6.358044e-123 
4.951671e-123 
4.951671e-123 
4.951671e-123 
4.002226e-123 
3.617864e-123 
3.392929e-123 
2.586457e-123 
2.163686e-123 
1.936055e-123 
1.733206e-123 
1.553014e-123 
1.334130e-123 
1.334130e-123 
8.728484e-124 
8.728484e-124 
3.535967e-124 
3.161159e-124 
3.161159e-124 
1.669287e-124 
1.565771e-124 
1.565771e-124 
1.565771e-124 
1.407533e-124 
1.312913e-124 
1.312913e-124 
9.210888e-125 
6.374942e-125 
4.958412e-125 
3.685644e-125 
3.287804e-125 
3.100353e-125 
2.614187e-125 
2.514129e-125 
2.514129e-125 
1.810257e-125 
1.810257e-125 
1.683434e-125 
1.540155e-125 
1.101104e-125 
1.101104e-125 
1.034917e-125 
8.405609e-126 
8.330425e-126 
6.941959e-126 
5.881407e-126 
5.653580e-126 
4.555160e-126 
4.239970e-126 
3.523204e-126 
3.130555e-126 
3.130555e-126 
2.208919e-126 
1.920221e-126 
1.415069e-126 
1.287437e-126 
1.033190e-126 
1.033190e-126 
1.033190e-126 
6.857313e-127 
6.754469e-127 
6.754469e-127 
5.219600e-127 
3.630765e-127 
3.007394e-127 
2.722700e-127 
2.222107e-127 
1.695884e-127 
1.695884e-127 
1.215948e-127 
9.967939e-128 
7.325808e-128 
7.325808e-128 
7.325808e-128 
5.347296e-128 
5.042151e-128 
4.409246e-128 
1.930695e-128 
1.606204e-128 
1.367604e-128 
1.367604e-128 
1.265253e-128 
1.265253e-128 
1.265253e-128 
9.765772e-129 
9.078311e-129 
7.614992e-129 
7.614992e-129 
6.277387e-129 
3.080636e-129 
3.080636e-129 
3.080636e-129 
2.934857e-129 
1.991348e-129 
1.805261e-129 
1.303397e-129 
1.163476e-129 
9.547016e-130 
9.308750e-130 
8.580810e-130 
5.497813e-130 
5.497813e-130 
5.497813e-130 
3.464334e-130 
2.192382e-130 
1.290538e-130 
1.290538e-130 
1.290538e-130 
1.290538e-130 
1.275086e-130 
9.641126e-131 
7.735963e-131 
7.735963e-131 
4.661342e-131 
4.661342e-131 
3.936317e-131 
3.331051e-131 
3.331051e-131 
3.331051e-131 
3.241944e-131 
2.178330e-131 
1.618674e-131 
1.106061e-131 
1.076469e-131 
7.428656e-132 
7.428656e-132 
6.262703e-132 
4.107699e-132 
4.107699e-132 
4.107699e-132 
3.993600e-132 
2.995988e-132 
2.525676e-132 
1.502562e-132 
1.502562e-132 
9.919561e-133 
6.307253e-133 
5.265079e-133 
4.552323e-133 
2.987278e-133 
2.987278e-133 
2.063493e-133 
2.063493e-133 
2.063493e-133 
1.799045e-133 
1.402054e-133 
8.390805e-134 
7.346960e-134 
5.107529e-134 
5.107529e-134 
3.950835e-134 
3.450517e-134 
3.179633e-134 
2.707659e-134 
1.981239e-134 
1.634920e-134 
1.634920e-134 
1.634920e-134 
1.360135e-134 
1.052689e-134 
9.925159e-135 
6.372398e-135 
6.328099e-135 
5.456773e-135 
4.352827e-135 
4.075251e-135 
3.649126e-135 
2.742306e-135 
2.742306e-135 
2.673069e-135 
2.002446e-135 
1.823044e-135 
1.142267e-135 
1.142267e-135 
1.142267e-135 
7.897465e-136 
7.871734e-136 
7.871734e-136 
7.871734e-136 
7.871734e-136 
7.247545e-136 
5.573573e-136 
3.207578e-136 
2.954067e-136 
1.960967e-136 
1.960967e-136 
1.960967e-136 
1.450615e-136 
1.134973e-136 
1.134973e-136 
1.035578e-136 
7.424190e-137 
7.424190e-137 
5.821763e-137 
4.845435e-137 
4.573551e-137 
4.561724e-137 
4.552083e-137 
4.552083e-137 
4.041626e-137 
2.966243e-137 
2.368477e-137 
1.828415e-137 
1.828415e-137 
1.476398e-137 
1.187709e-137 
8.004462e-138 
8.004462e-138 
8.004462e-138 
8.004462e-138 
7.099159e-138 
5.606396e-138 
5.606396e-138 
4.519469e-138 
2.803233e-138 
2.497051e-138 
2.399253e-138 
2.014335e-138 
1.293630e-138 
1.293630e-138 
1.155999e-138 
1.155999e-138 
1.035446e-138 
8.022239e-139 
8.022239e-139 
7.855336e-139 
7.855336e-139 
7.647547e-139 
7.647547e-139 
5.416369e-139 
3.032368e-139 
2.657293e-139 
1.824129e-139 
1.824129e-139 
1.240463e-139 
1.122919e-139 
1.122919e-139 
1.047722e-139 
9.683128e-140 
9.683128e-140 
9.483182e-140 
9.147944e-140 
5.797959e-140 
5.797959e-140 
5.260553e-140 
3.433722e-140 
3.433722e-140 
3.284302e-140 
3.284302e-140 
2.928437e-140 
2.384351e-140 
2.384351e-140 
2.384351e-140 
2.384351e-140 
1.654120e-140 
1.654120e-140 
1.427344e-140 
9.745738e-141 
5.792223e-141 
5.792223e-141 
5.760656e-141 
4.789393e-141 
4.789393e-141 
4.789393e-141 
4.750858e-141 
4.626283e-141 
4.626283e-141 
4.113313e-141 
3.944606e-141 
3.628858e-141 
3.628858e-141 
3.628858e-141 
3.190772e-141 
2.471267e-141 
1.985619e-141 
1.974283e-141 
1.974283e-141 
1.370735e-141 
7.311241e-142 
7.311241e-142 
6.591647e-142 
5.384135e-142 
5.384135e-142 
3.852810e-142 
3.526243e-142 
3.367610e-142 
2.408688e-142 
1.891373e-142 
1.728241e-142 
1.728241e-142 
1.143597e-142 
1.003704e-142 
1.003704e-142 
9.431339e-143 
8.363504e-143 
5.675847e-143 
3.999937e-143 
3.142379e-143 
3.142379e-143 
2.204234e-143 
2.204234e-143 
2.009775e-143 
1.500643e-143 
1.500643e-143 
1.500643e-143 
1.466943e-143 
1.291243e-143 
1.291243e-143 
1.010390e-143 
7.620019e-144 
7.620019e-144 
5.924309e-144 
4.045471e-144 
3.026419e-144 
1.663333e-144 
1.299236e-144 
1.051094e-144 
4.921539e-145 
4.921539e-145 
4.921539e-145 
4.411429e-145 
2.373012e-145 
2.373012e-145 
2.373012e-145 
1.950923e-145 
1.950923e-145 
1.669579e-145 
1.592451e-145 
1.117768e-145 
7.932614e-146 
7.364250e-146 
6.726821e-146 
5.204160e-146 
5.204160e-146 
4.579326e-146 
4.523982e-146 
4.523982e-146 
3.149613e-146 
2.534665e-146 
2.534665e-146 
2.534665e-146 
2.313877e-146 
2.135186e-146 
1.965817e-146 
1.965817e-146 
8.434856e-147 
8.434856e-147 
8.434856e-147 
7.464023e-147 
3.340357e-147 
3.340357e-147 
3.340357e-147 
3.190494e-147 
2.419473e-147 
1.930682e-147 
1.930682e-147 
1.356095e-147 
9.031419e-148 
9.031419e-148 
7.865686e-148 
7.564440e-148 
5.866004e-148 
5.866004e-148 
5.558289e-148 
5.558289e-148 
5.558289e-148 
5.558289e-148 
4.115819e-148 
3.050916e-148 
1.838069e-148 
1.838069e-148 
1.838069e-148 
1.366027e-148 
1.017274e-148 
5.163199e-149 
3.414398e-149 
3.060727e-149 
2.974594e-149 
2.311128e-149 
2.311128e-149 
2.311128e-149 
2.004869e-149 
1.795558e-149 
1.444961e-149 
1.328999e-149 
1.020221e-149 
8.531349e-150 
5.256890e-150 
3.809550e-150 
3.809550e-150 
3.809550e-150 
2.687465e-150 
2.069565e-150 
6.687039e-151 
6.687039e-151 
6.687039e-151 
6.283592e-151 
4.977755e-151 
4.977755e-151 
4.175787e-151 
4.175787e-151 
1.955285e-151 
1.955285e-151 
1.862645e-151 
1.579250e-151 
7.141200e-152 
7.141200e-152 
6.833819e-152 
6.833819e-152 
6.804581e-152 
3.736931e-152 
3.736931e-152 
3.736931e-152 
3.448873e-152 
2.038269e-152 
1.808535e-152 
1.808535e-152 
1.684640e-152 
1.581384e-152 
1.128532e-152 
7.955907e-153 
7.955907e-153 
6.547629e-153 
5.783951e-153 
5.473803e-153 
4.302103e-153 
3.563464e-153 
2.924651e-153 
2.924651e-153 
2.313343e-153 
1.746085e-153 
1.746085e-153 
1.723733e-153 
1.723733e-153 
1.568598e-153 
1.294051e-153 
1.174740e-153 
5.394694e-154 
3.815160e-154 
3.815160e-154 
3.592601e-154 
2.998794e-154 
2.998794e-154 
2.894030e-154 
2.786727e-154 
2.764036e-154 
2.349249e-154 
2.344263e-154 
2.344263e-154 
2.312949e-154 
1.911313e-154 
1.763198e-154 
1.412440e-154 
8.379171e-155 
2.731157e-155 
2.524985e-155 
2.524985e-155 
2.417301e-155 
2.417301e-155 
2.417301e-155 
2.189014e-155 
2.189014e-155 
2.041939e-155 
1.375441e-155 
1.375441e-155 
1.211193e-155 
8.861252e-156 
6.542102e-156 
6.542102e-156 
3.818846e-156 
3.818846e-156 
3.818846e-156 
2.757036e-156 
2.740767e-156 
1.531852e-156 
1.531852e-156 
1.088112e-156 
1.088112e-156 
6.757771e-157 
6.757771e-157 
5.063758e-157 
5.063758e-157 
4.138519e-157 
1.359169e-157 
1.359169e-157 
1.359169e-157 
9.406542e-158 
9.406542e-158 
6.030865e-158 
4.131196e-158 
4.131196e-158 
4.131196e-158 
3.999182e-158 
3.999182e-158 
3.999182e-158 
2.630633e-158 
2.630633e-158 
2.598823e-158 
1.984161e-158 
1.375682e-158 
1.338409e-158 
1.338409e-158 
1.048759e-158 
1.048759e-158 
1.010784e-158 
7.036231e-159 
7.007509e-159 
4.554946e-159 
3.147120e-159 
3.015322e-159 
3.015322e-159 
2.455076e-159 
2.424911e-159 
2.424911e-159 
2.334879e-159 
1.834668e-159 
1.631499e-159 
1.631499e-159 
1.343213e-159 
1.111883e-159 
1.067250e-159 
1.057060e-159 
8.742249e-160 
7.024184e-160 
6.286415e-160 
5.222468e-160 
5.222468e-160 
4.913769e-160 
2.568496e-160 
2.568496e-160 
2.543885e-160 
2.437638e-160 
1.804366e-160 
1.804366e-160 
1.350651e-160 
1.350651e-160 
1.112896e-160 
9.768360e-161 
9.768360e-161 
9.768360e-161 
9.768360e-161 
6.781392e-161 
5.191757e-161 
5.191757e-161 
4.339144e-161 
4.339144e-161 
3.793482e-161 
3.793482e-161 
1.968145e-161 
1.968145e-161 
1.968145e-161 
1.838072e-161 
1.838072e-161 
1.838072e-161 
1.838072e-161 
1.838072e-161 
1.618546e-161 
1.509486e-161 
1.024223e-161 
7.481818e-162 
7.481818e-162 
6.715568e-162 
6.715568e-162 
5.990293e-162 
5.990293e-162 
5.990293e-162 
4.493933e-162 
2.676936e-162 
2.676936e-162 
2.676936e-162 
2.359444e-162 
2.359444e-162 
2.359444e-162 
2.359444e-162 
2.352084e-162 
2.269372e-162 
2.047037e-162 
1.561230e-162 
7.772894e-163 
7.772894e-163 
7.552195e-163 
7.552195e-163 
6.168482e-163 
5.734782e-163 
5.734782e-163 
4.889128e-163 
3.025133e-163 
1.880341e-163 
7.705837e-164 
4.604933e-164 
4.604933e-164 
4.604933e-164 
4.373113e-164 
3.335101e-164 
3.236740e-164 
2.461023e-164 
2.461023e-164 
2.000433e-164 
1.653637e-164 
1.653637e-164 
9.642790e-165 
8.373634e-165 
8.373634e-165 
5.921681e-165 
5.921681e-165 
4.728439e-165 
3.825798e-165 
1.793612e-165 
1.793612e-165 
1.793612e-165 
1.549217e-165 
4.748537e-166 
4.748537e-166 
3.329999e-166 
3.329999e-166 
1.611190e-166 
1.611190e-166 
1.611190e-166 
1.276314e-166 
1.021005e-166 
8.197076e-167 
8.197076e-167 
7.345410e-167 
7.169200e-167 
7.169200e-167 
7.146147e-167 
4.674844e-167 
2.416373e-167 
2.416373e-167 
2.416373e-167 
2.104383e-167 
2.011191e-167 
1.889260e-167 
1.889260e-167 
1.569293e-167 
1.473961e-167 
1.094415e-167 
1.094415e-167 
1.094415e-167 
9.144159e-168 
8.877182e-168 
8.016136e-168 
8.016136e-168 
4.710367e-168 
2.537095e-168 
1.838100e-168 
1.838100e-168 
1.097545e-168 
7.300677e-169 
7.300677e-169 
7.300677e-169 
3.585597e-169 
3.424670e-169 
3.424670e-169 
2.783087e-169 
1.407011e-169 
7.825059e-170 
7.825059e-170 
7.825059e-170 
7.825059e-170 
7.825059e-170 
7.071971e-170 
5.927532e-170 
5.450219e-170 
5.321737e-170 
5.207855e-170 
5.207855e-170 
3.767725e-170 
3.651123e-170 
2.959892e-170 
2.693047e-170 
2.671202e-170 
2.052810e-170 
1.513553e-170 
5.442726e-171 
5.442726e-171 
5.442726e-171 
4.654066e-171 
4.034121e-171 
3.183280e-171 
3.100282e-171 
2.614919e-171 
2.070119e-171 
2.070119e-171 
1.405103e-171 
1.405103e-171 
1.360906e-171 
1.263682e-171 
8.642241e-172 
6.362711e-172 
6.362711e-172 
5.959600e-172 
5.959600e-172 
2.742278e-172 
2.742278e-172 
1.880477e-172 
1.592999e-172 
1.296067e-172 
1.296067e-172 
1.231018e-172 
9.085076e-173 
8.439656e-173 
6.380499e-173 
6.380499e-173 
6.126477e-173 
3.827889e-173 
3.408109e-173 
3.408109e-173 
3.147581e-173 
1.427950e-173 
1.427950e-173 
9.773816e-174 
9.773816e-174 
8.208616e-174 
8.208616e-174 
8.208616e-174 
7.713165e-174 
7.713165e-174 
7.343717e-174 
6.896690e-174 
6.366439e-174 
4.986435e-174 
3.645924e-174 
2.642324e-174 
2.642324e-174 
2.642324e-174 
2.325833e-174 
2.325833e-174 
1.993970e-174 
1.591161e-174 
1.485255e-174 
1.240443e-174 
1.229235e-174 
5.901436e-175 
5.358274e-175 
5.358274e-175 
5.204938e-175 
5.057261e-175 
4.473474e-175 
2.149709e-175 
1.656533e-175 
1.120774e-175 
1.120774e-175 
7.794052e-176 
7.234011e-176 
7.234011e-176 
7.234011e-176 
3.375162e-176 
3.197466e-176 
2.316203e-176 
2.098695e-176 
1.541646e-176 
1.159649e-176 
1.159649e-176 
1.137431e-176 
7.787312e-177 
7.787312e-177 
5.985832e-177 
5.985832e-177 
4.374222e-177 
3.813691e-177 
3.658461e-177 
3.658461e-177 
3.307058e-177 
2.812344e-177 
2.812344e-177 
2.812344e-177 
2.777061e-177 
2.448770e-177 
2.177294e-177 
1.947006e-177 
1.540424e-177 
1.540424e-177 
1.452568e-177 
1.246333e-177 
9.574671e-178 
7.031006e-178 
5.964083e-178 
5.842153e-178 
4.595924e-178 
4.254508e-178 
4.254508e-178 
3.528806e-178 
2.636487e-178 
2.636487e-178 
2.636487e-178 
2.304998e-178 
1.727114e-178 
1.572039e-178 
9.394098e-179 
7.686815e-179 
5.151178e-179 
5.151178e-179 
3.734999e-179 
2.137250e-179 
1.178435e-179 
1.178435e-179 
1.178435e-179 
1.082029e-179 
1.082029e-179 
1.082029e-179 
8.764060e-180 
8.764060e-180 
7.563704e-180 
7.563704e-180 
6.181926e-180 
2.093668e-180 
2.093668e-180 
2.093668e-180 
1.547308e-180 
1.371275e-180 
1.371275e-180 
1.371275e-180 
4.643566e-181 
4.643566e-181 
4.643566e-181 
2.623946e-181 
2.568506e-181 
2.568506e-181 
2.355119e-181 
1.390963e-181 
1.017521e-181 
8.466511e-182 
8.278257e-182 
7.385769e-182 
7.385769e-182 
7.385769e-182 
5.430747e-182 
4.656711e-182 
2.528294e-182 
1.580771e-182 
1.212217e-182 
1.212217e-182 
9.192416e-183 
5.123513e-183 
5.123513e-183 
5.123513e-183 
4.418524e-183 
3.597800e-183 
2.911840e-183 
2.355430e-183 
1.700271e-183 
1.339868e-183 
1.339868e-183 
1.339868e-183 
1.056198e-183 
2.929712e-184 
2.929712e-184 
2.929712e-184 
2.929712e-184 
2.357259e-184 
2.357259e-184 
2.324904e-184 
2.324904e-184 
1.919896e-184 
1.919896e-184 
1.919896e-184 
1.384723e-184 
1.384723e-184 
1.087854e-184 
1.054570e-184 
1.054570e-184 
9.766767e-185 
7.872438e-185 
7.251096e-185 
5.760635e-185 
5.187272e-185 
4.522651e-185 
3.807839e-185 
3.807839e-185 
2.195901e-185 
1.841868e-185 
1.841868e-185 
1.435361e-185 
1.375726e-185 
1.375726e-185 
1.221669e-185 
6.713340e-186 
5.868658e-186 
5.868658e-186 
5.868658e-186 
3.057915e-186 
3.057915e-186 
1.722792e-186 
1.223281e-186 
1.223281e-186 
1.223281e-186 
1.032300e-186 
7.950185e-187 
7.950185e-187 
5.063442e-187 
3.513603e-187 
3.093666e-187 
2.837142e-187 
2.837142e-187 
2.155000e-187 
2.084074e-187 
9.715101e-188 
9.715101e-188 
9.715101e-188 
9.715101e-188 
8.977480e-188 
7.671034e-188 
5.020805e-188 
4.870607e-188 
4.870607e-188 
3.668161e-188 
3.422132e-188 
1.889215e-188 
1.889215e-188 
1.889215e-188 
1.408662e-188 
1.408662e-188 
1.408662e-188 
1.129714e-188 
1.077522e-188 
1.077522e-188 
9.159277e-189 
5.387449e-189 
4.614035e-189 
4.581078e-189 
2.861661e-189 
1.929093e-189 
1.226911e-189 
1.226911e-189 
1.225625e-189 
1.124400e-189 
8.235709e-190 
8.235709e-190 
5.918415e-190 
5.349571e-190 
2.983851e-190 
2.146885e-190 
2.146885e-190 
1.429504e-190 
1.345273e-190 
1.042676e-190 
3.882671e-191 
3.882671e-191 
3.882671e-191 
3.185979e-191 
2.088091e-191 
2.010439e-191 
2.010439e-191 
1.184551e-191 
1.033055e-191 
9.860298e-192 
7.566291e-192 
7.566291e-192 
7.566291e-192 
6.264002e-192 
5.703211e-192 
4.329871e-192 
4.320243e-192 
4.122617e-192 
4.122617e-192 
4.016237e-192 
3.018472e-192 
3.018472e-192 
2.562775e-192 
2.040508e-192 
2.040508e-192 
2.040508e-192 
1.605741e-192 
1.588877e-192 
1.588877e-192 
1.588877e-192 
1.064625e-192 
1.011771e-192 
8.755863e-193 
8.412836e-193 
7.291851e-193 
7.069309e-193 
4.036865e-193 
2.243420e-193 
8.003469e-194 
8.003469e-194 
8.003469e-194 
8.003469e-194 
6.042758e-194 
5.189730e-194 
4.181505e-194 
4.181505e-194 
4.181505e-194 
3.752204e-194 
2.457422e-194 
1.384562e-194 
9.952387e-195 
9.952387e-195 
9.952387e-195 
9.952387e-195 
9.952387e-195 
4.561289e-195 
4.561289e-195 
4.561289e-195 
3.989418e-195 
3.989418e-195 
3.989418e-195 
2.522621e-195 
2.039812e-195 
2.039812e-195 
1.270504e-195 
1.270504e-195 
9.895686e-196 
9.895686e-196 
6.841505e-196 
6.841505e-196 
5.966250e-196 
5.369202e-196 
5.369202e-196 
4.921031e-196 
4.726877e-196 
4.321094e-196 
3.548609e-196 
2.891719e-196 
2.457937e-196 
1.471458e-196 
1.252390e-196 
1.196618e-196 
9.721308e-197 
4.491780e-197 
1.427454e-197 
1.427454e-197 
9.772970e-198 
9.772970e-198 
6.287388e-198 
5.592114e-198 
5.592114e-198 
5.592114e-198 
4.807345e-198 
4.807345e-198 
2.133466e-198 
2.025052e-198 
1.688156e-198 
1.688156e-198 
1.636256e-198 
1.636256e-198 
1.636256e-198 
7.375460e-199 
7.375460e-199 
7.226719e-199 
3.501093e-199 
3.501093e-199 
3.501093e-199 
2.666683e-199 
2.426582e-199 
2.426582e-199 
1.603370e-199 
8.996201e-200 
8.050400e-200 
6.115562e-200 
6.115562e-200 
6.115562e-200 
3.014140e-200 
2.169601e-200 
1.708484e-200 
1.618445e-200 
1.570651e-200 
1.142857e-200 
9.249739e-201 
4.619582e-201 
4.619582e-201 
4.619582e-201 
3.935975e-201 
1.954055e-201 
1.954055e-201 
1.699374e-201 
1.352640e-201 
1.316355e-201 
1.281199e-201 
1.183484e-201 
1.183484e-201 
6.884390e-202 
6.884390e-202 
6.884390e-202 
5.888160e-202 
5.888160e-202 
5.878448e-202 
4.056333e-202 
3.231808e-202 
3.231808e-202 
3.231808e-202 
2.571721e-202 
2.571721e-202 
2.571721e-202 
1.501170e-202 
1.476912e-202 
1.476912e-202 
1.035727e-202 
9.083512e-203 
6.784096e-203 
6.784096e-203 
6.784096e-203 
5.355285e-203 
5.079210e-203 
5.079210e-203 
3.257611e-203 
3.257611e-203 
3.257611e-203 
2.443944e-203 
2.189634e-203 
2.189634e-203 
2.046753e-203 
1.665142e-203 
1.665142e-203 
1.665142e-203 
1.158875e-203 
8.594023e-204 
8.594023e-204 
7.345949e-204 
7.345949e-204 
6.683639e-204 
6.683639e-204 
4.521878e-204 
4.412887e-204 
4.412887e-204 
1.848415e-204 
1.848415e-204 
1.340867e-204 
1.033958e-204 
1.033958e-204 
9.095512e-205 
9.095512e-205 
9.095512e-205 
6.251999e-205 
5.286706e-205 
5.286706e-205 
5.286706e-205 
5.199825e-205 
3.794032e-205 
3.477050e-205 
3.477050e-205 
3.477050e-205 
3.367225e-205 
3.348163e-205 
3.023288e-205 
2.812256e-205 
1.491323e-205 
1.491323e-205 
1.256654e-205 
8.912914e-206 
8.890311e-206 
8.890311e-206 
7.571919e-206 
6.977168e-206 
6.753797e-206 
5.910737e-206 
5.910737e-206 
5.125217e-206 
3.989482e-206 
3.711385e-206 
3.634529e-206 
3.506581e-206 
3.506581e-206 
2.769160e-206 
1.668978e-206 
1.419223e-206 
1.349771e-206 
1.267100e-206 
9.062935e-207 
6.189737e-207 
6.189737e-207 
4.470273e-207 
4.470273e-207 
3.886763e-207 
2.863602e-207 
2.863602e-207 
2.425840e-207 
1.417112e-207 
1.278227e-207 
8.909721e-208 
8.909721e-208 
8.909721e-208 
8.909721e-208 
8.909721e-208 
8.224647e-208 
5.895832e-208 
3.288153e-208 
2.495077e-208 
1.909896e-208 
1.909896e-208 
1.881020e-208 
1.798884e-208 
1.314505e-208 
8.853668e-209 
8.853668e-209 
8.853668e-209 
7.139998e-209 
5.808821e-209 
5.731100e-209 
4.491490e-209 
3.565508e-209 
3.338881e-209 
2.899066e-209 
2.206958e-209 
2.206958e-209 
2.136718e-209 
1.848835e-209 
1.697591e-209 
9.569614e-210 
9.569614e-210 
9.569614e-210 
7.689461e-210 
5.385904e-210 
4.597290e-210 
3.919500e-210 
3.243017e-210 
3.005005e-210 
2.754228e-210 
2.356988e-210 
2.012865e-210 
1.935837e-210 
1.801312e-210 
8.401903e-211 
4.751979e-211 
4.751979e-211 
3.065082e-211 
3.065082e-211 
2.083444e-211 
2.054380e-211 
2.054380e-211 
2.054380e-211 
1.688991e-211 
1.176710e-211 
1.166434e-211 
1.022257e-211 
1.022257e-211 
6.750270e-212 
5.164924e-212 
3.241778e-212 
3.241778e-212 
3.241778e-212 
2.593189e-212 
2.055820e-212 
1.670452e-212 
1.670452e-212 
1.573111e-212 
1.573111e-212 
1.028455e-212 
7.696465e-213 
5.823042e-213 
3.264122e-213 
3.264122e-213 
3.264122e-213 
3.264122e-213 
3.173954e-213 
2.669705e-213 
2.441748e-213 
1.754626e-213 
1.183638e-213 
9.116654e-214 
4.310667e-214 
4.081910e-214 
3.528731e-214 
3.528731e-214 
3.528731e-214 
1.935086e-214 
1.935086e-214 
1.723350e-214 
1.723350e-214 
1.140427e-214 
1.140427e-214 
1.140427e-214 
5.439869e-215 
5.149389e-215 
5.149389e-215 
5.149389e-215 
5.149389e-215 
4.458474e-215 
4.458474e-215 
3.976771e-215 
3.698272e-215 
3.170803e-215 
2.200475e-215 
2.200475e-215 
1.677143e-215 
1.677143e-215 
1.547892e-215 
1.376359e-215 
1.124695e-215 
1.124695e-215 
9.105927e-216 
8.241707e-216 
8.241707e-216 
8.241707e-216 
7.855856e-216 
7.855856e-216 
3.188982e-216 
1.629519e-216 
1.629519e-216 
1.629519e-216 
8.915810e-217 
8.647666e-217 
8.647666e-217 
7.858926e-217 
6.596521e-217 
4.075490e-217 
3.840311e-217 
2.327689e-217 
2.327689e-217 
2.327689e-217 
2.104096e-217 
1.682838e-217 
1.407073e-217 
1.331454e-217 
1.217485e-217 
1.179866e-217 
8.840149e-218 
8.523275e-218 
7.586252e-218 
5.904109e-218 
5.044240e-218 
3.249991e-218 
3.137127e-218 
2.532157e-218 
2.532157e-218 
2.387323e-218 
2.211704e-218 
1.259929e-218 
1.259929e-218 
8.661756e-219 
8.595279e-219 
8.458473e-219 
8.458473e-219 
7.082480e-219 
7.082480e-219 
4.585702e-219 
4.585702e-219 
4.585702e-219 
3.793938e-219 
3.708454e-219 
3.708454e-219 
3.262698e-219 
3.262698e-219 
2.813493e-219 
2.275388e-219 
1.580983e-219 
1.241698e-219 
9.522751e-220 
7.229341e-220 
5.822628e-220 
5.822628e-220 
5.242108e-220 
5.218880e-220 
5.218880e-220 
3.336409e-220 
1.701226e-220 
1.701226e-220 
1.459734e-220 
1.459734e-220 
1.459734e-220 
1.459734e-220 
1.400993e-220 
1.400993e-220 
7.850286e-221 
7.379836e-221 
7.379836e-221 
5.759479e-221 
4.756157e-221 
4.756157e-221 
2.629910e-221 
2.289771e-221 
1.647606e-221 
1.647606e-221 
1.647606e-221 
1.297403e-221 
1.273341e-221 
1.173545e-221 
9.946148e-222 
8.147558e-222 
5.576330e-222 
4.873979e-222 
4.873979e-222 
4.159038e-222 
3.770828e-222 
2.688697e-222 
2.688697e-222 
2.375128e-222 
1.732338e-222 
1.315630e-222 
1.315630e-222 
8.308765e-223 
8.308765e-223 
8.308765e-223 
7.670084e-223 
7.670084e-223 
7.190318e-223 
6.038203e-223 
6.038203e-223 
6.038203e-223 
3.982804e-223 
3.032378e-223 
3.032378e-223 
2.116811e-223 
1.348686e-223 
1.348686e-223 
8.076572e-224 
8.076572e-224 
6.603075e-224 
3.881007e-224 
3.396394e-224 
1.603331e-224 
1.167007e-224 
1.167007e-224 
1.167007e-224 
9.881127e-225 
9.881127e-225 
9.881127e-225 
9.245214e-225 
6.977443e-225 
6.977443e-225 
6.143840e-225 
4.301981e-225 
2.972226e-225 
1.571818e-225 
1.571818e-225 
1.378825e-225 
1.378825e-225 
1.378825e-225 
9.618608e-226 
9.618608e-226 
6.732302e-226 
6.732302e-226 
6.344794e-226 
3.701432e-226 
2.490069e-226 
2.434795e-226 
2.434795e-226 
2.022644e-226 
2.022644e-226 
1.620020e-226 
1.619031e-226 
1.619031e-226 
1.555197e-226 
1.555197e-226 
1.555197e-226 
1.405782e-226 
9.827616e-227 
7.825670e-227 
5.131905e-227 
3.818814e-227 
2.804868e-227 
2.804868e-227 
2.751061e-227 
1.968800e-227 
1.559983e-227 
1.059111e-227 
1.059111e-227 
9.792550e-228 
8.912596e-228 
6.496227e-228 
4.291855e-228 
4.207874e-228 
2.360533e-228 
1.846736e-228 
1.127722e-228 
9.812760e-229 
4.231317e-229 
4.231317e-229 
4.231317e-229 
3.341050e-229 
2.823407e-229 
2.336894e-229 
1.487019e-229 
1.156094e-229 
3.461816e-230 
3.018376e-230 
2.633551e-230 
2.633551e-230 
2.216104e-230 
2.216104e-230 
2.045453e-230 
1.088622e-230 
1.088622e-230 
8.904198e-231 
8.904198e-231 
5.705064e-231 
5.705064e-231 
4.235602e-231 
3.462448e-231 
2.768825e-231 
2.307040e-231 
2.307040e-231 
2.247140e-231 
2.247140e-231 
2.247140e-231 
