8.204392e-236 
1.288352e-235 
3.260258e-223 
4.051184e-232 
2.207332e-233 
1.511836e-233 
9.581427e-232 
3.413083e-242 
1.285378e-229 
4.570877e-235 
3.159359e-234 
1.040835e-235 
1.145774e-232 
1.336425e-233 
1.484832e-232 
2.453715e-232 
4.329157e-237 
3.803713e-228 
2.079585e-234 
2.331543e-231 
8.458321e-236 
1.370679e-228 
3.006726e-231 
3.821806e-235 
2.761771e-231 
8.100760e-236 
3.243823e-225 
2.266712e-232 
3.278953e-228 
2.247140e-231 
average=1.097594e-224 
std=0 
best=3.413083e-242 
