1.862759e+03 
1.862759e+03 
1.862759e+03 
1.862759e+03 
1.862759e+03 
1.217561e+03 
1.217561e+03 
1.217561e+03 
1.217561e+03 
1.217561e+03 
1.217561e+03 
1.081003e+03 
7.962618e+02 
7.962618e+02 
6.407804e+02 
6.407804e+02 
6.407804e+02 
6.407804e+02 
6.407804e+02 
4.641767e+02 
3.935700e+02 
2.230902e+02 
1.521630e+02 
1.151552e+02 
7.552617e+01 
7.552617e+01 
7.552617e+01 
6.160654e+01 
5.505683e+01 
5.143865e+01 
5.034036e+01 
4.981119e+01 
3.844329e+01 
3.295403e+01 
3.224662e+01 
3.224662e+01 
2.698217e+01 
2.389964e+01 
2.389964e+01 
2.343460e+01 
2.020317e+01 
1.747004e+01 
1.747004e+01 
1.228282e+01 
1.038087e+01 
9.751114e+00 
9.751114e+00 
8.463312e+00 
8.463312e+00 
8.463312e+00 
7.233305e+00 
7.202840e+00 
7.202840e+00 
7.202840e+00 
7.202840e+00 
7.032763e+00 
7.032763e+00 
6.980336e+00 
6.901357e+00 
6.897499e+00 
6.895347e+00 
6.859802e+00 
6.835135e+00 
6.835135e+00 
6.832774e+00 
6.825093e+00 
6.825093e+00 
6.817115e+00 
6.816910e+00 
6.782658e+00 
6.782658e+00 
6.779167e+00 
6.775592e+00 
6.775592e+00 
6.775592e+00 
6.774150e+00 
6.773406e+00 
6.772801e+00 
6.771476e+00 
6.770979e+00 
6.770159e+00 
6.769396e+00 
6.768981e+00 
6.768981e+00 
6.768772e+00 
6.768574e+00 
6.768374e+00 
6.768364e+00 
6.768312e+00 
6.768073e+00 
6.768073e+00 
6.767902e+00 
6.767862e+00 
6.767799e+00 
6.767799e+00 
6.767797e+00 
6.767772e+00 
6.767772e+00 
6.767772e+00 
6.767772e+00 
6.767621e+00 
6.767563e+00 
6.767518e+00 
6.767509e+00 
6.767501e+00 
6.767501e+00 
6.767485e+00 
6.767485e+00 
6.767482e+00 
6.767481e+00 
6.767477e+00 
6.767477e+00 
6.767477e+00 
6.767474e+00 
6.767474e+00 
6.767473e+00 
6.767471e+00 
6.767469e+00 
6.767469e+00 
6.767468e+00 
6.767468e+00 
6.767468e+00 
6.767468e+00 
6.767468e+00 
6.767468e+00 
6.767467e+00 
6.767467e+00 
6.767467e+00 
6.767467e+00 
6.767467e+00 
6.767467e+00 
6.767467e+00 
6.767467e+00 
6.767467e+00 
6.767467e+00 
6.767467e+00 
6.767467e+00 
6.767467e+00 
6.767467e+00 
6.767467e+00 
6.767467e+00 
6.767467e+00 
6.767467e+00 
6.767467e+00 
6.767467e+00 
6.767467e+00 
6.767467e+00 
6.767467e+00 
6.767467e+00 
6.767467e+00 
6.767467e+00 
6.767467e+00 
6.767467e+00 
6.767467e+00 
6.767467e+00 
6.767467e+00 
6.767467e+00 
6.767467e+00 
6.767467e+00 
6.767467e+00 
6.767467e+00 
6.767467e+00 
6.767467e+00 
6.767467e+00 
6.767467e+00 
6.767467e+00 
6.767467e+00 
6.767467e+00 
6.767467e+00 
6.767467e+00 
6.767467e+00 
6.767467e+00 
6.767467e+00 
6.767467e+00 
6.767467e+00 
6.767467e+00 
6.767467e+00 
6.767467e+00 
6.767467e+00 
6.767467e+00 
6.767467e+00 
6.767467e+00 
6.767467e+00 
6.767467e+00 
6.767467e+00 
6.767467e+00 
6.767467e+00 
6.767467e+00 
6.767467e+00 
6.767467e+00 
6.767467e+00 
6.767467e+00 
6.767467e+00 
6.767467e+00 
6.767467e+00 
6.767467e+00 
6.767467e+00 
6.767467e+00 
6.767467e+00 
6.767467e+00 
6.767467e+00 
6.767467e+00 
6.767467e+00 
6.767467e+00 
6.767467e+00 
6.767467e+00 
6.767467e+00 
6.767467e+00 
6.767467e+00 
6.767467e+00 
6.767467e+00 
6.767467e+00 
6.767467e+00 
6.767467e+00 
6.767467e+00 
6.767467e+00 
6.767467e+00 
6.767467e+00 
6.767467e+00 
6.767467e+00 
6.767467e+00 
6.767467e+00 
6.767467e+00 
6.767467e+00 
6.767467e+00 
6.767467e+00 
6.767467e+00 
6.767467e+00 
6.767467e+00 
6.767467e+00 
6.767467e+00 
6.767467e+00 
6.767467e+00 
6.767467e+00 
6.767467e+00 
6.767467e+00 
6.767467e+00 
6.767467e+00 
6.767467e+00 
6.767467e+00 
6.767467e+00 
6.767467e+00 
6.767467e+00 
6.767467e+00 
6.767467e+00 
6.767467e+00 
6.767467e+00 
6.767467e+00 
6.767467e+00 
6.767467e+00 
6.767467e+00 
6.767467e+00 
6.767467e+00 
6.767467e+00 
6.767467e+00 
6.767467e+00 
6.767467e+00 
6.767467e+00 
6.767467e+00 
6.767467e+00 
6.767467e+00 
6.767467e+00 
6.767467e+00 
6.767467e+00 
6.767467e+00 
6.767467e+00 
6.767467e+00 
6.767467e+00 
6.767467e+00 
6.767467e+00 
6.767467e+00 
6.767467e+00 
6.767467e+00 
6.767467e+00 
6.767467e+00 
6.767467e+00 
6.767467e+00 
6.767467e+00 
6.767467e+00 
6.767467e+00 
6.767467e+00 
6.767467e+00 
6.767467e+00 
6.767467e+00 
6.767467e+00 
6.767467e+00 
6.767467e+00 
6.767467e+00 
6.767467e+00 
6.767467e+00 
6.767467e+00 
6.767467e+00 
6.767467e+00 
6.767467e+00 
6.767467e+00 
6.767467e+00 
6.767467e+00 
6.767467e+00 
6.767467e+00 
6.767467e+00 
6.767467e+00 
6.767467e+00 
6.767467e+00 
6.767467e+00 
6.767467e+00 
6.767467e+00 
6.767467e+00 
6.767467e+00 
6.767467e+00 
6.767467e+00 
6.767467e+00 
6.767467e+00 
6.767467e+00 
6.767467e+00 
6.767467e+00 
6.767467e+00 
6.767467e+00 
6.767467e+00 
6.767467e+00 
6.767467e+00 
6.767467e+00 
6.767467e+00 
6.767467e+00 
6.767467e+00 
6.767467e+00 
6.767467e+00 
6.767467e+00 
6.767467e+00 
6.767467e+00 
6.767467e+00 
6.767467e+00 
6.767467e+00 
6.767467e+00 
6.767467e+00 
6.767467e+00 
6.767467e+00 
6.767467e+00 
6.767467e+00 
6.767467e+00 
6.767467e+00 
6.767467e+00 
6.767467e+00 
6.767467e+00 
6.767467e+00 
6.767467e+00 
6.767467e+00 
6.767467e+00 
6.767467e+00 
6.767467e+00 
6.767467e+00 
6.767467e+00 
6.767467e+00 
6.767467e+00 
6.767467e+00 
6.767467e+00 
6.767467e+00 
6.767467e+00 
6.767467e+00 
6.767467e+00 
6.767467e+00 
6.767467e+00 
6.767467e+00 
6.767467e+00 
6.767467e+00 
6.767467e+00 
6.767467e+00 
6.767467e+00 
6.767467e+00 
6.767467e+00 
6.767467e+00 
6.767467e+00 
6.767467e+00 
6.767467e+00 
6.767467e+00 
6.767467e+00 
6.767467e+00 
6.767467e+00 
6.767467e+00 
6.767467e+00 
6.767467e+00 
6.767467e+00 
6.767467e+00 
6.767467e+00 
6.767467e+00 
6.767467e+00 
6.767467e+00 
6.767467e+00 
6.767467e+00 
6.767467e+00 
6.767467e+00 
6.767467e+00 
6.767467e+00 
6.767467e+00 
6.767467e+00 
6.767467e+00 
6.767467e+00 
6.767467e+00 
6.767467e+00 
6.767467e+00 
6.767467e+00 
6.767467e+00 
6.767467e+00 
6.767467e+00 
6.767467e+00 
6.767467e+00 
6.767467e+00 
6.767467e+00 
6.767467e+00 
6.767467e+00 
6.767467e+00 
6.767467e+00 
6.767467e+00 
6.767467e+00 
6.767467e+00 
6.767467e+00 
6.767467e+00 
6.767467e+00 
6.767467e+00 
6.767467e+00 
6.767467e+00 
6.767467e+00 
6.767467e+00 
6.767467e+00 
6.767467e+00 
6.767467e+00 
6.767467e+00 
6.767467e+00 
6.767467e+00 
6.767467e+00 
6.767467e+00 
6.767467e+00 
6.767467e+00 
6.767467e+00 
6.767467e+00 
6.767467e+00 
6.767467e+00 
6.767467e+00 
6.767467e+00 
6.767467e+00 
6.767467e+00 
6.767467e+00 
6.767467e+00 
6.767467e+00 
6.767467e+00 
6.767467e+00 
6.767467e+00 
6.767467e+00 
6.767467e+00 
6.767467e+00 
6.767467e+00 
6.767467e+00 
6.767467e+00 
6.767467e+00 
6.767467e+00 
6.767467e+00 
6.767467e+00 
6.767467e+00 
6.767467e+00 
6.767467e+00 
6.767467e+00 
6.767467e+00 
6.767467e+00 
6.767467e+00 
6.767467e+00 
6.767467e+00 
6.767467e+00 
6.767467e+00 
6.767467e+00 
6.767467e+00 
6.767467e+00 
6.767467e+00 
6.767467e+00 
6.767467e+00 
6.767467e+00 
6.767467e+00 
6.767467e+00 
6.767467e+00 
6.767467e+00 
6.767467e+00 
6.767467e+00 
6.767467e+00 
6.767467e+00 
6.767467e+00 
6.767467e+00 
6.767467e+00 
6.767467e+00 
6.767467e+00 
6.767467e+00 
6.767467e+00 
6.767467e+00 
6.767467e+00 
6.767467e+00 
6.767467e+00 
6.767467e+00 
6.767467e+00 
6.767467e+00 
6.767467e+00 
6.767467e+00 
6.767467e+00 
6.767467e+00 
6.767467e+00 
6.767467e+00 
6.767467e+00 
6.767467e+00 
6.767467e+00 
6.767467e+00 
6.767467e+00 
6.767467e+00 
6.767467e+00 
6.767467e+00 
6.767467e+00 
6.767467e+00 
6.767467e+00 
6.767467e+00 
6.767467e+00 
6.767467e+00 
6.767467e+00 
6.767467e+00 
6.767467e+00 
6.767467e+00 
6.767467e+00 
6.767467e+00 
6.767467e+00 
6.767467e+00 
6.767467e+00 
6.767467e+00 
6.767467e+00 
6.767467e+00 
6.767467e+00 
6.767467e+00 
6.767467e+00 
6.767467e+00 
6.767467e+00 
6.767467e+00 
6.767467e+00 
6.767467e+00 
6.767467e+00 
6.767467e+00 
6.767467e+00 
6.767467e+00 
6.767467e+00 
6.767467e+00 
6.767467e+00 
6.767467e+00 
6.767467e+00 
6.767467e+00 
6.767467e+00 
6.767467e+00 
6.767467e+00 
6.767467e+00 
6.767467e+00 
6.767467e+00 
6.767467e+00 
6.767467e+00 
6.767467e+00 
6.767467e+00 
6.767467e+00 
6.767467e+00 
6.767467e+00 
6.767467e+00 
6.767467e+00 
6.767467e+00 
6.767467e+00 
6.767467e+00 
6.767467e+00 
6.767467e+00 
6.767467e+00 
6.767467e+00 
6.767467e+00 
6.767467e+00 
6.767467e+00 
6.767467e+00 
6.767467e+00 
6.767467e+00 
6.767467e+00 
6.767467e+00 
6.767467e+00 
6.767467e+00 
6.767467e+00 
6.767467e+00 
6.767467e+00 
6.767467e+00 
6.767467e+00 
6.767467e+00 
6.767467e+00 
6.767467e+00 
6.767467e+00 
6.767467e+00 
6.767467e+00 
6.767467e+00 
6.767467e+00 
6.767467e+00 
6.767467e+00 
6.767467e+00 
6.767467e+00 
6.767467e+00 
6.767467e+00 
6.767467e+00 
6.767467e+00 
6.767467e+00 
6.767467e+00 
6.767467e+00 
6.767467e+00 
6.767467e+00 
6.767467e+00 
6.767467e+00 
6.767467e+00 
6.767467e+00 
6.767467e+00 
6.767467e+00 
6.767467e+00 
6.767467e+00 
6.767467e+00 
6.767467e+00 
6.767467e+00 
6.767467e+00 
6.767467e+00 
6.767467e+00 
6.767467e+00 
6.767467e+00 
6.767467e+00 
6.767467e+00 
6.767467e+00 
6.767467e+00 
6.767467e+00 
6.767467e+00 
6.767467e+00 
6.767467e+00 
6.767467e+00 
6.767467e+00 
6.767467e+00 
6.767467e+00 
6.767467e+00 
6.767467e+00 
6.767467e+00 
6.767467e+00 
6.767467e+00 
6.767467e+00 
6.767467e+00 
6.767467e+00 
6.767467e+00 
6.767467e+00 
6.767467e+00 
6.767467e+00 
6.767467e+00 
6.767467e+00 
6.767467e+00 
6.767467e+00 
6.767467e+00 
6.767467e+00 
6.767467e+00 
6.767467e+00 
6.767467e+00 
6.767467e+00 
6.767467e+00 
6.767467e+00 
6.767467e+00 
6.767467e+00 
6.767467e+00 
6.767467e+00 
6.767467e+00 
6.767467e+00 
6.767467e+00 
6.767467e+00 
6.767467e+00 
6.767467e+00 
6.767467e+00 
6.767467e+00 
6.767467e+00 
6.767467e+00 
6.767467e+00 
6.767467e+00 
6.767467e+00 
6.767467e+00 
6.767467e+00 
6.767467e+00 
6.767467e+00 
6.767467e+00 
6.767467e+00 
6.767467e+00 
6.767467e+00 
6.767467e+00 
6.767467e+00 
6.767467e+00 
6.767467e+00 
6.767467e+00 
6.767467e+00 
6.767467e+00 
6.767467e+00 
6.767467e+00 
6.767467e+00 
6.767467e+00 
6.767467e+00 
6.767467e+00 
6.767467e+00 
6.767467e+00 
6.767467e+00 
6.767467e+00 
6.767467e+00 
6.767467e+00 
6.767467e+00 
6.767467e+00 
6.767467e+00 
6.767467e+00 
6.767467e+00 
6.767467e+00 
6.767467e+00 
6.767467e+00 
6.767467e+00 
6.767467e+00 
6.767467e+00 
6.767467e+00 
6.767467e+00 
6.767467e+00 
6.767467e+00 
6.767467e+00 
6.767467e+00 
6.767467e+00 
6.767467e+00 
6.767467e+00 
6.767467e+00 
6.767467e+00 
6.767467e+00 
6.767467e+00 
6.767467e+00 
6.767467e+00 
6.767467e+00 
6.767467e+00 
6.767467e+00 
6.767467e+00 
6.767467e+00 
6.767467e+00 
6.767467e+00 
6.767467e+00 
6.767467e+00 
6.767467e+00 
6.767467e+00 
6.767467e+00 
6.767467e+00 
6.767467e+00 
6.767467e+00 
6.767467e+00 
6.767467e+00 
6.767467e+00 
6.767467e+00 
6.767467e+00 
6.767467e+00 
6.767467e+00 
6.767467e+00 
6.767467e+00 
6.767467e+00 
6.767467e+00 
6.767467e+00 
6.767467e+00 
6.767467e+00 
6.767467e+00 
6.767467e+00 
6.767467e+00 
6.767467e+00 
6.767467e+00 
6.767467e+00 
6.767467e+00 
6.767467e+00 
6.767467e+00 
6.767467e+00 
6.767467e+00 
6.767467e+00 
6.767467e+00 
6.767467e+00 
6.767467e+00 
6.767467e+00 
6.767467e+00 
6.767467e+00 
6.767467e+00 
6.767467e+00 
6.767467e+00 
6.767467e+00 
6.767467e+00 
6.767467e+00 
6.767467e+00 
6.767467e+00 
6.767467e+00 
6.767467e+00 
6.767467e+00 
6.767467e+00 
6.767467e+00 
6.767467e+00 
6.767467e+00 
6.767467e+00 
6.767467e+00 
6.767467e+00 
6.767467e+00 
6.767467e+00 
6.767467e+00 
6.767467e+00 
6.767467e+00 
6.767467e+00 
6.767467e+00 
6.767467e+00 
6.767467e+00 
6.767467e+00 
6.767467e+00 
6.767467e+00 
6.767467e+00 
6.767467e+00 
6.767467e+00 
6.767467e+00 
6.767467e+00 
6.767467e+00 
6.767467e+00 
6.767467e+00 
6.767467e+00 
6.767467e+00 
6.767467e+00 
6.767467e+00 
6.767467e+00 
6.767467e+00 
6.767467e+00 
6.767467e+00 
6.767467e+00 
6.767467e+00 
6.767467e+00 
6.767467e+00 
6.767467e+00 
6.767467e+00 
6.767467e+00 
6.767467e+00 
6.767467e+00 
6.767467e+00 
6.767467e+00 
6.767467e+00 
6.767467e+00 
6.767467e+00 
6.767467e+00 
6.767467e+00 
6.767467e+00 
6.767467e+00 
6.767467e+00 
6.767467e+00 
6.767467e+00 
6.767467e+00 
6.767467e+00 
6.767467e+00 
6.767467e+00 
6.767467e+00 
6.767467e+00 
6.767467e+00 
6.767467e+00 
6.767467e+00 
6.767467e+00 
6.767467e+00 
6.767467e+00 
6.767467e+00 
6.767467e+00 
6.767467e+00 
6.767467e+00 
6.767467e+00 
6.767467e+00 
6.767467e+00 
6.767467e+00 
6.767467e+00 
6.767467e+00 
6.767467e+00 
6.767467e+00 
6.767467e+00 
6.767467e+00 
6.767467e+00 
6.767467e+00 
6.767467e+00 
6.767467e+00 
6.767467e+00 
6.767467e+00 
6.767467e+00 
6.767467e+00 
6.767467e+00 
6.767467e+00 
6.767467e+00 
6.767467e+00 
6.767467e+00 
6.767467e+00 
6.767467e+00 
6.767467e+00 
6.767467e+00 
6.767467e+00 
6.767467e+00 
6.767467e+00 
6.767467e+00 
6.767467e+00 
6.767467e+00 
6.767467e+00 
6.767467e+00 
6.767467e+00 
6.767467e+00 
6.767467e+00 
6.767467e+00 
6.767467e+00 
6.767467e+00 
6.767467e+00 
6.767467e+00 
6.767467e+00 
6.767467e+00 
6.767467e+00 
6.767467e+00 
6.767467e+00 
6.767467e+00 
6.767467e+00 
6.767467e+00 
6.767467e+00 
6.767467e+00 
6.767467e+00 
6.767467e+00 
6.767467e+00 
6.767467e+00 
6.767467e+00 
6.767467e+00 
6.767467e+00 
6.767467e+00 
6.767467e+00 
6.767467e+00 
6.767467e+00 
6.767467e+00 
6.767467e+00 
6.767467e+00 
6.767467e+00 
6.767467e+00 
6.767467e+00 
6.767467e+00 
6.767467e+00 
6.767467e+00 
6.767467e+00 
6.767467e+00 
6.767467e+00 
6.767467e+00 
6.767467e+00 
6.767467e+00 
6.767467e+00 
6.767467e+00 
6.767467e+00 
6.767467e+00 
6.767467e+00 
6.767467e+00 
6.767467e+00 
6.767467e+00 
6.767467e+00 
6.767467e+00 
6.767467e+00 
6.767467e+00 
6.767467e+00 
6.767467e+00 
6.767467e+00 
6.767467e+00 
6.767467e+00 
6.767467e+00 
6.767467e+00 
6.767467e+00 
6.767467e+00 
6.767467e+00 
6.767467e+00 
6.767467e+00 
6.767467e+00 
6.767467e+00 
6.767467e+00 
6.767467e+00 
6.767467e+00 
6.767467e+00 
6.767467e+00 
6.767467e+00 
6.767467e+00 
6.767467e+00 
6.767467e+00 
6.767467e+00 
6.767467e+00 
6.767467e+00 
6.767467e+00 
6.767467e+00 
6.767467e+00 
6.767467e+00 
6.767467e+00 
6.767467e+00 
6.767467e+00 
6.767467e+00 
6.767467e+00 
6.767467e+00 
6.767467e+00 
6.767467e+00 
6.767467e+00 
6.767467e+00 
6.767467e+00 
6.767467e+00 
6.767467e+00 
6.767467e+00 
6.767467e+00 
6.767467e+00 
6.767467e+00 
6.767467e+00 
6.767467e+00 
6.767467e+00 
6.767467e+00 
6.767467e+00 
6.767467e+00 
6.767467e+00 
6.767467e+00 
6.767467e+00 
6.767467e+00 
6.767467e+00 
6.767467e+00 
6.767467e+00 
6.767467e+00 
6.767467e+00 
6.767467e+00 
6.767467e+00 
6.767467e+00 
6.767467e+00 
6.767467e+00 
6.767467e+00 
6.767467e+00 
6.767467e+00 
6.767467e+00 
6.767467e+00 
6.767467e+00 
6.767467e+00 
6.767467e+00 
6.767467e+00 
6.767467e+00 
6.767467e+00 
6.767467e+00 
6.767467e+00 
6.767467e+00 
6.767467e+00 
6.767467e+00 
6.767467e+00 
6.767467e+00 
6.767467e+00 
6.767467e+00 
6.767467e+00 
6.767467e+00 
6.767467e+00 
6.767467e+00 
6.767467e+00 
6.767467e+00 
6.767467e+00 
6.767467e+00 
6.767467e+00 
6.767467e+00 
6.767467e+00 
6.767467e+00 
6.767467e+00 
6.767467e+00 
6.767467e+00 
6.767467e+00 
6.767467e+00 
6.767467e+00 
6.767467e+00 
6.767467e+00 
6.767467e+00 
6.767467e+00 
6.767467e+00 
6.767467e+00 
6.767467e+00 
6.767467e+00 
6.767467e+00 
6.767467e+00 
6.767467e+00 
6.767467e+00 
6.767467e+00 
6.767467e+00 
6.767467e+00 
6.767467e+00 
6.767467e+00 
6.767467e+00 
6.767467e+00 
6.767467e+00 
6.767467e+00 
6.767467e+00 
6.767467e+00 
6.767467e+00 
6.767467e+00 
6.767467e+00 
6.767467e+00 
6.767467e+00 
6.767467e+00 
6.767467e+00 
6.767467e+00 
6.767467e+00 
6.767467e+00 
6.767467e+00 
6.767467e+00 
6.767467e+00 
6.767467e+00 
6.767467e+00 
6.767467e+00 
6.767467e+00 
6.767467e+00 
6.767467e+00 
6.767467e+00 
6.767467e+00 
6.767467e+00 
6.767467e+00 
6.767467e+00 
6.767467e+00 
6.767467e+00 
6.767467e+00 
6.767467e+00 
6.767467e+00 
6.767467e+00 
6.767467e+00 
6.767467e+00 
6.767467e+00 
6.767467e+00 
6.767467e+00 
6.767467e+00 
6.767467e+00 
6.767467e+00 
6.767467e+00 
6.767467e+00 
6.767467e+00 
6.767467e+00 
6.767467e+00 
6.767467e+00 
6.767467e+00 
6.767467e+00 
6.767467e+00 
6.767467e+00 
6.767467e+00 
6.767467e+00 
6.767467e+00 
6.767467e+00 
6.767467e+00 
6.767467e+00 
6.767467e+00 
6.767467e+00 
6.767467e+00 
6.767467e+00 
6.767467e+00 
6.767467e+00 
6.767467e+00 
6.767467e+00 
6.767467e+00 
6.767467e+00 
6.767467e+00 
6.767467e+00 
6.767467e+00 
6.767467e+00 
6.767467e+00 
6.767467e+00 
6.767467e+00 
6.767467e+00 
6.767467e+00 
6.767467e+00 
6.767467e+00 
6.767467e+00 
6.767467e+00 
6.767467e+00 
6.767467e+00 
6.767467e+00 
6.767467e+00 
6.767467e+00 
6.767467e+00 
6.767467e+00 
6.767467e+00 
6.767467e+00 
6.767467e+00 
6.767467e+00 
6.767467e+00 
6.767467e+00 
6.767467e+00 
6.767467e+00 
6.767467e+00 
6.767467e+00 
6.767467e+00 
6.767467e+00 
6.767467e+00 
6.767467e+00 
6.767467e+00 
6.767467e+00 
6.767467e+00 
6.767467e+00 
6.767467e+00 
6.767467e+00 
6.767467e+00 
6.767467e+00 
6.767467e+00 
6.767467e+00 
6.767467e+00 
6.767467e+00 
6.767467e+00 
6.767467e+00 
6.767467e+00 
6.767467e+00 
6.767467e+00 
6.767467e+00 
6.767467e+00 
6.767467e+00 
6.767467e+00 
6.767467e+00 
6.767467e+00 
6.767467e+00 
6.767467e+00 
6.767467e+00 
6.767467e+00 
6.767467e+00 
6.767467e+00 
6.767467e+00 
6.767467e+00 
6.767467e+00 
6.767467e+00 
6.767467e+00 
6.767467e+00 
6.767467e+00 
6.767467e+00 
6.767467e+00 
6.767467e+00 
6.767467e+00 
6.767467e+00 
6.767467e+00 
6.767467e+00 
6.767467e+00 
6.767467e+00 
6.767467e+00 
6.767467e+00 
6.767467e+00 
6.767467e+00 
6.767467e+00 
6.767467e+00 
6.767467e+00 
6.767467e+00 
6.767467e+00 
6.767467e+00 
6.767467e+00 
6.767467e+00 
6.767467e+00 
6.767467e+00 
6.767467e+00 
6.767467e+00 
6.767467e+00 
6.767467e+00 
6.767467e+00 
6.767467e+00 
6.767467e+00 
6.767467e+00 
6.767467e+00 
6.767467e+00 
6.767467e+00 
6.767467e+00 
6.767467e+00 
6.767467e+00 
6.767467e+00 
6.767467e+00 
6.767467e+00 
6.767467e+00 
6.767467e+00 
6.767467e+00 
6.767467e+00 
6.767467e+00 
6.767467e+00 
6.767467e+00 
6.767467e+00 
6.767467e+00 
6.767467e+00 
6.767467e+00 
6.767467e+00 
6.767467e+00 
6.767467e+00 
6.767467e+00 
6.767467e+00 
6.767467e+00 
6.767467e+00 
6.767467e+00 
6.767467e+00 
6.767467e+00 
6.767467e+00 
6.767467e+00 
6.767467e+00 
6.767467e+00 
6.767467e+00 
6.767467e+00 
6.767467e+00 
6.767467e+00 
6.767467e+00 
6.767467e+00 
6.767467e+00 
6.767467e+00 
6.767467e+00 
6.767467e+00 
6.767467e+00 
6.767467e+00 
6.767467e+00 
6.767467e+00 
6.767467e+00 
6.767467e+00 
6.767467e+00 
6.767467e+00 
6.767467e+00 
6.767467e+00 
6.767467e+00 
6.767467e+00 
6.767467e+00 
6.767467e+00 
6.767467e+00 
6.767467e+00 
6.767467e+00 
6.767467e+00 
6.767467e+00 
6.767467e+00 
6.767467e+00 
6.767467e+00 
6.767467e+00 
6.767467e+00 
6.767467e+00 
6.767467e+00 
6.767467e+00 
6.767467e+00 
6.767467e+00 
6.767467e+00 
6.767467e+00 
6.767467e+00 
6.767467e+00 
6.767467e+00 
6.767467e+00 
6.767467e+00 
6.767467e+00 
6.767467e+00 
6.767467e+00 
6.767467e+00 
6.767467e+00 
6.767467e+00 
6.767467e+00 
6.767467e+00 
6.767467e+00 
6.767467e+00 
6.767467e+00 
6.767467e+00 
6.767467e+00 
6.767467e+00 
6.767467e+00 
6.767467e+00 
6.767467e+00 
6.767467e+00 
6.767467e+00 
6.767467e+00 
6.767467e+00 
6.767467e+00 
6.767467e+00 
6.767467e+00 
6.767467e+00 
6.767467e+00 
6.767467e+00 
6.767467e+00 
6.767467e+00 
6.767467e+00 
6.767467e+00 
6.767467e+00 
6.767467e+00 
6.767467e+00 
6.767467e+00 
6.767467e+00 
6.767467e+00 
6.767467e+00 
6.767467e+00 
6.767467e+00 
6.767467e+00 
6.767467e+00 
6.767467e+00 
6.767467e+00 
6.767467e+00 
6.767467e+00 
6.767467e+00 
6.767467e+00 
6.767467e+00 
6.767467e+00 
6.767467e+00 
6.767467e+00 
6.767467e+00 
6.767467e+00 
6.767467e+00 
6.767467e+00 
6.767467e+00 
6.767467e+00 
6.767467e+00 
6.767467e+00 
6.767467e+00 
6.767467e+00 
6.767467e+00 
6.767467e+00 
6.767467e+00 
6.767467e+00 
6.767467e+00 
6.767467e+00 
6.767467e+00 
6.767467e+00 
6.767467e+00 
6.767467e+00 
6.767467e+00 
6.767467e+00 
6.767467e+00 
6.767467e+00 
6.767467e+00 
6.767467e+00 
6.767467e+00 
6.767467e+00 
6.767467e+00 
6.767467e+00 
6.767467e+00 
6.767467e+00 
6.767467e+00 
6.767467e+00 
6.767467e+00 
6.767467e+00 
6.767467e+00 
6.767467e+00 
6.767467e+00 
6.767467e+00 
6.767467e+00 
6.767467e+00 
6.767467e+00 
6.767467e+00 
6.767467e+00 
6.767467e+00 
6.767467e+00 
6.767467e+00 
6.767467e+00 
6.767467e+00 
6.767467e+00 
6.767467e+00 
6.767467e+00 
6.767467e+00 
6.767467e+00 
6.767467e+00 
6.767467e+00 
6.767467e+00 
6.767467e+00 
6.767467e+00 
6.767467e+00 
6.767467e+00 
6.767467e+00 
6.767467e+00 
6.767467e+00 
6.767467e+00 
6.767467e+00 
6.767467e+00 
6.767467e+00 
6.767467e+00 
6.767467e+00 
6.767467e+00 
6.767467e+00 
6.767467e+00 
6.767467e+00 
6.767467e+00 
6.767467e+00 
6.767467e+00 
6.767467e+00 
6.767467e+00 
6.767467e+00 
6.767467e+00 
6.767467e+00 
6.767467e+00 
6.767467e+00 
6.767467e+00 
6.767467e+00 
6.767467e+00 
6.767467e+00 
6.767467e+00 
6.767467e+00 
6.767467e+00 
6.767467e+00 
6.767467e+00 
6.767467e+00 
6.767467e+00 
6.767467e+00 
6.767467e+00 
6.767467e+00 
6.767467e+00 
6.767467e+00 
6.767467e+00 
6.767467e+00 
6.767467e+00 
6.767467e+00 
6.767467e+00 
6.767467e+00 
6.767467e+00 
6.767467e+00 
6.767467e+00 
6.767467e+00 
6.767467e+00 
6.767467e+00 
6.767467e+00 
6.767467e+00 
6.767467e+00 
6.767467e+00 
6.767467e+00 
6.767467e+00 
6.767467e+00 
6.767467e+00 
6.767467e+00 
6.767467e+00 
6.767467e+00 
6.767467e+00 
6.767467e+00 
6.767467e+00 
6.767467e+00 
6.767467e+00 
6.767467e+00 
6.767467e+00 
6.767467e+00 
6.767467e+00 
6.767467e+00 
6.767467e+00 
6.767467e+00 
6.767467e+00 
6.767467e+00 
6.767467e+00 
6.767467e+00 
6.767467e+00 
6.767467e+00 
6.767467e+00 
6.767467e+00 
6.767467e+00 
6.767467e+00 
6.767467e+00 
6.767467e+00 
6.767467e+00 
6.767467e+00 
6.767467e+00 
6.767467e+00 
6.767467e+00 
6.767467e+00 
6.767467e+00 
6.767467e+00 
6.767467e+00 
6.767467e+00 
6.767467e+00 
6.767467e+00 
6.767467e+00 
6.767467e+00 
6.767467e+00 
6.767467e+00 
6.767467e+00 
6.767467e+00 
6.767467e+00 
6.767467e+00 
6.767467e+00 
6.767467e+00 
6.767467e+00 
6.767467e+00 
6.767467e+00 
6.767467e+00 
6.767467e+00 
6.767467e+00 
6.767467e+00 
6.767467e+00 
6.767467e+00 
6.767467e+00 
6.767467e+00 
6.767467e+00 
6.767467e+00 
6.767467e+00 
6.767467e+00 
6.767467e+00 
6.767467e+00 
6.767467e+00 
6.767467e+00 
6.767467e+00 
6.767467e+00 
6.767467e+00 
6.767467e+00 
6.767467e+00 
6.767467e+00 
6.767467e+00 
6.767467e+00 
6.767467e+00 
6.767467e+00 
6.767467e+00 
6.767467e+00 
6.767467e+00 
6.767467e+00 
6.767467e+00 
6.767467e+00 
6.767467e+00 
6.767467e+00 
6.767467e+00 
6.767467e+00 
6.767467e+00 
6.767467e+00 
6.767467e+00 
6.767467e+00 
6.767467e+00 
6.767467e+00 
6.767467e+00 
6.767467e+00 
6.767467e+00 
6.767467e+00 
6.767467e+00 
6.767467e+00 
6.767467e+00 
6.767467e+00 
6.767467e+00 
6.767467e+00 
6.767467e+00 
6.767467e+00 
6.767467e+00 
6.767467e+00 
6.767467e+00 
6.767467e+00 
6.767467e+00 
6.767467e+00 
6.767467e+00 
6.767467e+00 
6.767467e+00 
6.767467e+00 
6.767467e+00 
6.767467e+00 
6.767467e+00 
6.767467e+00 
6.767467e+00 
6.767467e+00 
6.767467e+00 
6.767467e+00 
6.767467e+00 
6.767467e+00 
6.767467e+00 
6.767467e+00 
6.767467e+00 
6.767467e+00 
6.767467e+00 
6.767467e+00 
6.767467e+00 
6.767467e+00 
6.767467e+00 
6.767467e+00 
6.767467e+00 
6.767467e+00 
6.767467e+00 
6.767467e+00 
6.767467e+00 
6.767467e+00 
6.767467e+00 
6.767467e+00 
6.767467e+00 
6.767467e+00 
6.767467e+00 
6.767467e+00 
6.767467e+00 
6.767467e+00 
6.767467e+00 
6.767467e+00 
6.767467e+00 
6.767467e+00 
6.767467e+00 
6.767467e+00 
6.767467e+00 
6.767467e+00 
6.767467e+00 
6.767467e+00 
6.767467e+00 
6.767467e+00 
6.767467e+00 
6.767467e+00 
6.767467e+00 
6.767467e+00 
6.767467e+00 
6.767467e+00 
6.767467e+00 
6.767467e+00 
6.767467e+00 
6.767467e+00 
6.767467e+00 
6.767467e+00 
6.767467e+00 
6.767467e+00 
6.767467e+00 
6.767467e+00 
6.767467e+00 
6.767467e+00 
6.767467e+00 
6.767467e+00 
6.767467e+00 
6.767467e+00 
6.767467e+00 
6.767467e+00 
6.767467e+00 
6.767467e+00 
6.767467e+00 
6.767467e+00 
6.767467e+00 
6.767467e+00 
6.767467e+00 
6.767467e+00 
6.767467e+00 
6.767467e+00 
6.767467e+00 
6.767467e+00 
6.767467e+00 
6.767467e+00 
6.767467e+00 
6.767467e+00 
6.767467e+00 
6.767467e+00 
6.767467e+00 
6.767467e+00 
6.767467e+00 
6.767467e+00 
6.767467e+00 
6.767467e+00 
6.767467e+00 
6.767467e+00 
6.767467e+00 
6.767467e+00 
6.767467e+00 
6.767467e+00 
6.767467e+00 
6.767467e+00 
6.767467e+00 
6.767467e+00 
6.767467e+00 
6.767467e+00 
6.767467e+00 
6.767467e+00 
6.767467e+00 
6.767467e+00 
6.767467e+00 
6.767467e+00 
6.767467e+00 
6.767467e+00 
6.767467e+00 
6.767467e+00 
6.767467e+00 
6.767467e+00 
6.767467e+00 
6.767467e+00 
6.767467e+00 
6.767467e+00 
6.767467e+00 
6.767467e+00 
6.767467e+00 
6.767467e+00 
6.767467e+00 
6.767467e+00 
6.767467e+00 
6.767467e+00 
6.767467e+00 
6.767467e+00 
6.767467e+00 
6.767467e+00 
6.767467e+00 
6.767467e+00 
6.767467e+00 
6.767467e+00 
6.767467e+00 
6.767467e+00 
6.767467e+00 
6.767467e+00 
6.767467e+00 
6.767467e+00 
6.767467e+00 
6.767467e+00 
6.767467e+00 
6.767467e+00 
6.767467e+00 
6.767467e+00 
6.767467e+00 
6.767467e+00 
6.767467e+00 
6.767467e+00 
6.767467e+00 
6.767467e+00 
6.767467e+00 
6.767467e+00 
6.767467e+00 
6.767467e+00 
6.767467e+00 
6.767467e+00 
6.767467e+00 
6.767467e+00 
6.767467e+00 
6.767467e+00 
6.767467e+00 
6.767467e+00 
6.767467e+00 
6.767467e+00 
6.767467e+00 
6.767467e+00 
6.767467e+00 
6.767467e+00 
6.767467e+00 
6.767467e+00 
6.767467e+00 
6.767467e+00 
6.767467e+00 
6.767467e+00 
6.767467e+00 
6.767467e+00 
6.767467e+00 
6.767467e+00 
6.767467e+00 
6.767467e+00 
6.767467e+00 
6.767467e+00 
6.767467e+00 
6.767467e+00 
6.767467e+00 
6.767467e+00 
6.767467e+00 
6.767467e+00 
6.767467e+00 
6.767467e+00 
6.767467e+00 
6.767467e+00 
6.767467e+00 
6.767467e+00 
6.767467e+00 
6.767467e+00 
6.767467e+00 
6.767467e+00 
6.767467e+00 
6.767467e+00 
6.767467e+00 
6.767467e+00 
6.767467e+00 
6.767467e+00 
6.767467e+00 
6.767467e+00 
6.767467e+00 
6.767467e+00 
6.767467e+00 
6.767467e+00 
6.767467e+00 
6.767467e+00 
6.767467e+00 
6.767467e+00 
6.767467e+00 
6.767467e+00 
6.767467e+00 
6.767467e+00 
6.767467e+00 
6.767467e+00 
6.767467e+00 
6.767467e+00 
6.767467e+00 
6.767467e+00 
6.767467e+00 
6.767467e+00 
6.767467e+00 
6.767467e+00 
6.767467e+00 
6.767467e+00 
6.767467e+00 
6.767467e+00 
6.767467e+00 
6.767467e+00 
6.767467e+00 
6.767467e+00 
6.767467e+00 
6.767467e+00 
6.767467e+00 
6.767467e+00 
6.767467e+00 
6.767467e+00 
6.767467e+00 
6.767467e+00 
6.767467e+00 
6.767467e+00 
6.767467e+00 
6.767467e+00 
6.767467e+00 
6.767467e+00 
6.767467e+00 
6.767467e+00 
6.767467e+00 
6.767467e+00 
6.767467e+00 
6.767467e+00 
6.767467e+00 
6.767467e+00 
6.767467e+00 
6.767467e+00 
6.767467e+00 
6.767467e+00 
6.767467e+00 
6.767467e+00 
6.767467e+00 
6.767467e+00 
6.767467e+00 
6.767467e+00 
6.767467e+00 
6.767467e+00 
6.767467e+00 
6.767467e+00 
6.767467e+00 
6.767467e+00 
6.767467e+00 
6.767467e+00 
6.767467e+00 
6.767467e+00 
6.767467e+00 
6.767467e+00 
6.767467e+00 
6.767467e+00 
6.767467e+00 
6.767467e+00 
6.767467e+00 
6.767467e+00 
6.767467e+00 
6.767467e+00 
6.767467e+00 
6.767467e+00 
6.767467e+00 
6.767467e+00 
6.767467e+00 
6.767467e+00 
6.767467e+00 
6.767467e+00 
6.767467e+00 
6.767467e+00 
6.767467e+00 
6.767467e+00 
6.767467e+00 
6.767467e+00 
6.767467e+00 
6.767467e+00 
6.767467e+00 
6.767467e+00 
6.767467e+00 
6.767467e+00 
6.767467e+00 
6.767467e+00 
6.767467e+00 
6.767467e+00 
6.767467e+00 
6.767467e+00 
6.767467e+00 
6.767467e+00 
6.767467e+00 
6.767467e+00 
6.767467e+00 
6.767467e+00 
6.767467e+00 
6.767467e+00 
6.767467e+00 
6.767467e+00 
6.767467e+00 
6.767467e+00 
6.767467e+00 
6.767467e+00 
6.767467e+00 
6.767467e+00 
6.767467e+00 
6.767467e+00 
6.767467e+00 
6.767467e+00 
6.767467e+00 
6.767467e+00 
6.767467e+00 
6.767467e+00 
6.767467e+00 
6.767467e+00 
6.767467e+00 
6.767467e+00 
6.767467e+00 
6.767467e+00 
6.767467e+00 
6.767467e+00 
6.767467e+00 
6.767467e+00 
6.767467e+00 
6.767467e+00 
6.767467e+00 
6.767467e+00 
6.767467e+00 
6.767467e+00 
6.767467e+00 
6.767467e+00 
6.767467e+00 
6.767467e+00 
6.767467e+00 
6.767467e+00 
6.767467e+00 
6.767467e+00 
6.767467e+00 
6.767467e+00 
6.767467e+00 
6.767467e+00 
6.767467e+00 
6.767467e+00 
6.767467e+00 
6.767467e+00 
6.767467e+00 
6.767467e+00 
6.767467e+00 
6.767467e+00 
6.767467e+00 
6.767467e+00 
6.767467e+00 
6.767467e+00 
6.767467e+00 
6.767467e+00 
6.767467e+00 
6.767467e+00 
6.767467e+00 
6.767467e+00 
6.767467e+00 
6.767467e+00 
6.767467e+00 
6.767467e+00 
6.767467e+00 
6.767467e+00 
6.767467e+00 
6.767467e+00 
6.767467e+00 
6.767467e+00 
6.767467e+00 
6.767467e+00 
6.767467e+00 
6.767467e+00 
6.767467e+00 
6.767467e+00 
6.767467e+00 
6.767467e+00 
6.767467e+00 
6.767467e+00 
6.767467e+00 
6.767467e+00 
6.767467e+00 
6.767467e+00 
6.767467e+00 
6.767467e+00 
6.767467e+00 
6.767467e+00 
6.767467e+00 
6.767467e+00 
6.767467e+00 
6.767467e+00 
6.767467e+00 
6.767467e+00 
6.767467e+00 
6.767467e+00 
6.767467e+00 
6.767467e+00 
6.767467e+00 
6.767467e+00 
6.767467e+00 
6.767467e+00 
6.767467e+00 
6.767467e+00 
6.767467e+00 
6.767467e+00 
6.767467e+00 
6.767467e+00 
6.767467e+00 
6.767467e+00 
6.767467e+00 
6.767467e+00 
6.767467e+00 
6.767467e+00 
6.767467e+00 
6.767467e+00 
6.767467e+00 
6.767467e+00 
6.767467e+00 
6.767467e+00 
6.767467e+00 
6.767467e+00 
6.767467e+00 
6.767467e+00 
6.767467e+00 
6.767467e+00 
6.767467e+00 
6.767467e+00 
6.767467e+00 
6.767467e+00 
6.767467e+00 
6.767467e+00 
6.767467e+00 
6.767467e+00 
6.767467e+00 
6.767467e+00 
6.767467e+00 
6.767467e+00 
6.767467e+00 
6.767467e+00 
6.767467e+00 
6.767467e+00 
6.767467e+00 
6.767467e+00 
6.767467e+00 
6.767467e+00 
6.767467e+00 
6.767467e+00 
6.767467e+00 
6.767467e+00 
6.767467e+00 
6.767467e+00 
6.767467e+00 
6.767467e+00 
6.767467e+00 
6.767467e+00 
6.767467e+00 
6.767467e+00 
6.767467e+00 
6.767467e+00 
6.767467e+00 
6.767467e+00 
6.767467e+00 
6.767467e+00 
6.767467e+00 
6.767467e+00 
6.767467e+00 
6.767467e+00 
6.767467e+00 
6.767467e+00 
6.767467e+00 
6.767467e+00 
6.767467e+00 
6.767467e+00 
6.767467e+00 
6.767467e+00 
6.767467e+00 
6.767467e+00 
6.767467e+00 
6.767467e+00 
6.767467e+00 
6.767467e+00 
6.767467e+00 
6.767467e+00 
6.767467e+00 
6.767467e+00 
6.767467e+00 
6.767467e+00 
6.767467e+00 
6.767467e+00 
6.767467e+00 
6.767467e+00 
6.767467e+00 
6.767467e+00 
6.767467e+00 
6.767467e+00 
6.767467e+00 
6.767467e+00 
6.767467e+00 
6.767467e+00 
6.767467e+00 
6.767467e+00 
6.767467e+00 
6.767467e+00 
6.767467e+00 
6.767467e+00 
6.767467e+00 
6.767467e+00 
6.767467e+00 
6.767467e+00 
6.767467e+00 
6.767467e+00 
6.767467e+00 
6.767467e+00 
6.767467e+00 
6.767467e+00 
6.767467e+00 
6.767467e+00 
6.767467e+00 
6.767467e+00 
6.767467e+00 
6.767467e+00 
6.767467e+00 
6.767467e+00 
6.767467e+00 
6.767467e+00 
6.767467e+00 
6.767467e+00 
6.767467e+00 
6.767467e+00 
6.767467e+00 
6.767467e+00 
6.767467e+00 
6.767467e+00 
6.767467e+00 
6.767467e+00 
6.767467e+00 
6.767467e+00 
6.767467e+00 
6.767467e+00 
6.767467e+00 
6.767467e+00 
6.767467e+00 
6.767467e+00 
6.767467e+00 
6.767467e+00 
6.767467e+00 
6.767467e+00 
6.767467e+00 
6.767467e+00 
6.767467e+00 
6.767467e+00 
6.767467e+00 
6.767467e+00 
6.767467e+00 
6.767467e+00 
6.767467e+00 
6.767467e+00 
6.767467e+00 
6.767467e+00 
6.767467e+00 
6.767467e+00 
6.767467e+00 
6.767467e+00 
6.767467e+00 
6.767467e+00 
6.767467e+00 
6.767467e+00 
6.767467e+00 
6.767467e+00 
6.767467e+00 
6.767467e+00 
6.767467e+00 
6.767467e+00 
6.767467e+00 
6.767467e+00 
6.767467e+00 
6.767467e+00 
6.767467e+00 
6.767467e+00 
6.767467e+00 
6.767467e+00 
6.767467e+00 
6.767467e+00 
6.767467e+00 
6.767467e+00 
6.767467e+00 
6.767467e+00 
6.767467e+00 
6.767467e+00 
6.767467e+00 
6.767467e+00 
6.767467e+00 
6.767467e+00 
6.767467e+00 
6.767467e+00 
6.767467e+00 
6.767467e+00 
6.767467e+00 
6.767467e+00 
6.767467e+00 
6.767467e+00 
6.767467e+00 
6.767467e+00 
6.767467e+00 
6.767467e+00 
6.767467e+00 
6.767467e+00 
6.767467e+00 
6.767467e+00 
6.767467e+00 
6.767467e+00 
6.767467e+00 
6.767467e+00 
6.767467e+00 
6.767467e+00 
6.767467e+00 
6.767467e+00 
6.767467e+00 
6.767467e+00 
6.767467e+00 
6.767467e+00 
6.767467e+00 
6.767467e+00 
6.767467e+00 
6.767467e+00 
6.767467e+00 
6.767467e+00 
6.767467e+00 
6.767467e+00 
6.767467e+00 
6.767467e+00 
6.767467e+00 
6.767467e+00 
6.767467e+00 
6.767467e+00 
6.767467e+00 
6.767467e+00 
6.767467e+00 
6.767467e+00 
6.767467e+00 
6.767467e+00 
6.767467e+00 
6.767467e+00 
6.767467e+00 
6.767467e+00 
6.767467e+00 
6.767467e+00 
6.767467e+00 
6.767467e+00 
6.767467e+00 
6.767467e+00 
6.767467e+00 
6.767467e+00 
6.767467e+00 
6.767467e+00 
6.767467e+00 
6.767467e+00 
6.767467e+00 
6.767467e+00 
6.767467e+00 
6.767467e+00 
6.767467e+00 
6.767467e+00 
6.767467e+00 
6.767467e+00 
6.767467e+00 
6.767467e+00 
6.767467e+00 
6.767467e+00 
6.767467e+00 
6.767467e+00 
6.767467e+00 
6.767467e+00 
6.767467e+00 
6.767467e+00 
6.767467e+00 
6.767467e+00 
6.767467e+00 
6.767467e+00 
6.767467e+00 
6.767467e+00 
6.767467e+00 
6.767467e+00 
6.767467e+00 
6.767467e+00 
6.767467e+00 
6.767467e+00 
6.767467e+00 
6.767467e+00 
6.767467e+00 
6.767467e+00 
6.767467e+00 
6.767467e+00 
6.767467e+00 
6.767467e+00 
6.767467e+00 
6.767467e+00 
6.767467e+00 
6.767467e+00 
6.767467e+00 
6.767467e+00 
6.767467e+00 
6.767467e+00 
6.767467e+00 
6.767467e+00 
6.767467e+00 
6.767467e+00 
6.767467e+00 
6.767467e+00 
6.767467e+00 
6.767467e+00 
6.767467e+00 
6.767467e+00 
6.767467e+00 
6.767467e+00 
6.767467e+00 
6.767467e+00 
6.767467e+00 
6.767467e+00 
6.767467e+00 
6.767467e+00 
6.767467e+00 
6.767467e+00 
6.767467e+00 
6.767467e+00 
6.767467e+00 
6.767467e+00 
6.767467e+00 
6.767467e+00 
6.767467e+00 
6.767467e+00 
6.767467e+00 
6.767467e+00 
6.767467e+00 
6.767467e+00 
6.767467e+00 
6.767467e+00 
6.767467e+00 
6.767467e+00 
6.767467e+00 
6.767467e+00 
6.767467e+00 
6.767467e+00 
6.767467e+00 
6.767467e+00 
6.767467e+00 
6.767467e+00 
6.767467e+00 
6.767467e+00 
6.767467e+00 
6.767467e+00 
6.767467e+00 
6.767467e+00 
6.767467e+00 
6.767467e+00 
6.767467e+00 
6.767467e+00 
6.767467e+00 
6.767467e+00 
6.767467e+00 
6.767467e+00 
6.767467e+00 
6.767467e+00 
6.767467e+00 
6.767467e+00 
6.767467e+00 
6.767467e+00 
6.767467e+00 
6.767467e+00 
6.767467e+00 
6.767467e+00 
6.767467e+00 
6.767467e+00 
6.767467e+00 
6.767467e+00 
6.767467e+00 
6.767467e+00 
6.767467e+00 
6.767467e+00 
6.767467e+00 
6.767467e+00 
6.767467e+00 
6.767467e+00 
6.767467e+00 
6.767467e+00 
6.767467e+00 
6.767467e+00 
6.767467e+00 
6.767467e+00 
6.767467e+00 
6.767467e+00 
6.767467e+00 
6.767467e+00 
6.767467e+00 
6.767467e+00 
6.767467e+00 
6.767467e+00 
6.767467e+00 
6.767467e+00 
6.767467e+00 
6.767467e+00 
6.767467e+00 
6.767467e+00 
6.767467e+00 
6.767467e+00 
6.767467e+00 
6.767467e+00 
6.767467e+00 
6.767467e+00 
6.767467e+00 
6.767467e+00 
6.767467e+00 
6.767467e+00 
6.767467e+00 
6.767467e+00 
6.767467e+00 
6.767467e+00 
6.767467e+00 
6.767467e+00 
6.767467e+00 
6.767467e+00 
6.767467e+00 
6.767467e+00 
6.767467e+00 
6.767467e+00 
6.767467e+00 
6.767467e+00 
6.767467e+00 
6.767467e+00 
6.767467e+00 
6.767467e+00 
6.767467e+00 
6.767467e+00 
6.767467e+00 
6.767467e+00 
6.767467e+00 
6.767467e+00 
6.767467e+00 
6.767467e+00 
6.767467e+00 
6.767467e+00 
6.767467e+00 
6.767467e+00 
6.767467e+00 
6.767467e+00 
6.767467e+00 
6.767467e+00 
6.767467e+00 
6.767467e+00 
6.767467e+00 
6.767467e+00 
6.767467e+00 
6.767467e+00 
6.767467e+00 
6.767467e+00 
6.767467e+00 
6.767467e+00 
6.767467e+00 
6.767467e+00 
6.767467e+00 
6.767467e+00 
6.767467e+00 
6.767467e+00 
6.767467e+00 
6.767467e+00 
6.767467e+00 
6.767467e+00 
6.767467e+00 
6.767467e+00 
6.767467e+00 
6.767467e+00 
6.767467e+00 
6.767467e+00 
6.767467e+00 
6.767467e+00 
6.767467e+00 
6.767467e+00 
6.767467e+00 
6.767467e+00 
6.767467e+00 
6.767467e+00 
6.767467e+00 
6.767467e+00 
6.767467e+00 
6.767467e+00 
6.767467e+00 
6.767467e+00 
6.767467e+00 
6.767467e+00 
6.767467e+00 
6.767467e+00 
6.767467e+00 
6.767467e+00 
6.767467e+00 
6.767467e+00 
6.767467e+00 
6.767467e+00 
6.767467e+00 
6.767467e+00 
6.767467e+00 
6.767467e+00 
6.767467e+00 
6.767467e+00 
6.767467e+00 
6.767467e+00 
6.767467e+00 
6.767467e+00 
6.767467e+00 
6.767467e+00 
6.767467e+00 
6.767467e+00 
6.767467e+00 
6.767467e+00 
6.767467e+00 
6.767467e+00 
6.767467e+00 
6.767467e+00 
6.767467e+00 
6.767467e+00 
6.767467e+00 
6.767467e+00 
6.767467e+00 
6.767467e+00 
6.767467e+00 
6.767467e+00 
6.767467e+00 
6.767467e+00 
6.767467e+00 
6.767467e+00 
6.767467e+00 
6.767467e+00 
6.767467e+00 
6.767467e+00 
6.767467e+00 
6.767467e+00 
6.767467e+00 
6.767467e+00 
6.767467e+00 
6.767467e+00 
6.767467e+00 
6.767467e+00 
6.767467e+00 
6.767467e+00 
6.767467e+00 
6.767467e+00 
6.767467e+00 
6.767467e+00 
6.767467e+00 
6.767467e+00 
6.767467e+00 
6.767467e+00 
6.767467e+00 
6.767467e+00 
6.767467e+00 
6.767467e+00 
6.767467e+00 
6.767467e+00 
6.767467e+00 
6.767467e+00 
6.767467e+00 
6.767467e+00 
6.767467e+00 
6.767467e+00 
6.767467e+00 
6.767467e+00 
6.767467e+00 
6.767467e+00 
6.767467e+00 
6.767467e+00 
6.767467e+00 
6.767467e+00 
6.767467e+00 
6.767467e+00 
6.767467e+00 
6.767467e+00 
6.767467e+00 
6.767467e+00 
6.767467e+00 
6.767467e+00 
6.767467e+00 
6.767467e+00 
6.767467e+00 
6.767467e+00 
6.767467e+00 
6.767467e+00 
6.767467e+00 
6.767467e+00 
6.767467e+00 
6.767467e+00 
6.767467e+00 
6.767467e+00 
6.767467e+00 
6.767467e+00 
6.767467e+00 
6.767467e+00 
6.767467e+00 
6.767467e+00 
6.767467e+00 
6.767467e+00 
6.767467e+00 
6.767467e+00 
6.767467e+00 
6.767467e+00 
6.767467e+00 
6.767467e+00 
6.767467e+00 
6.767467e+00 
6.767467e+00 
6.767467e+00 
6.767467e+00 
6.767467e+00 
6.767467e+00 
6.767467e+00 
6.767467e+00 
6.767467e+00 
6.767467e+00 
6.767467e+00 
6.767467e+00 
6.767467e+00 
6.767467e+00 
6.767467e+00 
6.767467e+00 
6.767467e+00 
6.767467e+00 
6.767467e+00 
6.767467e+00 
6.767467e+00 
6.767467e+00 
6.767467e+00 
6.767467e+00 
6.767467e+00 
6.767467e+00 
6.767467e+00 
6.767467e+00 
6.767467e+00 
6.767467e+00 
6.767467e+00 
6.767467e+00 
6.767467e+00 
6.767467e+00 
6.767467e+00 
6.767467e+00 
6.767467e+00 
6.767467e+00 
6.767467e+00 
6.767467e+00 
6.767467e+00 
6.767467e+00 
6.767467e+00 
6.767467e+00 
6.767467e+00 
6.767467e+00 
6.767467e+00 
6.767467e+00 
6.767467e+00 
6.767467e+00 
6.767467e+00 
6.767467e+00 
6.767467e+00 
6.767467e+00 
6.767467e+00 
6.767467e+00 
6.767467e+00 
6.767467e+00 
6.767467e+00 
6.767467e+00 
6.767467e+00 
6.767467e+00 
6.767467e+00 
6.767467e+00 
6.767467e+00 
6.767467e+00 
6.767467e+00 
6.767467e+00 
6.767467e+00 
6.767467e+00 
6.767467e+00 
6.767467e+00 
6.767467e+00 
6.767467e+00 
6.767467e+00 
6.767467e+00 
6.767467e+00 
6.767467e+00 
6.767467e+00 
6.767467e+00 
6.767467e+00 
6.767467e+00 
6.767467e+00 
6.767467e+00 
6.767467e+00 
6.767467e+00 
6.767467e+00 
6.767467e+00 
6.767467e+00 
6.767467e+00 
6.767467e+00 
6.767467e+00 
6.767467e+00 
6.767467e+00 
6.767467e+00 
6.767467e+00 
6.767467e+00 
6.767467e+00 
6.767467e+00 
6.767467e+00 
6.767467e+00 
6.767467e+00 
6.767467e+00 
6.767467e+00 
6.767467e+00 
6.767467e+00 
6.767467e+00 
6.767467e+00 
6.767467e+00 
6.767467e+00 
6.767467e+00 
6.767467e+00 
6.767467e+00 
6.767467e+00 
6.767467e+00 
6.767467e+00 
6.767467e+00 
6.767467e+00 
6.767467e+00 
6.767467e+00 
6.767467e+00 
6.767467e+00 
6.767467e+00 
6.767467e+00 
6.767467e+00 
6.767467e+00 
6.767467e+00 
6.767467e+00 
6.767467e+00 
6.767467e+00 
6.767467e+00 
6.767467e+00 
6.767467e+00 
6.767467e+00 
6.767467e+00 
6.767467e+00 
6.767467e+00 
6.767467e+00 
6.767467e+00 
6.767467e+00 
6.767467e+00 
6.767467e+00 
6.767467e+00 
6.767467e+00 
6.767467e+00 
6.767467e+00 
6.767467e+00 
6.767467e+00 
6.767467e+00 
6.767467e+00 
6.767467e+00 
6.767467e+00 
6.767467e+00 
6.767467e+00 
6.767467e+00 
6.767467e+00 
6.767467e+00 
6.767467e+00 
6.767467e+00 
6.767467e+00 
6.767467e+00 
6.767467e+00 
6.767467e+00 
6.767467e+00 
6.767467e+00 
6.767467e+00 
6.767467e+00 
6.767467e+00 
6.767467e+00 
6.767467e+00 
6.767467e+00 
6.767467e+00 
6.767467e+00 
6.767467e+00 
6.767467e+00 
6.767467e+00 
6.767467e+00 
6.767467e+00 
6.767467e+00 
6.767467e+00 
6.767467e+00 
6.767467e+00 
6.767467e+00 
6.767467e+00 
6.767467e+00 
6.767467e+00 
6.767467e+00 
6.767467e+00 
6.767467e+00 
6.767467e+00 
6.767467e+00 
6.767467e+00 
6.767467e+00 
6.767467e+00 
6.767467e+00 
6.767467e+00 
6.767467e+00 
6.767467e+00 
6.767467e+00 
6.767467e+00 
6.767467e+00 
6.767467e+00 
6.767467e+00 
6.767467e+00 
6.767467e+00 
6.767467e+00 
6.767467e+00 
6.767467e+00 
6.767467e+00 
6.767467e+00 
6.767467e+00 
6.767467e+00 
6.767467e+00 
6.767467e+00 
6.767467e+00 
6.767467e+00 
6.767467e+00 
6.767467e+00 
6.767467e+00 
6.767467e+00 
6.767467e+00 
6.767467e+00 
6.767467e+00 
6.767467e+00 
6.767467e+00 
6.767467e+00 
6.767467e+00 
6.767467e+00 
6.767467e+00 
6.767467e+00 
6.767467e+00 
6.767467e+00 
6.767467e+00 
6.767467e+00 
6.767467e+00 
6.767467e+00 
6.767467e+00 
6.767467e+00 
6.767467e+00 
6.767467e+00 
6.767467e+00 
6.767467e+00 
6.767467e+00 
6.767467e+00 
6.767467e+00 
6.767467e+00 
6.767467e+00 
6.767467e+00 
6.767467e+00 
6.767467e+00 
6.767467e+00 
6.767467e+00 
6.767467e+00 
6.767467e+00 
6.767467e+00 
6.767467e+00 
6.767467e+00 
6.767467e+00 
6.767467e+00 
6.767467e+00 
6.767467e+00 
6.767467e+00 
6.767467e+00 
6.767467e+00 
6.767467e+00 
6.767467e+00 
6.767467e+00 
6.767467e+00 
6.767467e+00 
6.767467e+00 
6.767467e+00 
6.767467e+00 
6.767467e+00 
6.767467e+00 
6.767467e+00 
6.767467e+00 
6.767467e+00 
6.767467e+00 
6.767467e+00 
6.767467e+00 
6.767467e+00 
6.767467e+00 
6.767467e+00 
6.767467e+00 
6.767467e+00 
6.767467e+00 
6.767467e+00 
6.767467e+00 
6.767467e+00 
6.767467e+00 
6.767467e+00 
6.767467e+00 
6.767467e+00 
6.767467e+00 
6.767467e+00 
6.767467e+00 
6.767467e+00 
6.767467e+00 
6.767467e+00 
6.767467e+00 
6.767467e+00 
6.767467e+00 
6.767467e+00 
6.767467e+00 
6.767467e+00 
6.767467e+00 
6.767467e+00 
6.767467e+00 
6.767467e+00 
6.767467e+00 
6.767467e+00 
6.767467e+00 
6.767467e+00 
6.767467e+00 
6.767467e+00 
6.767467e+00 
6.767467e+00 
6.767467e+00 
6.767467e+00 
6.767467e+00 
6.767467e+00 
6.767467e+00 
6.767467e+00 
6.767467e+00 
6.767467e+00 
6.767467e+00 
6.767467e+00 
6.767467e+00 
6.767467e+00 
6.767467e+00 
6.767467e+00 
6.767467e+00 
6.767467e+00 
6.767467e+00 
6.767467e+00 
6.767467e+00 
6.767467e+00 
6.767467e+00 
6.767467e+00 
6.767467e+00 
6.767467e+00 
6.767467e+00 
6.767467e+00 
6.767467e+00 
6.767467e+00 
6.767467e+00 
6.767467e+00 
6.767467e+00 
6.767467e+00 
6.767467e+00 
6.767467e+00 
6.767467e+00 
6.767467e+00 
6.767467e+00 
6.767467e+00 
6.767467e+00 
6.767467e+00 
6.767467e+00 
6.767467e+00 
6.767467e+00 
6.767467e+00 
6.767467e+00 
6.767467e+00 
6.767467e+00 
6.767467e+00 
6.767467e+00 
6.767467e+00 
6.767467e+00 
6.767467e+00 
6.767467e+00 
6.767467e+00 
6.767467e+00 
6.767467e+00 
6.767467e+00 
6.767467e+00 
6.767467e+00 
6.767467e+00 
6.767467e+00 
6.767467e+00 
6.767467e+00 
6.767467e+00 
6.767467e+00 
6.767467e+00 
6.767467e+00 
6.767467e+00 
6.767467e+00 
6.767467e+00 
6.767467e+00 
6.767467e+00 
6.767467e+00 
6.767467e+00 
6.767467e+00 
6.767467e+00 
6.767467e+00 
6.767467e+00 
6.767467e+00 
6.767467e+00 
6.767467e+00 
6.767467e+00 
6.767467e+00 
6.767467e+00 
6.767467e+00 
6.767467e+00 
6.767467e+00 
6.767467e+00 
6.767467e+00 
6.767467e+00 
6.767467e+00 
6.767467e+00 
6.767467e+00 
6.767467e+00 
6.767467e+00 
6.767467e+00 
6.767467e+00 
6.767467e+00 
6.767467e+00 
6.767467e+00 
6.767467e+00 
6.767467e+00 
6.767467e+00 
6.767467e+00 
6.767467e+00 
6.767467e+00 
6.767467e+00 
6.767467e+00 
6.767467e+00 
6.767467e+00 
6.767467e+00 
6.767467e+00 
6.767467e+00 
6.767467e+00 
6.767467e+00 
6.767467e+00 
6.767467e+00 
6.767467e+00 
6.767467e+00 
6.767467e+00 
6.767467e+00 
6.767467e+00 
6.767467e+00 
6.767467e+00 
6.767467e+00 
6.767467e+00 
6.767467e+00 
6.767467e+00 
6.767467e+00 
6.767467e+00 
6.767467e+00 
6.767467e+00 
6.767467e+00 
6.767467e+00 
6.767467e+00 
6.767467e+00 
6.767467e+00 
6.767467e+00 
6.767467e+00 
6.767467e+00 
6.767467e+00 
6.767467e+00 
6.767467e+00 
6.767467e+00 
6.767467e+00 
6.767467e+00 
6.767467e+00 
6.767467e+00 
6.767467e+00 
6.767467e+00 
6.767467e+00 
6.767467e+00 
6.767467e+00 
6.767467e+00 
6.767467e+00 
6.767467e+00 
6.767467e+00 
6.767467e+00 
6.767467e+00 
6.767467e+00 
6.767467e+00 
6.767467e+00 
6.767467e+00 
6.767467e+00 
6.767467e+00 
6.767467e+00 
6.767467e+00 
6.767467e+00 
6.767467e+00 
6.767467e+00 
6.767467e+00 
6.767467e+00 
6.767467e+00 
6.767467e+00 
6.767467e+00 
6.767467e+00 
6.767467e+00 
6.767467e+00 
6.767467e+00 
6.767467e+00 
6.767467e+00 
6.767467e+00 
6.767467e+00 
6.767467e+00 
6.767467e+00 
6.767467e+00 
6.767467e+00 
6.767467e+00 
6.767467e+00 
6.767467e+00 
6.767467e+00 
6.767467e+00 
6.767467e+00 
6.767467e+00 
6.767467e+00 
6.767467e+00 
6.767467e+00 
6.767467e+00 
6.767467e+00 
6.767467e+00 
6.767467e+00 
6.767467e+00 
6.767467e+00 
6.767467e+00 
6.767467e+00 
6.767467e+00 
6.767467e+00 
6.767467e+00 
6.767467e+00 
6.767467e+00 
6.767467e+00 
6.767467e+00 
6.767467e+00 
6.767467e+00 
6.767467e+00 
6.767467e+00 
6.767467e+00 
6.767467e+00 
6.767467e+00 
6.767467e+00 
6.767467e+00 
6.767467e+00 
6.767467e+00 
6.767467e+00 
6.767467e+00 
6.767467e+00 
6.767467e+00 
6.767467e+00 
6.767467e+00 
6.767467e+00 
6.767467e+00 
6.767467e+00 
6.767467e+00 
6.767467e+00 
6.767467e+00 
6.767467e+00 
6.767467e+00 
6.767467e+00 
6.767467e+00 
6.767467e+00 
6.767467e+00 
6.767467e+00 
6.767467e+00 
6.767467e+00 
6.767467e+00 
6.767467e+00 
6.767467e+00 
6.767467e+00 
6.767467e+00 
6.767467e+00 
6.767467e+00 
6.767467e+00 
6.767467e+00 
6.767467e+00 
6.767467e+00 
6.767467e+00 
6.767467e+00 
6.767467e+00 
6.767467e+00 
6.767467e+00 
6.767467e+00 
6.767467e+00 
6.767467e+00 
6.767467e+00 
6.767467e+00 
6.767467e+00 
6.767467e+00 
6.767467e+00 
6.767467e+00 
6.767467e+00 
6.767467e+00 
6.767467e+00 
6.767467e+00 
6.767467e+00 
6.767467e+00 
6.767467e+00 
6.767467e+00 
6.767467e+00 
6.767467e+00 
6.767467e+00 
6.767467e+00 
6.767467e+00 
6.767467e+00 
6.767467e+00 
6.767467e+00 
6.767467e+00 
6.767467e+00 
6.767467e+00 
6.767467e+00 
6.767467e+00 
6.767467e+00 
6.767467e+00 
6.767467e+00 
6.767467e+00 
6.767467e+00 
6.767467e+00 
6.767467e+00 
6.767467e+00 
6.767467e+00 
6.767467e+00 
6.767467e+00 
6.767467e+00 
6.767467e+00 
6.767467e+00 
6.767467e+00 
6.767467e+00 
6.767467e+00 
6.767467e+00 
6.767467e+00 
6.767467e+00 
6.767467e+00 
6.767467e+00 
6.767467e+00 
6.767467e+00 
6.767467e+00 
6.767467e+00 
6.767467e+00 
6.767467e+00 
6.767467e+00 
6.767467e+00 
6.767467e+00 
6.767467e+00 
6.767467e+00 
6.767467e+00 
6.767467e+00 
6.767467e+00 
6.767467e+00 
6.767467e+00 
6.767467e+00 
6.767467e+00 
6.767467e+00 
6.767467e+00 
6.767467e+00 
6.767467e+00 
6.767467e+00 
6.767467e+00 
6.767467e+00 
6.767467e+00 
6.767467e+00 
6.767467e+00 
6.767467e+00 
6.767467e+00 
6.767467e+00 
6.767467e+00 
6.767467e+00 
6.767467e+00 
6.767467e+00 
6.767467e+00 
6.767467e+00 
6.767467e+00 
6.767467e+00 
6.767467e+00 
6.767467e+00 
6.767467e+00 
6.767467e+00 
6.767467e+00 
6.767467e+00 
6.767467e+00 
6.767467e+00 
6.767467e+00 
6.767467e+00 
6.767467e+00 
6.767467e+00 
6.767467e+00 
6.767467e+00 
6.767467e+00 
6.767467e+00 
6.767467e+00 
6.767467e+00 
6.767467e+00 
6.767467e+00 
