3.326876e+02 
2.225251e+02 
1.829369e+02 
1.493516e+02 
1.493516e+02 
1.473141e+02 
1.332056e+02 
1.275248e+02 
1.225549e+02 
1.111722e+02 
1.079212e+02 
8.955032e+01 
8.955032e+01 
8.955032e+01 
8.955032e+01 
8.160439e+01 
8.160439e+01 
8.160439e+01 
8.160439e+01 
8.160439e+01 
8.160439e+01 
8.160439e+01 
7.830075e+01 
6.933541e+01 
6.185866e+01 
6.185866e+01 
6.185866e+01 
6.185866e+01 
5.198224e+01 
5.198224e+01 
4.874099e+01 
4.506191e+01 
4.506191e+01 
4.423544e+01 
4.423544e+01 
4.423544e+01 
4.035072e+01 
3.804424e+01 
3.804424e+01 
3.804424e+01 
3.579294e+01 
3.579294e+01 
3.579294e+01 
2.903306e+01 
2.903306e+01 
2.903306e+01 
2.903306e+01 
2.903306e+01 
2.688031e+01 
2.688031e+01 
2.688031e+01 
2.688031e+01 
2.688031e+01 
2.688031e+01 
2.672082e+01 
2.672082e+01 
2.672082e+01 
2.672082e+01 
2.672082e+01 
2.672082e+01 
2.672082e+01 
2.672082e+01 
2.672082e+01 
2.670189e+01 
2.670189e+01 
2.657341e+01 
2.633195e+01 
2.633195e+01 
2.633195e+01 
2.633195e+01 
2.624753e+01 
2.611674e+01 
2.611674e+01 
2.475252e+01 
2.463729e+01 
2.463729e+01 
2.428118e+01 
2.420076e+01 
2.419563e+01 
2.309084e+01 
2.309084e+01 
2.309084e+01 
2.309084e+01 
2.309084e+01 
2.309084e+01 
2.309084e+01 
2.309084e+01 
2.309084e+01 
2.309084e+01 
2.292940e+01 
2.253182e+01 
2.253182e+01 
2.253182e+01 
2.222537e+01 
2.222537e+01 
2.216501e+01 
2.216501e+01 
2.216501e+01 
2.216501e+01 
2.169114e+01 
2.092935e+01 
2.092935e+01 
2.036053e+01 
1.993873e+01 
1.993873e+01 
1.993873e+01 
1.993873e+01 
1.993873e+01 
1.946432e+01 
1.915497e+01 
1.891043e+01 
1.882498e+01 
1.869093e+01 
1.866989e+01 
1.858290e+01 
1.833119e+01 
1.813335e+01 
1.799758e+01 
1.799758e+01 
1.763156e+01 
1.763156e+01 
1.745452e+01 
1.745452e+01 
1.745452e+01 
1.742874e+01 
1.742874e+01 
1.737647e+01 
1.737647e+01 
1.736523e+01 
1.735653e+01 
1.734203e+01 
1.730875e+01 
1.730875e+01 
1.729285e+01 
1.729285e+01 
1.729285e+01 
1.727557e+01 
1.727557e+01 
1.727409e+01 
1.727409e+01 
1.726516e+01 
1.726516e+01 
1.726315e+01 
1.726032e+01 
1.725554e+01 
1.725070e+01 
1.724876e+01 
1.724338e+01 
1.724091e+01 
1.724091e+01 
1.723307e+01 
1.723307e+01 
1.723307e+01 
1.722799e+01 
1.722799e+01 
1.722799e+01 
1.722799e+01 
1.722690e+01 
1.722575e+01 
1.722575e+01 
1.722572e+01 
1.722572e+01 
1.722572e+01 
1.722572e+01 
1.722539e+01 
1.722539e+01 
1.722539e+01 
1.722480e+01 
1.722473e+01 
1.722457e+01 
1.722449e+01 
1.722426e+01 
1.722423e+01 
1.722420e+01 
1.722389e+01 
1.722382e+01 
1.722378e+01 
1.722335e+01 
1.722310e+01 
1.722296e+01 
1.722292e+01 
1.722292e+01 
1.722292e+01 
1.722290e+01 
1.722283e+01 
1.722278e+01 
1.722278e+01 
1.722278e+01 
1.722275e+01 
1.722274e+01 
1.722273e+01 
1.722273e+01 
1.722273e+01 
1.722272e+01 
1.722271e+01 
1.722271e+01 
1.722271e+01 
1.722271e+01 
1.722271e+01 
1.722271e+01 
1.722271e+01 
1.722270e+01 
1.722270e+01 
1.722270e+01 
1.722270e+01 
1.722270e+01 
1.722270e+01 
1.722270e+01 
1.722270e+01 
1.722270e+01 
1.722270e+01 
1.722270e+01 
1.722270e+01 
1.722270e+01 
1.722270e+01 
1.722270e+01 
1.722270e+01 
1.722270e+01 
1.722270e+01 
1.722270e+01 
1.722270e+01 
1.722270e+01 
1.722270e+01 
1.722270e+01 
1.722270e+01 
1.722270e+01 
1.722270e+01 
1.722270e+01 
1.722270e+01 
1.722270e+01 
1.722270e+01 
1.722270e+01 
1.722270e+01 
1.722270e+01 
1.722270e+01 
1.722270e+01 
1.722270e+01 
1.722270e+01 
1.722270e+01 
1.722270e+01 
1.722270e+01 
1.722270e+01 
1.722270e+01 
1.722270e+01 
1.722270e+01 
1.722270e+01 
1.722270e+01 
1.722270e+01 
1.722270e+01 
1.722270e+01 
1.722270e+01 
1.722270e+01 
1.722270e+01 
1.722270e+01 
1.722270e+01 
1.722270e+01 
1.722270e+01 
1.722270e+01 
1.722270e+01 
1.722270e+01 
1.722270e+01 
1.722270e+01 
1.722270e+01 
1.722270e+01 
1.722270e+01 
1.722270e+01 
1.722270e+01 
1.722270e+01 
1.722270e+01 
1.722270e+01 
1.722270e+01 
1.722270e+01 
1.722270e+01 
1.722270e+01 
1.722270e+01 
1.722270e+01 
1.722270e+01 
1.722270e+01 
1.722270e+01 
1.722270e+01 
1.722270e+01 
1.722270e+01 
1.722270e+01 
1.722270e+01 
1.722270e+01 
1.722270e+01 
1.722270e+01 
1.722270e+01 
1.722270e+01 
1.722270e+01 
1.722270e+01 
1.722270e+01 
1.722270e+01 
1.722270e+01 
1.722270e+01 
1.722270e+01 
1.722270e+01 
1.722270e+01 
1.722270e+01 
1.722270e+01 
1.722270e+01 
1.722270e+01 
1.722270e+01 
1.722270e+01 
1.722270e+01 
1.722270e+01 
1.722270e+01 
1.722270e+01 
1.722270e+01 
1.722270e+01 
1.722270e+01 
1.722270e+01 
1.722270e+01 
1.722270e+01 
1.722270e+01 
1.722270e+01 
1.722270e+01 
1.722270e+01 
1.722270e+01 
1.722270e+01 
1.722270e+01 
1.722270e+01 
1.722270e+01 
1.722270e+01 
1.722270e+01 
1.722270e+01 
1.722270e+01 
1.722270e+01 
1.722270e+01 
1.722270e+01 
1.722270e+01 
1.722270e+01 
1.722270e+01 
1.722270e+01 
1.722270e+01 
1.722270e+01 
1.722270e+01 
1.722270e+01 
1.722270e+01 
1.722270e+01 
1.722270e+01 
1.722270e+01 
1.722270e+01 
1.722270e+01 
1.722270e+01 
1.722270e+01 
1.722270e+01 
1.722270e+01 
1.722270e+01 
1.722270e+01 
1.722270e+01 
1.722270e+01 
1.722270e+01 
1.722270e+01 
1.722270e+01 
1.722270e+01 
1.722270e+01 
1.722270e+01 
1.722270e+01 
1.722270e+01 
1.722270e+01 
1.722270e+01 
1.722270e+01 
1.722270e+01 
1.722270e+01 
1.722270e+01 
1.722270e+01 
1.722270e+01 
1.722270e+01 
1.722270e+01 
1.722270e+01 
1.722270e+01 
1.722270e+01 
1.722270e+01 
1.722270e+01 
1.722270e+01 
1.722270e+01 
1.722270e+01 
1.722270e+01 
1.722270e+01 
1.722270e+01 
1.722270e+01 
1.722270e+01 
1.722270e+01 
1.722270e+01 
1.722270e+01 
1.722270e+01 
1.722270e+01 
1.722270e+01 
1.722270e+01 
1.722270e+01 
1.722270e+01 
1.722270e+01 
1.722270e+01 
1.722270e+01 
1.722270e+01 
1.722270e+01 
1.722270e+01 
1.722270e+01 
1.722270e+01 
1.722270e+01 
1.722270e+01 
1.722270e+01 
1.722270e+01 
1.722270e+01 
1.722270e+01 
1.722270e+01 
1.722270e+01 
1.722270e+01 
1.722270e+01 
1.722270e+01 
1.722270e+01 
1.722270e+01 
1.722270e+01 
1.722270e+01 
1.722270e+01 
1.722270e+01 
1.722270e+01 
1.722270e+01 
1.722270e+01 
1.722270e+01 
1.722270e+01 
1.722270e+01 
1.722270e+01 
1.722270e+01 
1.722270e+01 
1.722270e+01 
1.722270e+01 
1.722270e+01 
1.722270e+01 
1.722270e+01 
1.722270e+01 
1.722270e+01 
1.722270e+01 
1.722270e+01 
1.722270e+01 
1.722270e+01 
1.722270e+01 
1.722270e+01 
1.722270e+01 
1.722270e+01 
1.722270e+01 
1.722270e+01 
1.722270e+01 
1.722270e+01 
1.722270e+01 
1.722270e+01 
1.722270e+01 
1.722270e+01 
1.722270e+01 
1.722270e+01 
1.722270e+01 
1.722270e+01 
1.722270e+01 
1.722270e+01 
1.722270e+01 
1.722270e+01 
1.722270e+01 
1.722270e+01 
1.722270e+01 
1.722270e+01 
1.722270e+01 
1.722270e+01 
1.722270e+01 
1.722270e+01 
1.722270e+01 
1.722270e+01 
1.722270e+01 
1.722270e+01 
1.722270e+01 
1.722270e+01 
1.722270e+01 
1.722270e+01 
1.722270e+01 
1.722270e+01 
1.722270e+01 
1.722270e+01 
1.722270e+01 
1.722270e+01 
1.722270e+01 
1.722270e+01 
1.722270e+01 
1.722270e+01 
1.722270e+01 
1.722270e+01 
1.722270e+01 
1.722270e+01 
1.722270e+01 
1.722270e+01 
1.722270e+01 
1.722270e+01 
1.722270e+01 
1.722270e+01 
1.722270e+01 
1.722270e+01 
1.722270e+01 
1.722270e+01 
1.722270e+01 
1.722270e+01 
1.722270e+01 
1.722270e+01 
1.722270e+01 
1.722270e+01 
1.722270e+01 
1.722270e+01 
1.722270e+01 
1.722270e+01 
1.722270e+01 
1.722270e+01 
1.722270e+01 
1.722270e+01 
1.722270e+01 
1.722270e+01 
1.722270e+01 
1.722270e+01 
1.722270e+01 
1.722270e+01 
1.722270e+01 
1.722270e+01 
1.722270e+01 
1.722270e+01 
1.722270e+01 
1.722270e+01 
1.722270e+01 
1.722270e+01 
1.722270e+01 
1.722270e+01 
1.722270e+01 
1.722270e+01 
1.722270e+01 
1.722270e+01 
1.722270e+01 
1.722270e+01 
1.722270e+01 
1.722270e+01 
1.722270e+01 
1.722270e+01 
1.722270e+01 
1.722270e+01 
1.722270e+01 
1.722270e+01 
1.722270e+01 
1.722270e+01 
1.722270e+01 
1.722270e+01 
1.722270e+01 
1.722270e+01 
1.722270e+01 
1.722270e+01 
1.722270e+01 
1.722270e+01 
1.722270e+01 
1.722270e+01 
1.722270e+01 
1.722270e+01 
1.722270e+01 
1.722270e+01 
1.722270e+01 
1.722270e+01 
1.722270e+01 
1.722270e+01 
1.722270e+01 
1.722270e+01 
1.722270e+01 
1.722270e+01 
1.722270e+01 
1.722270e+01 
1.722270e+01 
1.722270e+01 
1.722270e+01 
1.722270e+01 
1.722270e+01 
1.722270e+01 
1.722270e+01 
1.722270e+01 
1.722270e+01 
1.722270e+01 
1.722270e+01 
1.722270e+01 
1.722270e+01 
1.722270e+01 
1.722270e+01 
1.722270e+01 
1.722270e+01 
1.722270e+01 
1.722270e+01 
1.722270e+01 
1.722270e+01 
1.722270e+01 
1.722270e+01 
1.722270e+01 
1.722270e+01 
1.722270e+01 
1.722270e+01 
1.722270e+01 
1.722270e+01 
1.722270e+01 
1.722270e+01 
1.722270e+01 
1.722270e+01 
1.722270e+01 
1.722270e+01 
1.722270e+01 
1.722270e+01 
1.722270e+01 
1.722270e+01 
1.722270e+01 
1.722270e+01 
1.722270e+01 
1.722270e+01 
1.722270e+01 
1.722270e+01 
1.722270e+01 
1.722270e+01 
1.722270e+01 
1.722270e+01 
1.722270e+01 
1.722270e+01 
1.722270e+01 
1.722270e+01 
1.722270e+01 
1.722270e+01 
1.722270e+01 
1.722270e+01 
1.722270e+01 
1.722270e+01 
1.722270e+01 
1.722270e+01 
1.722270e+01 
1.722270e+01 
1.722270e+01 
1.722270e+01 
1.722270e+01 
1.722270e+01 
1.722270e+01 
1.722270e+01 
1.722270e+01 
1.722270e+01 
1.722270e+01 
1.722270e+01 
1.722270e+01 
1.722270e+01 
1.722270e+01 
1.722270e+01 
1.722270e+01 
1.722270e+01 
1.722270e+01 
1.722270e+01 
1.722270e+01 
1.722270e+01 
1.722270e+01 
1.722270e+01 
1.722270e+01 
1.722270e+01 
1.722270e+01 
1.722270e+01 
1.722270e+01 
1.722270e+01 
1.722270e+01 
1.722270e+01 
1.722270e+01 
1.722270e+01 
1.722270e+01 
1.722270e+01 
1.722270e+01 
1.722270e+01 
1.722270e+01 
1.722270e+01 
1.722270e+01 
1.722270e+01 
1.722270e+01 
1.722270e+01 
1.722270e+01 
1.722270e+01 
1.722270e+01 
1.722270e+01 
1.722270e+01 
1.722270e+01 
1.722270e+01 
1.722270e+01 
1.722270e+01 
1.722270e+01 
1.722270e+01 
1.722270e+01 
1.722270e+01 
1.722270e+01 
1.722270e+01 
1.722270e+01 
1.722270e+01 
1.722270e+01 
1.722270e+01 
1.722270e+01 
1.722270e+01 
1.722270e+01 
1.722270e+01 
1.722270e+01 
1.722270e+01 
1.722270e+01 
1.722270e+01 
1.722270e+01 
1.722270e+01 
1.722270e+01 
1.722270e+01 
1.722270e+01 
1.722270e+01 
1.722270e+01 
1.722270e+01 
1.722270e+01 
1.722270e+01 
1.722270e+01 
1.722270e+01 
1.722270e+01 
1.722270e+01 
1.722270e+01 
1.722270e+01 
1.722270e+01 
1.722270e+01 
1.722270e+01 
1.722270e+01 
1.722270e+01 
1.722270e+01 
1.722270e+01 
1.722270e+01 
1.722270e+01 
1.722270e+01 
1.722270e+01 
1.722270e+01 
1.722270e+01 
1.722270e+01 
1.722270e+01 
1.722270e+01 
1.722270e+01 
1.722270e+01 
1.722270e+01 
1.722270e+01 
1.722270e+01 
1.722270e+01 
1.722270e+01 
1.722270e+01 
1.722270e+01 
1.722270e+01 
1.722270e+01 
1.722270e+01 
1.722270e+01 
1.722270e+01 
1.722270e+01 
1.722270e+01 
1.722270e+01 
1.722270e+01 
1.722270e+01 
1.722270e+01 
1.722270e+01 
1.722270e+01 
1.722270e+01 
1.722270e+01 
1.722270e+01 
1.722270e+01 
1.722270e+01 
1.722270e+01 
1.722270e+01 
1.722270e+01 
1.722270e+01 
1.722270e+01 
1.722270e+01 
1.722270e+01 
1.722270e+01 
1.722270e+01 
1.722270e+01 
1.722270e+01 
1.722270e+01 
1.722270e+01 
1.722270e+01 
1.722270e+01 
1.722270e+01 
1.722270e+01 
1.722270e+01 
1.722270e+01 
1.722270e+01 
1.722270e+01 
1.722270e+01 
1.722270e+01 
1.722270e+01 
1.722270e+01 
1.722270e+01 
1.722270e+01 
1.722270e+01 
1.722270e+01 
1.722270e+01 
1.722270e+01 
1.722270e+01 
1.722270e+01 
1.722270e+01 
1.722270e+01 
1.722270e+01 
1.722270e+01 
1.722270e+01 
1.722270e+01 
1.722270e+01 
1.722270e+01 
1.722270e+01 
1.722270e+01 
1.722270e+01 
1.722270e+01 
1.722270e+01 
1.722270e+01 
1.722270e+01 
1.722270e+01 
1.722270e+01 
1.722270e+01 
1.722270e+01 
1.722270e+01 
1.722270e+01 
1.722270e+01 
1.722270e+01 
1.722270e+01 
1.722270e+01 
1.722270e+01 
1.722270e+01 
1.722270e+01 
1.722270e+01 
1.722270e+01 
1.722270e+01 
1.722270e+01 
1.722270e+01 
1.722270e+01 
1.722270e+01 
1.722270e+01 
1.722270e+01 
1.722270e+01 
1.722270e+01 
1.722270e+01 
1.722270e+01 
1.722270e+01 
1.722270e+01 
1.722270e+01 
1.722270e+01 
1.722270e+01 
1.722270e+01 
1.722270e+01 
1.722270e+01 
1.722270e+01 
1.722270e+01 
1.722270e+01 
1.722270e+01 
1.722270e+01 
1.722270e+01 
1.722270e+01 
1.722270e+01 
1.722270e+01 
1.722270e+01 
1.722270e+01 
1.722270e+01 
1.722270e+01 
1.722270e+01 
1.722270e+01 
1.722270e+01 
1.722270e+01 
1.722270e+01 
1.722270e+01 
1.722270e+01 
1.722270e+01 
1.722270e+01 
1.722270e+01 
1.722270e+01 
1.722270e+01 
1.722270e+01 
1.722270e+01 
1.722270e+01 
1.722270e+01 
1.722270e+01 
1.722270e+01 
1.722270e+01 
1.722270e+01 
1.722270e+01 
1.722270e+01 
1.722270e+01 
1.722270e+01 
1.722270e+01 
1.722270e+01 
1.722270e+01 
1.722270e+01 
1.722270e+01 
1.722270e+01 
1.722270e+01 
1.722270e+01 
1.722270e+01 
1.722270e+01 
1.722270e+01 
1.722270e+01 
1.722270e+01 
1.722270e+01 
1.722270e+01 
1.722270e+01 
1.722270e+01 
1.722270e+01 
1.722270e+01 
1.722270e+01 
1.722270e+01 
1.722270e+01 
1.722270e+01 
1.722270e+01 
1.722270e+01 
1.722270e+01 
1.722270e+01 
1.722270e+01 
1.722270e+01 
1.722270e+01 
1.722270e+01 
1.722270e+01 
1.722270e+01 
1.722270e+01 
1.722270e+01 
1.722270e+01 
1.722270e+01 
1.722270e+01 
1.722270e+01 
1.722270e+01 
1.722270e+01 
1.722270e+01 
1.722270e+01 
1.722270e+01 
1.722270e+01 
1.722270e+01 
1.722270e+01 
1.722270e+01 
1.722270e+01 
1.722270e+01 
1.722270e+01 
1.722270e+01 
1.722270e+01 
1.722270e+01 
1.722270e+01 
1.722270e+01 
1.722270e+01 
1.722270e+01 
1.722270e+01 
1.722270e+01 
1.722270e+01 
1.722270e+01 
1.722270e+01 
1.722270e+01 
1.722270e+01 
1.722270e+01 
1.722270e+01 
1.722270e+01 
1.722270e+01 
1.722270e+01 
1.722270e+01 
1.722270e+01 
1.722270e+01 
1.722270e+01 
1.722270e+01 
1.722270e+01 
1.722270e+01 
1.722270e+01 
1.722270e+01 
1.722270e+01 
1.722270e+01 
1.722270e+01 
1.722270e+01 
1.722270e+01 
1.722270e+01 
1.722270e+01 
1.722270e+01 
1.722270e+01 
1.722270e+01 
1.722270e+01 
1.722270e+01 
1.722270e+01 
1.722270e+01 
1.722270e+01 
1.722270e+01 
1.722270e+01 
1.722270e+01 
1.722270e+01 
1.722270e+01 
1.722270e+01 
1.722270e+01 
1.722270e+01 
1.722270e+01 
1.722270e+01 
1.722270e+01 
1.722270e+01 
1.722270e+01 
1.722270e+01 
1.722270e+01 
1.722270e+01 
1.722270e+01 
1.722270e+01 
1.722270e+01 
1.722270e+01 
1.722270e+01 
1.722270e+01 
1.722270e+01 
1.722270e+01 
1.722270e+01 
1.722270e+01 
1.722270e+01 
1.722270e+01 
1.722270e+01 
1.722270e+01 
1.722270e+01 
1.722270e+01 
1.722270e+01 
1.722270e+01 
1.722270e+01 
1.722270e+01 
1.722270e+01 
1.722270e+01 
1.722270e+01 
1.722270e+01 
1.722270e+01 
1.722270e+01 
1.722270e+01 
1.722270e+01 
1.722270e+01 
1.722270e+01 
1.722270e+01 
1.722270e+01 
1.722270e+01 
1.722270e+01 
1.722270e+01 
1.722270e+01 
1.722270e+01 
1.722270e+01 
1.722270e+01 
1.722270e+01 
1.722270e+01 
1.722270e+01 
1.722270e+01 
1.722270e+01 
1.722270e+01 
1.722270e+01 
1.722270e+01 
1.722270e+01 
1.722270e+01 
1.722270e+01 
1.722270e+01 
1.722270e+01 
1.722270e+01 
1.722270e+01 
1.722270e+01 
1.722270e+01 
1.722270e+01 
1.722270e+01 
1.722270e+01 
1.722270e+01 
1.722270e+01 
1.722270e+01 
1.722270e+01 
1.722270e+01 
1.722270e+01 
1.722270e+01 
1.722270e+01 
1.722270e+01 
1.722270e+01 
1.722270e+01 
1.722270e+01 
1.722270e+01 
1.722270e+01 
1.722270e+01 
1.722270e+01 
1.722270e+01 
1.722270e+01 
1.722270e+01 
1.722270e+01 
1.722270e+01 
1.722270e+01 
1.722270e+01 
1.722270e+01 
1.722270e+01 
1.722270e+01 
1.722270e+01 
1.722270e+01 
1.722270e+01 
1.722270e+01 
1.722270e+01 
1.722270e+01 
1.722270e+01 
1.722270e+01 
1.722270e+01 
1.722270e+01 
1.722270e+01 
1.722270e+01 
1.722270e+01 
1.722270e+01 
1.722270e+01 
1.722270e+01 
1.722270e+01 
1.722270e+01 
1.722270e+01 
1.722270e+01 
1.722270e+01 
1.722270e+01 
1.722270e+01 
1.722270e+01 
1.722270e+01 
1.722270e+01 
1.722270e+01 
1.722270e+01 
1.722270e+01 
1.722270e+01 
1.722270e+01 
1.722270e+01 
1.722270e+01 
1.722270e+01 
1.722270e+01 
1.722270e+01 
1.722270e+01 
1.722270e+01 
1.722270e+01 
1.722270e+01 
1.722270e+01 
1.722270e+01 
1.722270e+01 
1.722270e+01 
1.722270e+01 
1.722270e+01 
1.722270e+01 
1.722270e+01 
1.722270e+01 
1.722270e+01 
1.722270e+01 
1.722270e+01 
1.722270e+01 
1.722270e+01 
1.722270e+01 
1.722270e+01 
1.722270e+01 
1.722270e+01 
1.722270e+01 
1.722270e+01 
1.722270e+01 
1.722270e+01 
1.722270e+01 
1.722270e+01 
1.722270e+01 
1.722270e+01 
1.722270e+01 
1.722270e+01 
1.722270e+01 
1.722270e+01 
1.722270e+01 
1.722270e+01 
1.722270e+01 
1.722270e+01 
1.722270e+01 
1.722270e+01 
1.722270e+01 
1.722270e+01 
1.722270e+01 
1.722270e+01 
1.722270e+01 
1.722270e+01 
1.722270e+01 
1.722270e+01 
1.722270e+01 
1.722270e+01 
1.722270e+01 
1.722270e+01 
1.722270e+01 
1.722270e+01 
1.722270e+01 
1.722270e+01 
1.722270e+01 
1.722270e+01 
1.722270e+01 
1.722270e+01 
1.722270e+01 
1.722270e+01 
1.722270e+01 
1.722270e+01 
1.722270e+01 
1.722270e+01 
1.722270e+01 
1.722270e+01 
1.722270e+01 
1.722270e+01 
1.722270e+01 
1.722270e+01 
1.722270e+01 
1.722270e+01 
1.722270e+01 
1.722270e+01 
1.722270e+01 
1.722270e+01 
1.722270e+01 
1.722270e+01 
1.722270e+01 
1.722270e+01 
1.722270e+01 
1.722270e+01 
1.722270e+01 
1.722270e+01 
1.722270e+01 
1.722270e+01 
1.722270e+01 
1.722270e+01 
1.722270e+01 
1.722270e+01 
1.722270e+01 
1.722270e+01 
1.722270e+01 
1.722270e+01 
1.722270e+01 
1.722270e+01 
1.722270e+01 
1.722270e+01 
1.722270e+01 
1.722270e+01 
1.722270e+01 
1.722270e+01 
1.722270e+01 
1.722270e+01 
1.722270e+01 
1.722270e+01 
1.722270e+01 
1.722270e+01 
1.722270e+01 
1.722270e+01 
1.722270e+01 
1.722270e+01 
1.722270e+01 
1.722270e+01 
1.722270e+01 
1.722270e+01 
1.722270e+01 
1.722270e+01 
1.722270e+01 
1.722270e+01 
1.722270e+01 
1.722270e+01 
1.722270e+01 
1.722270e+01 
1.722270e+01 
1.722270e+01 
1.722270e+01 
1.722270e+01 
1.722270e+01 
1.722270e+01 
1.722270e+01 
1.722270e+01 
1.722270e+01 
1.722270e+01 
1.722270e+01 
1.722270e+01 
1.722270e+01 
1.722270e+01 
1.722270e+01 
1.722270e+01 
1.722270e+01 
1.722270e+01 
1.722270e+01 
1.722270e+01 
1.722270e+01 
1.722270e+01 
1.722270e+01 
1.722270e+01 
1.722270e+01 
1.722270e+01 
1.722270e+01 
1.722270e+01 
1.722270e+01 
1.722270e+01 
1.722270e+01 
1.722270e+01 
1.722270e+01 
1.722270e+01 
1.722270e+01 
1.722270e+01 
1.722270e+01 
1.722270e+01 
1.722270e+01 
1.722270e+01 
1.722270e+01 
1.722270e+01 
1.722270e+01 
1.722270e+01 
1.722270e+01 
1.722270e+01 
1.722270e+01 
1.722270e+01 
1.722270e+01 
1.722270e+01 
1.722270e+01 
1.722270e+01 
1.722270e+01 
1.722270e+01 
1.722270e+01 
1.722270e+01 
1.722270e+01 
1.722270e+01 
1.722270e+01 
1.722270e+01 
1.722270e+01 
1.722270e+01 
1.722270e+01 
1.722270e+01 
1.722270e+01 
1.722270e+01 
1.722270e+01 
1.722270e+01 
1.722270e+01 
1.722270e+01 
1.722270e+01 
1.722270e+01 
1.722270e+01 
1.722270e+01 
1.722270e+01 
1.722270e+01 
1.722270e+01 
1.722270e+01 
1.722270e+01 
1.722270e+01 
1.722270e+01 
1.722270e+01 
1.722270e+01 
1.722270e+01 
1.722270e+01 
1.722270e+01 
1.722270e+01 
1.722270e+01 
1.722270e+01 
1.722270e+01 
1.722270e+01 
1.722270e+01 
1.722270e+01 
1.722270e+01 
1.722270e+01 
1.722270e+01 
1.722270e+01 
1.722270e+01 
1.722270e+01 
1.722270e+01 
1.722270e+01 
1.722270e+01 
1.722270e+01 
1.722270e+01 
1.722270e+01 
1.722270e+01 
1.722270e+01 
1.722270e+01 
1.722270e+01 
1.722270e+01 
1.722270e+01 
1.722270e+01 
1.722270e+01 
1.722270e+01 
1.722270e+01 
1.722270e+01 
1.722270e+01 
1.722270e+01 
1.722270e+01 
1.722270e+01 
1.722270e+01 
1.722270e+01 
1.722270e+01 
1.722270e+01 
1.722270e+01 
1.722270e+01 
1.722270e+01 
1.722270e+01 
1.722270e+01 
1.722270e+01 
1.722270e+01 
1.722270e+01 
1.722270e+01 
1.722270e+01 
1.722270e+01 
1.722270e+01 
1.722270e+01 
1.722270e+01 
1.722270e+01 
1.722270e+01 
1.722270e+01 
1.722270e+01 
1.722270e+01 
1.722270e+01 
1.722270e+01 
1.722270e+01 
1.722270e+01 
1.722270e+01 
1.722270e+01 
1.722270e+01 
1.722270e+01 
1.722270e+01 
1.722270e+01 
1.722270e+01 
1.722270e+01 
1.722270e+01 
1.722270e+01 
1.722270e+01 
1.722270e+01 
1.722270e+01 
1.722270e+01 
1.722270e+01 
1.722270e+01 
1.722270e+01 
1.722270e+01 
1.722270e+01 
1.722270e+01 
1.722270e+01 
1.722270e+01 
1.722270e+01 
1.722270e+01 
1.722270e+01 
1.722270e+01 
1.722270e+01 
1.722270e+01 
1.722270e+01 
1.722270e+01 
1.722270e+01 
1.722270e+01 
1.722270e+01 
1.722270e+01 
1.722270e+01 
1.722270e+01 
1.722270e+01 
1.722270e+01 
1.722270e+01 
1.722270e+01 
1.722270e+01 
1.722270e+01 
1.722270e+01 
1.722270e+01 
1.722270e+01 
1.722270e+01 
1.722270e+01 
1.722270e+01 
1.722270e+01 
1.722270e+01 
1.722270e+01 
1.722270e+01 
1.722270e+01 
1.722270e+01 
1.722270e+01 
1.722270e+01 
1.722270e+01 
1.722270e+01 
1.722270e+01 
1.722270e+01 
1.722270e+01 
1.722270e+01 
1.722270e+01 
1.722270e+01 
1.722270e+01 
1.722270e+01 
1.722270e+01 
1.722270e+01 
1.722270e+01 
1.722270e+01 
1.722270e+01 
1.722270e+01 
1.722270e+01 
1.722270e+01 
1.722270e+01 
1.722270e+01 
1.722270e+01 
1.722270e+01 
1.722270e+01 
1.722270e+01 
1.722270e+01 
1.722270e+01 
1.722270e+01 
1.722270e+01 
1.722270e+01 
1.722270e+01 
1.722270e+01 
1.722270e+01 
1.722270e+01 
1.722270e+01 
1.722270e+01 
1.722270e+01 
1.722270e+01 
1.722270e+01 
1.722270e+01 
1.722270e+01 
1.722270e+01 
1.722270e+01 
1.722270e+01 
1.722270e+01 
1.722270e+01 
1.722270e+01 
1.722270e+01 
1.722270e+01 
1.722270e+01 
1.722270e+01 
1.722270e+01 
1.722270e+01 
1.722270e+01 
1.722270e+01 
1.722270e+01 
1.722270e+01 
1.722270e+01 
1.722270e+01 
1.722270e+01 
1.722270e+01 
1.722270e+01 
1.722270e+01 
1.722270e+01 
1.722270e+01 
1.722270e+01 
1.722270e+01 
1.722270e+01 
1.722270e+01 
1.722270e+01 
1.722270e+01 
1.722270e+01 
1.722270e+01 
1.722270e+01 
1.722270e+01 
1.722270e+01 
1.722270e+01 
1.722270e+01 
1.722270e+01 
1.722270e+01 
1.722270e+01 
1.722270e+01 
1.722270e+01 
1.722270e+01 
1.722270e+01 
1.722270e+01 
1.722270e+01 
1.722270e+01 
1.722270e+01 
1.722270e+01 
1.722270e+01 
1.722270e+01 
1.722270e+01 
1.722270e+01 
1.722270e+01 
1.722270e+01 
1.722270e+01 
1.722270e+01 
1.722270e+01 
1.722270e+01 
1.722270e+01 
1.722270e+01 
1.722270e+01 
1.722270e+01 
1.722270e+01 
1.722270e+01 
1.722270e+01 
1.722270e+01 
1.722270e+01 
1.722270e+01 
1.722270e+01 
1.722270e+01 
1.722270e+01 
1.722270e+01 
1.722270e+01 
1.722270e+01 
1.722270e+01 
1.722270e+01 
1.722270e+01 
1.722270e+01 
1.722270e+01 
1.722270e+01 
1.722270e+01 
1.722270e+01 
1.722270e+01 
1.722270e+01 
1.722270e+01 
1.722270e+01 
1.722270e+01 
1.722270e+01 
1.722270e+01 
1.722270e+01 
1.722270e+01 
1.722270e+01 
1.722270e+01 
1.722270e+01 
1.722270e+01 
1.722270e+01 
1.722270e+01 
1.722270e+01 
1.722270e+01 
1.722270e+01 
1.722270e+01 
1.722270e+01 
1.722270e+01 
1.722270e+01 
1.722270e+01 
1.722270e+01 
1.722270e+01 
1.722270e+01 
1.722270e+01 
1.722270e+01 
1.722270e+01 
1.722270e+01 
1.722270e+01 
1.722270e+01 
1.722270e+01 
1.722270e+01 
1.722270e+01 
1.722270e+01 
1.722270e+01 
1.722270e+01 
1.722270e+01 
1.722270e+01 
1.722270e+01 
1.722270e+01 
1.722270e+01 
1.722270e+01 
1.722270e+01 
1.722270e+01 
1.722270e+01 
1.722270e+01 
1.722270e+01 
1.722270e+01 
1.722270e+01 
1.722270e+01 
1.722270e+01 
1.722270e+01 
1.722270e+01 
1.722270e+01 
1.722270e+01 
1.722270e+01 
1.722270e+01 
1.722270e+01 
1.722270e+01 
1.722270e+01 
1.722270e+01 
1.722270e+01 
1.722270e+01 
1.722270e+01 
1.722270e+01 
1.722270e+01 
1.722270e+01 
1.722270e+01 
1.722270e+01 
1.722270e+01 
1.722270e+01 
1.722270e+01 
1.722270e+01 
1.722270e+01 
1.722270e+01 
1.722270e+01 
1.722270e+01 
1.722270e+01 
1.722270e+01 
1.722270e+01 
1.722270e+01 
1.722270e+01 
1.722270e+01 
1.722270e+01 
1.722270e+01 
1.722270e+01 
1.722270e+01 
1.722270e+01 
1.722270e+01 
1.722270e+01 
1.722270e+01 
1.722270e+01 
1.722270e+01 
1.722270e+01 
1.722270e+01 
1.722270e+01 
1.722270e+01 
1.722270e+01 
1.722270e+01 
1.722270e+01 
1.722270e+01 
1.722270e+01 
1.722270e+01 
1.722270e+01 
1.722270e+01 
1.722270e+01 
1.722270e+01 
1.722270e+01 
1.722270e+01 
1.722270e+01 
1.722270e+01 
1.722270e+01 
1.722270e+01 
1.722270e+01 
1.722270e+01 
1.722270e+01 
1.722270e+01 
1.722270e+01 
1.722270e+01 
1.722270e+01 
1.722270e+01 
1.722270e+01 
1.722270e+01 
1.722270e+01 
1.722270e+01 
1.722270e+01 
1.722270e+01 
1.722270e+01 
1.722270e+01 
1.722270e+01 
1.722270e+01 
1.722270e+01 
1.722270e+01 
1.722270e+01 
1.722270e+01 
1.722270e+01 
1.722270e+01 
1.722270e+01 
1.722270e+01 
1.722270e+01 
1.722270e+01 
1.722270e+01 
1.722270e+01 
1.722270e+01 
1.722270e+01 
1.722270e+01 
1.722270e+01 
1.722270e+01 
1.722270e+01 
1.722270e+01 
1.722270e+01 
1.722270e+01 
1.722270e+01 
1.722270e+01 
1.722270e+01 
1.722270e+01 
1.722270e+01 
1.722270e+01 
1.722270e+01 
1.722270e+01 
1.722270e+01 
1.722270e+01 
1.722270e+01 
1.722270e+01 
1.722270e+01 
1.722270e+01 
1.722270e+01 
1.722270e+01 
1.722270e+01 
1.722270e+01 
1.722270e+01 
1.722270e+01 
1.722270e+01 
1.722270e+01 
1.722270e+01 
1.722270e+01 
1.722270e+01 
1.722270e+01 
1.722270e+01 
1.722270e+01 
1.722270e+01 
1.722270e+01 
1.722270e+01 
1.722270e+01 
1.722270e+01 
1.722270e+01 
1.722270e+01 
1.722270e+01 
1.722270e+01 
1.722270e+01 
1.722270e+01 
1.722270e+01 
1.722270e+01 
1.722270e+01 
1.722270e+01 
1.722270e+01 
1.722270e+01 
1.722270e+01 
1.722270e+01 
1.722270e+01 
1.722270e+01 
1.722270e+01 
1.722270e+01 
1.722270e+01 
1.722270e+01 
1.722270e+01 
1.722270e+01 
1.722270e+01 
1.722270e+01 
1.722270e+01 
1.722270e+01 
1.722270e+01 
1.722270e+01 
1.722270e+01 
1.722270e+01 
1.722270e+01 
1.722270e+01 
1.722270e+01 
1.722270e+01 
1.722270e+01 
1.722270e+01 
1.722270e+01 
1.722270e+01 
1.722270e+01 
1.722270e+01 
1.722270e+01 
1.722270e+01 
1.722270e+01 
1.722270e+01 
1.722270e+01 
1.722270e+01 
1.722270e+01 
1.722270e+01 
1.722270e+01 
1.722270e+01 
1.722270e+01 
1.722270e+01 
1.722270e+01 
1.722270e+01 
1.722270e+01 
1.722270e+01 
1.722270e+01 
1.722270e+01 
1.722270e+01 
1.722270e+01 
1.722270e+01 
1.722270e+01 
1.722270e+01 
1.722270e+01 
1.722270e+01 
1.722270e+01 
1.722270e+01 
1.722270e+01 
1.722270e+01 
1.722270e+01 
1.722270e+01 
1.722270e+01 
1.722270e+01 
1.722270e+01 
1.722270e+01 
1.722270e+01 
1.722270e+01 
1.722270e+01 
1.722270e+01 
1.722270e+01 
1.722270e+01 
1.722270e+01 
1.722270e+01 
1.722270e+01 
1.722270e+01 
1.722270e+01 
1.722270e+01 
1.722270e+01 
1.722270e+01 
1.722270e+01 
1.722270e+01 
1.722270e+01 
1.722270e+01 
1.722270e+01 
1.722270e+01 
1.722270e+01 
1.722270e+01 
1.722270e+01 
1.722270e+01 
1.722270e+01 
1.722270e+01 
1.722270e+01 
1.722270e+01 
1.722270e+01 
1.722270e+01 
1.722270e+01 
1.722270e+01 
1.722270e+01 
1.722270e+01 
1.722270e+01 
1.722270e+01 
1.722270e+01 
1.722270e+01 
1.722270e+01 
1.722270e+01 
1.722270e+01 
1.722270e+01 
1.722270e+01 
1.722270e+01 
1.722270e+01 
1.722270e+01 
1.722270e+01 
1.722270e+01 
1.722270e+01 
1.722270e+01 
1.722270e+01 
1.722270e+01 
1.722270e+01 
1.722270e+01 
1.722270e+01 
1.722270e+01 
1.722270e+01 
1.722270e+01 
1.722270e+01 
1.722270e+01 
1.722270e+01 
1.722270e+01 
1.722270e+01 
1.722270e+01 
1.722270e+01 
1.722270e+01 
1.722270e+01 
1.722270e+01 
1.722270e+01 
1.722270e+01 
1.722270e+01 
1.722270e+01 
1.722270e+01 
1.722270e+01 
1.722270e+01 
1.722270e+01 
1.722270e+01 
1.722270e+01 
1.722270e+01 
1.722270e+01 
1.722270e+01 
1.722270e+01 
1.722270e+01 
1.722270e+01 
1.722270e+01 
1.722270e+01 
1.722270e+01 
1.722270e+01 
1.722270e+01 
1.722270e+01 
1.722270e+01 
1.722270e+01 
1.722270e+01 
1.722270e+01 
1.722270e+01 
1.722270e+01 
1.722270e+01 
1.722270e+01 
1.722270e+01 
1.722270e+01 
1.722270e+01 
1.722270e+01 
1.722270e+01 
1.722270e+01 
1.722270e+01 
1.722270e+01 
1.722270e+01 
1.722270e+01 
1.722270e+01 
1.722270e+01 
1.722270e+01 
1.722270e+01 
1.722270e+01 
1.722270e+01 
1.722270e+01 
1.722270e+01 
1.722270e+01 
1.722270e+01 
1.722270e+01 
1.722270e+01 
1.722270e+01 
1.722270e+01 
1.722270e+01 
1.722270e+01 
1.722270e+01 
1.722270e+01 
1.722270e+01 
1.722270e+01 
1.722270e+01 
1.722270e+01 
1.722270e+01 
1.722270e+01 
1.722270e+01 
1.722270e+01 
1.722270e+01 
1.722270e+01 
1.722270e+01 
1.722270e+01 
1.722270e+01 
1.722270e+01 
1.722270e+01 
1.722270e+01 
1.722270e+01 
1.722270e+01 
1.722270e+01 
1.722270e+01 
1.722270e+01 
1.722270e+01 
1.722270e+01 
1.722270e+01 
1.722270e+01 
1.722270e+01 
1.722270e+01 
1.722270e+01 
1.722270e+01 
1.722270e+01 
1.722270e+01 
1.722270e+01 
1.722270e+01 
1.722270e+01 
1.722270e+01 
1.722270e+01 
1.722270e+01 
1.722270e+01 
1.722270e+01 
1.722270e+01 
1.722270e+01 
1.722270e+01 
1.722270e+01 
1.722270e+01 
1.722270e+01 
1.722270e+01 
1.722270e+01 
1.722270e+01 
1.722270e+01 
1.722270e+01 
1.722270e+01 
1.722270e+01 
1.722270e+01 
1.722270e+01 
1.722270e+01 
1.722270e+01 
1.722270e+01 
1.722270e+01 
1.722270e+01 
1.722270e+01 
1.722270e+01 
1.722270e+01 
1.722270e+01 
1.722270e+01 
1.722270e+01 
1.722270e+01 
1.722270e+01 
1.722270e+01 
1.722270e+01 
1.722270e+01 
1.722270e+01 
1.722270e+01 
1.722270e+01 
1.722270e+01 
1.722270e+01 
1.722270e+01 
1.722270e+01 
1.722270e+01 
1.722270e+01 
1.722270e+01 
1.722270e+01 
1.722270e+01 
1.722270e+01 
1.722270e+01 
1.722270e+01 
1.722270e+01 
1.722270e+01 
1.722270e+01 
1.722270e+01 
1.722270e+01 
1.722270e+01 
1.722270e+01 
1.722270e+01 
1.722270e+01 
1.722270e+01 
1.722270e+01 
1.722270e+01 
1.722270e+01 
1.722270e+01 
1.722270e+01 
1.722270e+01 
1.722270e+01 
1.722270e+01 
1.722270e+01 
1.722270e+01 
1.722270e+01 
1.722270e+01 
1.722270e+01 
1.722270e+01 
1.722270e+01 
1.722270e+01 
1.722270e+01 
1.722270e+01 
1.722270e+01 
1.722270e+01 
1.722270e+01 
1.722270e+01 
1.722270e+01 
1.722270e+01 
1.722270e+01 
1.722270e+01 
1.722270e+01 
1.722270e+01 
1.722270e+01 
1.722270e+01 
1.722270e+01 
1.722270e+01 
1.722270e+01 
1.722270e+01 
1.722270e+01 
1.722270e+01 
1.722270e+01 
1.722270e+01 
1.722270e+01 
1.722270e+01 
1.722270e+01 
1.722270e+01 
1.722270e+01 
1.722270e+01 
1.722270e+01 
1.722270e+01 
1.722270e+01 
1.722270e+01 
1.722270e+01 
1.722270e+01 
1.722270e+01 
1.722270e+01 
1.722270e+01 
1.722270e+01 
1.722270e+01 
1.722270e+01 
1.722270e+01 
1.722270e+01 
1.722270e+01 
1.722270e+01 
1.722270e+01 
1.722270e+01 
1.722270e+01 
1.722270e+01 
1.722270e+01 
1.722270e+01 
1.722270e+01 
1.722270e+01 
1.722270e+01 
1.722270e+01 
1.722270e+01 
1.722270e+01 
1.722270e+01 
1.722270e+01 
1.722270e+01 
1.722270e+01 
1.722270e+01 
1.722270e+01 
1.722270e+01 
1.722270e+01 
1.722270e+01 
1.722270e+01 
1.722270e+01 
1.722270e+01 
1.722270e+01 
1.722270e+01 
1.722270e+01 
1.722270e+01 
1.722270e+01 
1.722270e+01 
1.722270e+01 
1.722270e+01 
1.722270e+01 
1.722270e+01 
1.722270e+01 
1.722270e+01 
1.722270e+01 
1.722270e+01 
1.722270e+01 
1.722270e+01 
1.722270e+01 
1.722270e+01 
1.722270e+01 
1.722270e+01 
1.722270e+01 
1.722270e+01 
1.722270e+01 
1.722270e+01 
1.722270e+01 
1.722270e+01 
1.722270e+01 
1.722270e+01 
1.722270e+01 
1.722270e+01 
1.722270e+01 
1.722270e+01 
1.722270e+01 
1.722270e+01 
1.722270e+01 
1.722270e+01 
1.722270e+01 
1.722270e+01 
1.722270e+01 
1.722270e+01 
1.722270e+01 
1.722270e+01 
1.722270e+01 
1.722270e+01 
1.722270e+01 
1.722270e+01 
1.722270e+01 
1.722270e+01 
1.722270e+01 
1.722270e+01 
1.722270e+01 
1.722270e+01 
1.722270e+01 
1.722270e+01 
1.722270e+01 
1.722270e+01 
1.722270e+01 
1.722270e+01 
1.722270e+01 
1.722270e+01 
1.722270e+01 
1.722270e+01 
1.722270e+01 
1.722270e+01 
1.722270e+01 
1.722270e+01 
1.722270e+01 
1.722270e+01 
1.722270e+01 
1.722270e+01 
1.722270e+01 
1.722270e+01 
1.722270e+01 
1.722270e+01 
1.722270e+01 
1.722270e+01 
1.722270e+01 
1.722270e+01 
1.722270e+01 
1.722270e+01 
1.722270e+01 
1.722270e+01 
1.722270e+01 
1.722270e+01 
1.722270e+01 
1.722270e+01 
1.722270e+01 
1.722270e+01 
1.722270e+01 
1.722270e+01 
1.722270e+01 
1.722270e+01 
1.722270e+01 
1.722270e+01 
1.722270e+01 
1.722270e+01 
1.722270e+01 
1.722270e+01 
1.722270e+01 
1.722270e+01 
1.722270e+01 
1.722270e+01 
1.722270e+01 
1.722270e+01 
1.722270e+01 
1.722270e+01 
1.722270e+01 
1.722270e+01 
1.722270e+01 
1.722270e+01 
1.722270e+01 
1.722270e+01 
1.722270e+01 
1.722270e+01 
1.722270e+01 
1.722270e+01 
1.722270e+01 
1.722270e+01 
1.722270e+01 
1.722270e+01 
1.722270e+01 
1.722270e+01 
1.722270e+01 
1.722270e+01 
1.722270e+01 
1.722270e+01 
1.722270e+01 
1.722270e+01 
1.722270e+01 
1.722270e+01 
1.722270e+01 
1.722270e+01 
1.722270e+01 
1.722270e+01 
1.722270e+01 
1.722270e+01 
1.722270e+01 
1.722270e+01 
1.722270e+01 
1.722270e+01 
1.722270e+01 
1.722270e+01 
1.722270e+01 
1.722270e+01 
1.722270e+01 
1.722270e+01 
1.722270e+01 
1.722270e+01 
1.722270e+01 
1.722270e+01 
1.722270e+01 
1.722270e+01 
1.722270e+01 
1.722270e+01 
1.722270e+01 
1.722270e+01 
1.722270e+01 
1.722270e+01 
1.722270e+01 
1.722270e+01 
1.722270e+01 
1.722270e+01 
1.722270e+01 
1.722270e+01 
1.722270e+01 
1.722270e+01 
1.722270e+01 
1.722270e+01 
1.722270e+01 
1.722270e+01 
1.722270e+01 
1.722270e+01 
1.722270e+01 
1.722270e+01 
1.722270e+01 
1.722270e+01 
1.722270e+01 
1.722270e+01 
1.722270e+01 
1.722270e+01 
1.722270e+01 
1.722270e+01 
1.722270e+01 
1.722270e+01 
1.722270e+01 
1.722270e+01 
1.722270e+01 
1.722270e+01 
1.722270e+01 
1.722270e+01 
1.722270e+01 
1.722270e+01 
1.722270e+01 
1.722270e+01 
1.722270e+01 
1.722270e+01 
1.722270e+01 
1.722270e+01 
1.722270e+01 
1.722270e+01 
1.722270e+01 
1.722270e+01 
1.722270e+01 
1.722270e+01 
1.722270e+01 
1.722270e+01 
1.722270e+01 
1.722270e+01 
1.722270e+01 
1.722270e+01 
1.722270e+01 
1.722270e+01 
1.722270e+01 
1.722270e+01 
1.722270e+01 
1.722270e+01 
1.722270e+01 
1.722270e+01 
1.722270e+01 
1.722270e+01 
1.722270e+01 
1.722270e+01 
1.722270e+01 
1.722270e+01 
1.722270e+01 
1.722270e+01 
1.722270e+01 
1.722270e+01 
1.722270e+01 
1.722270e+01 
1.722270e+01 
1.722270e+01 
1.722270e+01 
1.722270e+01 
1.722270e+01 
1.722270e+01 
1.722270e+01 
1.722270e+01 
1.722270e+01 
1.722270e+01 
1.722270e+01 
1.722270e+01 
1.722270e+01 
1.722270e+01 
1.722270e+01 
1.722270e+01 
1.722270e+01 
1.722270e+01 
1.722270e+01 
1.722270e+01 
1.722270e+01 
1.722270e+01 
1.722270e+01 
1.722270e+01 
1.722270e+01 
1.722270e+01 
1.722270e+01 
1.722270e+01 
1.722270e+01 
1.722270e+01 
1.722270e+01 
1.722270e+01 
1.722270e+01 
1.722270e+01 
1.722270e+01 
1.722270e+01 
1.722270e+01 
1.722270e+01 
1.722270e+01 
1.722270e+01 
1.722270e+01 
1.722270e+01 
1.722270e+01 
1.722270e+01 
1.722270e+01 
1.722270e+01 
1.722270e+01 
1.722270e+01 
1.722270e+01 
1.722270e+01 
1.722270e+01 
1.722270e+01 
1.722270e+01 
1.722270e+01 
1.722270e+01 
1.722270e+01 
1.722270e+01 
1.722270e+01 
1.722270e+01 
1.722270e+01 
1.722270e+01 
1.722270e+01 
1.722270e+01 
1.722270e+01 
1.722270e+01 
1.722270e+01 
1.722270e+01 
1.722270e+01 
1.722270e+01 
1.722270e+01 
1.722270e+01 
1.722270e+01 
1.722270e+01 
1.722270e+01 
1.722270e+01 
1.722270e+01 
1.722270e+01 
1.722270e+01 
1.722270e+01 
1.722270e+01 
1.722270e+01 
1.722270e+01 
1.722270e+01 
1.722270e+01 
1.722270e+01 
1.722270e+01 
1.722270e+01 
1.722270e+01 
1.722270e+01 
1.722270e+01 
1.722270e+01 
1.722270e+01 
1.722270e+01 
1.722270e+01 
1.722270e+01 
1.722270e+01 
1.722270e+01 
1.722270e+01 
1.722270e+01 
1.722270e+01 
1.722270e+01 
1.722270e+01 
1.722270e+01 
1.722270e+01 
1.722270e+01 
1.722270e+01 
1.722270e+01 
1.722270e+01 
1.722270e+01 
1.722270e+01 
1.722270e+01 
1.722270e+01 
1.722270e+01 
1.722270e+01 
1.722270e+01 
1.722270e+01 
1.722270e+01 
1.722270e+01 
1.722270e+01 
1.722270e+01 
1.722270e+01 
1.722270e+01 
1.722270e+01 
1.722270e+01 
1.722270e+01 
1.722270e+01 
1.722270e+01 
1.722270e+01 
1.722270e+01 
1.722270e+01 
1.722270e+01 
1.722270e+01 
1.722270e+01 
1.722270e+01 
1.722270e+01 
1.722270e+01 
1.722270e+01 
1.722270e+01 
1.722270e+01 
1.722270e+01 
1.722270e+01 
1.722270e+01 
1.722270e+01 
1.722270e+01 
1.722270e+01 
1.722270e+01 
1.722270e+01 
1.722270e+01 
1.722270e+01 
1.722270e+01 
1.722270e+01 
1.722270e+01 
1.722270e+01 
1.722270e+01 
1.722270e+01 
1.722270e+01 
1.722270e+01 
1.722270e+01 
1.722270e+01 
1.722270e+01 
1.722270e+01 
1.722270e+01 
1.722270e+01 
1.722270e+01 
1.722270e+01 
1.722270e+01 
1.722270e+01 
1.722270e+01 
1.722270e+01 
1.722270e+01 
1.722270e+01 
1.722270e+01 
1.722270e+01 
1.722270e+01 
1.722270e+01 
1.722270e+01 
1.722270e+01 
1.722270e+01 
1.722270e+01 
1.722270e+01 
1.722270e+01 
1.722270e+01 
1.722270e+01 
1.722270e+01 
1.722270e+01 
1.722270e+01 
1.722270e+01 
1.722270e+01 
1.722270e+01 
1.722270e+01 
1.722270e+01 
1.722270e+01 
1.722270e+01 
1.722270e+01 
1.722270e+01 
1.722270e+01 
1.722270e+01 
1.722270e+01 
1.722270e+01 
1.722270e+01 
1.722270e+01 
1.722270e+01 
1.722270e+01 
1.722270e+01 
1.722270e+01 
1.722270e+01 
1.722270e+01 
1.722270e+01 
1.722270e+01 
1.722270e+01 
1.722270e+01 
1.722270e+01 
1.722270e+01 
1.722270e+01 
1.722270e+01 
1.722270e+01 
1.722270e+01 
1.722270e+01 
1.722270e+01 
1.722270e+01 
1.722270e+01 
1.722270e+01 
1.722270e+01 
1.722270e+01 
1.722270e+01 
1.722270e+01 
1.722270e+01 
1.722270e+01 
1.722270e+01 
1.722270e+01 
1.722270e+01 
1.722270e+01 
1.722270e+01 
1.722270e+01 
1.722270e+01 
1.722270e+01 
1.722270e+01 
1.722270e+01 
1.722270e+01 
1.722270e+01 
1.722270e+01 
1.722270e+01 
1.722270e+01 
1.722270e+01 
1.722270e+01 
1.722270e+01 
1.722270e+01 
1.722270e+01 
1.722270e+01 
1.722270e+01 
1.722270e+01 
1.722270e+01 
1.722270e+01 
1.722270e+01 
1.722270e+01 
1.722270e+01 
1.722270e+01 
1.722270e+01 
1.722270e+01 
1.722270e+01 
1.722270e+01 
1.722270e+01 
1.722270e+01 
1.722270e+01 
1.722270e+01 
1.722270e+01 
1.722270e+01 
1.722270e+01 
1.722270e+01 
1.722270e+01 
1.722270e+01 
1.722270e+01 
1.722270e+01 
1.722270e+01 
1.722270e+01 
1.722270e+01 
1.722270e+01 
1.722270e+01 
1.722270e+01 
1.722270e+01 
1.722270e+01 
1.722270e+01 
1.722270e+01 
1.722270e+01 
1.722270e+01 
1.722270e+01 
1.722270e+01 
1.722270e+01 
1.722270e+01 
1.722270e+01 
1.722270e+01 
1.722270e+01 
1.722270e+01 
1.722270e+01 
1.722270e+01 
1.722270e+01 
1.722270e+01 
1.722270e+01 
1.722270e+01 
1.722270e+01 
1.722270e+01 
1.722270e+01 
1.722270e+01 
1.722270e+01 
1.722270e+01 
1.722270e+01 
1.722270e+01 
1.722270e+01 
1.722270e+01 
1.722270e+01 
1.722270e+01 
1.722270e+01 
1.722270e+01 
1.722270e+01 
1.722270e+01 
1.722270e+01 
1.722270e+01 
1.722270e+01 
1.722270e+01 
1.722270e+01 
1.722270e+01 
1.722270e+01 
1.722270e+01 
1.722270e+01 
1.722270e+01 
1.722270e+01 
1.722270e+01 
1.722270e+01 
1.722270e+01 
1.722270e+01 
1.722270e+01 
1.722270e+01 
1.722270e+01 
1.722270e+01 
1.722270e+01 
1.722270e+01 
1.722270e+01 
1.722270e+01 
1.722270e+01 
1.722270e+01 
1.722270e+01 
1.722270e+01 
1.722270e+01 
1.722270e+01 
1.722270e+01 
1.722270e+01 
1.722270e+01 
1.722270e+01 
1.722270e+01 
1.722270e+01 
1.722270e+01 
1.722270e+01 
1.722270e+01 
1.722270e+01 
1.722270e+01 
1.722270e+01 
1.722270e+01 
1.722270e+01 
1.722270e+01 
1.722270e+01 
1.722270e+01 
1.722270e+01 
1.722270e+01 
1.722270e+01 
1.722270e+01 
1.722270e+01 
1.722270e+01 
1.722270e+01 
1.722270e+01 
1.722270e+01 
1.722270e+01 
1.722270e+01 
1.722270e+01 
1.722270e+01 
1.722270e+01 
1.722270e+01 
1.722270e+01 
1.722270e+01 
1.722270e+01 
1.722270e+01 
1.722270e+01 
1.722270e+01 
1.722270e+01 
1.722270e+01 
1.722270e+01 
1.722270e+01 
1.722270e+01 
1.722270e+01 
1.722270e+01 
1.722270e+01 
1.722270e+01 
1.722270e+01 
1.722270e+01 
1.722270e+01 
1.722270e+01 
1.722270e+01 
1.722270e+01 
1.722270e+01 
1.722270e+01 
1.722270e+01 
1.722270e+01 
1.722270e+01 
1.722270e+01 
1.722270e+01 
1.722270e+01 
1.722270e+01 
1.722270e+01 
1.722270e+01 
1.722270e+01 
1.722270e+01 
1.722270e+01 
1.722270e+01 
1.722270e+01 
1.722270e+01 
1.722270e+01 
1.722270e+01 
1.722270e+01 
1.722270e+01 
1.722270e+01 
1.722270e+01 
1.722270e+01 
1.722270e+01 
1.722270e+01 
1.722270e+01 
1.722270e+01 
1.722270e+01 
1.722270e+01 
1.722270e+01 
1.722270e+01 
1.722270e+01 
1.722270e+01 
1.722270e+01 
1.722270e+01 
1.722270e+01 
1.722270e+01 
1.722270e+01 
1.722270e+01 
1.722270e+01 
1.722270e+01 
1.722270e+01 
1.722270e+01 
1.722270e+01 
1.722270e+01 
1.722270e+01 
1.722270e+01 
1.722270e+01 
1.722270e+01 
1.722270e+01 
1.722270e+01 
1.722270e+01 
1.722270e+01 
1.722270e+01 
1.722270e+01 
1.722270e+01 
1.722270e+01 
1.722270e+01 
1.722270e+01 
1.722270e+01 
1.722270e+01 
1.722270e+01 
1.722270e+01 
1.722270e+01 
1.722270e+01 
1.722270e+01 
1.722270e+01 
1.722270e+01 
1.722270e+01 
1.722270e+01 
1.722270e+01 
1.722270e+01 
1.722270e+01 
1.722270e+01 
1.722270e+01 
1.722270e+01 
1.722270e+01 
1.722270e+01 
1.722270e+01 
1.722270e+01 
1.722270e+01 
1.722270e+01 
1.722270e+01 
1.722270e+01 
1.722270e+01 
1.722270e+01 
1.722270e+01 
1.722270e+01 
1.722270e+01 
1.722270e+01 
1.722270e+01 
1.722270e+01 
1.722270e+01 
1.722270e+01 
1.722270e+01 
1.722270e+01 
1.722270e+01 
1.722270e+01 
1.722270e+01 
1.722270e+01 
1.722270e+01 
1.722270e+01 
1.722270e+01 
1.722270e+01 
1.722270e+01 
1.722270e+01 
1.722270e+01 
1.722270e+01 
1.722270e+01 
1.722270e+01 
1.722270e+01 
1.722270e+01 
1.722270e+01 
1.722270e+01 
1.722270e+01 
1.722270e+01 
1.722270e+01 
1.722270e+01 
1.722270e+01 
1.722270e+01 
1.722270e+01 
1.722270e+01 
1.722270e+01 
1.722270e+01 
1.722270e+01 
1.722270e+01 
1.722270e+01 
1.722270e+01 
1.722270e+01 
1.722270e+01 
1.722270e+01 
1.722270e+01 
1.722270e+01 
1.722270e+01 
1.722270e+01 
1.722270e+01 
1.722270e+01 
1.722270e+01 
1.722270e+01 
1.722270e+01 
1.722270e+01 
1.722270e+01 
1.722270e+01 
1.722270e+01 
1.722270e+01 
1.722270e+01 
1.722270e+01 
1.722270e+01 
1.722270e+01 
1.722270e+01 
1.722270e+01 
1.722270e+01 
1.722270e+01 
1.722270e+01 
1.722270e+01 
1.722270e+01 
1.722270e+01 
1.722270e+01 
1.722270e+01 
1.722270e+01 
1.722270e+01 
1.722270e+01 
1.722270e+01 
1.722270e+01 
1.722270e+01 
1.722270e+01 
1.722270e+01 
1.722270e+01 
1.722270e+01 
1.722270e+01 
1.722270e+01 
1.722270e+01 
1.722270e+01 
1.722270e+01 
1.722270e+01 
1.722270e+01 
1.722270e+01 
1.722270e+01 
1.722270e+01 
1.722270e+01 
1.722270e+01 
1.722270e+01 
1.722270e+01 
1.722270e+01 
1.722270e+01 
1.722270e+01 
1.722270e+01 
1.722270e+01 
1.722270e+01 
1.722270e+01 
1.722270e+01 
1.722270e+01 
1.722270e+01 
1.722270e+01 
1.722270e+01 
1.722270e+01 
1.722270e+01 
1.722270e+01 
1.722270e+01 
1.722270e+01 
1.722270e+01 
1.722270e+01 
1.722270e+01 
1.722270e+01 
1.722270e+01 
1.722270e+01 
1.722270e+01 
1.722270e+01 
1.722270e+01 
1.722270e+01 
1.722270e+01 
1.722270e+01 
1.722270e+01 
1.722270e+01 
1.722270e+01 
1.722270e+01 
1.722270e+01 
1.722270e+01 
1.722270e+01 
1.722270e+01 
1.722270e+01 
1.722270e+01 
1.722270e+01 
1.722270e+01 
1.722270e+01 
1.722270e+01 
1.722270e+01 
1.722270e+01 
1.722270e+01 
1.722270e+01 
1.722270e+01 
1.722270e+01 
1.722270e+01 
1.722270e+01 
1.722270e+01 
1.722270e+01 
1.722270e+01 
1.722270e+01 
1.722270e+01 
1.722270e+01 
1.722270e+01 
1.722270e+01 
1.722270e+01 
1.722270e+01 
1.722270e+01 
1.722270e+01 
1.722270e+01 
1.722270e+01 
1.722270e+01 
1.722270e+01 
1.722270e+01 
1.722270e+01 
1.722270e+01 
1.722270e+01 
1.722270e+01 
1.722270e+01 
1.722270e+01 
1.722270e+01 
1.722270e+01 
1.722270e+01 
1.722270e+01 
1.722270e+01 
1.722270e+01 
1.722270e+01 
1.722270e+01 
1.722270e+01 
1.722270e+01 
1.722270e+01 
1.722270e+01 
1.722270e+01 
1.722270e+01 
1.722270e+01 
1.722270e+01 
1.722270e+01 
1.722270e+01 
1.722270e+01 
1.722270e+01 
1.722270e+01 
1.722270e+01 
1.722270e+01 
1.722270e+01 
1.722270e+01 
1.722270e+01 
1.722270e+01 
1.722270e+01 
1.722270e+01 
1.722270e+01 
1.722270e+01 
1.722270e+01 
1.722270e+01 
1.722270e+01 
1.722270e+01 
1.722270e+01 
1.722270e+01 
1.722270e+01 
1.722270e+01 
1.722270e+01 
1.722270e+01 
1.722270e+01 
1.722270e+01 
1.722270e+01 
1.722270e+01 
1.722270e+01 
1.722270e+01 
1.722270e+01 
1.722270e+01 
1.722270e+01 
1.722270e+01 
1.722270e+01 
1.722270e+01 
1.722270e+01 
1.722270e+01 
1.722270e+01 
1.722270e+01 
1.722270e+01 
1.722270e+01 
1.722270e+01 
1.722270e+01 
1.722270e+01 
1.722270e+01 
1.722270e+01 
1.722270e+01 
1.722270e+01 
1.722270e+01 
1.722270e+01 
1.722270e+01 
1.722270e+01 
1.722270e+01 
1.722270e+01 
1.722270e+01 
1.722270e+01 
1.722270e+01 
1.722270e+01 
1.722270e+01 
1.722270e+01 
1.722270e+01 
1.722270e+01 
1.722270e+01 
1.722270e+01 
1.722270e+01 
1.722270e+01 
1.722270e+01 
1.722270e+01 
1.722270e+01 
1.722270e+01 
1.722270e+01 
1.722270e+01 
1.722270e+01 
1.722270e+01 
1.722270e+01 
1.722270e+01 
1.722270e+01 
1.722270e+01 
1.722270e+01 
1.722270e+01 
1.722270e+01 
1.722270e+01 
1.722270e+01 
1.722270e+01 
1.722270e+01 
1.722270e+01 
1.722270e+01 
1.722270e+01 
1.722270e+01 
1.722270e+01 
1.722270e+01 
1.722270e+01 
1.722270e+01 
1.722270e+01 
1.722270e+01 
1.722270e+01 
1.722270e+01 
1.722270e+01 
1.722270e+01 
1.722270e+01 
1.722270e+01 
1.722270e+01 
1.722270e+01 
1.722270e+01 
1.722270e+01 
1.722270e+01 
1.722270e+01 
1.722270e+01 
1.722270e+01 
1.722270e+01 
1.722270e+01 
1.722270e+01 
1.722270e+01 
1.722270e+01 
1.722270e+01 
1.722270e+01 
1.722270e+01 
1.722270e+01 
1.722270e+01 
1.722270e+01 
1.722270e+01 
1.722270e+01 
1.722270e+01 
1.722270e+01 
1.722270e+01 
1.722270e+01 
1.722270e+01 
1.722270e+01 
1.722270e+01 
1.722270e+01 
1.722270e+01 
1.722270e+01 
1.722270e+01 
1.722270e+01 
1.722270e+01 
1.722270e+01 
1.722270e+01 
1.722270e+01 
1.722270e+01 
1.722270e+01 
1.722270e+01 
1.722270e+01 
1.722270e+01 
1.722270e+01 
1.722270e+01 
1.722270e+01 
1.722270e+01 
1.722270e+01 
1.722270e+01 
1.722270e+01 
1.722270e+01 
1.722270e+01 
1.722270e+01 
1.722270e+01 
1.722270e+01 
1.722270e+01 
1.722270e+01 
1.722270e+01 
1.722270e+01 
1.722270e+01 
1.722270e+01 
1.722270e+01 
1.722270e+01 
1.722270e+01 
1.722270e+01 
1.722270e+01 
1.722270e+01 
1.722270e+01 
1.722270e+01 
1.722270e+01 
1.722270e+01 
1.722270e+01 
1.722270e+01 
1.722270e+01 
1.722270e+01 
1.722270e+01 
1.722270e+01 
1.722270e+01 
1.722270e+01 
1.722270e+01 
1.722270e+01 
1.722270e+01 
1.722270e+01 
1.722270e+01 
1.722270e+01 
1.722270e+01 
1.722270e+01 
1.722270e+01 
1.722270e+01 
1.722270e+01 
1.722270e+01 
1.722270e+01 
1.722270e+01 
1.722270e+01 
1.722270e+01 
1.722270e+01 
1.722270e+01 
1.722270e+01 
1.722270e+01 
1.722270e+01 
1.722270e+01 
1.722270e+01 
1.722270e+01 
1.722270e+01 
1.722270e+01 
1.722270e+01 
1.722270e+01 
1.722270e+01 
1.722270e+01 
1.722270e+01 
1.722270e+01 
1.722270e+01 
1.722270e+01 
1.722270e+01 
1.722270e+01 
1.722270e+01 
1.722270e+01 
1.722270e+01 
1.722270e+01 
1.722270e+01 
1.722270e+01 
1.722270e+01 
1.722270e+01 
1.722270e+01 
1.722270e+01 
1.722270e+01 
1.722270e+01 
1.722270e+01 
1.722270e+01 
1.722270e+01 
1.722270e+01 
1.722270e+01 
1.722270e+01 
1.722270e+01 
1.722270e+01 
1.722270e+01 
1.722270e+01 
1.722270e+01 
1.722270e+01 
1.722270e+01 
1.722270e+01 
1.722270e+01 
1.722270e+01 
1.722270e+01 
1.722270e+01 
1.722270e+01 
1.722270e+01 
1.722270e+01 
1.722270e+01 
1.722270e+01 
1.722270e+01 
1.722270e+01 
1.722270e+01 
1.722270e+01 
1.722270e+01 
1.722270e+01 
1.722270e+01 
1.722270e+01 
1.722270e+01 
1.722270e+01 
1.722270e+01 
1.722270e+01 
1.722270e+01 
1.722270e+01 
1.722270e+01 
1.722270e+01 
1.722270e+01 
1.722270e+01 
1.722270e+01 
1.722270e+01 
1.722270e+01 
1.722270e+01 
1.722270e+01 
1.722270e+01 
1.722270e+01 
1.722270e+01 
1.722270e+01 
1.722270e+01 
1.722270e+01 
1.722270e+01 
1.722270e+01 
1.722270e+01 
1.722270e+01 
1.722270e+01 
1.722270e+01 
1.722270e+01 
1.722270e+01 
1.722270e+01 
1.722270e+01 
1.722270e+01 
1.722270e+01 
1.722270e+01 
1.722270e+01 
1.722270e+01 
1.722270e+01 
1.722270e+01 
1.722270e+01 
1.722270e+01 
1.722270e+01 
1.722270e+01 
1.722270e+01 
1.722270e+01 
1.722270e+01 
1.722270e+01 
