2.865171e+07 
9.741141e+06 
6.933637e+06 
3.872594e+06 
1.660007e+06 
3.914729e+05 
2.583932e+05 
7.885273e+04 
7.885273e+04 
7.885273e+04 
7.885273e+04 
3.454413e+04 
5.694630e+03 
5.694630e+03 
5.694630e+03 
3.849585e+03 
2.198880e+03 
2.032023e+03 
2.032023e+03 
1.581351e+03 
1.581351e+03 
1.581351e+03 
1.560635e+03 
1.123937e+03 
1.123937e+03 
1.123937e+03 
1.123937e+03 
7.649350e+02 
5.408364e+02 
4.919117e+02 
4.919117e+02 
4.677470e+02 
4.177625e+02 
3.833888e+02 
3.833888e+02 
3.343973e+02 
3.329524e+02 
3.329524e+02 
3.070126e+02 
3.070126e+02 
3.070126e+02 
2.837538e+02 
2.837538e+02 
2.619953e+02 
2.586541e+02 
2.586541e+02 
2.524762e+02 
2.524762e+02 
2.500350e+02 
2.426165e+02 
2.426165e+02 
2.372346e+02 
2.372346e+02 
2.365392e+02 
2.324131e+02 
2.324131e+02 
2.292745e+02 
2.278113e+02 
2.278113e+02 
2.254958e+02 
2.252716e+02 
2.252716e+02 
2.231551e+02 
2.231551e+02 
2.226155e+02 
2.226155e+02 
2.226155e+02 
2.226155e+02 
2.224224e+02 
2.223437e+02 
2.223362e+02 
2.222860e+02 
2.222723e+02 
2.222655e+02 
2.222217e+02 
2.222217e+02 
2.222063e+02 
2.222019e+02 
2.221981e+02 
2.221526e+02 
2.221274e+02 
2.221274e+02 
2.221237e+02 
2.221237e+02 
2.220910e+02 
2.220832e+02 
2.220778e+02 
2.220778e+02 
2.220737e+02 
2.220737e+02 
2.220697e+02 
2.220673e+02 
2.220661e+02 
2.220661e+02 
2.220636e+02 
2.220604e+02 
2.220586e+02 
2.220570e+02 
2.220546e+02 
2.220546e+02 
2.220546e+02 
2.220546e+02 
2.220546e+02 
2.220546e+02 
2.220546e+02 
2.220542e+02 
2.220536e+02 
2.220536e+02 
2.220535e+02 
2.220535e+02 
2.220534e+02 
2.220534e+02 
2.220534e+02 
2.220534e+02 
2.220532e+02 
2.220532e+02 
2.220532e+02 
2.220532e+02 
2.220531e+02 
2.220531e+02 
2.220531e+02 
2.220531e+02 
2.220531e+02 
2.220531e+02 
2.220531e+02 
2.220531e+02 
2.220531e+02 
2.220531e+02 
2.220531e+02 
2.220530e+02 
2.220530e+02 
2.220530e+02 
2.220530e+02 
2.220530e+02 
2.220530e+02 
2.220530e+02 
2.220530e+02 
2.220530e+02 
2.220530e+02 
2.220530e+02 
2.220530e+02 
2.220530e+02 
2.220530e+02 
2.220530e+02 
2.220530e+02 
2.220530e+02 
2.220530e+02 
2.220530e+02 
2.220530e+02 
2.220530e+02 
2.220530e+02 
2.220530e+02 
2.220530e+02 
2.220530e+02 
2.220530e+02 
2.220530e+02 
2.220530e+02 
2.220530e+02 
2.220530e+02 
2.220530e+02 
2.220530e+02 
2.220530e+02 
2.220530e+02 
2.220530e+02 
2.220530e+02 
2.220530e+02 
2.220530e+02 
2.220530e+02 
2.220530e+02 
2.220530e+02 
2.220530e+02 
2.220530e+02 
2.220530e+02 
2.220530e+02 
2.220530e+02 
2.220530e+02 
2.220530e+02 
2.220530e+02 
2.220530e+02 
2.220530e+02 
2.220530e+02 
2.220530e+02 
2.220530e+02 
2.220530e+02 
2.220530e+02 
2.220530e+02 
2.220530e+02 
2.220530e+02 
2.220530e+02 
2.220530e+02 
2.220530e+02 
2.220530e+02 
2.220530e+02 
2.220530e+02 
2.220530e+02 
2.220530e+02 
2.220530e+02 
2.220530e+02 
2.220530e+02 
2.220530e+02 
2.220530e+02 
2.220530e+02 
2.220530e+02 
2.220530e+02 
2.220530e+02 
2.220530e+02 
2.220530e+02 
2.220530e+02 
2.220530e+02 
2.220530e+02 
2.220530e+02 
2.220530e+02 
2.220530e+02 
2.220530e+02 
2.220530e+02 
2.220530e+02 
2.220530e+02 
2.220530e+02 
2.220530e+02 
2.220530e+02 
2.220530e+02 
2.220530e+02 
2.220530e+02 
2.220530e+02 
2.220530e+02 
2.220530e+02 
2.220530e+02 
2.220530e+02 
2.220530e+02 
2.220530e+02 
2.220530e+02 
2.220530e+02 
2.220530e+02 
2.220530e+02 
2.220530e+02 
2.220530e+02 
2.220530e+02 
2.220530e+02 
2.220530e+02 
2.220530e+02 
2.220530e+02 
2.220530e+02 
2.220530e+02 
2.220530e+02 
2.220530e+02 
2.220530e+02 
2.220530e+02 
2.220530e+02 
2.220530e+02 
2.220530e+02 
2.220530e+02 
2.220530e+02 
2.220530e+02 
2.220530e+02 
2.220530e+02 
2.220530e+02 
2.220530e+02 
2.220530e+02 
2.220530e+02 
2.220530e+02 
2.220530e+02 
2.220530e+02 
2.220530e+02 
2.220530e+02 
2.220530e+02 
2.220530e+02 
2.220530e+02 
2.220530e+02 
2.220530e+02 
2.220530e+02 
2.220530e+02 
2.220530e+02 
2.220530e+02 
2.220530e+02 
2.220530e+02 
2.220530e+02 
2.220530e+02 
2.220530e+02 
2.220530e+02 
2.220530e+02 
2.220530e+02 
2.220530e+02 
2.220530e+02 
2.220530e+02 
2.220530e+02 
2.220530e+02 
2.220530e+02 
2.220530e+02 
2.220530e+02 
2.220530e+02 
2.220530e+02 
2.220530e+02 
2.220530e+02 
2.220530e+02 
2.220530e+02 
2.220530e+02 
2.220530e+02 
2.220530e+02 
2.220530e+02 
2.220530e+02 
2.220530e+02 
2.220530e+02 
2.220530e+02 
2.220530e+02 
2.220530e+02 
2.220530e+02 
2.220530e+02 
2.220530e+02 
2.220530e+02 
2.220530e+02 
2.220530e+02 
2.220530e+02 
2.220530e+02 
2.220530e+02 
2.220530e+02 
2.220530e+02 
2.220530e+02 
2.220530e+02 
2.220530e+02 
2.220530e+02 
2.220530e+02 
2.220530e+02 
2.220530e+02 
2.220530e+02 
2.220530e+02 
2.220530e+02 
2.220530e+02 
2.220530e+02 
2.220530e+02 
2.220530e+02 
2.220530e+02 
2.220530e+02 
2.220530e+02 
2.220530e+02 
2.220530e+02 
2.220530e+02 
2.220530e+02 
2.220530e+02 
2.220530e+02 
2.220530e+02 
2.220530e+02 
2.220530e+02 
2.220530e+02 
2.220530e+02 
2.220530e+02 
2.220530e+02 
2.220530e+02 
2.220530e+02 
2.220530e+02 
2.220530e+02 
2.220530e+02 
2.220530e+02 
2.220530e+02 
2.220530e+02 
2.220530e+02 
2.220530e+02 
2.220530e+02 
2.220530e+02 
2.220530e+02 
2.220530e+02 
2.220530e+02 
2.220530e+02 
2.220530e+02 
2.220530e+02 
2.220530e+02 
2.220530e+02 
2.220530e+02 
2.220530e+02 
2.220530e+02 
2.220530e+02 
2.220530e+02 
2.220530e+02 
2.220530e+02 
2.220530e+02 
2.220530e+02 
2.220530e+02 
2.220530e+02 
2.220530e+02 
2.220530e+02 
2.220530e+02 
2.220530e+02 
2.220530e+02 
2.220530e+02 
2.220530e+02 
2.220530e+02 
2.220530e+02 
2.220530e+02 
2.220530e+02 
2.220530e+02 
2.220530e+02 
2.220530e+02 
2.220530e+02 
2.220530e+02 
2.220530e+02 
2.220530e+02 
2.220530e+02 
2.220530e+02 
2.220530e+02 
2.220530e+02 
2.220530e+02 
2.220530e+02 
2.220530e+02 
2.220530e+02 
2.220530e+02 
2.220530e+02 
2.220530e+02 
2.220530e+02 
2.220530e+02 
2.220530e+02 
2.220530e+02 
2.220530e+02 
2.220530e+02 
2.220530e+02 
2.220530e+02 
2.220530e+02 
2.220530e+02 
2.220530e+02 
2.220530e+02 
2.220530e+02 
2.220530e+02 
2.220530e+02 
2.220530e+02 
2.220530e+02 
2.220530e+02 
2.220530e+02 
2.220530e+02 
2.220530e+02 
2.220530e+02 
2.220530e+02 
2.220530e+02 
2.220530e+02 
2.220530e+02 
2.220530e+02 
2.220530e+02 
2.220530e+02 
2.220530e+02 
2.220530e+02 
2.220530e+02 
2.220530e+02 
2.220530e+02 
2.220530e+02 
2.220530e+02 
2.220530e+02 
2.220530e+02 
2.220530e+02 
2.220530e+02 
2.220530e+02 
2.220530e+02 
2.220530e+02 
2.220530e+02 
2.220530e+02 
2.220530e+02 
2.220530e+02 
2.220530e+02 
2.220530e+02 
2.220530e+02 
2.220530e+02 
2.220530e+02 
2.220530e+02 
2.220530e+02 
2.220530e+02 
2.220530e+02 
2.220530e+02 
2.220530e+02 
2.220530e+02 
2.220530e+02 
2.220530e+02 
2.220530e+02 
2.220530e+02 
2.220530e+02 
2.220530e+02 
2.220530e+02 
2.220530e+02 
2.220530e+02 
2.220530e+02 
2.220530e+02 
2.220530e+02 
2.220530e+02 
2.220530e+02 
2.220530e+02 
2.220530e+02 
2.220530e+02 
2.220530e+02 
2.220530e+02 
2.220530e+02 
2.220530e+02 
2.220530e+02 
2.220530e+02 
2.220530e+02 
2.220530e+02 
2.220530e+02 
2.220530e+02 
2.220530e+02 
2.220530e+02 
2.220530e+02 
2.220530e+02 
2.220530e+02 
2.220530e+02 
2.220530e+02 
2.220530e+02 
2.220530e+02 
2.220530e+02 
2.220530e+02 
2.220530e+02 
2.220530e+02 
2.220530e+02 
2.220530e+02 
2.220530e+02 
2.220530e+02 
2.220530e+02 
2.220530e+02 
2.220530e+02 
2.220530e+02 
2.220530e+02 
2.220530e+02 
2.220530e+02 
2.220530e+02 
2.220530e+02 
2.220530e+02 
2.220530e+02 
2.220530e+02 
2.220530e+02 
2.220530e+02 
2.220530e+02 
2.220530e+02 
2.220530e+02 
2.220530e+02 
2.220530e+02 
2.220530e+02 
2.220530e+02 
2.220530e+02 
2.220530e+02 
2.220530e+02 
2.220530e+02 
2.220530e+02 
2.220530e+02 
2.220530e+02 
2.220530e+02 
2.220530e+02 
2.220530e+02 
2.220530e+02 
2.220530e+02 
2.220530e+02 
2.220530e+02 
2.220530e+02 
2.220530e+02 
2.220530e+02 
2.220530e+02 
2.220530e+02 
2.220530e+02 
2.220530e+02 
2.220530e+02 
2.220530e+02 
2.220530e+02 
2.220530e+02 
2.220530e+02 
2.220530e+02 
2.220530e+02 
2.220530e+02 
2.220530e+02 
2.220530e+02 
2.220530e+02 
2.220530e+02 
2.220530e+02 
2.220530e+02 
2.220530e+02 
2.220530e+02 
2.220530e+02 
2.220530e+02 
2.220530e+02 
2.220530e+02 
2.220530e+02 
2.220530e+02 
2.220530e+02 
2.220530e+02 
2.220530e+02 
2.220530e+02 
2.220530e+02 
2.220530e+02 
2.220530e+02 
2.220530e+02 
2.220530e+02 
2.220530e+02 
2.220530e+02 
2.220530e+02 
2.220530e+02 
2.220530e+02 
2.220530e+02 
2.220530e+02 
2.220530e+02 
2.220530e+02 
2.220530e+02 
2.220530e+02 
2.220530e+02 
2.220530e+02 
2.220530e+02 
2.220530e+02 
2.220530e+02 
2.220530e+02 
2.220530e+02 
2.220530e+02 
2.220530e+02 
2.220530e+02 
2.220530e+02 
2.220530e+02 
2.220530e+02 
2.220530e+02 
2.220530e+02 
2.220530e+02 
2.220530e+02 
2.220530e+02 
2.220530e+02 
2.220530e+02 
2.220530e+02 
2.220530e+02 
2.220530e+02 
2.220530e+02 
2.220530e+02 
2.220530e+02 
2.220530e+02 
2.220530e+02 
2.220530e+02 
2.220530e+02 
2.220530e+02 
2.220530e+02 
2.220530e+02 
2.220530e+02 
2.220530e+02 
2.220530e+02 
2.220530e+02 
2.220530e+02 
2.220530e+02 
2.220530e+02 
2.220530e+02 
2.220530e+02 
2.220530e+02 
2.220530e+02 
2.220530e+02 
2.220530e+02 
2.220530e+02 
2.220530e+02 
2.220530e+02 
2.220530e+02 
2.220530e+02 
2.220530e+02 
2.220530e+02 
2.220530e+02 
2.220530e+02 
2.220530e+02 
2.220530e+02 
2.220530e+02 
2.220530e+02 
2.220530e+02 
2.220530e+02 
2.220530e+02 
2.220530e+02 
2.220530e+02 
2.220530e+02 
2.220530e+02 
2.220530e+02 
2.220530e+02 
2.220530e+02 
2.220530e+02 
2.220530e+02 
2.220530e+02 
2.220530e+02 
2.220530e+02 
2.220530e+02 
2.220530e+02 
2.220530e+02 
2.220530e+02 
2.220530e+02 
2.220530e+02 
2.220530e+02 
2.220530e+02 
2.220530e+02 
2.220530e+02 
2.220530e+02 
2.220530e+02 
2.220530e+02 
2.220530e+02 
2.220530e+02 
2.220530e+02 
2.220530e+02 
2.220530e+02 
2.220530e+02 
2.220530e+02 
2.220530e+02 
2.220530e+02 
2.220530e+02 
2.220530e+02 
2.220530e+02 
2.220530e+02 
2.220530e+02 
2.220530e+02 
2.220530e+02 
2.220530e+02 
2.220530e+02 
2.220530e+02 
2.220530e+02 
2.220530e+02 
2.220530e+02 
2.220530e+02 
2.220530e+02 
2.220530e+02 
2.220530e+02 
2.220530e+02 
2.220530e+02 
2.220530e+02 
2.220530e+02 
2.220530e+02 
2.220530e+02 
2.220530e+02 
2.220530e+02 
2.220530e+02 
2.220530e+02 
2.220530e+02 
2.220530e+02 
2.220530e+02 
2.220530e+02 
2.220530e+02 
2.220530e+02 
2.220530e+02 
2.220530e+02 
2.220530e+02 
2.220530e+02 
2.220530e+02 
2.220530e+02 
2.220530e+02 
2.220530e+02 
2.220530e+02 
2.220530e+02 
2.220530e+02 
2.220530e+02 
2.220530e+02 
2.220530e+02 
2.220530e+02 
2.220530e+02 
2.220530e+02 
2.220530e+02 
2.220530e+02 
2.220530e+02 
2.220530e+02 
2.220530e+02 
2.220530e+02 
2.220530e+02 
2.220530e+02 
2.220530e+02 
2.220530e+02 
2.220530e+02 
2.220530e+02 
2.220530e+02 
2.220530e+02 
2.220530e+02 
2.220530e+02 
2.220530e+02 
2.220530e+02 
2.220530e+02 
2.220530e+02 
2.220530e+02 
2.220530e+02 
2.220530e+02 
2.220530e+02 
2.220530e+02 
2.220530e+02 
2.220530e+02 
2.220530e+02 
2.220530e+02 
2.220530e+02 
2.220530e+02 
2.220530e+02 
2.220530e+02 
2.220530e+02 
2.220530e+02 
2.220530e+02 
2.220530e+02 
2.220530e+02 
2.220530e+02 
2.220530e+02 
2.220530e+02 
2.220530e+02 
2.220530e+02 
2.220530e+02 
2.220530e+02 
2.220530e+02 
2.220530e+02 
2.220530e+02 
2.220530e+02 
2.220530e+02 
2.220530e+02 
2.220530e+02 
2.220530e+02 
2.220530e+02 
2.220530e+02 
2.220530e+02 
2.220530e+02 
2.220530e+02 
2.220530e+02 
2.220530e+02 
2.220530e+02 
2.220530e+02 
2.220530e+02 
2.220530e+02 
2.220530e+02 
2.220530e+02 
2.220530e+02 
2.220530e+02 
2.220530e+02 
2.220530e+02 
2.220530e+02 
2.220530e+02 
2.220530e+02 
2.220530e+02 
2.220530e+02 
2.220530e+02 
2.220530e+02 
2.220530e+02 
2.220530e+02 
2.220530e+02 
2.220530e+02 
2.220530e+02 
2.220530e+02 
2.220530e+02 
2.220530e+02 
2.220530e+02 
2.220530e+02 
2.220530e+02 
2.220530e+02 
2.220530e+02 
2.220530e+02 
2.220530e+02 
2.220530e+02 
2.220530e+02 
2.220530e+02 
2.220530e+02 
2.220530e+02 
2.220530e+02 
2.220530e+02 
2.220530e+02 
2.220530e+02 
2.220530e+02 
2.220530e+02 
2.220530e+02 
2.220530e+02 
2.220530e+02 
2.220530e+02 
2.220530e+02 
2.220530e+02 
2.220530e+02 
2.220530e+02 
2.220530e+02 
2.220530e+02 
2.220530e+02 
2.220530e+02 
2.220530e+02 
2.220530e+02 
2.220530e+02 
2.220530e+02 
2.220530e+02 
2.220530e+02 
2.220530e+02 
2.220530e+02 
2.220530e+02 
2.220530e+02 
2.220530e+02 
2.220530e+02 
2.220530e+02 
2.220530e+02 
2.220530e+02 
2.220530e+02 
2.220530e+02 
2.220530e+02 
2.220530e+02 
2.220530e+02 
2.220530e+02 
2.220530e+02 
2.220530e+02 
2.220530e+02 
2.220530e+02 
2.220530e+02 
2.220530e+02 
2.220530e+02 
2.220530e+02 
2.220530e+02 
2.220530e+02 
2.220530e+02 
2.220530e+02 
2.220530e+02 
2.220530e+02 
2.220530e+02 
2.220530e+02 
2.220530e+02 
2.220530e+02 
2.220530e+02 
2.220530e+02 
2.220530e+02 
2.220530e+02 
2.220530e+02 
2.220530e+02 
2.220530e+02 
2.220530e+02 
2.220530e+02 
2.220530e+02 
2.220530e+02 
2.220530e+02 
2.220530e+02 
2.220530e+02 
2.220530e+02 
2.220530e+02 
2.220530e+02 
2.220530e+02 
2.220530e+02 
2.220530e+02 
2.220530e+02 
2.220530e+02 
2.220530e+02 
2.220530e+02 
2.220530e+02 
2.220530e+02 
2.220530e+02 
2.220530e+02 
2.220530e+02 
2.220530e+02 
2.220530e+02 
2.220530e+02 
2.220530e+02 
2.220530e+02 
2.220530e+02 
2.220530e+02 
2.220530e+02 
2.220530e+02 
2.220530e+02 
2.220530e+02 
2.220530e+02 
2.220530e+02 
2.220530e+02 
2.220530e+02 
2.220530e+02 
2.220530e+02 
2.220530e+02 
2.220530e+02 
2.220530e+02 
2.220530e+02 
2.220530e+02 
2.220530e+02 
2.220530e+02 
2.220530e+02 
2.220530e+02 
2.220530e+02 
2.220530e+02 
2.220530e+02 
2.220530e+02 
2.220530e+02 
2.220530e+02 
2.220530e+02 
2.220530e+02 
2.220530e+02 
2.220530e+02 
2.220530e+02 
2.220530e+02 
2.220530e+02 
2.220530e+02 
2.220530e+02 
2.220530e+02 
2.220530e+02 
2.220530e+02 
2.220530e+02 
2.220530e+02 
2.220530e+02 
2.220530e+02 
2.220530e+02 
2.220530e+02 
2.220530e+02 
2.220530e+02 
2.220530e+02 
2.220530e+02 
2.220530e+02 
2.220530e+02 
2.220530e+02 
2.220530e+02 
2.220530e+02 
2.220530e+02 
2.220530e+02 
2.220530e+02 
2.220530e+02 
2.220530e+02 
2.220530e+02 
2.220530e+02 
2.220530e+02 
2.220530e+02 
2.220530e+02 
2.220530e+02 
2.220530e+02 
2.220530e+02 
2.220530e+02 
2.220530e+02 
2.220530e+02 
2.220530e+02 
2.220530e+02 
2.220530e+02 
2.220530e+02 
2.220530e+02 
2.220530e+02 
2.220530e+02 
2.220530e+02 
2.220530e+02 
2.220530e+02 
2.220530e+02 
2.220530e+02 
2.220530e+02 
2.220530e+02 
2.220530e+02 
2.220530e+02 
2.220530e+02 
2.220530e+02 
2.220530e+02 
2.220530e+02 
2.220530e+02 
2.220530e+02 
2.220530e+02 
2.220530e+02 
2.220530e+02 
2.220530e+02 
2.220530e+02 
2.220530e+02 
2.220530e+02 
2.220530e+02 
2.220530e+02 
2.220530e+02 
2.220530e+02 
2.220530e+02 
2.220530e+02 
2.220530e+02 
2.220530e+02 
2.220530e+02 
2.220530e+02 
2.220530e+02 
2.220530e+02 
2.220530e+02 
2.220530e+02 
2.220530e+02 
2.220530e+02 
2.220530e+02 
2.220530e+02 
2.220530e+02 
2.220530e+02 
2.220530e+02 
2.220530e+02 
2.220530e+02 
2.220530e+02 
2.220530e+02 
2.220530e+02 
2.220530e+02 
2.220530e+02 
2.220530e+02 
2.220530e+02 
2.220530e+02 
2.220530e+02 
2.220530e+02 
2.220530e+02 
2.220530e+02 
2.220530e+02 
2.220530e+02 
2.220530e+02 
2.220530e+02 
2.220530e+02 
2.220530e+02 
2.220530e+02 
2.220530e+02 
2.220530e+02 
2.220530e+02 
2.220530e+02 
2.220530e+02 
2.220530e+02 
2.220530e+02 
2.220530e+02 
2.220530e+02 
2.220530e+02 
2.220530e+02 
2.220530e+02 
2.220530e+02 
2.220530e+02 
2.220530e+02 
2.220530e+02 
2.220530e+02 
2.220530e+02 
2.220530e+02 
2.220530e+02 
2.220530e+02 
2.220530e+02 
2.220530e+02 
2.220530e+02 
2.220530e+02 
2.220530e+02 
2.220530e+02 
2.220530e+02 
2.220530e+02 
2.220530e+02 
2.220530e+02 
2.220530e+02 
2.220530e+02 
2.220530e+02 
2.220530e+02 
2.220530e+02 
2.220530e+02 
2.220530e+02 
2.220530e+02 
2.220530e+02 
2.220530e+02 
2.220530e+02 
2.220530e+02 
2.220530e+02 
2.220530e+02 
2.220530e+02 
2.220530e+02 
2.220530e+02 
2.220530e+02 
2.220530e+02 
2.220530e+02 
2.220530e+02 
2.220530e+02 
2.220530e+02 
2.220530e+02 
2.220530e+02 
2.220530e+02 
2.220530e+02 
2.220530e+02 
2.220530e+02 
2.220530e+02 
2.220530e+02 
2.220530e+02 
2.220530e+02 
2.220530e+02 
2.220530e+02 
2.220530e+02 
2.220530e+02 
2.220530e+02 
2.220530e+02 
2.220530e+02 
2.220530e+02 
2.220530e+02 
2.220530e+02 
2.220530e+02 
2.220530e+02 
2.220530e+02 
2.220530e+02 
2.220530e+02 
2.220530e+02 
2.220530e+02 
2.220530e+02 
2.220530e+02 
2.220530e+02 
2.220530e+02 
2.220530e+02 
2.220530e+02 
2.220530e+02 
2.220530e+02 
2.220530e+02 
2.220530e+02 
2.220530e+02 
2.220530e+02 
2.220530e+02 
2.220530e+02 
2.220530e+02 
2.220530e+02 
2.220530e+02 
2.220530e+02 
2.220530e+02 
2.220530e+02 
2.220530e+02 
2.220530e+02 
2.220530e+02 
2.220530e+02 
2.220530e+02 
2.220530e+02 
2.220530e+02 
2.220530e+02 
2.220530e+02 
2.220530e+02 
2.220530e+02 
2.220530e+02 
2.220530e+02 
2.220530e+02 
2.220530e+02 
2.220530e+02 
2.220530e+02 
2.220530e+02 
2.220530e+02 
2.220530e+02 
2.220530e+02 
2.220530e+02 
2.220530e+02 
2.220530e+02 
2.220530e+02 
2.220530e+02 
2.220530e+02 
2.220530e+02 
2.220530e+02 
2.220530e+02 
2.220530e+02 
2.220530e+02 
2.220530e+02 
2.220530e+02 
2.220530e+02 
2.220530e+02 
2.220530e+02 
2.220530e+02 
2.220530e+02 
2.220530e+02 
2.220530e+02 
2.220530e+02 
2.220530e+02 
2.220530e+02 
2.220530e+02 
2.220530e+02 
2.220530e+02 
2.220530e+02 
2.220530e+02 
2.220530e+02 
2.220530e+02 
2.220530e+02 
2.220530e+02 
2.220530e+02 
2.220530e+02 
2.220530e+02 
2.220530e+02 
2.220530e+02 
2.220530e+02 
2.220530e+02 
2.220530e+02 
2.220530e+02 
2.220530e+02 
2.220530e+02 
2.220530e+02 
2.220530e+02 
2.220530e+02 
2.220530e+02 
2.220530e+02 
2.220530e+02 
2.220530e+02 
2.220530e+02 
2.220530e+02 
2.220530e+02 
2.220530e+02 
2.220530e+02 
2.220530e+02 
2.220530e+02 
2.220530e+02 
2.220530e+02 
2.220530e+02 
2.220530e+02 
2.220530e+02 
2.220530e+02 
2.220530e+02 
2.220530e+02 
2.220530e+02 
2.220530e+02 
2.220530e+02 
2.220530e+02 
2.220530e+02 
2.220530e+02 
2.220530e+02 
2.220530e+02 
2.220530e+02 
2.220530e+02 
2.220530e+02 
2.220530e+02 
2.220530e+02 
2.220530e+02 
2.220530e+02 
2.220530e+02 
2.220530e+02 
2.220530e+02 
2.220530e+02 
2.220530e+02 
2.220530e+02 
2.220530e+02 
2.220530e+02 
2.220530e+02 
2.220530e+02 
2.220530e+02 
2.220530e+02 
2.220530e+02 
2.220530e+02 
2.220530e+02 
2.220530e+02 
2.220530e+02 
2.220530e+02 
2.220530e+02 
2.220530e+02 
2.220530e+02 
2.220530e+02 
2.220530e+02 
2.220530e+02 
2.220530e+02 
2.220530e+02 
2.220530e+02 
2.220530e+02 
2.220530e+02 
2.220530e+02 
2.220530e+02 
2.220530e+02 
2.220530e+02 
2.220530e+02 
2.220530e+02 
2.220530e+02 
2.220530e+02 
2.220530e+02 
2.220530e+02 
2.220530e+02 
2.220530e+02 
2.220530e+02 
2.220530e+02 
2.220530e+02 
2.220530e+02 
2.220530e+02 
2.220530e+02 
2.220530e+02 
2.220530e+02 
2.220530e+02 
2.220530e+02 
2.220530e+02 
2.220530e+02 
2.220530e+02 
2.220530e+02 
2.220530e+02 
2.220530e+02 
2.220530e+02 
2.220530e+02 
2.220530e+02 
2.220530e+02 
2.220530e+02 
2.220530e+02 
2.220530e+02 
2.220530e+02 
2.220530e+02 
2.220530e+02 
2.220530e+02 
2.220530e+02 
2.220530e+02 
2.220530e+02 
2.220530e+02 
2.220530e+02 
2.220530e+02 
2.220530e+02 
2.220530e+02 
2.220530e+02 
2.220530e+02 
2.220530e+02 
2.220530e+02 
2.220530e+02 
2.220530e+02 
2.220530e+02 
2.220530e+02 
2.220530e+02 
2.220530e+02 
2.220530e+02 
2.220530e+02 
2.220530e+02 
2.220530e+02 
2.220530e+02 
2.220530e+02 
2.220530e+02 
2.220530e+02 
2.220530e+02 
2.220530e+02 
2.220530e+02 
2.220530e+02 
2.220530e+02 
2.220530e+02 
2.220530e+02 
2.220530e+02 
2.220530e+02 
2.220530e+02 
2.220530e+02 
2.220530e+02 
2.220530e+02 
2.220530e+02 
2.220530e+02 
2.220530e+02 
2.220530e+02 
2.220530e+02 
2.220530e+02 
2.220530e+02 
2.220530e+02 
2.220530e+02 
2.220530e+02 
2.220530e+02 
2.220530e+02 
2.220530e+02 
2.220530e+02 
2.220530e+02 
2.220530e+02 
2.220530e+02 
2.220530e+02 
2.220530e+02 
2.220530e+02 
2.220530e+02 
2.220530e+02 
2.220530e+02 
2.220530e+02 
2.220530e+02 
2.220530e+02 
2.220530e+02 
2.220530e+02 
2.220530e+02 
2.220530e+02 
2.220530e+02 
2.220530e+02 
2.220530e+02 
2.220530e+02 
2.220530e+02 
2.220530e+02 
2.220530e+02 
2.220530e+02 
2.220530e+02 
2.220530e+02 
2.220530e+02 
2.220530e+02 
2.220530e+02 
2.220530e+02 
2.220530e+02 
2.220530e+02 
2.220530e+02 
2.220530e+02 
2.220530e+02 
2.220530e+02 
2.220530e+02 
2.220530e+02 
2.220530e+02 
2.220530e+02 
2.220530e+02 
2.220530e+02 
2.220530e+02 
2.220530e+02 
2.220530e+02 
2.220530e+02 
2.220530e+02 
2.220530e+02 
2.220530e+02 
2.220530e+02 
2.220530e+02 
2.220530e+02 
2.220530e+02 
2.220530e+02 
2.220530e+02 
2.220530e+02 
2.220530e+02 
2.220530e+02 
2.220530e+02 
2.220530e+02 
2.220530e+02 
2.220530e+02 
2.220530e+02 
2.220530e+02 
2.220530e+02 
2.220530e+02 
2.220530e+02 
2.220530e+02 
2.220530e+02 
2.220530e+02 
2.220530e+02 
2.220530e+02 
2.220530e+02 
2.220530e+02 
2.220530e+02 
2.220530e+02 
2.220530e+02 
2.220530e+02 
2.220530e+02 
2.220530e+02 
2.220530e+02 
2.220530e+02 
2.220530e+02 
2.220530e+02 
2.220530e+02 
2.220530e+02 
2.220530e+02 
2.220530e+02 
2.220530e+02 
2.220530e+02 
2.220530e+02 
2.220530e+02 
2.220530e+02 
2.220530e+02 
2.220530e+02 
2.220530e+02 
2.220530e+02 
2.220530e+02 
2.220530e+02 
2.220530e+02 
2.220530e+02 
2.220530e+02 
2.220530e+02 
2.220530e+02 
2.220530e+02 
2.220530e+02 
2.220530e+02 
2.220530e+02 
2.220530e+02 
2.220530e+02 
2.220530e+02 
2.220530e+02 
2.220530e+02 
2.220530e+02 
2.220530e+02 
2.220530e+02 
2.220530e+02 
2.220530e+02 
2.220530e+02 
2.220530e+02 
2.220530e+02 
2.220530e+02 
2.220530e+02 
2.220530e+02 
2.220530e+02 
2.220530e+02 
2.220530e+02 
2.220530e+02 
2.220530e+02 
2.220530e+02 
2.220530e+02 
2.220530e+02 
2.220530e+02 
2.220530e+02 
2.220530e+02 
2.220530e+02 
2.220530e+02 
2.220530e+02 
2.220530e+02 
2.220530e+02 
2.220530e+02 
2.220530e+02 
2.220530e+02 
2.220530e+02 
2.220530e+02 
2.220530e+02 
2.220530e+02 
2.220530e+02 
2.220530e+02 
2.220530e+02 
2.220530e+02 
2.220530e+02 
2.220530e+02 
2.220530e+02 
2.220530e+02 
2.220530e+02 
2.220530e+02 
2.220530e+02 
2.220530e+02 
2.220530e+02 
2.220530e+02 
2.220530e+02 
2.220530e+02 
2.220530e+02 
2.220530e+02 
2.220530e+02 
2.220530e+02 
2.220530e+02 
2.220530e+02 
2.220530e+02 
2.220530e+02 
2.220530e+02 
2.220530e+02 
2.220530e+02 
2.220530e+02 
2.220530e+02 
2.220530e+02 
2.220530e+02 
2.220530e+02 
2.220530e+02 
2.220530e+02 
2.220530e+02 
2.220530e+02 
2.220530e+02 
2.220530e+02 
2.220530e+02 
2.220530e+02 
2.220530e+02 
2.220530e+02 
2.220530e+02 
2.220530e+02 
2.220530e+02 
2.220530e+02 
2.220530e+02 
2.220530e+02 
2.220530e+02 
2.220530e+02 
2.220530e+02 
2.220530e+02 
2.220530e+02 
2.220530e+02 
2.220530e+02 
2.220530e+02 
2.220530e+02 
2.220530e+02 
2.220530e+02 
2.220530e+02 
2.220530e+02 
2.220530e+02 
2.220530e+02 
2.220530e+02 
2.220530e+02 
2.220530e+02 
2.220530e+02 
2.220530e+02 
2.220530e+02 
2.220530e+02 
2.220530e+02 
2.220530e+02 
2.220530e+02 
2.220530e+02 
2.220530e+02 
2.220530e+02 
2.220530e+02 
2.220530e+02 
2.220530e+02 
2.220530e+02 
2.220530e+02 
2.220530e+02 
2.220530e+02 
2.220530e+02 
2.220530e+02 
2.220530e+02 
2.220530e+02 
2.220530e+02 
2.220530e+02 
2.220530e+02 
2.220530e+02 
2.220530e+02 
2.220530e+02 
2.220530e+02 
2.220530e+02 
2.220530e+02 
2.220530e+02 
2.220530e+02 
2.220530e+02 
2.220530e+02 
2.220530e+02 
2.220530e+02 
2.220530e+02 
2.220530e+02 
2.220530e+02 
2.220530e+02 
2.220530e+02 
2.220530e+02 
2.220530e+02 
2.220530e+02 
2.220530e+02 
2.220530e+02 
2.220530e+02 
2.220530e+02 
2.220530e+02 
2.220530e+02 
2.220530e+02 
2.220530e+02 
2.220530e+02 
2.220530e+02 
2.220530e+02 
2.220530e+02 
2.220530e+02 
2.220530e+02 
2.220530e+02 
2.220530e+02 
2.220530e+02 
2.220530e+02 
2.220530e+02 
2.220530e+02 
2.220530e+02 
2.220530e+02 
2.220530e+02 
2.220530e+02 
2.220530e+02 
2.220530e+02 
2.220530e+02 
2.220530e+02 
2.220530e+02 
2.220530e+02 
2.220530e+02 
2.220530e+02 
2.220530e+02 
2.220530e+02 
2.220530e+02 
2.220530e+02 
2.220530e+02 
2.220530e+02 
2.220530e+02 
2.220530e+02 
2.220530e+02 
2.220530e+02 
2.220530e+02 
2.220530e+02 
2.220530e+02 
2.220530e+02 
2.220530e+02 
2.220530e+02 
2.220530e+02 
2.220530e+02 
2.220530e+02 
2.220530e+02 
2.220530e+02 
2.220530e+02 
2.220530e+02 
2.220530e+02 
2.220530e+02 
2.220530e+02 
2.220530e+02 
2.220530e+02 
2.220530e+02 
2.220530e+02 
2.220530e+02 
2.220530e+02 
2.220530e+02 
2.220530e+02 
2.220530e+02 
2.220530e+02 
2.220530e+02 
2.220530e+02 
2.220530e+02 
2.220530e+02 
2.220530e+02 
2.220530e+02 
2.220530e+02 
2.220530e+02 
2.220530e+02 
2.220530e+02 
2.220530e+02 
2.220530e+02 
2.220530e+02 
2.220530e+02 
2.220530e+02 
2.220530e+02 
2.220530e+02 
2.220530e+02 
2.220530e+02 
2.220530e+02 
2.220530e+02 
2.220530e+02 
2.220530e+02 
2.220530e+02 
2.220530e+02 
2.220530e+02 
2.220530e+02 
2.220530e+02 
2.220530e+02 
2.220530e+02 
2.220530e+02 
2.220530e+02 
2.220530e+02 
2.220530e+02 
2.220530e+02 
2.220530e+02 
2.220530e+02 
2.220530e+02 
2.220530e+02 
2.220530e+02 
2.220530e+02 
2.220530e+02 
2.220530e+02 
2.220530e+02 
2.220530e+02 
2.220530e+02 
2.220530e+02 
2.220530e+02 
2.220530e+02 
2.220530e+02 
2.220530e+02 
2.220530e+02 
2.220530e+02 
2.220530e+02 
2.220530e+02 
2.220530e+02 
2.220530e+02 
2.220530e+02 
2.220530e+02 
2.220530e+02 
2.220530e+02 
2.220530e+02 
2.220530e+02 
2.220530e+02 
2.220530e+02 
2.220530e+02 
2.220530e+02 
2.220530e+02 
2.220530e+02 
2.220530e+02 
2.220530e+02 
2.220530e+02 
2.220530e+02 
2.220530e+02 
2.220530e+02 
2.220530e+02 
2.220530e+02 
2.220530e+02 
2.220530e+02 
2.220530e+02 
2.220530e+02 
2.220530e+02 
2.220530e+02 
2.220530e+02 
2.220530e+02 
2.220530e+02 
2.220530e+02 
2.220530e+02 
2.220530e+02 
2.220530e+02 
2.220530e+02 
2.220530e+02 
2.220530e+02 
2.220530e+02 
2.220530e+02 
2.220530e+02 
2.220530e+02 
2.220530e+02 
2.220530e+02 
2.220530e+02 
2.220530e+02 
2.220530e+02 
2.220530e+02 
2.220530e+02 
2.220530e+02 
2.220530e+02 
2.220530e+02 
2.220530e+02 
2.220530e+02 
2.220530e+02 
2.220530e+02 
2.220530e+02 
2.220530e+02 
2.220530e+02 
2.220530e+02 
2.220530e+02 
2.220530e+02 
2.220530e+02 
2.220530e+02 
2.220530e+02 
2.220530e+02 
2.220530e+02 
2.220530e+02 
2.220530e+02 
2.220530e+02 
2.220530e+02 
2.220530e+02 
2.220530e+02 
2.220530e+02 
2.220530e+02 
2.220530e+02 
2.220530e+02 
2.220530e+02 
2.220530e+02 
2.220530e+02 
2.220530e+02 
2.220530e+02 
2.220530e+02 
2.220530e+02 
2.220530e+02 
2.220530e+02 
2.220530e+02 
2.220530e+02 
2.220530e+02 
2.220530e+02 
2.220530e+02 
2.220530e+02 
2.220530e+02 
2.220530e+02 
2.220530e+02 
2.220530e+02 
2.220530e+02 
2.220530e+02 
2.220530e+02 
2.220530e+02 
2.220530e+02 
2.220530e+02 
2.220530e+02 
2.220530e+02 
2.220530e+02 
2.220530e+02 
2.220530e+02 
2.220530e+02 
2.220530e+02 
2.220530e+02 
2.220530e+02 
2.220530e+02 
2.220530e+02 
2.220530e+02 
2.220530e+02 
2.220530e+02 
2.220530e+02 
2.220530e+02 
2.220530e+02 
2.220530e+02 
2.220530e+02 
2.220530e+02 
2.220530e+02 
2.220530e+02 
2.220530e+02 
2.220530e+02 
2.220530e+02 
2.220530e+02 
2.220530e+02 
2.220530e+02 
2.220530e+02 
2.220530e+02 
2.220530e+02 
2.220530e+02 
2.220530e+02 
2.220530e+02 
2.220530e+02 
2.220530e+02 
2.220530e+02 
2.220530e+02 
2.220530e+02 
2.220530e+02 
2.220530e+02 
2.220530e+02 
2.220530e+02 
2.220530e+02 
2.220530e+02 
2.220530e+02 
2.220530e+02 
2.220530e+02 
2.220530e+02 
2.220530e+02 
2.220530e+02 
2.220530e+02 
2.220530e+02 
2.220530e+02 
2.220530e+02 
2.220530e+02 
2.220530e+02 
2.220530e+02 
2.220530e+02 
2.220530e+02 
2.220530e+02 
2.220530e+02 
2.220530e+02 
2.220530e+02 
2.220530e+02 
2.220530e+02 
2.220530e+02 
2.220530e+02 
2.220530e+02 
2.220530e+02 
2.220530e+02 
2.220530e+02 
2.220530e+02 
2.220530e+02 
2.220530e+02 
2.220530e+02 
2.220530e+02 
2.220530e+02 
2.220530e+02 
2.220530e+02 
2.220530e+02 
2.220530e+02 
2.220530e+02 
2.220530e+02 
2.220530e+02 
2.220530e+02 
2.220530e+02 
2.220530e+02 
2.220530e+02 
2.220530e+02 
2.220530e+02 
2.220530e+02 
2.220530e+02 
2.220530e+02 
2.220530e+02 
2.220530e+02 
2.220530e+02 
2.220530e+02 
2.220530e+02 
2.220530e+02 
2.220530e+02 
2.220530e+02 
2.220530e+02 
2.220530e+02 
2.220530e+02 
2.220530e+02 
2.220530e+02 
2.220530e+02 
2.220530e+02 
2.220530e+02 
2.220530e+02 
2.220530e+02 
2.220530e+02 
2.220530e+02 
2.220530e+02 
2.220530e+02 
2.220530e+02 
2.220530e+02 
2.220530e+02 
2.220530e+02 
2.220530e+02 
2.220530e+02 
2.220530e+02 
2.220530e+02 
2.220530e+02 
2.220530e+02 
2.220530e+02 
2.220530e+02 
2.220530e+02 
2.220530e+02 
2.220530e+02 
2.220530e+02 
2.220530e+02 
2.220530e+02 
2.220530e+02 
2.220530e+02 
2.220530e+02 
2.220530e+02 
2.220530e+02 
2.220530e+02 
2.220530e+02 
2.220530e+02 
2.220530e+02 
2.220530e+02 
2.220530e+02 
2.220530e+02 
2.220530e+02 
2.220530e+02 
2.220530e+02 
2.220530e+02 
2.220530e+02 
2.220530e+02 
2.220530e+02 
2.220530e+02 
2.220530e+02 
2.220530e+02 
2.220530e+02 
2.220530e+02 
2.220530e+02 
2.220530e+02 
2.220530e+02 
2.220530e+02 
2.220530e+02 
2.220530e+02 
2.220530e+02 
2.220530e+02 
2.220530e+02 
2.220530e+02 
2.220530e+02 
2.220530e+02 
2.220530e+02 
2.220530e+02 
2.220530e+02 
2.220530e+02 
2.220530e+02 
2.220530e+02 
2.220530e+02 
2.220530e+02 
2.220530e+02 
2.220530e+02 
2.220530e+02 
2.220530e+02 
2.220530e+02 
2.220530e+02 
2.220530e+02 
2.220530e+02 
2.220530e+02 
2.220530e+02 
2.220530e+02 
2.220530e+02 
2.220530e+02 
2.220530e+02 
2.220530e+02 
2.220530e+02 
2.220530e+02 
2.220530e+02 
2.220530e+02 
2.220530e+02 
2.220530e+02 
2.220530e+02 
2.220530e+02 
2.220530e+02 
2.220530e+02 
2.220530e+02 
2.220530e+02 
2.220530e+02 
2.220530e+02 
2.220530e+02 
2.220530e+02 
2.220530e+02 
2.220530e+02 
2.220530e+02 
2.220530e+02 
2.220530e+02 
2.220530e+02 
2.220530e+02 
2.220530e+02 
2.220530e+02 
2.220530e+02 
2.220530e+02 
2.220530e+02 
2.220530e+02 
2.220530e+02 
2.220530e+02 
2.220530e+02 
2.220530e+02 
2.220530e+02 
2.220530e+02 
2.220530e+02 
2.220530e+02 
2.220530e+02 
2.220530e+02 
2.220530e+02 
2.220530e+02 
2.220530e+02 
2.220530e+02 
2.220530e+02 
2.220530e+02 
2.220530e+02 
2.220530e+02 
2.220530e+02 
2.220530e+02 
2.220530e+02 
2.220530e+02 
2.220530e+02 
2.220530e+02 
2.220530e+02 
2.220530e+02 
2.220530e+02 
2.220530e+02 
2.220530e+02 
2.220530e+02 
2.220530e+02 
2.220530e+02 
2.220530e+02 
2.220530e+02 
2.220530e+02 
2.220530e+02 
2.220530e+02 
2.220530e+02 
2.220530e+02 
2.220530e+02 
2.220530e+02 
2.220530e+02 
2.220530e+02 
2.220530e+02 
2.220530e+02 
2.220530e+02 
2.220530e+02 
2.220530e+02 
2.220530e+02 
2.220530e+02 
2.220530e+02 
2.220530e+02 
2.220530e+02 
2.220530e+02 
2.220530e+02 
2.220530e+02 
2.220530e+02 
2.220530e+02 
2.220530e+02 
2.220530e+02 
2.220530e+02 
2.220530e+02 
2.220530e+02 
2.220530e+02 
2.220530e+02 
2.220530e+02 
2.220530e+02 
2.220530e+02 
2.220530e+02 
2.220530e+02 
2.220530e+02 
2.220530e+02 
2.220530e+02 
2.220530e+02 
2.220530e+02 
2.220530e+02 
2.220530e+02 
2.220530e+02 
2.220530e+02 
2.220530e+02 
2.220530e+02 
2.220530e+02 
2.220530e+02 
2.220530e+02 
2.220530e+02 
2.220530e+02 
2.220530e+02 
2.220530e+02 
2.220530e+02 
2.220530e+02 
2.220530e+02 
2.220530e+02 
2.220530e+02 
2.220530e+02 
2.220530e+02 
2.220530e+02 
2.220530e+02 
2.220530e+02 
2.220530e+02 
2.220530e+02 
2.220530e+02 
2.220530e+02 
2.220530e+02 
2.220530e+02 
2.220530e+02 
2.220530e+02 
2.220530e+02 
2.220530e+02 
2.220530e+02 
2.220530e+02 
2.220530e+02 
2.220530e+02 
2.220530e+02 
2.220530e+02 
2.220530e+02 
2.220530e+02 
2.220530e+02 
2.220530e+02 
2.220530e+02 
2.220530e+02 
2.220530e+02 
2.220530e+02 
2.220530e+02 
2.220530e+02 
2.220530e+02 
2.220530e+02 
2.220530e+02 
2.220530e+02 
2.220530e+02 
2.220530e+02 
2.220530e+02 
2.220530e+02 
2.220530e+02 
2.220530e+02 
2.220530e+02 
2.220530e+02 
2.220530e+02 
2.220530e+02 
2.220530e+02 
2.220530e+02 
2.220530e+02 
2.220530e+02 
2.220530e+02 
2.220530e+02 
2.220530e+02 
2.220530e+02 
2.220530e+02 
2.220530e+02 
2.220530e+02 
2.220530e+02 
2.220530e+02 
2.220530e+02 
2.220530e+02 
2.220530e+02 
2.220530e+02 
2.220530e+02 
2.220530e+02 
2.220530e+02 
2.220530e+02 
2.220530e+02 
2.220530e+02 
2.220530e+02 
2.220530e+02 
2.220530e+02 
2.220530e+02 
2.220530e+02 
2.220530e+02 
2.220530e+02 
2.220530e+02 
2.220530e+02 
2.220530e+02 
2.220530e+02 
2.220530e+02 
2.220530e+02 
2.220530e+02 
2.220530e+02 
2.220530e+02 
2.220530e+02 
2.220530e+02 
2.220530e+02 
2.220530e+02 
2.220530e+02 
2.220530e+02 
2.220530e+02 
2.220530e+02 
2.220530e+02 
2.220530e+02 
2.220530e+02 
2.220530e+02 
2.220530e+02 
2.220530e+02 
2.220530e+02 
2.220530e+02 
2.220530e+02 
2.220530e+02 
2.220530e+02 
2.220530e+02 
2.220530e+02 
2.220530e+02 
2.220530e+02 
2.220530e+02 
2.220530e+02 
2.220530e+02 
2.220530e+02 
2.220530e+02 
2.220530e+02 
2.220530e+02 
2.220530e+02 
2.220530e+02 
2.220530e+02 
2.220530e+02 
2.220530e+02 
2.220530e+02 
2.220530e+02 
2.220530e+02 
2.220530e+02 
2.220530e+02 
2.220530e+02 
2.220530e+02 
2.220530e+02 
2.220530e+02 
2.220530e+02 
2.220530e+02 
2.220530e+02 
2.220530e+02 
2.220530e+02 
2.220530e+02 
2.220530e+02 
2.220530e+02 
2.220530e+02 
2.220530e+02 
2.220530e+02 
2.220530e+02 
2.220530e+02 
2.220530e+02 
2.220530e+02 
2.220530e+02 
2.220530e+02 
2.220530e+02 
2.220530e+02 
2.220530e+02 
2.220530e+02 
2.220530e+02 
2.220530e+02 
2.220530e+02 
2.220530e+02 
2.220530e+02 
2.220530e+02 
2.220530e+02 
2.220530e+02 
2.220530e+02 
2.220530e+02 
2.220530e+02 
2.220530e+02 
2.220530e+02 
2.220530e+02 
2.220530e+02 
2.220530e+02 
2.220530e+02 
2.220530e+02 
2.220530e+02 
2.220530e+02 
2.220530e+02 
2.220530e+02 
2.220530e+02 
2.220530e+02 
2.220530e+02 
2.220530e+02 
2.220530e+02 
2.220530e+02 
2.220530e+02 
2.220530e+02 
2.220530e+02 
2.220530e+02 
2.220530e+02 
2.220530e+02 
2.220530e+02 
2.220530e+02 
2.220530e+02 
2.220530e+02 
2.220530e+02 
2.220530e+02 
2.220530e+02 
2.220530e+02 
2.220530e+02 
2.220530e+02 
2.220530e+02 
2.220530e+02 
2.220530e+02 
2.220530e+02 
2.220530e+02 
2.220530e+02 
2.220530e+02 
2.220530e+02 
2.220530e+02 
2.220530e+02 
2.220530e+02 
2.220530e+02 
2.220530e+02 
2.220530e+02 
2.220530e+02 
2.220530e+02 
2.220530e+02 
2.220530e+02 
2.220530e+02 
2.220530e+02 
2.220530e+02 
2.220530e+02 
2.220530e+02 
2.220530e+02 
2.220530e+02 
2.220530e+02 
2.220530e+02 
2.220530e+02 
2.220530e+02 
2.220530e+02 
2.220530e+02 
2.220530e+02 
2.220530e+02 
2.220530e+02 
2.220530e+02 
2.220530e+02 
2.220530e+02 
2.220530e+02 
2.220530e+02 
2.220530e+02 
2.220530e+02 
2.220530e+02 
2.220530e+02 
2.220530e+02 
2.220530e+02 
2.220530e+02 
2.220530e+02 
2.220530e+02 
2.220530e+02 
2.220530e+02 
2.220530e+02 
2.220530e+02 
2.220530e+02 
2.220530e+02 
2.220530e+02 
2.220530e+02 
2.220530e+02 
2.220530e+02 
2.220530e+02 
2.220530e+02 
2.220530e+02 
2.220530e+02 
2.220530e+02 
2.220530e+02 
2.220530e+02 
2.220530e+02 
2.220530e+02 
2.220530e+02 
2.220530e+02 
2.220530e+02 
2.220530e+02 
2.220530e+02 
2.220530e+02 
2.220530e+02 
2.220530e+02 
2.220530e+02 
2.220530e+02 
2.220530e+02 
2.220530e+02 
2.220530e+02 
2.220530e+02 
2.220530e+02 
2.220530e+02 
2.220530e+02 
2.220530e+02 
2.220530e+02 
2.220530e+02 
2.220530e+02 
2.220530e+02 
2.220530e+02 
2.220530e+02 
2.220530e+02 
2.220530e+02 
2.220530e+02 
2.220530e+02 
2.220530e+02 
2.220530e+02 
2.220530e+02 
2.220530e+02 
2.220530e+02 
2.220530e+02 
2.220530e+02 
2.220530e+02 
2.220530e+02 
2.220530e+02 
2.220530e+02 
2.220530e+02 
2.220530e+02 
2.220530e+02 
2.220530e+02 
2.220530e+02 
2.220530e+02 
2.220530e+02 
2.220530e+02 
2.220530e+02 
2.220530e+02 
2.220530e+02 
2.220530e+02 
2.220530e+02 
2.220530e+02 
2.220530e+02 
2.220530e+02 
2.220530e+02 
2.220530e+02 
2.220530e+02 
2.220530e+02 
2.220530e+02 
2.220530e+02 
2.220530e+02 
2.220530e+02 
2.220530e+02 
2.220530e+02 
2.220530e+02 
2.220530e+02 
2.220530e+02 
2.220530e+02 
2.220530e+02 
2.220530e+02 
2.220530e+02 
2.220530e+02 
2.220530e+02 
2.220530e+02 
2.220530e+02 
2.220530e+02 
2.220530e+02 
2.220530e+02 
2.220530e+02 
2.220530e+02 
2.220530e+02 
2.220530e+02 
2.220530e+02 
2.220530e+02 
2.220530e+02 
2.220530e+02 
2.220530e+02 
2.220530e+02 
2.220530e+02 
2.220530e+02 
2.220530e+02 
2.220530e+02 
2.220530e+02 
2.220530e+02 
2.220530e+02 
2.220530e+02 
2.220530e+02 
2.220530e+02 
2.220530e+02 
2.220530e+02 
2.220530e+02 
2.220530e+02 
2.220530e+02 
2.220530e+02 
2.220530e+02 
2.220530e+02 
2.220530e+02 
2.220530e+02 
2.220530e+02 
2.220530e+02 
2.220530e+02 
2.220530e+02 
2.220530e+02 
2.220530e+02 
2.220530e+02 
2.220530e+02 
2.220530e+02 
2.220530e+02 
2.220530e+02 
2.220530e+02 
2.220530e+02 
2.220530e+02 
2.220530e+02 
2.220530e+02 
2.220530e+02 
2.220530e+02 
2.220530e+02 
2.220530e+02 
2.220530e+02 
2.220530e+02 
2.220530e+02 
2.220530e+02 
2.220530e+02 
2.220530e+02 
2.220530e+02 
2.220530e+02 
2.220530e+02 
2.220530e+02 
2.220530e+02 
2.220530e+02 
2.220530e+02 
2.220530e+02 
2.220530e+02 
2.220530e+02 
2.220530e+02 
2.220530e+02 
2.220530e+02 
2.220530e+02 
2.220530e+02 
2.220530e+02 
2.220530e+02 
2.220530e+02 
2.220530e+02 
2.220530e+02 
2.220530e+02 
2.220530e+02 
2.220530e+02 
2.220530e+02 
2.220530e+02 
2.220530e+02 
2.220530e+02 
2.220530e+02 
2.220530e+02 
2.220530e+02 
2.220530e+02 
2.220530e+02 
2.220530e+02 
2.220530e+02 
2.220530e+02 
2.220530e+02 
2.220530e+02 
2.220530e+02 
2.220530e+02 
2.220530e+02 
2.220530e+02 
2.220530e+02 
2.220530e+02 
2.220530e+02 
2.220530e+02 
2.220530e+02 
2.220530e+02 
2.220530e+02 
2.220530e+02 
2.220530e+02 
2.220530e+02 
2.220530e+02 
2.220530e+02 
2.220530e+02 
2.220530e+02 
2.220530e+02 
2.220530e+02 
2.220530e+02 
2.220530e+02 
2.220530e+02 
2.220530e+02 
2.220530e+02 
2.220530e+02 
2.220530e+02 
2.220530e+02 
2.220530e+02 
2.220530e+02 
2.220530e+02 
2.220530e+02 
2.220530e+02 
2.220530e+02 
2.220530e+02 
2.220530e+02 
2.220530e+02 
2.220530e+02 
2.220530e+02 
2.220530e+02 
2.220530e+02 
2.220530e+02 
2.220530e+02 
2.220530e+02 
2.220530e+02 
2.220530e+02 
2.220530e+02 
2.220530e+02 
2.220530e+02 
2.220530e+02 
2.220530e+02 
2.220530e+02 
2.220530e+02 
2.220530e+02 
2.220530e+02 
2.220530e+02 
2.220530e+02 
2.220530e+02 
2.220530e+02 
2.220530e+02 
2.220530e+02 
2.220530e+02 
2.220530e+02 
2.220530e+02 
2.220530e+02 
2.220530e+02 
2.220530e+02 
2.220530e+02 
2.220530e+02 
2.220530e+02 
2.220530e+02 
2.220530e+02 
2.220530e+02 
2.220530e+02 
2.220530e+02 
2.220530e+02 
2.220530e+02 
2.220530e+02 
2.220530e+02 
2.220530e+02 
2.220530e+02 
2.220530e+02 
2.220530e+02 
2.220530e+02 
2.220530e+02 
2.220530e+02 
2.220530e+02 
2.220530e+02 
2.220530e+02 
2.220530e+02 
2.220530e+02 
2.220530e+02 
2.220530e+02 
2.220530e+02 
2.220530e+02 
2.220530e+02 
2.220530e+02 
2.220530e+02 
2.220530e+02 
2.220530e+02 
2.220530e+02 
2.220530e+02 
2.220530e+02 
2.220530e+02 
2.220530e+02 
2.220530e+02 
2.220530e+02 
2.220530e+02 
2.220530e+02 
2.220530e+02 
2.220530e+02 
2.220530e+02 
2.220530e+02 
2.220530e+02 
2.220530e+02 
2.220530e+02 
2.220530e+02 
2.220530e+02 
2.220530e+02 
2.220530e+02 
2.220530e+02 
2.220530e+02 
2.220530e+02 
2.220530e+02 
2.220530e+02 
2.220530e+02 
2.220530e+02 
2.220530e+02 
2.220530e+02 
2.220530e+02 
2.220530e+02 
2.220530e+02 
2.220530e+02 
2.220530e+02 
2.220530e+02 
2.220530e+02 
2.220530e+02 
2.220530e+02 
2.220530e+02 
2.220530e+02 
2.220530e+02 
2.220530e+02 
2.220530e+02 
2.220530e+02 
2.220530e+02 
2.220530e+02 
2.220530e+02 
2.220530e+02 
2.220530e+02 
2.220530e+02 
2.220530e+02 
2.220530e+02 
2.220530e+02 
2.220530e+02 
2.220530e+02 
2.220530e+02 
2.220530e+02 
2.220530e+02 
2.220530e+02 
2.220530e+02 
2.220530e+02 
2.220530e+02 
2.220530e+02 
2.220530e+02 
2.220530e+02 
2.220530e+02 
2.220530e+02 
2.220530e+02 
2.220530e+02 
2.220530e+02 
2.220530e+02 
2.220530e+02 
2.220530e+02 
2.220530e+02 
2.220530e+02 
2.220530e+02 
2.220530e+02 
2.220530e+02 
2.220530e+02 
2.220530e+02 
2.220530e+02 
2.220530e+02 
2.220530e+02 
2.220530e+02 
2.220530e+02 
2.220530e+02 
2.220530e+02 
2.220530e+02 
2.220530e+02 
2.220530e+02 
2.220530e+02 
2.220530e+02 
2.220530e+02 
2.220530e+02 
2.220530e+02 
2.220530e+02 
2.220530e+02 
2.220530e+02 
2.220530e+02 
2.220530e+02 
2.220530e+02 
2.220530e+02 
2.220530e+02 
2.220530e+02 
2.220530e+02 
2.220530e+02 
2.220530e+02 
2.220530e+02 
2.220530e+02 
2.220530e+02 
2.220530e+02 
2.220530e+02 
2.220530e+02 
2.220530e+02 
2.220530e+02 
2.220530e+02 
2.220530e+02 
2.220530e+02 
2.220530e+02 
2.220530e+02 
2.220530e+02 
2.220530e+02 
2.220530e+02 
2.220530e+02 
2.220530e+02 
2.220530e+02 
2.220530e+02 
2.220530e+02 
2.220530e+02 
2.220530e+02 
2.220530e+02 
2.220530e+02 
2.220530e+02 
2.220530e+02 
2.220530e+02 
2.220530e+02 
2.220530e+02 
2.220530e+02 
2.220530e+02 
2.220530e+02 
2.220530e+02 
2.220530e+02 
2.220530e+02 
2.220530e+02 
2.220530e+02 
2.220530e+02 
2.220530e+02 
2.220530e+02 
2.220530e+02 
2.220530e+02 
2.220530e+02 
2.220530e+02 
2.220530e+02 
2.220530e+02 
2.220530e+02 
2.220530e+02 
2.220530e+02 
2.220530e+02 
2.220530e+02 
2.220530e+02 
2.220530e+02 
2.220530e+02 
2.220530e+02 
2.220530e+02 
2.220530e+02 
2.220530e+02 
2.220530e+02 
2.220530e+02 
2.220530e+02 
2.220530e+02 
2.220530e+02 
2.220530e+02 
2.220530e+02 
2.220530e+02 
2.220530e+02 
2.220530e+02 
2.220530e+02 
2.220530e+02 
2.220530e+02 
2.220530e+02 
2.220530e+02 
2.220530e+02 
2.220530e+02 
2.220530e+02 
2.220530e+02 
2.220530e+02 
2.220530e+02 
2.220530e+02 
2.220530e+02 
2.220530e+02 
2.220530e+02 
2.220530e+02 
2.220530e+02 
2.220530e+02 
2.220530e+02 
2.220530e+02 
2.220530e+02 
2.220530e+02 
2.220530e+02 
2.220530e+02 
2.220530e+02 
2.220530e+02 
2.220530e+02 
2.220530e+02 
2.220530e+02 
2.220530e+02 
2.220530e+02 
2.220530e+02 
2.220530e+02 
2.220530e+02 
2.220530e+02 
2.220530e+02 
2.220530e+02 
2.220530e+02 
2.220530e+02 
2.220530e+02 
2.220530e+02 
2.220530e+02 
2.220530e+02 
2.220530e+02 
2.220530e+02 
2.220530e+02 
2.220530e+02 
2.220530e+02 
2.220530e+02 
2.220530e+02 
2.220530e+02 
2.220530e+02 
2.220530e+02 
2.220530e+02 
2.220530e+02 
2.220530e+02 
2.220530e+02 
2.220530e+02 
2.220530e+02 
2.220530e+02 
2.220530e+02 
2.220530e+02 
2.220530e+02 
2.220530e+02 
2.220530e+02 
2.220530e+02 
2.220530e+02 
2.220530e+02 
2.220530e+02 
2.220530e+02 
2.220530e+02 
2.220530e+02 
2.220530e+02 
2.220530e+02 
2.220530e+02 
2.220530e+02 
2.220530e+02 
2.220530e+02 
2.220530e+02 
2.220530e+02 
2.220530e+02 
2.220530e+02 
2.220530e+02 
2.220530e+02 
2.220530e+02 
2.220530e+02 
2.220530e+02 
2.220530e+02 
2.220530e+02 
2.220530e+02 
2.220530e+02 
2.220530e+02 
2.220530e+02 
2.220530e+02 
2.220530e+02 
2.220530e+02 
2.220530e+02 
2.220530e+02 
2.220530e+02 
2.220530e+02 
2.220530e+02 
2.220530e+02 
2.220530e+02 
2.220530e+02 
2.220530e+02 
2.220530e+02 
2.220530e+02 
2.220530e+02 
2.220530e+02 
2.220530e+02 
2.220530e+02 
2.220530e+02 
2.220530e+02 
2.220530e+02 
2.220530e+02 
2.220530e+02 
2.220530e+02 
2.220530e+02 
2.220530e+02 
2.220530e+02 
2.220530e+02 
2.220530e+02 
2.220530e+02 
2.220530e+02 
2.220530e+02 
2.220530e+02 
2.220530e+02 
2.220530e+02 
2.220530e+02 
2.220530e+02 
2.220530e+02 
2.220530e+02 
2.220530e+02 
2.220530e+02 
2.220530e+02 
2.220530e+02 
2.220530e+02 
2.220530e+02 
2.220530e+02 
2.220530e+02 
2.220530e+02 
2.220530e+02 
2.220530e+02 
2.220530e+02 
2.220530e+02 
2.220530e+02 
2.220530e+02 
2.220530e+02 
2.220530e+02 
2.220530e+02 
2.220530e+02 
2.220530e+02 
2.220530e+02 
2.220530e+02 
2.220530e+02 
2.220530e+02 
2.220530e+02 
2.220530e+02 
2.220530e+02 
2.220530e+02 
2.220530e+02 
2.220530e+02 
2.220530e+02 
2.220530e+02 
2.220530e+02 
2.220530e+02 
2.220530e+02 
2.220530e+02 
2.220530e+02 
2.220530e+02 
2.220530e+02 
2.220530e+02 
2.220530e+02 
2.220530e+02 
2.220530e+02 
2.220530e+02 
2.220530e+02 
2.220530e+02 
2.220530e+02 
2.220530e+02 
2.220530e+02 
2.220530e+02 
2.220530e+02 
2.220530e+02 
2.220530e+02 
2.220530e+02 
2.220530e+02 
2.220530e+02 
2.220530e+02 
2.220530e+02 
2.220530e+02 
2.220530e+02 
2.220530e+02 
2.220530e+02 
2.220530e+02 
2.220530e+02 
2.220530e+02 
2.220530e+02 
2.220530e+02 
2.220530e+02 
2.220530e+02 
2.220530e+02 
2.220530e+02 
2.220530e+02 
2.220530e+02 
2.220530e+02 
2.220530e+02 
2.220530e+02 
2.220530e+02 
2.220530e+02 
2.220530e+02 
2.220530e+02 
2.220530e+02 
2.220530e+02 
2.220530e+02 
2.220530e+02 
2.220530e+02 
2.220530e+02 
2.220530e+02 
2.220530e+02 
2.220530e+02 
2.220530e+02 
2.220530e+02 
2.220530e+02 
2.220530e+02 
2.220530e+02 
2.220530e+02 
2.220530e+02 
2.220530e+02 
2.220530e+02 
2.220530e+02 
2.220530e+02 
2.220530e+02 
2.220530e+02 
2.220530e+02 
2.220530e+02 
2.220530e+02 
2.220530e+02 
2.220530e+02 
2.220530e+02 
2.220530e+02 
2.220530e+02 
2.220530e+02 
2.220530e+02 
2.220530e+02 
2.220530e+02 
2.220530e+02 
2.220530e+02 
2.220530e+02 
2.220530e+02 
2.220530e+02 
2.220530e+02 
2.220530e+02 
2.220530e+02 
2.220530e+02 
2.220530e+02 
2.220530e+02 
2.220530e+02 
2.220530e+02 
2.220530e+02 
2.220530e+02 
2.220530e+02 
2.220530e+02 
2.220530e+02 
2.220530e+02 
2.220530e+02 
2.220530e+02 
2.220530e+02 
2.220530e+02 
2.220530e+02 
2.220530e+02 
2.220530e+02 
2.220530e+02 
2.220530e+02 
2.220530e+02 
2.220530e+02 
2.220530e+02 
2.220530e+02 
2.220530e+02 
2.220530e+02 
2.220530e+02 
2.220530e+02 
2.220530e+02 
2.220530e+02 
2.220530e+02 
2.220530e+02 
2.220530e+02 
2.220530e+02 
2.220530e+02 
2.220530e+02 
2.220530e+02 
2.220530e+02 
2.220530e+02 
2.220530e+02 
2.220530e+02 
2.220530e+02 
2.220530e+02 
2.220530e+02 
2.220530e+02 
2.220530e+02 
2.220530e+02 
2.220530e+02 
2.220530e+02 
2.220530e+02 
2.220530e+02 
2.220530e+02 
2.220530e+02 
2.220530e+02 
2.220530e+02 
2.220530e+02 
2.220530e+02 
2.220530e+02 
2.220530e+02 
2.220530e+02 
2.220530e+02 
2.220530e+02 
2.220530e+02 
2.220530e+02 
2.220530e+02 
2.220530e+02 
2.220530e+02 
2.220530e+02 
2.220530e+02 
2.220530e+02 
2.220530e+02 
2.220530e+02 
2.220530e+02 
2.220530e+02 
2.220530e+02 
2.220530e+02 
2.220530e+02 
2.220530e+02 
2.220530e+02 
2.220530e+02 
2.220530e+02 
2.220530e+02 
2.220530e+02 
2.220530e+02 
2.220530e+02 
2.220530e+02 
2.220530e+02 
2.220530e+02 
2.220530e+02 
2.220530e+02 
2.220530e+02 
2.220530e+02 
2.220530e+02 
2.220530e+02 
2.220530e+02 
2.220530e+02 
2.220530e+02 
2.220530e+02 
2.220530e+02 
2.220530e+02 
2.220530e+02 
2.220530e+02 
2.220530e+02 
2.220530e+02 
2.220530e+02 
2.220530e+02 
2.220530e+02 
2.220530e+02 
2.220530e+02 
2.220530e+02 
2.220530e+02 
2.220530e+02 
2.220530e+02 
2.220530e+02 
2.220530e+02 
2.220530e+02 
2.220530e+02 
2.220530e+02 
2.220530e+02 
2.220530e+02 
2.220530e+02 
2.220530e+02 
2.220530e+02 
2.220530e+02 
2.220530e+02 
2.220530e+02 
2.220530e+02 
2.220530e+02 
2.220530e+02 
2.220530e+02 
2.220530e+02 
2.220530e+02 
2.220530e+02 
2.220530e+02 
2.220530e+02 
2.220530e+02 
2.220530e+02 
2.220530e+02 
2.220530e+02 
2.220530e+02 
2.220530e+02 
2.220530e+02 
2.220530e+02 
2.220530e+02 
2.220530e+02 
2.220530e+02 
2.220530e+02 
2.220530e+02 
2.220530e+02 
2.220530e+02 
2.220530e+02 
2.220530e+02 
2.220530e+02 
2.220530e+02 
2.220530e+02 
2.220530e+02 
2.220530e+02 
2.220530e+02 
2.220530e+02 
2.220530e+02 
2.220530e+02 
2.220530e+02 
2.220530e+02 
2.220530e+02 
2.220530e+02 
2.220530e+02 
2.220530e+02 
2.220530e+02 
2.220530e+02 
2.220530e+02 
2.220530e+02 
2.220530e+02 
2.220530e+02 
2.220530e+02 
2.220530e+02 
2.220530e+02 
2.220530e+02 
2.220530e+02 
2.220530e+02 
2.220530e+02 
2.220530e+02 
2.220530e+02 
2.220530e+02 
2.220530e+02 
