2.264484e+05 
2.264484e+05 
2.264484e+05 
2.264484e+05 
2.260457e+05 
1.535476e+05 
1.363313e+05 
9.211921e+04 
2.667761e+04 
6.930783e+03 
6.930783e+03 
6.930783e+03 
3.907195e+03 
3.043708e+03 
1.741237e+03 
1.741237e+03 
1.732160e+03 
1.552849e+03 
1.552849e+03 
1.499702e+03 
1.499702e+03 
1.499702e+03 
1.453019e+03 
1.013627e+03 
1.010738e+03 
9.828803e+02 
9.828803e+02 
8.478297e+02 
8.478297e+02 
8.478297e+02 
4.835600e+02 
4.835600e+02 
3.798086e+02 
1.610737e+02 
1.610737e+02 
1.500807e+02 
1.303644e+02 
1.303644e+02 
1.123272e+02 
9.429473e+01 
9.429473e+01 
8.333137e+01 
6.456413e+01 
6.456413e+01 
5.212442e+01 
4.440340e+01 
4.113368e+01 
4.113368e+01 
3.979989e+01 
3.278247e+01 
2.692230e+01 
2.692230e+01 
2.692230e+01 
2.525717e+01 
2.360799e+01 
2.360799e+01 
2.224709e+01 
2.021452e+01 
2.021452e+01 
1.932377e+01 
1.887102e+01 
1.887102e+01 
1.862560e+01 
1.774764e+01 
1.774764e+01 
1.774764e+01 
1.774764e+01 
1.774764e+01 
1.761248e+01 
1.761248e+01 
1.738878e+01 
1.738878e+01 
1.738878e+01 
1.738878e+01 
1.738878e+01 
1.738878e+01 
1.737296e+01 
1.718676e+01 
1.718676e+01 
1.718676e+01 
1.718676e+01 
1.718676e+01 
1.718676e+01 
1.718676e+01 
1.718676e+01 
1.718676e+01 
1.713815e+01 
1.713815e+01 
1.713815e+01 
1.713815e+01 
1.713815e+01 
1.713815e+01 
1.713476e+01 
1.713476e+01 
1.713476e+01 
1.713127e+01 
1.701986e+01 
1.698389e+01 
1.695243e+01 
1.695243e+01 
1.694647e+01 
1.694647e+01 
1.694647e+01 
1.694647e+01 
1.694647e+01 
1.694647e+01 
1.694647e+01 
1.694647e+01 
1.692752e+01 
1.691834e+01 
1.691834e+01 
1.691834e+01 
1.691834e+01 
1.691834e+01 
1.691834e+01 
1.691834e+01 
1.691320e+01 
1.690981e+01 
1.690712e+01 
1.689576e+01 
1.689576e+01 
1.689576e+01 
1.689576e+01 
1.689576e+01 
1.689576e+01 
1.689576e+01 
1.689576e+01 
1.689055e+01 
1.689055e+01 
1.689055e+01 
1.688625e+01 
1.688350e+01 
1.688236e+01 
1.688189e+01 
1.688171e+01 
1.688163e+01 
1.687431e+01 
1.687431e+01 
1.686531e+01 
1.686502e+01 
1.686502e+01 
1.686502e+01 
1.686132e+01 
1.685574e+01 
1.685259e+01 
1.685157e+01 
1.685157e+01 
1.685044e+01 
1.684758e+01 
1.684758e+01 
1.684758e+01 
1.684730e+01 
1.684464e+01 
1.683973e+01 
1.683973e+01 
1.683973e+01 
1.683973e+01 
1.683973e+01 
1.683973e+01 
1.683973e+01 
1.683964e+01 
1.683958e+01 
1.683956e+01 
1.683956e+01 
1.683955e+01 
1.683955e+01 
1.683955e+01 
1.683852e+01 
1.683767e+01 
1.683763e+01 
1.683763e+01 
1.683763e+01 
1.683763e+01 
1.683752e+01 
1.683728e+01 
1.683728e+01 
1.683663e+01 
1.683631e+01 
1.683619e+01 
1.683614e+01 
1.683611e+01 
1.683610e+01 
1.683609e+01 
1.683609e+01 
1.683477e+01 
1.683444e+01 
1.683444e+01 
1.683444e+01 
1.683444e+01 
1.683441e+01 
1.683438e+01 
1.683437e+01 
1.683435e+01 
1.683435e+01 
1.683426e+01 
1.683426e+01 
1.683426e+01 
1.683426e+01 
1.683424e+01 
1.683424e+01 
1.683424e+01 
1.683424e+01 
1.683424e+01 
1.683424e+01 
1.683424e+01 
1.683424e+01 
1.683424e+01 
1.683424e+01 
1.683417e+01 
1.683403e+01 
1.683400e+01 
1.683400e+01 
1.683387e+01 
1.683387e+01 
1.683383e+01 
1.683367e+01 
1.683362e+01 
1.683362e+01 
1.683356e+01 
1.683353e+01 
1.683343e+01 
1.683335e+01 
1.683330e+01 
1.683321e+01 
1.683320e+01 
1.683318e+01 
1.683318e+01 
1.683316e+01 
1.683308e+01 
1.683302e+01 
1.683300e+01 
1.683300e+01 
1.683299e+01 
1.683299e+01 
1.683289e+01 
1.683280e+01 
1.683279e+01 
1.683268e+01 
1.683263e+01 
1.683256e+01 
1.683252e+01 
1.683231e+01 
1.683213e+01 
1.683211e+01 
1.683209e+01 
1.683173e+01 
1.683134e+01 
1.683107e+01 
1.683089e+01 
1.683064e+01 
1.683061e+01 
1.683021e+01 
1.682956e+01 
1.682956e+01 
1.682956e+01 
1.682859e+01 
1.682783e+01 
1.682626e+01 
1.682482e+01 
1.682470e+01 
1.682383e+01 
1.682383e+01 
1.682341e+01 
1.682327e+01 
1.682327e+01 
1.682230e+01 
1.682230e+01 
1.682230e+01 
1.682230e+01 
1.682230e+01 
1.682175e+01 
1.682175e+01 
1.682167e+01 
1.682127e+01 
1.682127e+01 
1.682127e+01 
1.682127e+01 
1.682121e+01 
1.682116e+01 
1.682112e+01 
1.682112e+01 
1.682112e+01 
1.682068e+01 
1.682068e+01 
1.682034e+01 
1.682012e+01 
1.682012e+01 
1.681924e+01 
1.681924e+01 
1.681924e+01 
1.681903e+01 
1.681746e+01 
1.681742e+01 
1.681688e+01 
1.681688e+01 
1.681649e+01 
1.681649e+01 
1.681620e+01 
1.681603e+01 
1.681603e+01 
1.681574e+01 
1.681560e+01 
1.681560e+01 
1.681560e+01 
1.681515e+01 
1.681485e+01 
1.681437e+01 
1.681387e+01 
1.681382e+01 
1.681382e+01 
1.681257e+01 
1.680923e+01 
1.680923e+01 
1.680923e+01 
1.680923e+01 
1.680918e+01 
1.680918e+01 
1.680868e+01 
1.680861e+01 
1.680805e+01 
1.680805e+01 
1.680792e+01 
1.680657e+01 
1.680641e+01 
1.680484e+01 
1.680484e+01 
1.680275e+01 
1.680182e+01 
1.680182e+01 
1.680182e+01 
1.680019e+01 
1.679779e+01 
1.679779e+01 
1.679652e+01 
1.679562e+01 
1.678994e+01 
1.678277e+01 
1.677896e+01 
1.677782e+01 
1.677691e+01 
1.677691e+01 
1.677691e+01 
1.677691e+01 
1.677691e+01 
1.677691e+01 
1.677691e+01 
1.677691e+01 
1.677691e+01 
1.677691e+01 
1.677687e+01 
1.677656e+01 
1.677656e+01 
1.677639e+01 
1.677625e+01 
1.677625e+01 
1.677625e+01 
1.677625e+01 
1.677529e+01 
1.677518e+01 
1.677482e+01 
1.677010e+01 
1.677010e+01 
1.677010e+01 
1.677010e+01 
1.677010e+01 
1.677010e+01 
1.677010e+01 
1.677010e+01 
1.677010e+01 
1.677010e+01 
1.677010e+01 
1.677010e+01 
1.677010e+01 
1.677010e+01 
1.677010e+01 
1.676952e+01 
1.676905e+01 
1.676905e+01 
1.676905e+01 
1.676873e+01 
1.676857e+01 
1.676851e+01 
1.676848e+01 
1.676847e+01 
1.676847e+01 
1.676836e+01 
1.676836e+01 
1.676836e+01 
1.676832e+01 
1.676829e+01 
1.676785e+01 
1.676785e+01 
1.676686e+01 
1.676686e+01 
1.676686e+01 
1.676686e+01 
1.676686e+01 
1.676686e+01 
1.676686e+01 
1.676686e+01 
1.676670e+01 
1.676670e+01 
1.676670e+01 
1.676670e+01 
1.676670e+01 
1.676670e+01 
1.676670e+01 
1.676639e+01 
1.676535e+01 
1.676535e+01 
1.676535e+01 
1.676535e+01 
1.676535e+01 
1.676501e+01 
1.676501e+01 
1.676501e+01 
1.676501e+01 
1.676501e+01 
1.676501e+01 
1.676500e+01 
1.676500e+01 
1.676084e+01 
1.676084e+01 
1.676084e+01 
1.676084e+01 
1.676084e+01 
1.676084e+01 
1.676084e+01 
1.676084e+01 
1.676084e+01 
1.676084e+01 
1.676084e+01 
1.676084e+01 
1.676084e+01 
1.676084e+01 
1.676073e+01 
1.676073e+01 
1.676073e+01 
1.676073e+01 
1.676073e+01 
1.676073e+01 
1.676073e+01 
1.676072e+01 
1.676058e+01 
1.676058e+01 
1.676046e+01 
1.676039e+01 
1.676002e+01 
1.676002e+01 
1.676002e+01 
1.675991e+01 
1.675977e+01 
1.675977e+01 
1.675972e+01 
1.675972e+01 
1.675972e+01 
1.675972e+01 
1.675972e+01 
1.675972e+01 
1.675972e+01 
1.675972e+01 
1.675972e+01 
1.675972e+01 
1.675972e+01 
1.675972e+01 
1.675969e+01 
1.675937e+01 
1.675937e+01 
1.675937e+01 
1.675936e+01 
1.675931e+01 
1.675924e+01 
1.675918e+01 
1.675913e+01 
1.675911e+01 
1.675911e+01 
1.675911e+01 
1.675910e+01 
1.675909e+01 
1.675909e+01 
1.675909e+01 
1.675909e+01 
1.675909e+01 
1.675909e+01 
1.675909e+01 
1.675909e+01 
1.675909e+01 
1.675909e+01 
1.675909e+01 
1.675909e+01 
1.675909e+01 
1.675909e+01 
1.675909e+01 
1.675909e+01 
1.675909e+01 
1.675909e+01 
1.675909e+01 
1.675909e+01 
1.675909e+01 
1.675909e+01 
1.675909e+01 
1.675909e+01 
1.675909e+01 
1.675909e+01 
1.675909e+01 
1.675909e+01 
1.675909e+01 
1.675909e+01 
1.675909e+01 
1.675909e+01 
1.675909e+01 
1.675909e+01 
1.675909e+01 
1.675909e+01 
1.675909e+01 
1.675908e+01 
1.675908e+01 
1.675908e+01 
1.675908e+01 
1.675908e+01 
1.675908e+01 
1.675908e+01 
1.675908e+01 
1.675908e+01 
1.675908e+01 
1.675908e+01 
1.675908e+01 
1.675908e+01 
1.675908e+01 
1.675908e+01 
1.675908e+01 
1.675908e+01 
1.675907e+01 
1.675907e+01 
1.675906e+01 
1.675903e+01 
1.675900e+01 
1.675898e+01 
1.675896e+01 
1.675894e+01 
1.675892e+01 
1.675891e+01 
1.675890e+01 
1.675888e+01 
1.675887e+01 
1.675884e+01 
1.675884e+01 
1.675882e+01 
1.675881e+01 
1.675880e+01 
1.675880e+01 
1.675880e+01 
1.675880e+01 
1.675879e+01 
1.675879e+01 
1.675879e+01 
1.675879e+01 
1.675879e+01 
1.675879e+01 
1.675879e+01 
1.675879e+01 
1.675879e+01 
1.675879e+01 
1.675879e+01 
1.675879e+01 
1.675878e+01 
1.675878e+01 
1.675877e+01 
1.675877e+01 
1.675877e+01 
1.675874e+01 
1.675871e+01 
1.675869e+01 
1.675865e+01 
1.675861e+01 
1.675859e+01 
1.675855e+01 
1.675855e+01 
1.675853e+01 
1.675853e+01 
1.675853e+01 
1.675853e+01 
1.675853e+01 
1.675853e+01 
1.675852e+01 
1.675852e+01 
1.675852e+01 
1.675851e+01 
1.675851e+01 
1.675851e+01 
1.675851e+01 
1.675851e+01 
1.675851e+01 
1.675851e+01 
1.675849e+01 
1.675849e+01 
1.675849e+01 
1.675849e+01 
1.675849e+01 
1.675849e+01 
1.675849e+01 
1.675849e+01 
1.675848e+01 
1.675848e+01 
1.675848e+01 
1.675848e+01 
1.675848e+01 
1.675848e+01 
1.675848e+01 
1.675848e+01 
1.675848e+01 
1.675848e+01 
1.675848e+01 
1.675848e+01 
1.675848e+01 
1.675848e+01 
1.675848e+01 
1.675848e+01 
1.675848e+01 
1.675848e+01 
1.675848e+01 
1.675847e+01 
1.675847e+01 
1.675847e+01 
1.675847e+01 
1.675847e+01 
1.675847e+01 
1.675847e+01 
1.675847e+01 
1.675847e+01 
1.675847e+01 
1.675847e+01 
1.675847e+01 
1.675846e+01 
1.675846e+01 
1.675846e+01 
1.675846e+01 
1.675846e+01 
1.675846e+01 
1.675846e+01 
1.675846e+01 
1.675846e+01 
1.675846e+01 
1.675846e+01 
1.675846e+01 
1.675846e+01 
1.675846e+01 
1.675846e+01 
1.675846e+01 
1.675846e+01 
1.675846e+01 
1.675846e+01 
1.675846e+01 
1.675846e+01 
1.675846e+01 
1.675846e+01 
1.675846e+01 
1.675846e+01 
1.675846e+01 
1.675846e+01 
1.675846e+01 
1.675846e+01 
1.675846e+01 
1.675846e+01 
1.675846e+01 
1.675846e+01 
1.675846e+01 
1.675846e+01 
1.675846e+01 
1.675846e+01 
1.675846e+01 
1.675846e+01 
1.675846e+01 
1.675845e+01 
1.675845e+01 
1.675845e+01 
1.675845e+01 
1.675844e+01 
1.675844e+01 
1.675844e+01 
1.675844e+01 
1.675844e+01 
1.675843e+01 
1.675842e+01 
1.675841e+01 
1.675840e+01 
1.675840e+01 
1.675839e+01 
1.675839e+01 
1.675838e+01 
1.675838e+01 
1.675838e+01 
1.675837e+01 
1.675837e+01 
1.675836e+01 
1.675836e+01 
1.675835e+01 
1.675835e+01 
1.675834e+01 
1.675834e+01 
1.675834e+01 
1.675833e+01 
1.675833e+01 
1.675833e+01 
1.675833e+01 
1.675833e+01 
1.675833e+01 
1.675833e+01 
1.675833e+01 
1.675833e+01 
1.675833e+01 
1.675833e+01 
1.675833e+01 
1.675833e+01 
1.675833e+01 
1.675833e+01 
1.675833e+01 
1.675833e+01 
1.675833e+01 
1.675833e+01 
1.675833e+01 
1.675833e+01 
1.675833e+01 
1.675833e+01 
1.675833e+01 
1.675833e+01 
1.675833e+01 
1.675833e+01 
1.675833e+01 
1.675833e+01 
1.675833e+01 
1.675833e+01 
1.675833e+01 
1.675833e+01 
1.675833e+01 
1.675833e+01 
1.675833e+01 
1.675833e+01 
1.675833e+01 
1.675832e+01 
1.675832e+01 
1.675832e+01 
1.675832e+01 
1.675832e+01 
1.675832e+01 
1.675832e+01 
1.675832e+01 
1.675832e+01 
1.675832e+01 
1.675832e+01 
1.675832e+01 
1.675832e+01 
1.675832e+01 
1.675832e+01 
1.675832e+01 
1.675832e+01 
1.675832e+01 
1.675832e+01 
1.675832e+01 
1.675832e+01 
1.675832e+01 
1.675832e+01 
1.675832e+01 
1.675832e+01 
1.675832e+01 
1.675832e+01 
1.675832e+01 
1.675832e+01 
1.675832e+01 
1.675832e+01 
1.675832e+01 
1.675832e+01 
1.675832e+01 
1.675832e+01 
1.675832e+01 
1.675832e+01 
1.675832e+01 
1.675832e+01 
1.675832e+01 
1.675832e+01 
1.675832e+01 
1.675832e+01 
1.675832e+01 
1.675832e+01 
1.675832e+01 
1.675832e+01 
1.675832e+01 
1.675832e+01 
1.675832e+01 
1.675832e+01 
1.675832e+01 
1.675832e+01 
1.675832e+01 
1.675832e+01 
1.675832e+01 
1.675832e+01 
1.675832e+01 
1.675832e+01 
1.675832e+01 
1.675832e+01 
1.675832e+01 
1.675832e+01 
1.675832e+01 
1.675832e+01 
1.675832e+01 
1.675832e+01 
1.675832e+01 
1.675832e+01 
1.675832e+01 
1.675832e+01 
1.675832e+01 
1.675832e+01 
1.675832e+01 
1.675832e+01 
1.675832e+01 
1.675832e+01 
1.675832e+01 
1.675832e+01 
1.675832e+01 
1.675832e+01 
1.675832e+01 
1.675832e+01 
1.675832e+01 
1.675832e+01 
1.675832e+01 
1.675832e+01 
1.675832e+01 
1.675832e+01 
1.675832e+01 
1.675832e+01 
1.675832e+01 
1.675832e+01 
1.675832e+01 
1.675832e+01 
1.675832e+01 
1.675832e+01 
1.675832e+01 
1.675832e+01 
1.675832e+01 
1.675832e+01 
1.675832e+01 
1.675832e+01 
1.675832e+01 
1.675832e+01 
1.675832e+01 
1.675832e+01 
1.675832e+01 
1.675832e+01 
1.675832e+01 
1.675832e+01 
1.675832e+01 
1.675832e+01 
1.675832e+01 
1.675832e+01 
1.675832e+01 
1.675832e+01 
1.675832e+01 
1.675832e+01 
1.675832e+01 
1.675832e+01 
1.675832e+01 
1.675832e+01 
1.675832e+01 
1.675832e+01 
1.675832e+01 
1.675832e+01 
1.675832e+01 
1.675832e+01 
1.675832e+01 
1.675832e+01 
1.675832e+01 
1.675832e+01 
1.675832e+01 
1.675832e+01 
1.675832e+01 
1.675832e+01 
1.675832e+01 
1.675832e+01 
1.675832e+01 
1.675832e+01 
1.675832e+01 
1.675832e+01 
1.675832e+01 
1.675832e+01 
1.675832e+01 
1.675832e+01 
1.675832e+01 
1.675832e+01 
1.675832e+01 
1.675832e+01 
1.675832e+01 
1.675832e+01 
1.675832e+01 
1.675832e+01 
1.675832e+01 
1.675832e+01 
1.675832e+01 
1.675832e+01 
1.675832e+01 
1.675832e+01 
1.675832e+01 
1.675832e+01 
1.675832e+01 
1.675832e+01 
1.675832e+01 
1.675832e+01 
1.675832e+01 
1.675832e+01 
1.675832e+01 
1.675832e+01 
1.675832e+01 
1.675832e+01 
1.675832e+01 
1.675832e+01 
1.675832e+01 
1.675832e+01 
1.675832e+01 
1.675832e+01 
1.675832e+01 
1.675832e+01 
1.675832e+01 
1.675832e+01 
1.675832e+01 
1.675832e+01 
1.675832e+01 
1.675832e+01 
1.675832e+01 
1.675832e+01 
1.675832e+01 
1.675832e+01 
1.675832e+01 
1.675832e+01 
1.675832e+01 
1.675832e+01 
1.675832e+01 
1.675832e+01 
1.675832e+01 
1.675832e+01 
1.675832e+01 
1.675832e+01 
1.675832e+01 
1.675832e+01 
1.675832e+01 
1.675832e+01 
1.675832e+01 
1.675832e+01 
1.675832e+01 
1.675832e+01 
1.675832e+01 
1.675832e+01 
1.675832e+01 
1.675832e+01 
1.675832e+01 
1.675832e+01 
1.675832e+01 
1.675832e+01 
1.675832e+01 
1.675832e+01 
1.675832e+01 
1.675832e+01 
1.675832e+01 
1.675832e+01 
1.675832e+01 
1.675832e+01 
1.675832e+01 
1.675832e+01 
1.675832e+01 
1.675832e+01 
1.675832e+01 
1.675832e+01 
1.675832e+01 
1.675832e+01 
1.675832e+01 
1.675832e+01 
1.675832e+01 
1.675832e+01 
1.675832e+01 
1.675832e+01 
1.675832e+01 
1.675832e+01 
1.675832e+01 
1.675832e+01 
1.675832e+01 
1.675832e+01 
1.675832e+01 
1.675832e+01 
1.675832e+01 
1.675832e+01 
1.675832e+01 
1.675832e+01 
1.675832e+01 
1.675832e+01 
1.675832e+01 
1.675832e+01 
1.675832e+01 
1.675832e+01 
1.675832e+01 
1.675832e+01 
1.675832e+01 
1.675832e+01 
1.675832e+01 
1.675832e+01 
1.675832e+01 
1.675832e+01 
1.675832e+01 
1.675832e+01 
1.675832e+01 
1.675832e+01 
1.675832e+01 
1.675832e+01 
1.675832e+01 
1.675832e+01 
1.675832e+01 
1.675832e+01 
1.675832e+01 
1.675832e+01 
1.675832e+01 
1.675832e+01 
1.675832e+01 
1.675832e+01 
1.675832e+01 
1.675832e+01 
1.675832e+01 
1.675832e+01 
1.675832e+01 
1.675832e+01 
1.675832e+01 
1.675832e+01 
1.675832e+01 
1.675832e+01 
1.675832e+01 
1.675832e+01 
1.675832e+01 
1.675832e+01 
1.675832e+01 
1.675832e+01 
1.675832e+01 
1.675832e+01 
1.675832e+01 
1.675832e+01 
1.675832e+01 
1.675832e+01 
1.675832e+01 
1.675832e+01 
1.675832e+01 
1.675832e+01 
1.675832e+01 
1.675832e+01 
1.675832e+01 
1.675832e+01 
1.675832e+01 
1.675832e+01 
1.675832e+01 
1.675832e+01 
1.675832e+01 
1.675832e+01 
1.675832e+01 
1.675832e+01 
1.675832e+01 
1.675832e+01 
1.675832e+01 
1.675832e+01 
1.675832e+01 
1.675832e+01 
1.675832e+01 
1.675832e+01 
1.675832e+01 
1.675832e+01 
1.675832e+01 
1.675832e+01 
1.675832e+01 
1.675832e+01 
1.675832e+01 
1.675832e+01 
1.675832e+01 
1.675832e+01 
1.675832e+01 
1.675832e+01 
1.675832e+01 
1.675832e+01 
1.675832e+01 
1.675832e+01 
1.675832e+01 
1.675832e+01 
1.675832e+01 
1.675832e+01 
1.675832e+01 
1.675832e+01 
1.675832e+01 
1.675832e+01 
1.675832e+01 
1.675832e+01 
1.675832e+01 
1.675832e+01 
1.675832e+01 
1.675832e+01 
1.675832e+01 
1.675832e+01 
1.675832e+01 
1.675832e+01 
1.675832e+01 
1.675832e+01 
1.675832e+01 
1.675832e+01 
1.675832e+01 
1.675832e+01 
1.675832e+01 
1.675832e+01 
1.675832e+01 
1.675832e+01 
1.675832e+01 
1.675832e+01 
1.675832e+01 
1.675832e+01 
1.675832e+01 
1.675832e+01 
1.675832e+01 
1.675832e+01 
1.675832e+01 
1.675832e+01 
1.675832e+01 
1.675832e+01 
1.675832e+01 
1.675832e+01 
1.675832e+01 
1.675832e+01 
1.675832e+01 
1.675832e+01 
1.675832e+01 
1.675832e+01 
1.675832e+01 
1.675832e+01 
1.675832e+01 
1.675832e+01 
1.675832e+01 
1.675832e+01 
1.675832e+01 
1.675832e+01 
1.675832e+01 
1.675832e+01 
1.675832e+01 
1.675832e+01 
1.675832e+01 
1.675832e+01 
1.675832e+01 
1.675832e+01 
1.675832e+01 
1.675832e+01 
1.675832e+01 
1.675832e+01 
1.675832e+01 
1.675832e+01 
1.675832e+01 
1.675832e+01 
1.675832e+01 
1.675832e+01 
1.675832e+01 
1.675832e+01 
1.675832e+01 
1.675832e+01 
1.675832e+01 
1.675832e+01 
1.675832e+01 
1.675832e+01 
1.675832e+01 
1.675832e+01 
1.675832e+01 
1.675832e+01 
1.675832e+01 
1.675832e+01 
1.675832e+01 
1.675832e+01 
1.675832e+01 
1.675832e+01 
1.675832e+01 
1.675832e+01 
1.675832e+01 
1.675832e+01 
1.675832e+01 
1.675832e+01 
1.675832e+01 
1.675832e+01 
1.675832e+01 
1.675832e+01 
1.675832e+01 
1.675832e+01 
1.675832e+01 
1.675832e+01 
1.675832e+01 
1.675832e+01 
1.675832e+01 
1.675832e+01 
1.675832e+01 
1.675832e+01 
1.675832e+01 
1.675832e+01 
1.675832e+01 
1.675832e+01 
1.675832e+01 
1.675832e+01 
1.675832e+01 
1.675832e+01 
1.675832e+01 
1.675832e+01 
1.675832e+01 
1.675832e+01 
1.675832e+01 
1.675832e+01 
1.675832e+01 
1.675832e+01 
1.675832e+01 
1.675832e+01 
1.675832e+01 
1.675832e+01 
1.675832e+01 
1.675832e+01 
1.675832e+01 
1.675832e+01 
1.675832e+01 
1.675832e+01 
1.675832e+01 
1.675832e+01 
1.675832e+01 
1.675832e+01 
1.675832e+01 
1.675832e+01 
1.675832e+01 
1.675832e+01 
1.675832e+01 
1.675832e+01 
1.675832e+01 
1.675832e+01 
1.675832e+01 
1.675832e+01 
1.675832e+01 
1.675832e+01 
1.675832e+01 
1.675832e+01 
1.675832e+01 
1.675832e+01 
1.675832e+01 
1.675832e+01 
1.675832e+01 
1.675832e+01 
1.675832e+01 
1.675832e+01 
1.675832e+01 
1.675832e+01 
1.675832e+01 
1.675832e+01 
1.675832e+01 
1.675832e+01 
1.675832e+01 
1.675832e+01 
1.675832e+01 
1.675832e+01 
1.675832e+01 
1.675832e+01 
1.675832e+01 
1.675832e+01 
1.675832e+01 
1.675832e+01 
1.675832e+01 
1.675832e+01 
1.675832e+01 
1.675832e+01 
1.675832e+01 
1.675832e+01 
1.675832e+01 
1.675832e+01 
1.675832e+01 
1.675832e+01 
1.675832e+01 
1.675832e+01 
1.675832e+01 
1.675832e+01 
1.675832e+01 
1.675832e+01 
1.675832e+01 
1.675832e+01 
1.675832e+01 
1.675832e+01 
1.675832e+01 
1.675832e+01 
1.675832e+01 
1.675832e+01 
1.675832e+01 
1.675832e+01 
1.675832e+01 
1.675832e+01 
1.675832e+01 
1.675832e+01 
1.675832e+01 
1.675832e+01 
1.675832e+01 
1.675832e+01 
1.675832e+01 
1.675832e+01 
1.675832e+01 
1.675832e+01 
1.675832e+01 
1.675832e+01 
1.675832e+01 
1.675832e+01 
1.675832e+01 
1.675832e+01 
1.675832e+01 
1.675832e+01 
1.675832e+01 
1.675832e+01 
1.675832e+01 
1.675832e+01 
1.675832e+01 
1.675832e+01 
1.675832e+01 
1.675832e+01 
1.675832e+01 
1.675832e+01 
1.675832e+01 
1.675832e+01 
1.675832e+01 
1.675832e+01 
1.675832e+01 
1.675832e+01 
1.675832e+01 
1.675832e+01 
1.675832e+01 
1.675832e+01 
1.675832e+01 
1.675832e+01 
1.675832e+01 
1.675832e+01 
1.675832e+01 
1.675832e+01 
1.675832e+01 
1.675832e+01 
1.675832e+01 
1.675832e+01 
1.675832e+01 
1.675832e+01 
1.675832e+01 
1.675832e+01 
1.675832e+01 
1.675832e+01 
1.675832e+01 
1.675832e+01 
1.675832e+01 
1.675832e+01 
1.675832e+01 
1.675832e+01 
1.675832e+01 
1.675832e+01 
1.675832e+01 
1.675832e+01 
1.675832e+01 
1.675832e+01 
1.675832e+01 
1.675832e+01 
1.675832e+01 
1.675832e+01 
1.675832e+01 
1.675832e+01 
1.675832e+01 
1.675832e+01 
1.675832e+01 
1.675832e+01 
1.675832e+01 
1.675832e+01 
1.675832e+01 
1.675832e+01 
1.675832e+01 
1.675832e+01 
1.675832e+01 
1.675832e+01 
1.675832e+01 
1.675832e+01 
1.675832e+01 
1.675832e+01 
1.675832e+01 
1.675832e+01 
1.675832e+01 
1.675832e+01 
1.675832e+01 
1.675832e+01 
1.675832e+01 
1.675832e+01 
1.675832e+01 
1.675832e+01 
1.675832e+01 
1.675832e+01 
1.675832e+01 
1.675832e+01 
1.675832e+01 
1.675832e+01 
1.675832e+01 
1.675832e+01 
1.675832e+01 
1.675832e+01 
1.675832e+01 
1.675832e+01 
1.675832e+01 
1.675832e+01 
1.675832e+01 
1.675832e+01 
1.675832e+01 
1.675832e+01 
1.675832e+01 
1.675832e+01 
1.675832e+01 
1.675832e+01 
1.675832e+01 
1.675832e+01 
1.675832e+01 
1.675832e+01 
1.675832e+01 
1.675832e+01 
1.675832e+01 
1.675832e+01 
1.675832e+01 
1.675832e+01 
1.675832e+01 
1.675832e+01 
1.675832e+01 
1.675832e+01 
1.675832e+01 
1.675832e+01 
1.675832e+01 
1.675832e+01 
1.675832e+01 
1.675832e+01 
1.675832e+01 
1.675832e+01 
1.675832e+01 
1.675832e+01 
1.675832e+01 
1.675832e+01 
1.675832e+01 
1.675832e+01 
1.675832e+01 
1.675832e+01 
1.675832e+01 
1.675832e+01 
1.675832e+01 
1.675832e+01 
1.675832e+01 
1.675832e+01 
1.675832e+01 
1.675832e+01 
1.675832e+01 
1.675832e+01 
1.675832e+01 
1.675832e+01 
1.675832e+01 
1.675832e+01 
1.675832e+01 
1.675832e+01 
1.675832e+01 
1.675832e+01 
1.675832e+01 
1.675832e+01 
1.675832e+01 
1.675832e+01 
1.675832e+01 
1.675832e+01 
1.675832e+01 
1.675832e+01 
1.675832e+01 
1.675832e+01 
1.675832e+01 
1.675832e+01 
1.675832e+01 
1.675832e+01 
1.675832e+01 
1.675832e+01 
1.675832e+01 
1.675832e+01 
1.675832e+01 
1.675832e+01 
1.675832e+01 
1.675832e+01 
1.675832e+01 
1.675832e+01 
1.675832e+01 
1.675832e+01 
1.675832e+01 
1.675832e+01 
1.675832e+01 
1.675832e+01 
1.675832e+01 
1.675832e+01 
1.675832e+01 
1.675832e+01 
1.675832e+01 
1.675832e+01 
1.675832e+01 
1.675832e+01 
1.675832e+01 
1.675832e+01 
1.675832e+01 
1.675832e+01 
1.675832e+01 
1.675832e+01 
1.675832e+01 
1.675832e+01 
1.675832e+01 
1.675832e+01 
1.675832e+01 
1.675832e+01 
1.675832e+01 
1.675832e+01 
1.675832e+01 
1.675832e+01 
1.675832e+01 
1.675832e+01 
1.675832e+01 
1.675832e+01 
1.675832e+01 
1.675832e+01 
1.675832e+01 
1.675832e+01 
1.675832e+01 
1.675832e+01 
1.675832e+01 
1.675832e+01 
1.675832e+01 
1.675832e+01 
1.675832e+01 
1.675832e+01 
1.675832e+01 
1.675832e+01 
1.675832e+01 
1.675832e+01 
1.675832e+01 
1.675832e+01 
1.675832e+01 
1.675832e+01 
1.675832e+01 
1.675832e+01 
1.675832e+01 
1.675832e+01 
1.675832e+01 
1.675832e+01 
1.675832e+01 
1.675832e+01 
1.675832e+01 
1.675832e+01 
1.675832e+01 
1.675832e+01 
1.675832e+01 
1.675832e+01 
1.675832e+01 
1.675832e+01 
1.675832e+01 
1.675832e+01 
1.675832e+01 
1.675832e+01 
1.675832e+01 
1.675832e+01 
1.675832e+01 
1.675832e+01 
1.675832e+01 
1.675832e+01 
1.675832e+01 
1.675832e+01 
1.675832e+01 
1.675832e+01 
1.675832e+01 
1.675832e+01 
1.675832e+01 
1.675832e+01 
1.675832e+01 
1.675832e+01 
1.675832e+01 
1.675832e+01 
1.675832e+01 
1.675832e+01 
1.675832e+01 
1.675832e+01 
1.675832e+01 
1.675832e+01 
1.675832e+01 
1.675832e+01 
1.675832e+01 
1.675832e+01 
1.675832e+01 
1.675832e+01 
1.675832e+01 
1.675832e+01 
1.675832e+01 
1.675832e+01 
1.675832e+01 
1.675832e+01 
1.675832e+01 
1.675832e+01 
1.675832e+01 
1.675832e+01 
1.675832e+01 
1.675832e+01 
1.675832e+01 
1.675832e+01 
1.675832e+01 
1.675832e+01 
1.675832e+01 
1.675832e+01 
1.675832e+01 
1.675832e+01 
1.675832e+01 
1.675832e+01 
1.675832e+01 
1.675832e+01 
1.675832e+01 
1.675832e+01 
1.675832e+01 
1.675832e+01 
1.675832e+01 
1.675832e+01 
1.675832e+01 
1.675832e+01 
1.675832e+01 
1.675832e+01 
1.675832e+01 
1.675832e+01 
1.675832e+01 
1.675832e+01 
1.675832e+01 
1.675832e+01 
1.675832e+01 
1.675832e+01 
1.675832e+01 
1.675832e+01 
1.675832e+01 
1.675832e+01 
1.675832e+01 
1.675832e+01 
1.675832e+01 
1.675832e+01 
1.675832e+01 
1.675832e+01 
1.675832e+01 
1.675832e+01 
1.675832e+01 
1.675832e+01 
1.675832e+01 
1.675832e+01 
1.675832e+01 
1.675832e+01 
1.675832e+01 
1.675832e+01 
1.675832e+01 
1.675832e+01 
1.675832e+01 
1.675832e+01 
1.675832e+01 
1.675832e+01 
1.675832e+01 
1.675832e+01 
1.675832e+01 
1.675832e+01 
1.675832e+01 
1.675832e+01 
1.675832e+01 
1.675832e+01 
1.675832e+01 
1.675832e+01 
1.675832e+01 
1.675832e+01 
1.675832e+01 
1.675832e+01 
1.675832e+01 
1.675832e+01 
1.675832e+01 
1.675832e+01 
1.675832e+01 
1.675832e+01 
1.675832e+01 
1.675832e+01 
1.675832e+01 
1.675832e+01 
1.675832e+01 
1.675832e+01 
1.675832e+01 
1.675832e+01 
1.675832e+01 
1.675832e+01 
1.675832e+01 
1.675832e+01 
1.675832e+01 
1.675832e+01 
1.675832e+01 
1.675832e+01 
1.675832e+01 
1.675832e+01 
1.675832e+01 
1.675832e+01 
1.675832e+01 
1.675832e+01 
1.675832e+01 
1.675832e+01 
1.675832e+01 
1.675832e+01 
1.675832e+01 
1.675832e+01 
1.675832e+01 
1.675832e+01 
1.675832e+01 
1.675832e+01 
1.675832e+01 
1.675832e+01 
1.675832e+01 
1.675832e+01 
1.675832e+01 
1.675832e+01 
1.675832e+01 
1.675832e+01 
1.675832e+01 
1.675832e+01 
1.675832e+01 
1.675832e+01 
1.675832e+01 
1.675832e+01 
1.675832e+01 
1.675832e+01 
1.675832e+01 
1.675832e+01 
1.675832e+01 
1.675832e+01 
1.675832e+01 
1.675832e+01 
1.675832e+01 
1.675832e+01 
1.675832e+01 
1.675832e+01 
1.675832e+01 
1.675832e+01 
1.675832e+01 
1.675832e+01 
1.675832e+01 
1.675832e+01 
1.675832e+01 
1.675832e+01 
1.675832e+01 
1.675832e+01 
1.675832e+01 
1.675832e+01 
1.675832e+01 
1.675832e+01 
1.675832e+01 
1.675832e+01 
1.675832e+01 
1.675832e+01 
1.675832e+01 
1.675832e+01 
1.675832e+01 
1.675832e+01 
1.675832e+01 
1.675832e+01 
1.675832e+01 
1.675832e+01 
1.675832e+01 
1.675832e+01 
1.675832e+01 
1.675832e+01 
1.675832e+01 
1.675832e+01 
1.675832e+01 
1.675832e+01 
1.675832e+01 
1.675832e+01 
1.675832e+01 
1.675832e+01 
1.675832e+01 
1.675832e+01 
1.675832e+01 
1.675832e+01 
1.675832e+01 
1.675832e+01 
1.675832e+01 
1.675832e+01 
1.675832e+01 
1.675832e+01 
1.675832e+01 
1.675832e+01 
1.675832e+01 
1.675832e+01 
1.675832e+01 
1.675832e+01 
1.675832e+01 
1.675832e+01 
1.675832e+01 
1.675832e+01 
1.675832e+01 
1.675832e+01 
1.675832e+01 
1.675832e+01 
1.675832e+01 
1.675832e+01 
1.675832e+01 
1.675832e+01 
1.675832e+01 
1.675832e+01 
1.675832e+01 
1.675832e+01 
1.675832e+01 
1.675832e+01 
1.675832e+01 
1.675832e+01 
1.675832e+01 
1.675832e+01 
1.675832e+01 
1.675832e+01 
1.675832e+01 
1.675832e+01 
1.675832e+01 
1.675832e+01 
1.675832e+01 
1.675832e+01 
1.675832e+01 
1.675832e+01 
1.675832e+01 
1.675832e+01 
1.675832e+01 
1.675832e+01 
1.675832e+01 
1.675832e+01 
1.675832e+01 
1.675832e+01 
1.675832e+01 
1.675832e+01 
1.675832e+01 
1.675832e+01 
1.675832e+01 
1.675832e+01 
1.675832e+01 
1.675832e+01 
1.675832e+01 
1.675832e+01 
1.675832e+01 
1.675832e+01 
1.675832e+01 
1.675832e+01 
1.675832e+01 
1.675832e+01 
1.675832e+01 
1.675832e+01 
1.675832e+01 
1.675832e+01 
1.675832e+01 
1.675832e+01 
1.675832e+01 
1.675832e+01 
1.675832e+01 
1.675832e+01 
1.675832e+01 
1.675832e+01 
1.675832e+01 
1.675832e+01 
1.675832e+01 
1.675832e+01 
1.675832e+01 
1.675832e+01 
1.675832e+01 
1.675832e+01 
1.675832e+01 
1.675832e+01 
1.675832e+01 
1.675832e+01 
1.675832e+01 
1.675832e+01 
1.675832e+01 
1.675832e+01 
1.675832e+01 
1.675832e+01 
1.675832e+01 
1.675832e+01 
1.675832e+01 
1.675832e+01 
1.675832e+01 
1.675832e+01 
1.675832e+01 
1.675832e+01 
1.675832e+01 
1.675832e+01 
1.675832e+01 
1.675832e+01 
1.675832e+01 
1.675832e+01 
1.675832e+01 
1.675832e+01 
1.675832e+01 
1.675832e+01 
1.675832e+01 
1.675832e+01 
1.675832e+01 
1.675832e+01 
1.675832e+01 
1.675832e+01 
1.675832e+01 
1.675832e+01 
1.675832e+01 
1.675832e+01 
1.675832e+01 
1.675832e+01 
1.675832e+01 
1.675832e+01 
1.675832e+01 
1.675832e+01 
1.675832e+01 
1.675832e+01 
1.675832e+01 
1.675832e+01 
1.675832e+01 
1.675832e+01 
1.675832e+01 
1.675832e+01 
1.675832e+01 
1.675832e+01 
1.675832e+01 
1.675832e+01 
1.675832e+01 
1.675832e+01 
1.675832e+01 
1.675832e+01 
1.675832e+01 
1.675832e+01 
1.675832e+01 
1.675832e+01 
1.675832e+01 
1.675832e+01 
1.675832e+01 
1.675832e+01 
1.675832e+01 
1.675832e+01 
1.675832e+01 
1.675832e+01 
1.675832e+01 
1.675832e+01 
1.675832e+01 
1.675832e+01 
1.675832e+01 
1.675832e+01 
1.675832e+01 
1.675832e+01 
1.675832e+01 
1.675832e+01 
1.675832e+01 
1.675832e+01 
1.675832e+01 
1.675832e+01 
1.675832e+01 
1.675832e+01 
1.675832e+01 
1.675832e+01 
1.675832e+01 
1.675832e+01 
1.675832e+01 
1.675832e+01 
1.675832e+01 
1.675832e+01 
1.675832e+01 
1.675832e+01 
1.675832e+01 
1.675832e+01 
1.675832e+01 
1.675832e+01 
1.675832e+01 
1.675832e+01 
1.675832e+01 
1.675832e+01 
1.675832e+01 
1.675832e+01 
1.675832e+01 
1.675832e+01 
1.675832e+01 
1.675832e+01 
1.675832e+01 
1.675832e+01 
1.675832e+01 
1.675832e+01 
1.675832e+01 
1.675832e+01 
1.675832e+01 
1.675832e+01 
1.675832e+01 
1.675832e+01 
1.675832e+01 
1.675832e+01 
1.675832e+01 
1.675832e+01 
1.675832e+01 
1.675832e+01 
1.675832e+01 
1.675832e+01 
1.675832e+01 
1.675832e+01 
1.675832e+01 
1.675832e+01 
1.675832e+01 
1.675832e+01 
1.675832e+01 
1.675832e+01 
1.675832e+01 
1.675832e+01 
1.675832e+01 
1.675832e+01 
1.675832e+01 
1.675832e+01 
1.675832e+01 
1.675832e+01 
1.675832e+01 
1.675832e+01 
1.675832e+01 
1.675832e+01 
1.675832e+01 
1.675832e+01 
1.675832e+01 
1.675832e+01 
1.675832e+01 
1.675832e+01 
1.675832e+01 
1.675832e+01 
1.675832e+01 
1.675832e+01 
1.675832e+01 
1.675832e+01 
1.675832e+01 
1.675832e+01 
1.675832e+01 
1.675832e+01 
1.675832e+01 
1.675832e+01 
1.675832e+01 
1.675832e+01 
1.675832e+01 
1.675832e+01 
1.675832e+01 
1.675832e+01 
1.675832e+01 
1.675832e+01 
1.675832e+01 
1.675832e+01 
1.675832e+01 
1.675832e+01 
1.675832e+01 
1.675832e+01 
1.675832e+01 
1.675832e+01 
1.675832e+01 
1.675832e+01 
1.675832e+01 
1.675832e+01 
1.675832e+01 
1.675832e+01 
1.675832e+01 
1.675832e+01 
1.675832e+01 
1.675832e+01 
1.675832e+01 
1.675832e+01 
1.675832e+01 
1.675832e+01 
1.675832e+01 
1.675832e+01 
1.675832e+01 
1.675832e+01 
1.675832e+01 
1.675832e+01 
1.675832e+01 
1.675832e+01 
1.675832e+01 
1.675832e+01 
1.675832e+01 
1.675832e+01 
1.675832e+01 
1.675832e+01 
1.675832e+01 
1.675832e+01 
1.675832e+01 
1.675832e+01 
1.675832e+01 
1.675832e+01 
1.675832e+01 
1.675832e+01 
1.675832e+01 
1.675832e+01 
1.675832e+01 
1.675832e+01 
1.675832e+01 
1.675832e+01 
1.675832e+01 
1.675832e+01 
1.675832e+01 
1.675832e+01 
1.675832e+01 
1.675832e+01 
1.675832e+01 
1.675832e+01 
1.675832e+01 
1.675832e+01 
1.675832e+01 
1.675832e+01 
1.675832e+01 
1.675832e+01 
1.675832e+01 
1.675832e+01 
1.675832e+01 
1.675832e+01 
1.675832e+01 
1.675832e+01 
1.675832e+01 
1.675832e+01 
1.675832e+01 
1.675832e+01 
1.675832e+01 
1.675832e+01 
1.675832e+01 
1.675832e+01 
1.675832e+01 
1.675832e+01 
1.675832e+01 
1.675832e+01 
1.675832e+01 
1.675832e+01 
1.675832e+01 
1.675832e+01 
1.675832e+01 
1.675832e+01 
1.675832e+01 
1.675832e+01 
1.675832e+01 
1.675832e+01 
1.675832e+01 
1.675832e+01 
1.675832e+01 
1.675832e+01 
1.675832e+01 
1.675832e+01 
1.675832e+01 
1.675832e+01 
1.675832e+01 
1.675832e+01 
1.675832e+01 
1.675832e+01 
1.675832e+01 
1.675832e+01 
1.675832e+01 
1.675832e+01 
1.675832e+01 
1.675832e+01 
1.675832e+01 
1.675832e+01 
1.675832e+01 
1.675832e+01 
1.675832e+01 
1.675832e+01 
1.675832e+01 
1.675832e+01 
1.675832e+01 
1.675832e+01 
1.675832e+01 
1.675832e+01 
1.675832e+01 
1.675832e+01 
1.675832e+01 
1.675832e+01 
1.675832e+01 
1.675832e+01 
1.675832e+01 
1.675832e+01 
1.675832e+01 
1.675832e+01 
1.675832e+01 
1.675832e+01 
1.675832e+01 
1.675832e+01 
1.675832e+01 
1.675832e+01 
1.675832e+01 
1.675832e+01 
1.675832e+01 
1.675832e+01 
1.675832e+01 
1.675832e+01 
1.675832e+01 
1.675832e+01 
1.675832e+01 
1.675832e+01 
1.675832e+01 
1.675832e+01 
1.675832e+01 
1.675832e+01 
1.675832e+01 
1.675832e+01 
1.675832e+01 
1.675832e+01 
1.675832e+01 
1.675832e+01 
1.675832e+01 
1.675832e+01 
1.675832e+01 
1.675832e+01 
1.675832e+01 
1.675832e+01 
1.675832e+01 
1.675832e+01 
1.675832e+01 
1.675832e+01 
1.675832e+01 
1.675832e+01 
1.675832e+01 
1.675832e+01 
1.675832e+01 
1.675832e+01 
1.675832e+01 
1.675832e+01 
1.675832e+01 
1.675832e+01 
1.675832e+01 
1.675832e+01 
1.675832e+01 
1.675832e+01 
1.675832e+01 
1.675832e+01 
1.675832e+01 
1.675832e+01 
1.675832e+01 
1.675832e+01 
1.675832e+01 
1.675832e+01 
1.675832e+01 
1.675832e+01 
1.675832e+01 
1.675832e+01 
1.675832e+01 
1.675832e+01 
1.675832e+01 
1.675832e+01 
1.675832e+01 
1.675832e+01 
1.675832e+01 
1.675832e+01 
1.675832e+01 
1.675832e+01 
1.675832e+01 
1.675832e+01 
1.675832e+01 
1.675832e+01 
1.675832e+01 
1.675832e+01 
1.675832e+01 
1.675832e+01 
1.675832e+01 
1.675832e+01 
1.675832e+01 
1.675832e+01 
1.675832e+01 
1.675832e+01 
1.675832e+01 
1.675832e+01 
1.675832e+01 
1.675832e+01 
1.675832e+01 
1.675832e+01 
1.675832e+01 
1.675832e+01 
1.675832e+01 
1.675832e+01 
1.675832e+01 
1.675832e+01 
1.675832e+01 
1.675832e+01 
1.675832e+01 
1.675832e+01 
1.675832e+01 
1.675832e+01 
1.675832e+01 
1.675832e+01 
1.675832e+01 
1.675832e+01 
1.675832e+01 
1.675832e+01 
1.675832e+01 
1.675832e+01 
1.675832e+01 
1.675832e+01 
1.675832e+01 
1.675832e+01 
1.675832e+01 
1.675832e+01 
1.675832e+01 
1.675832e+01 
1.675832e+01 
1.675832e+01 
1.675832e+01 
1.675832e+01 
1.675832e+01 
1.675832e+01 
1.675832e+01 
1.675832e+01 
1.675832e+01 
1.675832e+01 
1.675832e+01 
1.675832e+01 
1.675832e+01 
1.675832e+01 
1.675832e+01 
1.675832e+01 
1.675832e+01 
1.675832e+01 
1.675832e+01 
1.675832e+01 
1.675832e+01 
1.675832e+01 
1.675832e+01 
1.675832e+01 
1.675832e+01 
1.675832e+01 
1.675832e+01 
1.675832e+01 
1.675832e+01 
1.675832e+01 
1.675832e+01 
1.675832e+01 
1.675832e+01 
1.675832e+01 
1.675832e+01 
1.675832e+01 
1.675832e+01 
1.675832e+01 
1.675832e+01 
1.675832e+01 
1.675832e+01 
1.675832e+01 
1.675832e+01 
1.675832e+01 
1.675832e+01 
1.675832e+01 
1.675832e+01 
1.675832e+01 
1.675832e+01 
1.675832e+01 
1.675832e+01 
1.675832e+01 
1.675832e+01 
1.675832e+01 
1.675832e+01 
1.675832e+01 
1.675832e+01 
1.675832e+01 
1.675832e+01 
1.675832e+01 
1.675832e+01 
1.675832e+01 
1.675832e+01 
1.675832e+01 
1.675832e+01 
1.675832e+01 
1.675832e+01 
1.675832e+01 
1.675832e+01 
1.675832e+01 
1.675832e+01 
1.675832e+01 
1.675832e+01 
1.675832e+01 
1.675832e+01 
1.675832e+01 
1.675832e+01 
1.675832e+01 
1.675832e+01 
1.675832e+01 
1.675832e+01 
1.675832e+01 
1.675832e+01 
1.675832e+01 
1.675832e+01 
1.675832e+01 
1.675832e+01 
1.675832e+01 
1.675832e+01 
1.675832e+01 
1.675832e+01 
1.675832e+01 
1.675832e+01 
1.675832e+01 
1.675832e+01 
1.675832e+01 
1.675832e+01 
1.675832e+01 
1.675832e+01 
1.675832e+01 
1.675832e+01 
1.675832e+01 
1.675832e+01 
1.675832e+01 
1.675832e+01 
1.675832e+01 
1.675832e+01 
1.675832e+01 
1.675832e+01 
1.675832e+01 
1.675832e+01 
1.675832e+01 
1.675832e+01 
1.675832e+01 
1.675832e+01 
1.675832e+01 
1.675832e+01 
1.675832e+01 
1.675832e+01 
1.675832e+01 
1.675832e+01 
1.675832e+01 
1.675832e+01 
1.675832e+01 
1.675832e+01 
1.675832e+01 
1.675832e+01 
1.675832e+01 
1.675832e+01 
1.675832e+01 
1.675832e+01 
1.675832e+01 
1.675832e+01 
1.675832e+01 
1.675832e+01 
1.675832e+01 
1.675832e+01 
1.675832e+01 
1.675832e+01 
1.675832e+01 
1.675832e+01 
1.675832e+01 
1.675832e+01 
1.675832e+01 
1.675832e+01 
1.675832e+01 
1.675832e+01 
1.675832e+01 
1.675832e+01 
1.675832e+01 
1.675832e+01 
1.675832e+01 
1.675832e+01 
1.675832e+01 
1.675832e+01 
1.675832e+01 
1.675832e+01 
1.675832e+01 
1.675832e+01 
1.675832e+01 
1.675832e+01 
1.675832e+01 
1.675832e+01 
1.675832e+01 
1.675832e+01 
1.675832e+01 
1.675832e+01 
1.675832e+01 
1.675832e+01 
1.675832e+01 
1.675832e+01 
1.675832e+01 
1.675832e+01 
1.675832e+01 
1.675832e+01 
1.675832e+01 
1.675832e+01 
1.675832e+01 
1.675832e+01 
1.675832e+01 
1.675832e+01 
1.675832e+01 
1.675832e+01 
1.675832e+01 
1.675832e+01 
1.675832e+01 
1.675832e+01 
1.675832e+01 
1.675832e+01 
1.675832e+01 
1.675832e+01 
1.675832e+01 
1.675832e+01 
1.675832e+01 
1.675832e+01 
1.675832e+01 
1.675832e+01 
1.675832e+01 
1.675832e+01 
1.675832e+01 
1.675832e+01 
1.675832e+01 
1.675832e+01 
1.675832e+01 
1.675832e+01 
1.675832e+01 
1.675832e+01 
1.675832e+01 
1.675832e+01 
1.675832e+01 
1.675832e+01 
1.675832e+01 
1.675832e+01 
1.675832e+01 
1.675832e+01 
1.675832e+01 
1.675832e+01 
1.675832e+01 
1.675832e+01 
1.675832e+01 
1.675832e+01 
1.675832e+01 
1.675832e+01 
1.675832e+01 
1.675832e+01 
1.675832e+01 
1.675832e+01 
1.675832e+01 
1.675832e+01 
1.675832e+01 
1.675832e+01 
1.675832e+01 
1.675832e+01 
1.675832e+01 
1.675832e+01 
1.675832e+01 
1.675832e+01 
1.675832e+01 
1.675832e+01 
1.675832e+01 
1.675832e+01 
1.675832e+01 
1.675832e+01 
1.675832e+01 
1.675832e+01 
1.675832e+01 
1.675832e+01 
1.675832e+01 
1.675832e+01 
1.675832e+01 
1.675832e+01 
1.675832e+01 
1.675832e+01 
1.675832e+01 
1.675832e+01 
1.675832e+01 
1.675832e+01 
1.675832e+01 
1.675832e+01 
1.675832e+01 
1.675832e+01 
1.675832e+01 
1.675832e+01 
1.675832e+01 
1.675832e+01 
1.675832e+01 
1.675832e+01 
1.675832e+01 
1.675832e+01 
1.675832e+01 
1.675832e+01 
1.675832e+01 
1.675832e+01 
1.675832e+01 
1.675832e+01 
1.675832e+01 
1.675832e+01 
1.675832e+01 
1.675832e+01 
1.675832e+01 
1.675832e+01 
1.675832e+01 
1.675832e+01 
1.675832e+01 
1.675832e+01 
1.675832e+01 
1.675832e+01 
1.675832e+01 
1.675832e+01 
1.675832e+01 
1.675832e+01 
1.675832e+01 
1.675832e+01 
1.675832e+01 
1.675832e+01 
1.675832e+01 
1.675832e+01 
1.675832e+01 
1.675832e+01 
1.675832e+01 
1.675832e+01 
1.675832e+01 
1.675832e+01 
1.675832e+01 
1.675832e+01 
1.675832e+01 
1.675832e+01 
1.675832e+01 
1.675832e+01 
1.675832e+01 
1.675832e+01 
1.675832e+01 
1.675832e+01 
1.675832e+01 
1.675832e+01 
1.675832e+01 
1.675832e+01 
1.675832e+01 
1.675832e+01 
1.675832e+01 
1.675832e+01 
1.675832e+01 
1.675832e+01 
1.675832e+01 
1.675832e+01 
1.675832e+01 
1.675832e+01 
1.675832e+01 
1.675832e+01 
1.675832e+01 
1.675832e+01 
1.675832e+01 
1.675832e+01 
1.675832e+01 
1.675832e+01 
1.675832e+01 
1.675832e+01 
1.675832e+01 
1.675832e+01 
1.675832e+01 
1.675832e+01 
1.675832e+01 
1.675832e+01 
1.675832e+01 
1.675832e+01 
1.675832e+01 
1.675832e+01 
1.675832e+01 
1.675832e+01 
1.675832e+01 
1.675832e+01 
1.675832e+01 
1.675832e+01 
1.675832e+01 
1.675832e+01 
1.675832e+01 
1.675832e+01 
1.675832e+01 
1.675832e+01 
1.675832e+01 
1.675832e+01 
1.675832e+01 
1.675832e+01 
1.675832e+01 
1.675832e+01 
1.675832e+01 
1.675832e+01 
1.675832e+01 
1.675832e+01 
1.675832e+01 
1.675832e+01 
1.675832e+01 
1.675832e+01 
1.675832e+01 
1.675832e+01 
1.675832e+01 
1.675832e+01 
1.675832e+01 
1.675832e+01 
1.675832e+01 
1.675832e+01 
1.675832e+01 
1.675832e+01 
1.675832e+01 
1.675832e+01 
1.675832e+01 
1.675832e+01 
1.675832e+01 
1.675832e+01 
1.675832e+01 
1.675832e+01 
1.675832e+01 
1.675832e+01 
1.675832e+01 
1.675832e+01 
1.675832e+01 
1.675832e+01 
1.675832e+01 
1.675832e+01 
1.675832e+01 
1.675832e+01 
1.675832e+01 
1.675832e+01 
1.675832e+01 
1.675832e+01 
1.675832e+01 
1.675832e+01 
1.675832e+01 
1.675832e+01 
1.675832e+01 
1.675832e+01 
1.675832e+01 
1.675832e+01 
1.675832e+01 
1.675832e+01 
1.675832e+01 
1.675832e+01 
1.675832e+01 
1.675832e+01 
1.675832e+01 
1.675832e+01 
1.675832e+01 
1.675832e+01 
1.675832e+01 
1.675832e+01 
1.675832e+01 
1.675832e+01 
1.675832e+01 
1.675832e+01 
1.675832e+01 
1.675832e+01 
1.675832e+01 
1.675832e+01 
1.675832e+01 
1.675832e+01 
1.675832e+01 
1.675832e+01 
1.675832e+01 
1.675832e+01 
1.675832e+01 
1.675832e+01 
1.675832e+01 
1.675832e+01 
1.675832e+01 
1.675832e+01 
1.675832e+01 
1.675832e+01 
1.675832e+01 
1.675832e+01 
1.675832e+01 
1.675832e+01 
1.675832e+01 
1.675832e+01 
1.675832e+01 
1.675832e+01 
1.675832e+01 
1.675832e+01 
1.675832e+01 
1.675832e+01 
1.675832e+01 
1.675832e+01 
1.675832e+01 
1.675832e+01 
1.675832e+01 
1.675832e+01 
1.675832e+01 
1.675832e+01 
1.675832e+01 
1.675832e+01 
1.675832e+01 
1.675832e+01 
1.675832e+01 
1.675832e+01 
1.675832e+01 
1.675832e+01 
1.675832e+01 
1.675832e+01 
1.675832e+01 
1.675832e+01 
1.675832e+01 
1.675832e+01 
1.675832e+01 
1.675832e+01 
1.675832e+01 
1.675832e+01 
1.675832e+01 
1.675832e+01 
1.675832e+01 
1.675832e+01 
1.675832e+01 
1.675832e+01 
1.675832e+01 
1.675832e+01 
1.675832e+01 
1.675832e+01 
1.675832e+01 
1.675832e+01 
1.675832e+01 
1.675832e+01 
1.675832e+01 
1.675832e+01 
1.675832e+01 
1.675832e+01 
1.675832e+01 
1.675832e+01 
1.675832e+01 
1.675832e+01 
1.675832e+01 
1.675832e+01 
1.675832e+01 
1.675832e+01 
1.675832e+01 
1.675832e+01 
1.675832e+01 
1.675832e+01 
1.675832e+01 
1.675832e+01 
1.675832e+01 
1.675832e+01 
1.675832e+01 
1.675832e+01 
1.675832e+01 
1.675832e+01 
1.675832e+01 
1.675832e+01 
1.675832e+01 
1.675832e+01 
1.675832e+01 
1.675832e+01 
1.675832e+01 
1.675832e+01 
1.675832e+01 
1.675832e+01 
1.675832e+01 
1.675832e+01 
1.675832e+01 
1.675832e+01 
1.675832e+01 
1.675832e+01 
1.675832e+01 
1.675832e+01 
1.675832e+01 
1.675832e+01 
1.675832e+01 
1.675832e+01 
1.675832e+01 
1.675832e+01 
1.675832e+01 
1.675832e+01 
1.675832e+01 
1.675832e+01 
1.675832e+01 
1.675832e+01 
1.675832e+01 
1.675832e+01 
1.675832e+01 
1.675832e+01 
1.675832e+01 
1.675832e+01 
1.675832e+01 
1.675832e+01 
1.675832e+01 
1.675832e+01 
1.675832e+01 
1.675832e+01 
1.675832e+01 
1.675832e+01 
1.675832e+01 
1.675832e+01 
1.675832e+01 
1.675832e+01 
1.675832e+01 
1.675832e+01 
1.675832e+01 
1.675832e+01 
1.675832e+01 
1.675832e+01 
1.675832e+01 
1.675832e+01 
1.675832e+01 
1.675832e+01 
1.675832e+01 
1.675832e+01 
1.675832e+01 
1.675832e+01 
1.675832e+01 
1.675832e+01 
1.675832e+01 
1.675832e+01 
1.675832e+01 
1.675832e+01 
1.675832e+01 
1.675832e+01 
1.675832e+01 
1.675832e+01 
1.675832e+01 
1.675832e+01 
1.675832e+01 
1.675832e+01 
1.675832e+01 
1.675832e+01 
1.675832e+01 
1.675832e+01 
1.675832e+01 
1.675832e+01 
1.675832e+01 
1.675832e+01 
1.675832e+01 
1.675832e+01 
1.675832e+01 
1.675832e+01 
1.675832e+01 
1.675832e+01 
1.675832e+01 
1.675832e+01 
1.675832e+01 
1.675832e+01 
1.675832e+01 
1.675832e+01 
1.675832e+01 
1.675832e+01 
1.675832e+01 
1.675832e+01 
1.675832e+01 
1.675832e+01 
1.675832e+01 
1.675832e+01 
1.675832e+01 
1.675832e+01 
1.675832e+01 
1.675832e+01 
1.675832e+01 
1.675832e+01 
1.675832e+01 
1.675832e+01 
1.675832e+01 
1.675832e+01 
1.675832e+01 
1.675832e+01 
1.675832e+01 
1.675832e+01 
1.675832e+01 
1.675832e+01 
1.675832e+01 
1.675832e+01 
1.675832e+01 
1.675832e+01 
1.675832e+01 
1.675832e+01 
1.675832e+01 
1.675832e+01 
1.675832e+01 
1.675832e+01 
1.675832e+01 
1.675832e+01 
1.675832e+01 
1.675832e+01 
1.675832e+01 
1.675832e+01 
1.675832e+01 
1.675832e+01 
1.675832e+01 
1.675832e+01 
1.675832e+01 
1.675832e+01 
1.675832e+01 
1.675832e+01 
1.675832e+01 
1.675832e+01 
1.675832e+01 
1.675832e+01 
1.675832e+01 
1.675832e+01 
1.675832e+01 
1.675832e+01 
1.675832e+01 
1.675832e+01 
1.675832e+01 
1.675832e+01 
1.675832e+01 
1.675832e+01 
1.675832e+01 
1.675832e+01 
1.675832e+01 
1.675832e+01 
1.675832e+01 
1.675832e+01 
1.675832e+01 
1.675832e+01 
1.675832e+01 
1.675832e+01 
1.675832e+01 
1.675832e+01 
1.675832e+01 
1.675832e+01 
1.675832e+01 
1.675832e+01 
1.675832e+01 
1.675832e+01 
1.675832e+01 
1.675832e+01 
1.675832e+01 
1.675832e+01 
1.675832e+01 
1.675832e+01 
1.675832e+01 
1.675832e+01 
1.675832e+01 
1.675832e+01 
1.675832e+01 
1.675832e+01 
1.675832e+01 
1.675832e+01 
1.675832e+01 
1.675832e+01 
1.675832e+01 
1.675832e+01 
1.675832e+01 
1.675832e+01 
1.675832e+01 
1.675832e+01 
1.675832e+01 
1.675832e+01 
1.675832e+01 
1.675832e+01 
1.675832e+01 
1.675832e+01 
1.675832e+01 
1.675832e+01 
1.675832e+01 
1.675832e+01 
1.675832e+01 
1.675832e+01 
1.675832e+01 
1.675832e+01 
1.675832e+01 
1.675832e+01 
1.675832e+01 
1.675832e+01 
1.675832e+01 
1.675832e+01 
1.675832e+01 
1.675832e+01 
1.675832e+01 
1.675832e+01 
1.675832e+01 
1.675832e+01 
1.675832e+01 
1.675832e+01 
1.675832e+01 
1.675832e+01 
1.675832e+01 
1.675832e+01 
1.675832e+01 
1.675832e+01 
1.675832e+01 
1.675832e+01 
1.675832e+01 
1.675832e+01 
1.675832e+01 
1.675832e+01 
1.675832e+01 
1.675832e+01 
1.675832e+01 
1.675832e+01 
1.675832e+01 
1.675832e+01 
1.675832e+01 
1.675832e+01 
1.675832e+01 
1.675832e+01 
1.675832e+01 
1.675832e+01 
1.675832e+01 
1.675832e+01 
1.675832e+01 
1.675832e+01 
1.675832e+01 
1.675832e+01 
1.675832e+01 
1.675832e+01 
1.675832e+01 
1.675832e+01 
1.675832e+01 
1.675832e+01 
1.675832e+01 
1.675832e+01 
1.675832e+01 
1.675832e+01 
1.675832e+01 
1.675832e+01 
1.675832e+01 
1.675832e+01 
1.675832e+01 
1.675832e+01 
1.675832e+01 
1.675832e+01 
1.675832e+01 
1.675832e+01 
1.675832e+01 
1.675832e+01 
1.675832e+01 
1.675832e+01 
1.675832e+01 
1.675832e+01 
1.675832e+01 
1.675832e+01 
1.675832e+01 
1.675832e+01 
1.675832e+01 
1.675832e+01 
1.675832e+01 
1.675832e+01 
1.675832e+01 
1.675832e+01 
1.675832e+01 
1.675832e+01 
1.675832e+01 
1.675832e+01 
1.675832e+01 
1.675832e+01 
1.675832e+01 
1.675832e+01 
1.675832e+01 
1.675832e+01 
1.675832e+01 
1.675832e+01 
1.675832e+01 
1.675832e+01 
1.675832e+01 
1.675832e+01 
1.675832e+01 
1.675832e+01 
1.675832e+01 
1.675832e+01 
1.675832e+01 
1.675832e+01 
1.675832e+01 
1.675832e+01 
1.675832e+01 
1.675832e+01 
1.675832e+01 
1.675832e+01 
1.675832e+01 
1.675832e+01 
1.675832e+01 
1.675832e+01 
1.675832e+01 
1.675832e+01 
1.675832e+01 
1.675832e+01 
1.675832e+01 
1.675832e+01 
1.675832e+01 
1.675832e+01 
1.675832e+01 
1.675832e+01 
1.675832e+01 
1.675832e+01 
1.675832e+01 
1.675832e+01 
1.675832e+01 
1.675832e+01 
1.675832e+01 
1.675832e+01 
1.675832e+01 
1.675832e+01 
1.675832e+01 
1.675832e+01 
1.675832e+01 
1.675832e+01 
1.675832e+01 
1.675832e+01 
1.675832e+01 
1.675832e+01 
1.675832e+01 
1.675832e+01 
1.675832e+01 
1.675832e+01 
1.675832e+01 
1.675832e+01 
1.675832e+01 
1.675832e+01 
1.675832e+01 
1.675832e+01 
1.675832e+01 
1.675832e+01 
1.675832e+01 
1.675832e+01 
1.675832e+01 
1.675832e+01 
1.675832e+01 
1.675832e+01 
1.675832e+01 
1.675832e+01 
1.675832e+01 
1.675832e+01 
1.675832e+01 
1.675832e+01 
1.675832e+01 
1.675832e+01 
1.675832e+01 
1.675832e+01 
1.675832e+01 
1.675832e+01 
1.675832e+01 
1.675832e+01 
1.675832e+01 
1.675832e+01 
1.675832e+01 
1.675832e+01 
1.675832e+01 
1.675832e+01 
1.675832e+01 
1.675832e+01 
1.675832e+01 
1.675832e+01 
1.675832e+01 
1.675832e+01 
1.675832e+01 
1.675832e+01 
1.675832e+01 
1.675832e+01 
1.675832e+01 
1.675832e+01 
1.675832e+01 
1.675832e+01 
1.675832e+01 
1.675832e+01 
1.675832e+01 
1.675832e+01 
1.675832e+01 
1.675832e+01 
1.675832e+01 
1.675832e+01 
1.675832e+01 
1.675832e+01 
1.675832e+01 
1.675832e+01 
1.675832e+01 
1.675832e+01 
1.675832e+01 
1.675832e+01 
1.675832e+01 
1.675832e+01 
1.675832e+01 
1.675832e+01 
1.675832e+01 
1.675832e+01 
1.675832e+01 
1.675832e+01 
1.675832e+01 
1.675832e+01 
1.675832e+01 
1.675832e+01 
1.675832e+01 
1.675832e+01 
1.675832e+01 
1.675832e+01 
1.675832e+01 
1.675832e+01 
1.675832e+01 
1.675832e+01 
1.675832e+01 
1.675832e+01 
1.675832e+01 
1.675832e+01 
1.675832e+01 
1.675832e+01 
1.675832e+01 
1.675832e+01 
1.675832e+01 
1.675832e+01 
1.675832e+01 
1.675832e+01 
1.675832e+01 
1.675832e+01 
1.675832e+01 
1.675832e+01 
1.675832e+01 
1.675832e+01 
1.675832e+01 
1.675832e+01 
1.675832e+01 
1.675832e+01 
1.675832e+01 
1.675832e+01 
1.675832e+01 
1.675832e+01 
1.675832e+01 
1.675832e+01 
1.675832e+01 
1.675832e+01 
1.675832e+01 
1.675832e+01 
1.675832e+01 
1.675832e+01 
1.675832e+01 
1.675832e+01 
1.675832e+01 
1.675832e+01 
1.675832e+01 
1.675832e+01 
1.675832e+01 
1.675832e+01 
1.675832e+01 
1.675832e+01 
1.675832e+01 
1.675832e+01 
1.675832e+01 
1.675832e+01 
1.675832e+01 
1.675832e+01 
1.675832e+01 
1.675832e+01 
1.675832e+01 
1.675832e+01 
1.675832e+01 
1.675832e+01 
1.675832e+01 
1.675832e+01 
1.675832e+01 
1.675832e+01 
1.675832e+01 
1.675832e+01 
1.675832e+01 
1.675832e+01 
1.675832e+01 
1.675832e+01 
1.675832e+01 
1.675832e+01 
1.675832e+01 
1.675832e+01 
1.675832e+01 
1.675832e+01 
1.675832e+01 
1.675832e+01 
1.675832e+01 
1.675832e+01 
1.675832e+01 
1.675832e+01 
1.675832e+01 
1.675832e+01 
1.675832e+01 
