2.524740e+03 
1.682785e+03 
1.114456e+03 
1.114456e+03 
1.114456e+03 
9.558903e+02 
9.558903e+02 
5.521407e+02 
5.521407e+02 
5.521407e+02 
5.378882e+02 
5.378882e+02 
5.378882e+02 
5.378882e+02 
5.174416e+02 
5.174416e+02 
5.174416e+02 
4.513457e+02 
4.104522e+02 
3.756419e+02 
3.756419e+02 
3.222022e+02 
3.222022e+02 
3.082034e+02 
2.931694e+02 
2.931694e+02 
2.931694e+02 
2.394728e+02 
2.394728e+02 
2.158582e+02 
7.002087e+01 
7.002087e+01 
7.002087e+01 
5.737426e+01 
5.574613e+01 
5.574613e+01 
5.492456e+01 
5.081853e+01 
5.081853e+01 
4.389078e+01 
4.389078e+01 
4.128946e+01 
3.654933e+01 
3.601895e+01 
3.601895e+01 
3.437790e+01 
3.437790e+01 
3.437790e+01 
3.437790e+01 
3.437790e+01 
3.437790e+01 
3.437790e+01 
3.430827e+01 
3.375271e+01 
3.375271e+01 
3.375271e+01 
3.317719e+01 
3.296621e+01 
3.287152e+01 
3.277589e+01 
3.277589e+01 
3.275150e+01 
3.264433e+01 
3.263775e+01 
3.263775e+01 
3.262542e+01 
3.257487e+01 
3.257487e+01 
3.247579e+01 
3.242055e+01 
3.238857e+01 
3.233792e+01 
3.233257e+01 
3.232681e+01 
3.232681e+01 
3.232026e+01 
3.232026e+01 
3.231763e+01 
3.231629e+01 
3.231463e+01 
3.231463e+01 
3.231463e+01 
3.231463e+01 
3.231040e+01 
3.231040e+01 
3.230920e+01 
3.230848e+01 
3.230216e+01 
3.229481e+01 
3.229481e+01 
3.229426e+01 
3.229406e+01 
3.229406e+01 
3.229362e+01 
3.229213e+01 
3.229171e+01 
3.229171e+01 
3.229168e+01 
3.229080e+01 
3.229080e+01 
3.229069e+01 
3.229017e+01 
3.229017e+01 
3.229017e+01 
3.229008e+01 
3.229006e+01 
3.228958e+01 
3.228935e+01 
3.228935e+01 
3.228935e+01 
3.228934e+01 
3.228934e+01 
3.228934e+01 
3.228931e+01 
3.228928e+01 
3.228927e+01 
3.228927e+01 
3.228926e+01 
3.228925e+01 
3.228923e+01 
3.228923e+01 
3.228921e+01 
3.228920e+01 
3.228920e+01 
3.228919e+01 
3.228919e+01 
3.228919e+01 
3.228919e+01 
3.228919e+01 
3.228917e+01 
3.228917e+01 
3.228917e+01 
3.228917e+01 
3.228917e+01 
3.228917e+01 
3.228917e+01 
3.228917e+01 
3.228917e+01 
3.228917e+01 
3.228917e+01 
3.228917e+01 
3.228917e+01 
3.228917e+01 
3.228917e+01 
3.228917e+01 
3.228917e+01 
3.228917e+01 
3.228917e+01 
3.228917e+01 
3.228917e+01 
3.228917e+01 
3.228917e+01 
3.228917e+01 
3.228917e+01 
3.228917e+01 
3.228917e+01 
3.228917e+01 
3.228917e+01 
3.228917e+01 
3.228917e+01 
3.228917e+01 
3.228917e+01 
3.228917e+01 
3.228917e+01 
3.228917e+01 
3.228917e+01 
3.228917e+01 
3.228917e+01 
3.228917e+01 
3.228917e+01 
3.228917e+01 
3.228917e+01 
3.228917e+01 
3.228917e+01 
3.228917e+01 
3.228917e+01 
3.228917e+01 
3.228917e+01 
3.228917e+01 
3.228917e+01 
3.228917e+01 
3.228917e+01 
3.228917e+01 
3.228917e+01 
3.228917e+01 
3.228917e+01 
3.228917e+01 
3.228917e+01 
3.228917e+01 
3.228917e+01 
3.228917e+01 
3.228917e+01 
3.228917e+01 
3.228917e+01 
3.228917e+01 
3.228917e+01 
3.228917e+01 
3.228917e+01 
3.228917e+01 
3.228917e+01 
3.228917e+01 
3.228917e+01 
3.228917e+01 
3.228917e+01 
3.228917e+01 
3.228917e+01 
3.228917e+01 
3.228917e+01 
3.228917e+01 
3.228917e+01 
3.228917e+01 
3.228917e+01 
3.228917e+01 
3.228917e+01 
3.228917e+01 
3.228917e+01 
3.228917e+01 
3.228917e+01 
3.228917e+01 
3.228917e+01 
3.228917e+01 
3.228917e+01 
3.228917e+01 
3.228917e+01 
3.228917e+01 
3.228917e+01 
3.228917e+01 
3.228917e+01 
3.228917e+01 
3.228917e+01 
3.228917e+01 
3.228917e+01 
3.228917e+01 
3.228917e+01 
3.228917e+01 
3.228917e+01 
3.228917e+01 
3.228917e+01 
3.228917e+01 
3.228917e+01 
3.228917e+01 
3.228917e+01 
3.228917e+01 
3.228917e+01 
3.228917e+01 
3.228917e+01 
3.228917e+01 
3.228917e+01 
3.228917e+01 
3.228917e+01 
3.228917e+01 
3.228917e+01 
3.228917e+01 
3.228917e+01 
3.228917e+01 
3.228917e+01 
3.228917e+01 
3.228917e+01 
3.228917e+01 
3.228917e+01 
3.228917e+01 
3.228917e+01 
3.228917e+01 
3.228917e+01 
3.228917e+01 
3.228917e+01 
3.228917e+01 
3.228917e+01 
3.228917e+01 
3.228917e+01 
3.228917e+01 
3.228917e+01 
3.228917e+01 
3.228917e+01 
3.228917e+01 
3.228917e+01 
3.228917e+01 
3.228917e+01 
3.228917e+01 
3.228917e+01 
3.228917e+01 
3.228917e+01 
3.228917e+01 
3.228917e+01 
3.228917e+01 
3.228917e+01 
3.228917e+01 
3.228917e+01 
3.228917e+01 
3.228917e+01 
3.228917e+01 
3.228917e+01 
3.228917e+01 
3.228917e+01 
3.228917e+01 
3.228917e+01 
3.228917e+01 
3.228917e+01 
3.228917e+01 
3.228917e+01 
3.228917e+01 
3.228917e+01 
3.228917e+01 
3.228917e+01 
3.228917e+01 
3.228917e+01 
3.228917e+01 
3.228917e+01 
3.228917e+01 
3.228917e+01 
3.228917e+01 
3.228917e+01 
3.228917e+01 
3.228917e+01 
3.228917e+01 
3.228917e+01 
3.228917e+01 
3.228917e+01 
3.228917e+01 
3.228917e+01 
3.228917e+01 
3.228917e+01 
3.228917e+01 
3.228917e+01 
3.228917e+01 
3.228917e+01 
3.228917e+01 
3.228917e+01 
3.228917e+01 
3.228917e+01 
3.228917e+01 
3.228917e+01 
3.228917e+01 
3.228917e+01 
3.228917e+01 
3.228917e+01 
3.228917e+01 
3.228917e+01 
3.228917e+01 
3.228917e+01 
3.228917e+01 
3.228917e+01 
3.228917e+01 
3.228917e+01 
3.228917e+01 
3.228917e+01 
3.228917e+01 
3.228917e+01 
3.228917e+01 
3.228917e+01 
3.228917e+01 
3.228917e+01 
3.228917e+01 
3.228917e+01 
3.228917e+01 
3.228917e+01 
3.228917e+01 
3.228917e+01 
3.228917e+01 
3.228917e+01 
3.228917e+01 
3.228917e+01 
3.228917e+01 
3.228917e+01 
3.228917e+01 
3.228917e+01 
3.228917e+01 
3.228917e+01 
3.228917e+01 
3.228917e+01 
3.228917e+01 
3.228917e+01 
3.228917e+01 
3.228917e+01 
3.228917e+01 
3.228917e+01 
3.228917e+01 
3.228917e+01 
3.228917e+01 
3.228917e+01 
3.228917e+01 
3.228917e+01 
3.228917e+01 
3.228917e+01 
3.228917e+01 
3.228917e+01 
3.228917e+01 
3.228917e+01 
3.228917e+01 
3.228917e+01 
3.228917e+01 
3.228917e+01 
3.228917e+01 
3.228917e+01 
3.228917e+01 
3.228917e+01 
3.228917e+01 
3.228917e+01 
3.228917e+01 
3.228917e+01 
3.228917e+01 
3.228917e+01 
3.228917e+01 
3.228917e+01 
3.228917e+01 
3.228917e+01 
3.228917e+01 
3.228917e+01 
3.228917e+01 
3.228917e+01 
3.228917e+01 
3.228917e+01 
3.228917e+01 
3.228917e+01 
3.228917e+01 
3.228917e+01 
3.228917e+01 
3.228917e+01 
3.228917e+01 
3.228917e+01 
3.228917e+01 
3.228917e+01 
3.228917e+01 
3.228917e+01 
3.228917e+01 
3.228917e+01 
3.228917e+01 
3.228917e+01 
3.228917e+01 
3.228917e+01 
3.228917e+01 
3.228917e+01 
3.228917e+01 
3.228917e+01 
3.228917e+01 
3.228917e+01 
3.228917e+01 
3.228917e+01 
3.228917e+01 
3.228917e+01 
3.228917e+01 
3.228917e+01 
3.228917e+01 
3.228917e+01 
3.228917e+01 
3.228917e+01 
3.228917e+01 
3.228917e+01 
3.228917e+01 
3.228917e+01 
3.228917e+01 
3.228917e+01 
3.228917e+01 
3.228917e+01 
3.228917e+01 
3.228917e+01 
3.228917e+01 
3.228917e+01 
3.228917e+01 
3.228917e+01 
3.228917e+01 
3.228917e+01 
3.228917e+01 
3.228917e+01 
3.228917e+01 
3.228917e+01 
3.228917e+01 
3.228917e+01 
3.228917e+01 
3.228917e+01 
3.228917e+01 
3.228917e+01 
3.228917e+01 
3.228917e+01 
3.228917e+01 
3.228917e+01 
3.228917e+01 
3.228917e+01 
3.228917e+01 
3.228917e+01 
3.228917e+01 
3.228917e+01 
3.228917e+01 
3.228917e+01 
3.228917e+01 
3.228917e+01 
3.228917e+01 
3.228917e+01 
3.228917e+01 
3.228917e+01 
3.228917e+01 
3.228917e+01 
3.228917e+01 
3.228917e+01 
3.228917e+01 
3.228917e+01 
3.228917e+01 
3.228917e+01 
3.228917e+01 
3.228917e+01 
3.228917e+01 
3.228917e+01 
3.228917e+01 
3.228917e+01 
3.228917e+01 
3.228917e+01 
3.228917e+01 
3.228917e+01 
3.228917e+01 
3.228917e+01 
3.228917e+01 
3.228917e+01 
3.228917e+01 
3.228917e+01 
3.228917e+01 
3.228917e+01 
3.228917e+01 
3.228917e+01 
3.228917e+01 
3.228917e+01 
3.228917e+01 
3.228917e+01 
3.228917e+01 
3.228917e+01 
3.228917e+01 
3.228917e+01 
3.228917e+01 
3.228917e+01 
3.228917e+01 
3.228917e+01 
3.228917e+01 
3.228917e+01 
3.228917e+01 
3.228917e+01 
3.228917e+01 
3.228917e+01 
3.228917e+01 
3.228917e+01 
3.228917e+01 
3.228917e+01 
3.228917e+01 
3.228917e+01 
3.228917e+01 
3.228917e+01 
3.228917e+01 
3.228917e+01 
3.228917e+01 
3.228917e+01 
3.228917e+01 
3.228917e+01 
3.228917e+01 
3.228917e+01 
3.228917e+01 
3.228917e+01 
3.228917e+01 
3.228917e+01 
3.228917e+01 
3.228917e+01 
3.228917e+01 
3.228917e+01 
3.228917e+01 
3.228917e+01 
3.228917e+01 
3.228917e+01 
3.228917e+01 
3.228917e+01 
3.228917e+01 
3.228917e+01 
3.228917e+01 
3.228917e+01 
3.228917e+01 
3.228917e+01 
3.228917e+01 
3.228917e+01 
3.228917e+01 
3.228917e+01 
3.228917e+01 
3.228917e+01 
3.228917e+01 
3.228917e+01 
3.228917e+01 
3.228917e+01 
3.228917e+01 
3.228917e+01 
3.228917e+01 
3.228917e+01 
3.228917e+01 
3.228917e+01 
3.228917e+01 
3.228917e+01 
3.228917e+01 
3.228917e+01 
3.228917e+01 
3.228917e+01 
3.228917e+01 
3.228917e+01 
3.228917e+01 
3.228917e+01 
3.228917e+01 
3.228917e+01 
3.228917e+01 
3.228917e+01 
3.228917e+01 
3.228917e+01 
3.228917e+01 
3.228917e+01 
3.228917e+01 
3.228917e+01 
3.228917e+01 
3.228917e+01 
3.228917e+01 
3.228917e+01 
3.228917e+01 
3.228917e+01 
3.228917e+01 
3.228917e+01 
3.228917e+01 
3.228917e+01 
3.228917e+01 
3.228917e+01 
3.228917e+01 
3.228917e+01 
3.228917e+01 
3.228917e+01 
3.228917e+01 
3.228917e+01 
3.228917e+01 
3.228917e+01 
3.228917e+01 
3.228917e+01 
3.228917e+01 
3.228917e+01 
3.228917e+01 
3.228917e+01 
3.228917e+01 
3.228917e+01 
3.228917e+01 
3.228917e+01 
3.228917e+01 
3.228917e+01 
3.228917e+01 
3.228917e+01 
3.228917e+01 
3.228917e+01 
3.228917e+01 
3.228917e+01 
3.228917e+01 
3.228917e+01 
3.228917e+01 
3.228917e+01 
3.228917e+01 
3.228917e+01 
3.228917e+01 
3.228917e+01 
3.228917e+01 
3.228917e+01 
3.228917e+01 
3.228917e+01 
3.228917e+01 
3.228917e+01 
3.228917e+01 
3.228917e+01 
3.228917e+01 
3.228917e+01 
3.228917e+01 
3.228917e+01 
3.228917e+01 
3.228917e+01 
3.228917e+01 
3.228917e+01 
3.228917e+01 
3.228917e+01 
3.228917e+01 
3.228917e+01 
3.228917e+01 
3.228917e+01 
3.228917e+01 
3.228917e+01 
3.228917e+01 
3.228917e+01 
3.228917e+01 
3.228917e+01 
3.228917e+01 
3.228917e+01 
3.228917e+01 
3.228917e+01 
3.228917e+01 
3.228917e+01 
3.228917e+01 
3.228917e+01 
3.228917e+01 
3.228917e+01 
3.228917e+01 
3.228917e+01 
3.228917e+01 
3.228917e+01 
3.228917e+01 
3.228917e+01 
3.228917e+01 
3.228917e+01 
3.228917e+01 
3.228917e+01 
3.228917e+01 
3.228917e+01 
3.228917e+01 
3.228917e+01 
3.228917e+01 
3.228917e+01 
3.228917e+01 
3.228917e+01 
3.228917e+01 
3.228917e+01 
3.228917e+01 
3.228917e+01 
3.228917e+01 
3.228917e+01 
3.228917e+01 
3.228917e+01 
3.228917e+01 
3.228917e+01 
3.228917e+01 
3.228917e+01 
3.228917e+01 
3.228917e+01 
3.228917e+01 
3.228917e+01 
3.228917e+01 
3.228917e+01 
3.228917e+01 
3.228917e+01 
3.228917e+01 
3.228917e+01 
3.228917e+01 
3.228917e+01 
3.228917e+01 
3.228917e+01 
3.228917e+01 
3.228917e+01 
3.228917e+01 
3.228917e+01 
3.228917e+01 
3.228917e+01 
3.228917e+01 
3.228917e+01 
3.228917e+01 
3.228917e+01 
3.228917e+01 
3.228917e+01 
3.228917e+01 
3.228917e+01 
3.228917e+01 
3.228917e+01 
3.228917e+01 
3.228917e+01 
3.228917e+01 
3.228917e+01 
3.228917e+01 
3.228917e+01 
3.228917e+01 
3.228917e+01 
3.228917e+01 
3.228917e+01 
3.228917e+01 
3.228917e+01 
3.228917e+01 
3.228917e+01 
3.228917e+01 
3.228917e+01 
3.228917e+01 
3.228917e+01 
3.228917e+01 
3.228917e+01 
3.228917e+01 
3.228917e+01 
3.228917e+01 
3.228917e+01 
3.228917e+01 
3.228917e+01 
3.228917e+01 
3.228917e+01 
3.228917e+01 
3.228917e+01 
3.228917e+01 
3.228917e+01 
3.228917e+01 
3.228917e+01 
3.228917e+01 
3.228917e+01 
3.228917e+01 
3.228917e+01 
3.228917e+01 
3.228917e+01 
3.228917e+01 
3.228917e+01 
3.228917e+01 
3.228917e+01 
3.228917e+01 
3.228917e+01 
3.228917e+01 
3.228917e+01 
3.228917e+01 
3.228917e+01 
3.228917e+01 
3.228917e+01 
3.228917e+01 
3.228917e+01 
3.228917e+01 
3.228917e+01 
3.228917e+01 
3.228917e+01 
3.228917e+01 
3.228917e+01 
3.228917e+01 
3.228917e+01 
3.228917e+01 
3.228917e+01 
3.228917e+01 
3.228917e+01 
3.228917e+01 
3.228917e+01 
3.228917e+01 
3.228917e+01 
3.228917e+01 
3.228917e+01 
3.228917e+01 
3.228917e+01 
3.228917e+01 
3.228917e+01 
3.228917e+01 
3.228917e+01 
3.228917e+01 
3.228917e+01 
3.228917e+01 
3.228917e+01 
3.228917e+01 
3.228917e+01 
3.228917e+01 
3.228917e+01 
3.228917e+01 
3.228917e+01 
3.228917e+01 
3.228917e+01 
3.228917e+01 
3.228917e+01 
3.228917e+01 
3.228917e+01 
3.228917e+01 
3.228917e+01 
3.228917e+01 
3.228917e+01 
3.228917e+01 
3.228917e+01 
3.228917e+01 
3.228917e+01 
3.228917e+01 
3.228917e+01 
3.228917e+01 
3.228917e+01 
3.228917e+01 
3.228917e+01 
3.228917e+01 
3.228917e+01 
3.228917e+01 
3.228917e+01 
3.228917e+01 
3.228917e+01 
3.228917e+01 
3.228917e+01 
3.228917e+01 
3.228917e+01 
3.228917e+01 
3.228917e+01 
3.228917e+01 
3.228917e+01 
3.228917e+01 
3.228917e+01 
3.228917e+01 
3.228917e+01 
3.228917e+01 
3.228917e+01 
3.228917e+01 
3.228917e+01 
3.228917e+01 
3.228917e+01 
3.228917e+01 
3.228917e+01 
3.228917e+01 
3.228917e+01 
3.228917e+01 
3.228917e+01 
3.228917e+01 
3.228917e+01 
3.228917e+01 
3.228917e+01 
3.228917e+01 
3.228917e+01 
3.228917e+01 
3.228917e+01 
3.228917e+01 
3.228917e+01 
3.228917e+01 
3.228917e+01 
3.228917e+01 
3.228917e+01 
3.228917e+01 
3.228917e+01 
3.228917e+01 
3.228917e+01 
3.228917e+01 
3.228917e+01 
3.228917e+01 
3.228917e+01 
3.228917e+01 
3.228917e+01 
3.228917e+01 
3.228917e+01 
3.228917e+01 
3.228917e+01 
3.228917e+01 
3.228917e+01 
3.228917e+01 
3.228917e+01 
3.228917e+01 
3.228917e+01 
3.228917e+01 
3.228917e+01 
3.228917e+01 
3.228917e+01 
3.228917e+01 
3.228917e+01 
3.228917e+01 
3.228917e+01 
3.228917e+01 
3.228917e+01 
3.228917e+01 
3.228917e+01 
3.228917e+01 
3.228917e+01 
3.228917e+01 
3.228917e+01 
3.228917e+01 
3.228917e+01 
3.228917e+01 
3.228917e+01 
3.228917e+01 
3.228917e+01 
3.228917e+01 
3.228917e+01 
3.228917e+01 
3.228917e+01 
3.228917e+01 
3.228917e+01 
3.228917e+01 
3.228917e+01 
3.228917e+01 
3.228917e+01 
3.228917e+01 
3.228917e+01 
3.228917e+01 
3.228917e+01 
3.228917e+01 
3.228917e+01 
3.228917e+01 
3.228917e+01 
3.228917e+01 
3.228917e+01 
3.228917e+01 
3.228917e+01 
3.228917e+01 
3.228917e+01 
3.228917e+01 
3.228917e+01 
3.228917e+01 
3.228917e+01 
3.228917e+01 
3.228917e+01 
3.228917e+01 
3.228917e+01 
3.228917e+01 
3.228917e+01 
3.228917e+01 
3.228917e+01 
3.228917e+01 
3.228917e+01 
3.228917e+01 
3.228917e+01 
3.228917e+01 
3.228917e+01 
3.228917e+01 
3.228917e+01 
3.228917e+01 
3.228917e+01 
3.228917e+01 
3.228917e+01 
3.228917e+01 
3.228917e+01 
3.228917e+01 
3.228917e+01 
3.228917e+01 
3.228917e+01 
3.228917e+01 
3.228917e+01 
3.228917e+01 
3.228917e+01 
3.228917e+01 
3.228917e+01 
3.228917e+01 
3.228917e+01 
3.228917e+01 
3.228917e+01 
3.228917e+01 
3.228917e+01 
3.228917e+01 
3.228917e+01 
3.228917e+01 
3.228917e+01 
3.228917e+01 
3.228917e+01 
3.228917e+01 
3.228917e+01 
3.228917e+01 
3.228917e+01 
3.228917e+01 
3.228917e+01 
3.228917e+01 
3.228917e+01 
3.228917e+01 
3.228917e+01 
3.228917e+01 
3.228917e+01 
3.228917e+01 
3.228917e+01 
3.228917e+01 
3.228917e+01 
3.228917e+01 
3.228917e+01 
3.228917e+01 
3.228917e+01 
3.228917e+01 
3.228917e+01 
3.228917e+01 
3.228917e+01 
3.228917e+01 
3.228917e+01 
3.228917e+01 
3.228917e+01 
3.228917e+01 
3.228917e+01 
3.228917e+01 
3.228917e+01 
3.228917e+01 
3.228917e+01 
3.228917e+01 
3.228917e+01 
3.228917e+01 
3.228917e+01 
3.228917e+01 
3.228917e+01 
3.228917e+01 
3.228917e+01 
3.228917e+01 
3.228917e+01 
3.228917e+01 
3.228917e+01 
3.228917e+01 
3.228917e+01 
3.228917e+01 
3.228917e+01 
3.228917e+01 
3.228917e+01 
3.228917e+01 
3.228917e+01 
3.228917e+01 
3.228917e+01 
3.228917e+01 
3.228917e+01 
3.228917e+01 
3.228917e+01 
3.228917e+01 
3.228917e+01 
3.228917e+01 
3.228917e+01 
3.228917e+01 
3.228917e+01 
3.228917e+01 
3.228917e+01 
3.228917e+01 
3.228917e+01 
3.228917e+01 
3.228917e+01 
3.228917e+01 
3.228917e+01 
3.228917e+01 
3.228917e+01 
3.228917e+01 
3.228917e+01 
3.228917e+01 
3.228917e+01 
3.228917e+01 
3.228917e+01 
3.228917e+01 
3.228917e+01 
3.228917e+01 
3.228917e+01 
3.228917e+01 
3.228917e+01 
3.228917e+01 
3.228917e+01 
3.228917e+01 
3.228917e+01 
3.228917e+01 
3.228917e+01 
3.228917e+01 
3.228917e+01 
3.228917e+01 
3.228917e+01 
3.228917e+01 
3.228917e+01 
3.228917e+01 
3.228917e+01 
3.228917e+01 
3.228917e+01 
3.228917e+01 
3.228917e+01 
3.228917e+01 
3.228917e+01 
3.228917e+01 
3.228917e+01 
3.228917e+01 
3.228917e+01 
3.228917e+01 
3.228917e+01 
3.228917e+01 
3.228917e+01 
3.228917e+01 
3.228917e+01 
3.228917e+01 
3.228917e+01 
3.228917e+01 
3.228917e+01 
3.228917e+01 
3.228917e+01 
3.228917e+01 
3.228917e+01 
3.228917e+01 
3.228917e+01 
3.228917e+01 
3.228917e+01 
3.228917e+01 
3.228917e+01 
3.228917e+01 
3.228917e+01 
3.228917e+01 
3.228917e+01 
3.228917e+01 
3.228917e+01 
3.228917e+01 
3.228917e+01 
3.228917e+01 
3.228917e+01 
3.228917e+01 
3.228917e+01 
3.228917e+01 
3.228917e+01 
3.228917e+01 
3.228917e+01 
3.228917e+01 
3.228917e+01 
3.228917e+01 
3.228917e+01 
3.228917e+01 
3.228917e+01 
3.228917e+01 
3.228917e+01 
3.228917e+01 
3.228917e+01 
3.228917e+01 
3.228917e+01 
3.228917e+01 
3.228917e+01 
3.228917e+01 
3.228917e+01 
3.228917e+01 
3.228917e+01 
3.228917e+01 
3.228917e+01 
3.228917e+01 
3.228917e+01 
3.228917e+01 
3.228917e+01 
3.228917e+01 
3.228917e+01 
3.228917e+01 
3.228917e+01 
3.228917e+01 
3.228917e+01 
3.228917e+01 
3.228917e+01 
3.228917e+01 
3.228917e+01 
3.228917e+01 
3.228917e+01 
3.228917e+01 
3.228917e+01 
3.228917e+01 
3.228917e+01 
3.228917e+01 
3.228917e+01 
3.228917e+01 
3.228917e+01 
3.228917e+01 
3.228917e+01 
3.228917e+01 
3.228917e+01 
3.228917e+01 
3.228917e+01 
3.228917e+01 
3.228917e+01 
3.228917e+01 
3.228917e+01 
3.228917e+01 
3.228917e+01 
3.228917e+01 
3.228917e+01 
3.228917e+01 
3.228917e+01 
3.228917e+01 
3.228917e+01 
3.228917e+01 
3.228917e+01 
3.228917e+01 
3.228917e+01 
3.228917e+01 
3.228917e+01 
3.228917e+01 
3.228917e+01 
3.228917e+01 
3.228917e+01 
3.228917e+01 
3.228917e+01 
3.228917e+01 
3.228917e+01 
3.228917e+01 
3.228917e+01 
3.228917e+01 
3.228917e+01 
3.228917e+01 
3.228917e+01 
3.228917e+01 
3.228917e+01 
3.228917e+01 
3.228917e+01 
3.228917e+01 
3.228917e+01 
3.228917e+01 
3.228917e+01 
3.228917e+01 
3.228917e+01 
3.228917e+01 
3.228917e+01 
3.228917e+01 
3.228917e+01 
3.228917e+01 
3.228917e+01 
3.228917e+01 
3.228917e+01 
3.228917e+01 
3.228917e+01 
3.228917e+01 
3.228917e+01 
3.228917e+01 
3.228917e+01 
3.228917e+01 
3.228917e+01 
3.228917e+01 
3.228917e+01 
3.228917e+01 
3.228917e+01 
3.228917e+01 
3.228917e+01 
3.228917e+01 
3.228917e+01 
3.228917e+01 
3.228917e+01 
3.228917e+01 
3.228917e+01 
3.228917e+01 
3.228917e+01 
3.228917e+01 
3.228917e+01 
3.228917e+01 
3.228917e+01 
3.228917e+01 
3.228917e+01 
3.228917e+01 
3.228917e+01 
3.228917e+01 
3.228917e+01 
3.228917e+01 
3.228917e+01 
3.228917e+01 
3.228917e+01 
3.228917e+01 
3.228917e+01 
3.228917e+01 
3.228917e+01 
3.228917e+01 
3.228917e+01 
3.228917e+01 
3.228917e+01 
3.228917e+01 
3.228917e+01 
3.228917e+01 
3.228917e+01 
3.228917e+01 
3.228917e+01 
3.228917e+01 
3.228917e+01 
3.228917e+01 
3.228917e+01 
3.228917e+01 
3.228917e+01 
3.228917e+01 
3.228917e+01 
3.228917e+01 
3.228917e+01 
3.228917e+01 
3.228917e+01 
3.228917e+01 
3.228917e+01 
3.228917e+01 
3.228917e+01 
3.228917e+01 
3.228917e+01 
3.228917e+01 
3.228917e+01 
3.228917e+01 
3.228917e+01 
3.228917e+01 
3.228917e+01 
3.228917e+01 
3.228917e+01 
3.228917e+01 
3.228917e+01 
3.228917e+01 
3.228917e+01 
3.228917e+01 
3.228917e+01 
3.228917e+01 
3.228917e+01 
3.228917e+01 
3.228917e+01 
3.228917e+01 
3.228917e+01 
3.228917e+01 
3.228917e+01 
3.228917e+01 
3.228917e+01 
3.228917e+01 
3.228917e+01 
3.228917e+01 
3.228917e+01 
3.228917e+01 
3.228917e+01 
3.228917e+01 
3.228917e+01 
3.228917e+01 
3.228917e+01 
3.228917e+01 
3.228917e+01 
3.228917e+01 
3.228917e+01 
3.228917e+01 
3.228917e+01 
3.228917e+01 
3.228917e+01 
3.228917e+01 
3.228917e+01 
3.228917e+01 
3.228917e+01 
3.228917e+01 
3.228917e+01 
3.228917e+01 
3.228917e+01 
3.228917e+01 
3.228917e+01 
3.228917e+01 
3.228917e+01 
3.228917e+01 
3.228917e+01 
3.228917e+01 
3.228917e+01 
3.228917e+01 
3.228917e+01 
3.228917e+01 
3.228917e+01 
3.228917e+01 
3.228917e+01 
3.228917e+01 
3.228917e+01 
3.228917e+01 
3.228917e+01 
3.228917e+01 
3.228917e+01 
3.228917e+01 
3.228917e+01 
3.228917e+01 
3.228917e+01 
3.228917e+01 
3.228917e+01 
3.228917e+01 
3.228917e+01 
3.228917e+01 
3.228917e+01 
3.228917e+01 
3.228917e+01 
3.228917e+01 
3.228917e+01 
3.228917e+01 
3.228917e+01 
3.228917e+01 
3.228917e+01 
3.228917e+01 
3.228917e+01 
3.228917e+01 
3.228917e+01 
3.228917e+01 
3.228917e+01 
3.228917e+01 
3.228917e+01 
3.228917e+01 
3.228917e+01 
3.228917e+01 
3.228917e+01 
3.228917e+01 
3.228917e+01 
3.228917e+01 
3.228917e+01 
3.228917e+01 
3.228917e+01 
3.228917e+01 
3.228917e+01 
3.228917e+01 
3.228917e+01 
3.228917e+01 
3.228917e+01 
3.228917e+01 
3.228917e+01 
3.228917e+01 
3.228917e+01 
3.228917e+01 
3.228917e+01 
3.228917e+01 
3.228917e+01 
3.228917e+01 
3.228917e+01 
3.228917e+01 
3.228917e+01 
3.228917e+01 
3.228917e+01 
3.228917e+01 
3.228917e+01 
3.228917e+01 
3.228917e+01 
3.228917e+01 
3.228917e+01 
3.228917e+01 
3.228917e+01 
3.228917e+01 
3.228917e+01 
3.228917e+01 
3.228917e+01 
3.228917e+01 
3.228917e+01 
3.228917e+01 
3.228917e+01 
3.228917e+01 
3.228917e+01 
3.228917e+01 
3.228917e+01 
3.228917e+01 
3.228917e+01 
3.228917e+01 
3.228917e+01 
3.228917e+01 
3.228917e+01 
3.228917e+01 
3.228917e+01 
3.228917e+01 
3.228917e+01 
3.228917e+01 
3.228917e+01 
3.228917e+01 
3.228917e+01 
3.228917e+01 
3.228917e+01 
3.228917e+01 
3.228917e+01 
3.228917e+01 
3.228917e+01 
3.228917e+01 
3.228917e+01 
3.228917e+01 
3.228917e+01 
3.228917e+01 
3.228917e+01 
3.228917e+01 
3.228917e+01 
3.228917e+01 
3.228917e+01 
3.228917e+01 
3.228917e+01 
3.228917e+01 
3.228917e+01 
3.228917e+01 
3.228917e+01 
3.228917e+01 
3.228917e+01 
3.228917e+01 
3.228917e+01 
3.228917e+01 
3.228917e+01 
3.228917e+01 
3.228917e+01 
3.228917e+01 
3.228917e+01 
3.228917e+01 
3.228917e+01 
3.228917e+01 
3.228917e+01 
3.228917e+01 
3.228917e+01 
3.228917e+01 
3.228917e+01 
3.228917e+01 
3.228917e+01 
3.228917e+01 
3.228917e+01 
3.228917e+01 
3.228917e+01 
3.228917e+01 
3.228917e+01 
3.228917e+01 
3.228917e+01 
3.228917e+01 
3.228917e+01 
3.228917e+01 
3.228917e+01 
3.228917e+01 
3.228917e+01 
3.228917e+01 
3.228917e+01 
3.228917e+01 
3.228917e+01 
3.228917e+01 
3.228917e+01 
3.228917e+01 
3.228917e+01 
3.228917e+01 
3.228917e+01 
3.228917e+01 
3.228917e+01 
3.228917e+01 
3.228917e+01 
3.228917e+01 
3.228917e+01 
3.228917e+01 
3.228917e+01 
3.228917e+01 
3.228917e+01 
3.228917e+01 
3.228917e+01 
3.228917e+01 
3.228917e+01 
3.228917e+01 
3.228917e+01 
3.228917e+01 
3.228917e+01 
3.228917e+01 
3.228917e+01 
3.228917e+01 
3.228917e+01 
3.228917e+01 
3.228917e+01 
3.228917e+01 
3.228917e+01 
3.228917e+01 
3.228917e+01 
3.228917e+01 
3.228917e+01 
3.228917e+01 
3.228917e+01 
3.228917e+01 
3.228917e+01 
3.228917e+01 
3.228917e+01 
3.228917e+01 
3.228917e+01 
3.228917e+01 
3.228917e+01 
3.228917e+01 
3.228917e+01 
3.228917e+01 
3.228917e+01 
3.228917e+01 
3.228917e+01 
3.228917e+01 
3.228917e+01 
3.228917e+01 
3.228917e+01 
3.228917e+01 
3.228917e+01 
3.228917e+01 
3.228917e+01 
3.228917e+01 
3.228917e+01 
3.228917e+01 
3.228917e+01 
3.228917e+01 
3.228917e+01 
3.228917e+01 
3.228917e+01 
3.228917e+01 
3.228917e+01 
3.228917e+01 
3.228917e+01 
3.228917e+01 
3.228917e+01 
3.228917e+01 
3.228917e+01 
3.228917e+01 
3.228917e+01 
3.228917e+01 
3.228917e+01 
3.228917e+01 
3.228917e+01 
3.228917e+01 
3.228917e+01 
3.228917e+01 
3.228917e+01 
3.228917e+01 
3.228917e+01 
3.228917e+01 
3.228917e+01 
3.228917e+01 
3.228917e+01 
3.228917e+01 
3.228917e+01 
3.228917e+01 
3.228917e+01 
3.228917e+01 
3.228917e+01 
3.228917e+01 
3.228917e+01 
3.228917e+01 
3.228917e+01 
3.228917e+01 
3.228917e+01 
3.228917e+01 
3.228917e+01 
3.228917e+01 
3.228917e+01 
3.228917e+01 
3.228917e+01 
3.228917e+01 
3.228917e+01 
3.228917e+01 
3.228917e+01 
3.228917e+01 
3.228917e+01 
3.228917e+01 
3.228917e+01 
3.228917e+01 
3.228917e+01 
3.228917e+01 
3.228917e+01 
3.228917e+01 
3.228917e+01 
3.228917e+01 
3.228917e+01 
3.228917e+01 
3.228917e+01 
3.228917e+01 
3.228917e+01 
3.228917e+01 
3.228917e+01 
3.228917e+01 
3.228917e+01 
3.228917e+01 
3.228917e+01 
3.228917e+01 
3.228917e+01 
3.228917e+01 
3.228917e+01 
3.228917e+01 
3.228917e+01 
3.228917e+01 
3.228917e+01 
3.228917e+01 
3.228917e+01 
3.228917e+01 
3.228917e+01 
3.228917e+01 
3.228917e+01 
3.228917e+01 
3.228917e+01 
3.228917e+01 
3.228917e+01 
3.228917e+01 
3.228917e+01 
3.228917e+01 
3.228917e+01 
3.228917e+01 
3.228917e+01 
3.228917e+01 
3.228917e+01 
3.228917e+01 
3.228917e+01 
3.228917e+01 
3.228917e+01 
3.228917e+01 
3.228917e+01 
3.228917e+01 
3.228917e+01 
3.228917e+01 
3.228917e+01 
3.228917e+01 
3.228917e+01 
3.228917e+01 
3.228917e+01 
3.228917e+01 
3.228917e+01 
3.228917e+01 
3.228917e+01 
3.228917e+01 
3.228917e+01 
3.228917e+01 
3.228917e+01 
3.228917e+01 
3.228917e+01 
3.228917e+01 
3.228917e+01 
3.228917e+01 
3.228917e+01 
3.228917e+01 
3.228917e+01 
3.228917e+01 
3.228917e+01 
3.228917e+01 
3.228917e+01 
3.228917e+01 
3.228917e+01 
3.228917e+01 
3.228917e+01 
3.228917e+01 
3.228917e+01 
3.228917e+01 
3.228917e+01 
3.228917e+01 
3.228917e+01 
3.228917e+01 
3.228917e+01 
3.228917e+01 
3.228917e+01 
3.228917e+01 
3.228917e+01 
3.228917e+01 
3.228917e+01 
3.228917e+01 
3.228917e+01 
3.228917e+01 
3.228917e+01 
3.228917e+01 
3.228917e+01 
3.228917e+01 
3.228917e+01 
3.228917e+01 
3.228917e+01 
3.228917e+01 
3.228917e+01 
3.228917e+01 
3.228917e+01 
3.228917e+01 
3.228917e+01 
3.228917e+01 
3.228917e+01 
3.228917e+01 
3.228917e+01 
3.228917e+01 
3.228917e+01 
3.228917e+01 
3.228917e+01 
3.228917e+01 
3.228917e+01 
3.228917e+01 
3.228917e+01 
3.228917e+01 
3.228917e+01 
3.228917e+01 
3.228917e+01 
3.228917e+01 
3.228917e+01 
3.228917e+01 
3.228917e+01 
3.228917e+01 
3.228917e+01 
3.228917e+01 
3.228917e+01 
3.228917e+01 
3.228917e+01 
3.228917e+01 
3.228917e+01 
3.228917e+01 
3.228917e+01 
3.228917e+01 
3.228917e+01 
3.228917e+01 
3.228917e+01 
3.228917e+01 
3.228917e+01 
3.228917e+01 
3.228917e+01 
3.228917e+01 
3.228917e+01 
3.228917e+01 
3.228917e+01 
3.228917e+01 
3.228917e+01 
3.228917e+01 
3.228917e+01 
3.228917e+01 
3.228917e+01 
3.228917e+01 
3.228917e+01 
3.228917e+01 
3.228917e+01 
3.228917e+01 
3.228917e+01 
3.228917e+01 
3.228917e+01 
3.228917e+01 
3.228917e+01 
3.228917e+01 
3.228917e+01 
3.228917e+01 
3.228917e+01 
3.228917e+01 
3.228917e+01 
3.228917e+01 
3.228917e+01 
3.228917e+01 
3.228917e+01 
3.228917e+01 
3.228917e+01 
3.228917e+01 
3.228917e+01 
3.228917e+01 
3.228917e+01 
3.228917e+01 
3.228917e+01 
3.228917e+01 
3.228917e+01 
3.228917e+01 
3.228917e+01 
3.228917e+01 
3.228917e+01 
3.228917e+01 
3.228917e+01 
3.228917e+01 
3.228917e+01 
3.228917e+01 
3.228917e+01 
3.228917e+01 
3.228917e+01 
3.228917e+01 
3.228917e+01 
3.228917e+01 
3.228917e+01 
3.228917e+01 
3.228917e+01 
3.228917e+01 
3.228917e+01 
3.228917e+01 
3.228917e+01 
3.228917e+01 
3.228917e+01 
3.228917e+01 
3.228917e+01 
3.228917e+01 
3.228917e+01 
3.228917e+01 
3.228917e+01 
3.228917e+01 
3.228917e+01 
3.228917e+01 
3.228917e+01 
3.228917e+01 
3.228917e+01 
3.228917e+01 
3.228917e+01 
3.228917e+01 
3.228917e+01 
3.228917e+01 
3.228917e+01 
3.228917e+01 
3.228917e+01 
3.228917e+01 
3.228917e+01 
3.228917e+01 
3.228917e+01 
3.228917e+01 
3.228917e+01 
3.228917e+01 
3.228917e+01 
3.228917e+01 
3.228917e+01 
3.228917e+01 
3.228917e+01 
3.228917e+01 
3.228917e+01 
3.228917e+01 
3.228917e+01 
3.228917e+01 
3.228917e+01 
3.228917e+01 
3.228917e+01 
3.228917e+01 
3.228917e+01 
3.228917e+01 
3.228917e+01 
3.228917e+01 
3.228917e+01 
3.228917e+01 
3.228917e+01 
3.228917e+01 
3.228917e+01 
3.228917e+01 
3.228917e+01 
3.228917e+01 
3.228917e+01 
3.228917e+01 
3.228917e+01 
3.228917e+01 
3.228917e+01 
3.228917e+01 
3.228917e+01 
3.228917e+01 
3.228917e+01 
3.228917e+01 
3.228917e+01 
3.228917e+01 
3.228917e+01 
3.228917e+01 
3.228917e+01 
3.228917e+01 
3.228917e+01 
3.228917e+01 
3.228917e+01 
3.228917e+01 
3.228917e+01 
3.228917e+01 
3.228917e+01 
3.228917e+01 
3.228917e+01 
3.228917e+01 
3.228917e+01 
3.228917e+01 
3.228917e+01 
3.228917e+01 
3.228917e+01 
3.228917e+01 
3.228917e+01 
3.228917e+01 
3.228917e+01 
3.228917e+01 
3.228917e+01 
3.228917e+01 
3.228917e+01 
3.228917e+01 
3.228917e+01 
3.228917e+01 
3.228917e+01 
3.228917e+01 
3.228917e+01 
3.228917e+01 
3.228917e+01 
3.228917e+01 
3.228917e+01 
3.228917e+01 
3.228917e+01 
3.228917e+01 
3.228917e+01 
3.228917e+01 
3.228917e+01 
3.228917e+01 
3.228917e+01 
3.228917e+01 
3.228917e+01 
3.228917e+01 
3.228917e+01 
3.228917e+01 
3.228917e+01 
3.228917e+01 
3.228917e+01 
3.228917e+01 
3.228917e+01 
3.228917e+01 
3.228917e+01 
3.228917e+01 
3.228917e+01 
3.228917e+01 
3.228917e+01 
3.228917e+01 
3.228917e+01 
3.228917e+01 
3.228917e+01 
3.228917e+01 
3.228917e+01 
3.228917e+01 
3.228917e+01 
3.228917e+01 
3.228917e+01 
3.228917e+01 
3.228917e+01 
3.228917e+01 
3.228917e+01 
3.228917e+01 
3.228917e+01 
3.228917e+01 
3.228917e+01 
3.228917e+01 
3.228917e+01 
3.228917e+01 
3.228917e+01 
3.228917e+01 
3.228917e+01 
3.228917e+01 
3.228917e+01 
3.228917e+01 
3.228917e+01 
3.228917e+01 
3.228917e+01 
3.228917e+01 
3.228917e+01 
3.228917e+01 
3.228917e+01 
3.228917e+01 
3.228917e+01 
3.228917e+01 
3.228917e+01 
3.228917e+01 
3.228917e+01 
3.228917e+01 
3.228917e+01 
3.228917e+01 
3.228917e+01 
3.228917e+01 
3.228917e+01 
3.228917e+01 
3.228917e+01 
3.228917e+01 
3.228917e+01 
3.228917e+01 
3.228917e+01 
3.228917e+01 
3.228917e+01 
3.228917e+01 
3.228917e+01 
3.228917e+01 
3.228917e+01 
3.228917e+01 
3.228917e+01 
3.228917e+01 
3.228917e+01 
3.228917e+01 
3.228917e+01 
3.228917e+01 
3.228917e+01 
3.228917e+01 
3.228917e+01 
3.228917e+01 
3.228917e+01 
3.228917e+01 
3.228917e+01 
3.228917e+01 
3.228917e+01 
3.228917e+01 
3.228917e+01 
3.228917e+01 
3.228917e+01 
3.228917e+01 
3.228917e+01 
3.228917e+01 
3.228917e+01 
3.228917e+01 
3.228917e+01 
3.228917e+01 
3.228917e+01 
3.228917e+01 
3.228917e+01 
3.228917e+01 
3.228917e+01 
3.228917e+01 
3.228917e+01 
3.228917e+01 
3.228917e+01 
3.228917e+01 
3.228917e+01 
3.228917e+01 
3.228917e+01 
3.228917e+01 
3.228917e+01 
3.228917e+01 
3.228917e+01 
3.228917e+01 
3.228917e+01 
3.228917e+01 
3.228917e+01 
3.228917e+01 
3.228917e+01 
3.228917e+01 
3.228917e+01 
3.228917e+01 
3.228917e+01 
3.228917e+01 
3.228917e+01 
3.228917e+01 
3.228917e+01 
3.228917e+01 
3.228917e+01 
3.228917e+01 
3.228917e+01 
3.228917e+01 
3.228917e+01 
3.228917e+01 
3.228917e+01 
3.228917e+01 
3.228917e+01 
3.228917e+01 
3.228917e+01 
3.228917e+01 
3.228917e+01 
3.228917e+01 
3.228917e+01 
3.228917e+01 
3.228917e+01 
3.228917e+01 
3.228917e+01 
3.228917e+01 
3.228917e+01 
3.228917e+01 
3.228917e+01 
3.228917e+01 
3.228917e+01 
3.228917e+01 
3.228917e+01 
3.228917e+01 
3.228917e+01 
3.228917e+01 
3.228917e+01 
3.228917e+01 
3.228917e+01 
3.228917e+01 
3.228917e+01 
3.228917e+01 
3.228917e+01 
3.228917e+01 
3.228917e+01 
3.228917e+01 
3.228917e+01 
3.228917e+01 
3.228917e+01 
3.228917e+01 
3.228917e+01 
3.228917e+01 
3.228917e+01 
3.228917e+01 
3.228917e+01 
3.228917e+01 
3.228917e+01 
3.228917e+01 
3.228917e+01 
3.228917e+01 
3.228917e+01 
3.228917e+01 
3.228917e+01 
3.228917e+01 
3.228917e+01 
3.228917e+01 
3.228917e+01 
3.228917e+01 
3.228917e+01 
3.228917e+01 
3.228917e+01 
3.228917e+01 
3.228917e+01 
3.228917e+01 
3.228917e+01 
3.228917e+01 
3.228917e+01 
3.228917e+01 
3.228917e+01 
3.228917e+01 
3.228917e+01 
3.228917e+01 
3.228917e+01 
3.228917e+01 
3.228917e+01 
3.228917e+01 
3.228917e+01 
3.228917e+01 
3.228917e+01 
3.228917e+01 
3.228917e+01 
3.228917e+01 
3.228917e+01 
3.228917e+01 
3.228917e+01 
3.228917e+01 
3.228917e+01 
3.228917e+01 
3.228917e+01 
3.228917e+01 
3.228917e+01 
3.228917e+01 
3.228917e+01 
3.228917e+01 
3.228917e+01 
3.228917e+01 
3.228917e+01 
3.228917e+01 
3.228917e+01 
3.228917e+01 
3.228917e+01 
3.228917e+01 
3.228917e+01 
3.228917e+01 
3.228917e+01 
3.228917e+01 
3.228917e+01 
3.228917e+01 
3.228917e+01 
3.228917e+01 
3.228917e+01 
3.228917e+01 
3.228917e+01 
3.228917e+01 
3.228917e+01 
3.228917e+01 
3.228917e+01 
3.228917e+01 
3.228917e+01 
3.228917e+01 
3.228917e+01 
3.228917e+01 
3.228917e+01 
3.228917e+01 
3.228917e+01 
3.228917e+01 
3.228917e+01 
3.228917e+01 
3.228917e+01 
3.228917e+01 
3.228917e+01 
3.228917e+01 
3.228917e+01 
3.228917e+01 
3.228917e+01 
3.228917e+01 
3.228917e+01 
3.228917e+01 
3.228917e+01 
3.228917e+01 
3.228917e+01 
3.228917e+01 
3.228917e+01 
3.228917e+01 
3.228917e+01 
3.228917e+01 
3.228917e+01 
3.228917e+01 
3.228917e+01 
3.228917e+01 
3.228917e+01 
3.228917e+01 
3.228917e+01 
3.228917e+01 
3.228917e+01 
3.228917e+01 
3.228917e+01 
3.228917e+01 
3.228917e+01 
3.228917e+01 
3.228917e+01 
3.228917e+01 
3.228917e+01 
3.228917e+01 
3.228917e+01 
3.228917e+01 
3.228917e+01 
3.228917e+01 
3.228917e+01 
3.228917e+01 
3.228917e+01 
3.228917e+01 
3.228917e+01 
3.228917e+01 
3.228917e+01 
3.228917e+01 
3.228917e+01 
3.228917e+01 
3.228917e+01 
3.228917e+01 
3.228917e+01 
3.228917e+01 
3.228917e+01 
3.228917e+01 
3.228917e+01 
3.228917e+01 
3.228917e+01 
3.228917e+01 
3.228917e+01 
3.228917e+01 
3.228917e+01 
3.228917e+01 
3.228917e+01 
3.228917e+01 
3.228917e+01 
3.228917e+01 
3.228917e+01 
3.228917e+01 
3.228917e+01 
3.228917e+01 
3.228917e+01 
3.228917e+01 
3.228917e+01 
3.228917e+01 
3.228917e+01 
3.228917e+01 
3.228917e+01 
3.228917e+01 
3.228917e+01 
3.228917e+01 
3.228917e+01 
3.228917e+01 
3.228917e+01 
3.228917e+01 
3.228917e+01 
3.228917e+01 
3.228917e+01 
3.228917e+01 
3.228917e+01 
3.228917e+01 
3.228917e+01 
3.228917e+01 
3.228917e+01 
3.228917e+01 
3.228917e+01 
3.228917e+01 
3.228917e+01 
3.228917e+01 
3.228917e+01 
3.228917e+01 
3.228917e+01 
3.228917e+01 
3.228917e+01 
3.228917e+01 
3.228917e+01 
3.228917e+01 
3.228917e+01 
3.228917e+01 
3.228917e+01 
3.228917e+01 
3.228917e+01 
3.228917e+01 
3.228917e+01 
3.228917e+01 
3.228917e+01 
3.228917e+01 
3.228917e+01 
3.228917e+01 
3.228917e+01 
3.228917e+01 
3.228917e+01 
3.228917e+01 
3.228917e+01 
3.228917e+01 
3.228917e+01 
3.228917e+01 
3.228917e+01 
3.228917e+01 
3.228917e+01 
3.228917e+01 
3.228917e+01 
3.228917e+01 
3.228917e+01 
3.228917e+01 
3.228917e+01 
3.228917e+01 
3.228917e+01 
3.228917e+01 
3.228917e+01 
3.228917e+01 
3.228917e+01 
3.228917e+01 
3.228917e+01 
3.228917e+01 
3.228917e+01 
3.228917e+01 
3.228917e+01 
3.228917e+01 
3.228917e+01 
3.228917e+01 
3.228917e+01 
3.228917e+01 
3.228917e+01 
3.228917e+01 
3.228917e+01 
3.228917e+01 
3.228917e+01 
3.228917e+01 
3.228917e+01 
3.228917e+01 
3.228917e+01 
3.228917e+01 
3.228917e+01 
3.228917e+01 
3.228917e+01 
3.228917e+01 
3.228917e+01 
3.228917e+01 
3.228917e+01 
3.228917e+01 
3.228917e+01 
3.228917e+01 
3.228917e+01 
3.228917e+01 
3.228917e+01 
3.228917e+01 
3.228917e+01 
3.228917e+01 
3.228917e+01 
3.228917e+01 
3.228917e+01 
3.228917e+01 
3.228917e+01 
3.228917e+01 
3.228917e+01 
3.228917e+01 
3.228917e+01 
3.228917e+01 
3.228917e+01 
3.228917e+01 
3.228917e+01 
3.228917e+01 
3.228917e+01 
3.228917e+01 
3.228917e+01 
3.228917e+01 
3.228917e+01 
3.228917e+01 
3.228917e+01 
3.228917e+01 
3.228917e+01 
3.228917e+01 
3.228917e+01 
3.228917e+01 
3.228917e+01 
3.228917e+01 
3.228917e+01 
3.228917e+01 
3.228917e+01 
3.228917e+01 
3.228917e+01 
3.228917e+01 
3.228917e+01 
3.228917e+01 
3.228917e+01 
3.228917e+01 
3.228917e+01 
3.228917e+01 
3.228917e+01 
3.228917e+01 
3.228917e+01 
3.228917e+01 
3.228917e+01 
3.228917e+01 
3.228917e+01 
3.228917e+01 
3.228917e+01 
3.228917e+01 
3.228917e+01 
3.228917e+01 
3.228917e+01 
3.228917e+01 
3.228917e+01 
3.228917e+01 
3.228917e+01 
3.228917e+01 
3.228917e+01 
3.228917e+01 
3.228917e+01 
3.228917e+01 
3.228917e+01 
3.228917e+01 
3.228917e+01 
3.228917e+01 
3.228917e+01 
3.228917e+01 
3.228917e+01 
3.228917e+01 
3.228917e+01 
3.228917e+01 
3.228917e+01 
3.228917e+01 
3.228917e+01 
3.228917e+01 
3.228917e+01 
3.228917e+01 
3.228917e+01 
3.228917e+01 
3.228917e+01 
3.228917e+01 
3.228917e+01 
3.228917e+01 
3.228917e+01 
3.228917e+01 
3.228917e+01 
3.228917e+01 
3.228917e+01 
3.228917e+01 
3.228917e+01 
3.228917e+01 
3.228917e+01 
3.228917e+01 
3.228917e+01 
3.228917e+01 
3.228917e+01 
3.228917e+01 
3.228917e+01 
3.228917e+01 
3.228917e+01 
3.228917e+01 
3.228917e+01 
3.228917e+01 
3.228917e+01 
3.228917e+01 
3.228917e+01 
3.228917e+01 
3.228917e+01 
3.228917e+01 
3.228917e+01 
3.228917e+01 
3.228917e+01 
3.228917e+01 
3.228917e+01 
3.228917e+01 
3.228917e+01 
3.228917e+01 
3.228917e+01 
3.228917e+01 
3.228917e+01 
3.228917e+01 
3.228917e+01 
3.228917e+01 
3.228917e+01 
3.228917e+01 
3.228917e+01 
3.228917e+01 
3.228917e+01 
3.228917e+01 
3.228917e+01 
3.228917e+01 
3.228917e+01 
3.228917e+01 
3.228917e+01 
3.228917e+01 
3.228917e+01 
3.228917e+01 
3.228917e+01 
3.228917e+01 
3.228917e+01 
3.228917e+01 
3.228917e+01 
3.228917e+01 
3.228917e+01 
3.228917e+01 
3.228917e+01 
3.228917e+01 
3.228917e+01 
3.228917e+01 
3.228917e+01 
3.228917e+01 
3.228917e+01 
3.228917e+01 
3.228917e+01 
3.228917e+01 
3.228917e+01 
3.228917e+01 
3.228917e+01 
3.228917e+01 
3.228917e+01 
3.228917e+01 
3.228917e+01 
3.228917e+01 
3.228917e+01 
3.228917e+01 
3.228917e+01 
3.228917e+01 
3.228917e+01 
3.228917e+01 
3.228917e+01 
3.228917e+01 
3.228917e+01 
3.228917e+01 
3.228917e+01 
3.228917e+01 
3.228917e+01 
3.228917e+01 
3.228917e+01 
3.228917e+01 
3.228917e+01 
3.228917e+01 
3.228917e+01 
3.228917e+01 
3.228917e+01 
3.228917e+01 
3.228917e+01 
3.228917e+01 
3.228917e+01 
3.228917e+01 
3.228917e+01 
3.228917e+01 
3.228917e+01 
3.228917e+01 
3.228917e+01 
3.228917e+01 
3.228917e+01 
3.228917e+01 
3.228917e+01 
3.228917e+01 
3.228917e+01 
3.228917e+01 
3.228917e+01 
3.228917e+01 
3.228917e+01 
3.228917e+01 
3.228917e+01 
3.228917e+01 
3.228917e+01 
3.228917e+01 
3.228917e+01 
3.228917e+01 
3.228917e+01 
3.228917e+01 
3.228917e+01 
3.228917e+01 
3.228917e+01 
3.228917e+01 
3.228917e+01 
3.228917e+01 
3.228917e+01 
3.228917e+01 
3.228917e+01 
3.228917e+01 
3.228917e+01 
3.228917e+01 
3.228917e+01 
3.228917e+01 
3.228917e+01 
3.228917e+01 
3.228917e+01 
3.228917e+01 
3.228917e+01 
3.228917e+01 
3.228917e+01 
3.228917e+01 
3.228917e+01 
3.228917e+01 
3.228917e+01 
3.228917e+01 
3.228917e+01 
3.228917e+01 
3.228917e+01 
3.228917e+01 
3.228917e+01 
3.228917e+01 
3.228917e+01 
3.228917e+01 
3.228917e+01 
3.228917e+01 
3.228917e+01 
3.228917e+01 
3.228917e+01 
3.228917e+01 
3.228917e+01 
3.228917e+01 
3.228917e+01 
3.228917e+01 
3.228917e+01 
3.228917e+01 
3.228917e+01 
3.228917e+01 
3.228917e+01 
3.228917e+01 
3.228917e+01 
3.228917e+01 
3.228917e+01 
3.228917e+01 
3.228917e+01 
3.228917e+01 
3.228917e+01 
3.228917e+01 
3.228917e+01 
3.228917e+01 
3.228917e+01 
3.228917e+01 
3.228917e+01 
3.228917e+01 
3.228917e+01 
3.228917e+01 
3.228917e+01 
3.228917e+01 
3.228917e+01 
3.228917e+01 
3.228917e+01 
3.228917e+01 
3.228917e+01 
3.228917e+01 
3.228917e+01 
3.228917e+01 
3.228917e+01 
3.228917e+01 
3.228917e+01 
3.228917e+01 
3.228917e+01 
3.228917e+01 
3.228917e+01 
3.228917e+01 
3.228917e+01 
3.228917e+01 
3.228917e+01 
3.228917e+01 
3.228917e+01 
3.228917e+01 
3.228917e+01 
3.228917e+01 
3.228917e+01 
3.228917e+01 
3.228917e+01 
3.228917e+01 
3.228917e+01 
3.228917e+01 
3.228917e+01 
3.228917e+01 
3.228917e+01 
3.228917e+01 
3.228917e+01 
3.228917e+01 
3.228917e+01 
3.228917e+01 
3.228917e+01 
3.228917e+01 
3.228917e+01 
3.228917e+01 
3.228917e+01 
3.228917e+01 
3.228917e+01 
3.228917e+01 
3.228917e+01 
3.228917e+01 
3.228917e+01 
3.228917e+01 
3.228917e+01 
3.228917e+01 
3.228917e+01 
3.228917e+01 
3.228917e+01 
3.228917e+01 
3.228917e+01 
3.228917e+01 
3.228917e+01 
3.228917e+01 
3.228917e+01 
3.228917e+01 
3.228917e+01 
3.228917e+01 
3.228917e+01 
3.228917e+01 
3.228917e+01 
3.228917e+01 
3.228917e+01 
3.228917e+01 
3.228917e+01 
3.228917e+01 
3.228917e+01 
3.228917e+01 
3.228917e+01 
3.228917e+01 
3.228917e+01 
3.228917e+01 
3.228917e+01 
3.228917e+01 
3.228917e+01 
3.228917e+01 
3.228917e+01 
3.228917e+01 
3.228917e+01 
3.228917e+01 
3.228917e+01 
3.228917e+01 
3.228917e+01 
3.228917e+01 
3.228917e+01 
3.228917e+01 
3.228917e+01 
3.228917e+01 
3.228917e+01 
3.228917e+01 
3.228917e+01 
3.228917e+01 
3.228917e+01 
3.228917e+01 
3.228917e+01 
3.228917e+01 
3.228917e+01 
3.228917e+01 
3.228917e+01 
3.228917e+01 
3.228917e+01 
3.228917e+01 
3.228917e+01 
3.228917e+01 
3.228917e+01 
3.228917e+01 
3.228917e+01 
3.228917e+01 
3.228917e+01 
3.228917e+01 
3.228917e+01 
3.228917e+01 
3.228917e+01 
3.228917e+01 
3.228917e+01 
3.228917e+01 
3.228917e+01 
3.228917e+01 
3.228917e+01 
3.228917e+01 
3.228917e+01 
3.228917e+01 
3.228917e+01 
3.228917e+01 
3.228917e+01 
3.228917e+01 
3.228917e+01 
3.228917e+01 
3.228917e+01 
3.228917e+01 
3.228917e+01 
3.228917e+01 
3.228917e+01 
3.228917e+01 
3.228917e+01 
3.228917e+01 
3.228917e+01 
3.228917e+01 
3.228917e+01 
3.228917e+01 
3.228917e+01 
3.228917e+01 
3.228917e+01 
3.228917e+01 
3.228917e+01 
3.228917e+01 
3.228917e+01 
3.228917e+01 
3.228917e+01 
3.228917e+01 
3.228917e+01 
3.228917e+01 
3.228917e+01 
3.228917e+01 
3.228917e+01 
3.228917e+01 
3.228917e+01 
3.228917e+01 
3.228917e+01 
3.228917e+01 
3.228917e+01 
3.228917e+01 
3.228917e+01 
3.228917e+01 
3.228917e+01 
3.228917e+01 
3.228917e+01 
3.228917e+01 
3.228917e+01 
3.228917e+01 
3.228917e+01 
3.228917e+01 
3.228917e+01 
3.228917e+01 
3.228917e+01 
3.228917e+01 
3.228917e+01 
3.228917e+01 
3.228917e+01 
3.228917e+01 
3.228917e+01 
3.228917e+01 
3.228917e+01 
3.228917e+01 
3.228917e+01 
3.228917e+01 
3.228917e+01 
3.228917e+01 
3.228917e+01 
3.228917e+01 
3.228917e+01 
3.228917e+01 
3.228917e+01 
3.228917e+01 
3.228917e+01 
3.228917e+01 
3.228917e+01 
3.228917e+01 
3.228917e+01 
3.228917e+01 
3.228917e+01 
3.228917e+01 
3.228917e+01 
3.228917e+01 
3.228917e+01 
3.228917e+01 
3.228917e+01 
3.228917e+01 
3.228917e+01 
3.228917e+01 
3.228917e+01 
3.228917e+01 
3.228917e+01 
3.228917e+01 
3.228917e+01 
3.228917e+01 
3.228917e+01 
3.228917e+01 
3.228917e+01 
3.228917e+01 
3.228917e+01 
3.228917e+01 
3.228917e+01 
3.228917e+01 
3.228917e+01 
3.228917e+01 
3.228917e+01 
3.228917e+01 
3.228917e+01 
3.228917e+01 
3.228917e+01 
3.228917e+01 
3.228917e+01 
3.228917e+01 
3.228917e+01 
3.228917e+01 
3.228917e+01 
3.228917e+01 
3.228917e+01 
3.228917e+01 
3.228917e+01 
3.228917e+01 
3.228917e+01 
3.228917e+01 
3.228917e+01 
3.228917e+01 
3.228917e+01 
3.228917e+01 
3.228917e+01 
3.228917e+01 
3.228917e+01 
3.228917e+01 
3.228917e+01 
3.228917e+01 
3.228917e+01 
3.228917e+01 
3.228917e+01 
3.228917e+01 
3.228917e+01 
3.228917e+01 
3.228917e+01 
3.228917e+01 
3.228917e+01 
3.228917e+01 
3.228917e+01 
3.228917e+01 
3.228917e+01 
3.228917e+01 
3.228917e+01 
3.228917e+01 
3.228917e+01 
3.228917e+01 
3.228917e+01 
3.228917e+01 
3.228917e+01 
3.228917e+01 
3.228917e+01 
3.228917e+01 
3.228917e+01 
3.228917e+01 
3.228917e+01 
3.228917e+01 
3.228917e+01 
3.228917e+01 
3.228917e+01 
3.228917e+01 
3.228917e+01 
3.228917e+01 
3.228917e+01 
3.228917e+01 
3.228917e+01 
3.228917e+01 
3.228917e+01 
3.228917e+01 
3.228917e+01 
3.228917e+01 
3.228917e+01 
3.228917e+01 
3.228917e+01 
3.228917e+01 
3.228917e+01 
3.228917e+01 
3.228917e+01 
3.228917e+01 
3.228917e+01 
3.228917e+01 
3.228917e+01 
3.228917e+01 
3.228917e+01 
3.228917e+01 
3.228917e+01 
3.228917e+01 
3.228917e+01 
3.228917e+01 
3.228917e+01 
3.228917e+01 
3.228917e+01 
3.228917e+01 
3.228917e+01 
3.228917e+01 
3.228917e+01 
3.228917e+01 
3.228917e+01 
3.228917e+01 
3.228917e+01 
3.228917e+01 
3.228917e+01 
3.228917e+01 
3.228917e+01 
3.228917e+01 
3.228917e+01 
3.228917e+01 
3.228917e+01 
3.228917e+01 
3.228917e+01 
3.228917e+01 
3.228917e+01 
3.228917e+01 
3.228917e+01 
3.228917e+01 
3.228917e+01 
3.228917e+01 
3.228917e+01 
3.228917e+01 
3.228917e+01 
3.228917e+01 
3.228917e+01 
3.228917e+01 
3.228917e+01 
3.228917e+01 
3.228917e+01 
3.228917e+01 
3.228917e+01 
3.228917e+01 
3.228917e+01 
3.228917e+01 
3.228917e+01 
3.228917e+01 
3.228917e+01 
3.228917e+01 
3.228917e+01 
3.228917e+01 
3.228917e+01 
3.228917e+01 
3.228917e+01 
3.228917e+01 
3.228917e+01 
3.228917e+01 
3.228917e+01 
3.228917e+01 
3.228917e+01 
3.228917e+01 
3.228917e+01 
3.228917e+01 
3.228917e+01 
3.228917e+01 
3.228917e+01 
3.228917e+01 
3.228917e+01 
3.228917e+01 
3.228917e+01 
3.228917e+01 
3.228917e+01 
3.228917e+01 
3.228917e+01 
3.228917e+01 
3.228917e+01 
3.228917e+01 
3.228917e+01 
3.228917e+01 
3.228917e+01 
3.228917e+01 
3.228917e+01 
3.228917e+01 
3.228917e+01 
3.228917e+01 
3.228917e+01 
3.228917e+01 
3.228917e+01 
3.228917e+01 
3.228917e+01 
3.228917e+01 
3.228917e+01 
3.228917e+01 
3.228917e+01 
3.228917e+01 
3.228917e+01 
3.228917e+01 
3.228917e+01 
3.228917e+01 
3.228917e+01 
3.228917e+01 
3.228917e+01 
3.228917e+01 
3.228917e+01 
3.228917e+01 
3.228917e+01 
3.228917e+01 
3.228917e+01 
3.228917e+01 
3.228917e+01 
3.228917e+01 
3.228917e+01 
3.228917e+01 
3.228917e+01 
3.228917e+01 
3.228917e+01 
3.228917e+01 
3.228917e+01 
3.228917e+01 
3.228917e+01 
3.228917e+01 
3.228917e+01 
3.228917e+01 
3.228917e+01 
3.228917e+01 
3.228917e+01 
3.228917e+01 
3.228917e+01 
3.228917e+01 
3.228917e+01 
3.228917e+01 
3.228917e+01 
3.228917e+01 
3.228917e+01 
3.228917e+01 
3.228917e+01 
3.228917e+01 
3.228917e+01 
3.228917e+01 
3.228917e+01 
3.228917e+01 
3.228917e+01 
3.228917e+01 
3.228917e+01 
3.228917e+01 
3.228917e+01 
3.228917e+01 
3.228917e+01 
3.228917e+01 
3.228917e+01 
3.228917e+01 
3.228917e+01 
3.228917e+01 
3.228917e+01 
3.228917e+01 
3.228917e+01 
3.228917e+01 
3.228917e+01 
3.228917e+01 
3.228917e+01 
3.228917e+01 
3.228917e+01 
3.228917e+01 
3.228917e+01 
3.228917e+01 
3.228917e+01 
3.228917e+01 
3.228917e+01 
3.228917e+01 
3.228917e+01 
3.228917e+01 
3.228917e+01 
3.228917e+01 
3.228917e+01 
3.228917e+01 
3.228917e+01 
3.228917e+01 
3.228917e+01 
3.228917e+01 
3.228917e+01 
3.228917e+01 
3.228917e+01 
3.228917e+01 
3.228917e+01 
3.228917e+01 
3.228917e+01 
3.228917e+01 
3.228917e+01 
3.228917e+01 
3.228917e+01 
3.228917e+01 
3.228917e+01 
3.228917e+01 
3.228917e+01 
3.228917e+01 
3.228917e+01 
3.228917e+01 
3.228917e+01 
3.228917e+01 
3.228917e+01 
3.228917e+01 
3.228917e+01 
3.228917e+01 
3.228917e+01 
3.228917e+01 
3.228917e+01 
3.228917e+01 
3.228917e+01 
3.228917e+01 
3.228917e+01 
3.228917e+01 
3.228917e+01 
3.228917e+01 
3.228917e+01 
3.228917e+01 
3.228917e+01 
3.228917e+01 
3.228917e+01 
3.228917e+01 
3.228917e+01 
3.228917e+01 
3.228917e+01 
3.228917e+01 
3.228917e+01 
3.228917e+01 
3.228917e+01 
3.228917e+01 
3.228917e+01 
3.228917e+01 
3.228917e+01 
3.228917e+01 
3.228917e+01 
3.228917e+01 
3.228917e+01 
3.228917e+01 
3.228917e+01 
3.228917e+01 
3.228917e+01 
3.228917e+01 
3.228917e+01 
3.228917e+01 
3.228917e+01 
3.228917e+01 
3.228917e+01 
3.228917e+01 
3.228917e+01 
3.228917e+01 
3.228917e+01 
3.228917e+01 
3.228917e+01 
3.228917e+01 
3.228917e+01 
3.228917e+01 
3.228917e+01 
3.228917e+01 
3.228917e+01 
3.228917e+01 
3.228917e+01 
3.228917e+01 
3.228917e+01 
3.228917e+01 
3.228917e+01 
3.228917e+01 
3.228917e+01 
3.228917e+01 
3.228917e+01 
3.228917e+01 
3.228917e+01 
3.228917e+01 
3.228917e+01 
3.228917e+01 
3.228917e+01 
3.228917e+01 
3.228917e+01 
3.228917e+01 
3.228917e+01 
3.228917e+01 
3.228917e+01 
3.228917e+01 
3.228917e+01 
3.228917e+01 
3.228917e+01 
3.228917e+01 
3.228917e+01 
3.228917e+01 
3.228917e+01 
3.228917e+01 
3.228917e+01 
3.228917e+01 
3.228917e+01 
3.228917e+01 
3.228917e+01 
3.228917e+01 
3.228917e+01 
