3.939912e+02 
2.129028e+02 
2.020136e+02 
1.428060e+02 
1.072656e+02 
1.072656e+02 
9.705268e+01 
8.912574e+01 
8.719334e+01 
6.987316e+01 
6.987316e+01 
6.642425e+01 
5.689780e+01 
5.689780e+01 
5.685933e+01 
5.487913e+01 
4.858017e+01 
4.850046e+01 
2.971458e+01 
2.971458e+01 
2.971458e+01 
2.971458e+01 
2.829988e+01 
2.641783e+01 
2.539101e+01 
2.196826e+01 
2.196826e+01 
2.100547e+01 
2.100547e+01 
1.793866e+01 
1.754828e+01 
1.012061e+01 
1.012061e+01 
1.012061e+01 
1.012061e+01 
9.617446e+00 
8.412816e+00 
8.412816e+00 
7.923303e+00 
7.216603e+00 
6.650269e+00 
6.650269e+00 
5.368963e+00 
3.943645e+00 
3.218832e+00 
2.725301e+00 
2.387459e+00 
2.017077e+00 
1.641249e+00 
1.641249e+00 
1.641249e+00 
1.107904e+00 
1.107904e+00 
6.235613e-01 
6.235613e-01 
6.235613e-01 
6.235613e-01 
5.812886e-01 
5.812886e-01 
5.812886e-01 
3.953744e-01 
3.707222e-01 
3.707222e-01 
3.707222e-01 
3.518854e-01 
2.741493e-01 
2.537472e-01 
2.537472e-01 
2.279986e-01 
2.279986e-01 
2.187798e-01 
2.187798e-01 
1.939682e-01 
1.796038e-01 
1.540890e-01 
1.476175e-01 
1.021488e-01 
1.021488e-01 
1.012924e-01 
1.012924e-01 
1.012924e-01 
6.367283e-02 
5.884646e-02 
5.884646e-02 
5.532780e-02 
5.532780e-02 
4.835886e-02 
4.497054e-02 
4.215683e-02 
3.327422e-02 
2.630779e-02 
2.252335e-02 
1.782160e-02 
1.782160e-02 
1.750376e-02 
1.551355e-02 
1.218041e-02 
1.087642e-02 
1.087642e-02 
9.187733e-03 
9.187733e-03 
9.187733e-03 
8.413034e-03 
7.948473e-03 
7.948473e-03 
7.373987e-03 
7.373987e-03 
7.373987e-03 
6.979251e-03 
6.534707e-03 
6.232916e-03 
5.235372e-03 
5.235372e-03 
3.972002e-03 
2.879885e-03 
2.879885e-03 
2.879885e-03 
2.879885e-03 
2.268833e-03 
2.268833e-03 
1.783371e-03 
1.783371e-03 
1.673770e-03 
1.349781e-03 
1.344880e-03 
1.244303e-03 
1.212479e-03 
1.212479e-03 
1.116087e-03 
8.415338e-04 
6.339292e-04 
6.339292e-04 
6.339292e-04 
5.904641e-04 
5.017709e-04 
5.017709e-04 
4.411602e-04 
4.411602e-04 
3.626380e-04 
3.152832e-04 
2.663253e-04 
2.663253e-04 
2.190626e-04 
2.105863e-04 
2.105863e-04 
1.967942e-04 
1.962459e-04 
1.562845e-04 
1.265781e-04 
1.265781e-04 
1.265781e-04 
1.016107e-04 
1.016107e-04 
1.016107e-04 
9.865122e-05 
8.442914e-05 
5.079704e-05 
5.079704e-05 
5.079704e-05 
5.079704e-05 
4.839755e-05 
4.767940e-05 
4.217971e-05 
3.113115e-05 
3.113115e-05 
2.987396e-05 
2.657976e-05 
2.531233e-05 
2.497173e-05 
2.474978e-05 
2.100425e-05 
1.835506e-05 
1.835506e-05 
1.775236e-05 
1.497836e-05 
1.497836e-05 
1.497836e-05 
1.315636e-05 
1.103936e-05 
1.027424e-05 
9.891126e-06 
5.920854e-06 
5.920854e-06 
5.920854e-06 
5.920854e-06 
5.885799e-06 
5.558453e-06 
4.680438e-06 
4.680438e-06 
4.078679e-06 
3.497013e-06 
2.938725e-06 
1.391949e-06 
1.153803e-06 
1.089204e-06 
1.089204e-06 
1.089204e-06 
1.089204e-06 
1.089204e-06 
1.089204e-06 
1.084235e-06 
1.084235e-06 
8.175378e-07 
7.855396e-07 
7.501938e-07 
7.190939e-07 
6.824418e-07 
5.690549e-07 
5.394440e-07 
5.394440e-07 
4.374476e-07 
4.374476e-07 
3.925642e-07 
3.141507e-07 
2.958373e-07 
2.932377e-07 
2.382393e-07 
2.382393e-07 
2.302574e-07 
2.285110e-07 
2.004548e-07 
1.668800e-07 
1.380020e-07 
1.288923e-07 
1.258541e-07 
1.081297e-07 
9.695520e-08 
9.515922e-08 
8.441349e-08 
7.690378e-08 
7.481145e-08 
5.698917e-08 
5.698917e-08 
4.934396e-08 
4.138896e-08 
4.138896e-08 
4.072428e-08 
3.632429e-08 
3.517242e-08 
3.517242e-08 
3.277750e-08 
2.919212e-08 
1.990744e-08 
1.990744e-08 
1.892946e-08 
1.594702e-08 
1.594702e-08 
1.594702e-08 
1.589861e-08 
1.288779e-08 
1.288779e-08 
1.206203e-08 
7.066054e-09 
6.210792e-09 
6.210792e-09 
6.210792e-09 
5.769465e-09 
5.769465e-09 
4.273151e-09 
4.148220e-09 
3.894387e-09 
3.257110e-09 
3.257110e-09 
3.073772e-09 
2.283658e-09 
2.283658e-09 
2.283658e-09 
2.283658e-09 
1.855041e-09 
1.855041e-09 
1.819300e-09 
1.738885e-09 
1.507896e-09 
1.302976e-09 
1.278515e-09 
1.278515e-09 
1.202149e-09 
1.190053e-09 
1.190053e-09 
1.190053e-09 
1.068043e-09 
1.068043e-09 
8.994494e-10 
8.693579e-10 
7.602363e-10 
5.431122e-10 
4.971223e-10 
4.558665e-10 
4.558665e-10 
3.867573e-10 
3.562661e-10 
3.562661e-10 
2.928235e-10 
2.928235e-10 
2.608758e-10 
2.608758e-10 
2.153300e-10 
2.152145e-10 
1.707701e-10 
1.579892e-10 
1.325251e-10 
1.325251e-10 
1.226397e-10 
1.226397e-10 
1.145750e-10 
8.395062e-11 
6.687095e-11 
5.965006e-11 
5.965006e-11 
5.965006e-11 
5.731415e-11 
5.725198e-11 
5.517364e-11 
4.974687e-11 
4.249046e-11 
4.087397e-11 
4.087397e-11 
3.586464e-11 
2.995826e-11 
2.995826e-11 
2.523315e-11 
2.350120e-11 
2.350120e-11 
2.330580e-11 
2.319034e-11 
1.820766e-11 
1.608491e-11 
1.608491e-11 
1.442402e-11 
1.356248e-11 
1.286082e-11 
8.268941e-12 
8.268941e-12 
8.268941e-12 
8.268941e-12 
8.268941e-12 
8.029133e-12 
8.029133e-12 
5.968559e-12 
5.879741e-12 
5.879741e-12 
5.515588e-12 
4.769518e-12 
4.769518e-12 
4.769518e-12 
4.583001e-12 
3.854694e-12 
3.588241e-12 
3.588241e-12 
3.588241e-12 
3.455014e-12 
3.002043e-12 
2.877698e-12 
2.238210e-12 
2.202682e-12 
2.202682e-12 
2.007283e-12 
2.007283e-12 
1.767475e-12 
1.749711e-12 
1.412204e-12 
1.412204e-12 
1.412204e-12 
1.287859e-12 
1.287859e-12 
1.181277e-12 
1.181277e-12 
1.181277e-12 
1.172396e-12 
9.237056e-13 
7.904788e-13 
7.904788e-13 
7.815970e-13 
6.927792e-13 
6.572520e-13 
6.039613e-13 
5.773160e-13 
5.773160e-13 
5.506706e-13 
5.506706e-13 
5.151435e-13 
4.529710e-13 
4.352074e-13 
3.819167e-13 
3.463896e-13 
3.019807e-13 
3.019807e-13 
3.019807e-13 
1.776357e-13 
1.776357e-13 
1.776357e-13 
1.776357e-13 
1.598721e-13 
1.421085e-13 
1.421085e-13 
1.332268e-13 
1.065814e-13 
1.065814e-13 
7.993606e-14 
7.993606e-14 
7.993606e-14 
7.105427e-14 
7.105427e-14 
7.105427e-14 
5.329071e-14 
4.440892e-14 
3.552714e-14 
3.552714e-14 
2.664535e-14 
2.664535e-14 
2.664535e-14 
2.664535e-14 
2.664535e-14 
1.776357e-14 
1.776357e-14 
1.776357e-14 
1.776357e-14 
1.776357e-14 
1.776357e-14 
1.776357e-14 
1.776357e-14 
1.776357e-14 
1.776357e-14 
1.776357e-14 
1.776357e-14 
1.776357e-14 
1.776357e-14 
1.776357e-14 
1.776357e-14 
1.776357e-14 
1.776357e-14 
1.776357e-14 
1.776357e-14 
1.776357e-14 
1.776357e-14 
1.776357e-14 
1.776357e-14 
1.776357e-14 
1.776357e-14 
1.776357e-14 
1.776357e-14 
1.776357e-14 
1.776357e-14 
1.776357e-14 
1.776357e-14 
1.776357e-14 
8.881784e-15 
8.881784e-15 
8.881784e-15 
8.881784e-15 
8.881784e-15 
8.881784e-15 
8.881784e-15 
8.881784e-15 
8.881784e-15 
8.881784e-15 
8.881784e-15 
8.881784e-15 
8.881784e-15 
8.881784e-15 
8.881784e-15 
8.881784e-15 
8.881784e-15 
8.881784e-15 
8.881784e-15 
8.881784e-15 
8.881784e-15 
8.881784e-15 
8.881784e-15 
8.881784e-15 
8.881784e-15 
8.881784e-15 
8.881784e-15 
8.881784e-15 
8.881784e-15 
8.881784e-15 
8.881784e-15 
8.881784e-15 
8.881784e-15 
8.881784e-15 
8.881784e-15 
8.881784e-15 
8.881784e-15 
8.881784e-15 
8.881784e-15 
8.881784e-15 
8.881784e-15 
8.881784e-15 
8.881784e-15 
8.881784e-15 
8.881784e-15 
8.881784e-15 
8.881784e-15 
8.881784e-15 
8.881784e-15 
8.881784e-15 
8.881784e-15 
8.881784e-15 
8.881784e-15 
8.881784e-15 
8.881784e-15 
8.881784e-15 
8.881784e-15 
8.881784e-15 
8.881784e-15 
8.881784e-15 
8.881784e-15 
8.881784e-15 
8.881784e-15 
8.881784e-15 
8.881784e-15 
8.881784e-15 
8.881784e-15 
8.881784e-15 
8.881784e-15 
8.881784e-15 
8.881784e-15 
8.881784e-15 
8.881784e-15 
8.881784e-15 
8.881784e-15 
8.881784e-15 
8.881784e-15 
8.881784e-15 
8.881784e-15 
8.881784e-15 
8.881784e-15 
8.881784e-15 
8.881784e-15 
8.881784e-15 
8.881784e-15 
8.881784e-15 
8.881784e-15 
8.881784e-15 
8.881784e-15 
8.881784e-15 
8.881784e-15 
8.881784e-15 
8.881784e-15 
8.881784e-15 
8.881784e-15 
8.881784e-15 
8.881784e-15 
8.881784e-15 
8.881784e-15 
8.881784e-15 
8.881784e-15 
8.881784e-15 
8.881784e-15 
8.881784e-15 
8.881784e-15 
8.881784e-15 
8.881784e-15 
8.881784e-15 
8.881784e-15 
8.881784e-15 
8.881784e-15 
8.881784e-15 
8.881784e-15 
8.881784e-15 
8.881784e-15 
8.881784e-15 
8.881784e-15 
8.881784e-15 
8.881784e-15 
8.881784e-15 
8.881784e-15 
8.881784e-15 
8.881784e-15 
8.881784e-15 
8.881784e-15 
8.881784e-15 
8.881784e-15 
8.881784e-15 
8.881784e-15 
8.881784e-15 
8.881784e-15 
8.881784e-15 
8.881784e-15 
8.881784e-15 
8.881784e-15 
8.881784e-15 
8.881784e-15 
8.881784e-15 
8.881784e-15 
8.881784e-15 
8.881784e-15 
8.881784e-15 
8.881784e-15 
8.881784e-15 
8.881784e-15 
8.881784e-15 
8.881784e-15 
8.881784e-15 
8.881784e-15 
8.881784e-15 
8.881784e-15 
8.881784e-15 
8.881784e-15 
8.881784e-15 
8.881784e-15 
8.881784e-15 
8.881784e-15 
8.881784e-15 
8.881784e-15 
8.881784e-15 
8.881784e-15 
8.881784e-15 
8.881784e-15 
8.881784e-15 
8.881784e-15 
8.881784e-15 
8.881784e-15 
8.881784e-15 
8.881784e-15 
8.881784e-15 
8.881784e-15 
8.881784e-15 
8.881784e-15 
8.881784e-15 
8.881784e-15 
8.881784e-15 
8.881784e-15 
8.881784e-15 
8.881784e-15 
8.881784e-15 
8.881784e-15 
8.881784e-15 
8.881784e-15 
8.881784e-15 
8.881784e-15 
8.881784e-15 
8.881784e-15 
8.881784e-15 
8.881784e-15 
8.881784e-15 
8.881784e-15 
8.881784e-15 
8.881784e-15 
8.881784e-15 
8.881784e-15 
8.881784e-15 
8.881784e-15 
8.881784e-15 
8.881784e-15 
8.881784e-15 
8.881784e-15 
8.881784e-15 
8.881784e-15 
8.881784e-15 
8.881784e-15 
8.881784e-15 
8.881784e-15 
8.881784e-15 
8.881784e-15 
8.881784e-15 
8.881784e-15 
8.881784e-15 
8.881784e-15 
8.881784e-15 
8.881784e-15 
8.881784e-15 
8.881784e-15 
8.881784e-15 
8.881784e-15 
8.881784e-15 
8.881784e-15 
8.881784e-15 
8.881784e-15 
8.881784e-15 
8.881784e-15 
8.881784e-15 
8.881784e-15 
8.881784e-15 
8.881784e-15 
8.881784e-15 
8.881784e-15 
8.881784e-15 
8.881784e-15 
8.881784e-15 
8.881784e-15 
8.881784e-15 
8.881784e-15 
8.881784e-15 
8.881784e-15 
8.881784e-15 
8.881784e-15 
8.881784e-15 
8.881784e-15 
8.881784e-15 
8.881784e-15 
8.881784e-15 
8.881784e-15 
8.881784e-15 
8.881784e-15 
8.881784e-15 
8.881784e-15 
8.881784e-15 
8.881784e-15 
8.881784e-15 
8.881784e-15 
8.881784e-15 
8.881784e-15 
8.881784e-15 
8.881784e-15 
8.881784e-15 
8.881784e-15 
8.881784e-15 
8.881784e-15 
8.881784e-15 
8.881784e-15 
8.881784e-15 
8.881784e-15 
8.881784e-15 
8.881784e-15 
8.881784e-15 
8.881784e-15 
8.881784e-15 
8.881784e-15 
8.881784e-15 
8.881784e-15 
8.881784e-15 
8.881784e-15 
8.881784e-15 
8.881784e-15 
8.881784e-15 
8.881784e-15 
8.881784e-15 
8.881784e-15 
8.881784e-15 
8.881784e-15 
8.881784e-15 
8.881784e-15 
8.881784e-15 
8.881784e-15 
8.881784e-15 
8.881784e-15 
8.881784e-15 
8.881784e-15 
8.881784e-15 
8.881784e-15 
8.881784e-15 
8.881784e-15 
8.881784e-15 
8.881784e-15 
8.881784e-15 
8.881784e-15 
8.881784e-15 
8.881784e-15 
8.881784e-15 
8.881784e-15 
8.881784e-15 
8.881784e-15 
8.881784e-15 
8.881784e-15 
8.881784e-15 
8.881784e-15 
8.881784e-15 
8.881784e-15 
8.881784e-15 
8.881784e-15 
8.881784e-15 
8.881784e-15 
8.881784e-15 
8.881784e-15 
8.881784e-15 
8.881784e-15 
8.881784e-15 
8.881784e-15 
8.881784e-15 
8.881784e-15 
8.881784e-15 
8.881784e-15 
8.881784e-15 
8.881784e-15 
8.881784e-15 
8.881784e-15 
8.881784e-15 
8.881784e-15 
8.881784e-15 
8.881784e-15 
8.881784e-15 
8.881784e-15 
8.881784e-15 
8.881784e-15 
8.881784e-15 
8.881784e-15 
8.881784e-15 
8.881784e-15 
8.881784e-15 
8.881784e-15 
8.881784e-15 
8.881784e-15 
8.881784e-15 
8.881784e-15 
8.881784e-15 
8.881784e-15 
8.881784e-15 
8.881784e-15 
8.881784e-15 
8.881784e-15 
8.881784e-15 
8.881784e-15 
8.881784e-15 
8.881784e-15 
8.881784e-15 
8.881784e-15 
8.881784e-15 
8.881784e-15 
8.881784e-15 
8.881784e-15 
8.881784e-15 
8.881784e-15 
8.881784e-15 
8.881784e-15 
8.881784e-15 
8.881784e-15 
8.881784e-15 
8.881784e-15 
8.881784e-15 
8.881784e-15 
8.881784e-15 
8.881784e-15 
8.881784e-15 
8.881784e-15 
8.881784e-15 
8.881784e-15 
8.881784e-15 
8.881784e-15 
8.881784e-15 
8.881784e-15 
8.881784e-15 
8.881784e-15 
8.881784e-15 
8.881784e-15 
8.881784e-15 
8.881784e-15 
8.881784e-15 
8.881784e-15 
8.881784e-15 
8.881784e-15 
8.881784e-15 
8.881784e-15 
8.881784e-15 
8.881784e-15 
8.881784e-15 
8.881784e-15 
8.881784e-15 
8.881784e-15 
8.881784e-15 
8.881784e-15 
8.881784e-15 
8.881784e-15 
8.881784e-15 
8.881784e-15 
8.881784e-15 
8.881784e-15 
8.881784e-15 
8.881784e-15 
8.881784e-15 
8.881784e-15 
8.881784e-15 
8.881784e-15 
8.881784e-15 
8.881784e-15 
8.881784e-15 
8.881784e-15 
8.881784e-15 
8.881784e-15 
8.881784e-15 
8.881784e-15 
8.881784e-15 
8.881784e-15 
8.881784e-15 
8.881784e-15 
8.881784e-15 
8.881784e-15 
8.881784e-15 
8.881784e-15 
8.881784e-15 
8.881784e-15 
8.881784e-15 
8.881784e-15 
8.881784e-15 
8.881784e-15 
8.881784e-15 
8.881784e-15 
8.881784e-15 
8.881784e-15 
8.881784e-15 
8.881784e-15 
8.881784e-15 
8.881784e-15 
8.881784e-15 
8.881784e-15 
8.881784e-15 
8.881784e-15 
8.881784e-15 
8.881784e-15 
8.881784e-15 
8.881784e-15 
8.881784e-15 
8.881784e-15 
8.881784e-15 
8.881784e-15 
8.881784e-15 
8.881784e-15 
8.881784e-15 
8.881784e-15 
8.881784e-15 
8.881784e-15 
8.881784e-15 
8.881784e-15 
8.881784e-15 
8.881784e-15 
8.881784e-15 
8.881784e-15 
8.881784e-15 
8.881784e-15 
8.881784e-15 
8.881784e-15 
8.881784e-15 
8.881784e-15 
8.881784e-15 
8.881784e-15 
8.881784e-15 
8.881784e-15 
8.881784e-15 
8.881784e-15 
8.881784e-15 
8.881784e-15 
8.881784e-15 
8.881784e-15 
8.881784e-15 
8.881784e-15 
8.881784e-15 
8.881784e-15 
8.881784e-15 
8.881784e-15 
8.881784e-15 
8.881784e-15 
8.881784e-15 
8.881784e-15 
8.881784e-15 
8.881784e-15 
8.881784e-15 
8.881784e-15 
8.881784e-15 
8.881784e-15 
8.881784e-15 
8.881784e-15 
8.881784e-15 
8.881784e-15 
8.881784e-15 
8.881784e-15 
8.881784e-15 
8.881784e-15 
8.881784e-15 
8.881784e-15 
8.881784e-15 
8.881784e-15 
8.881784e-15 
8.881784e-15 
8.881784e-15 
8.881784e-15 
8.881784e-15 
8.881784e-15 
8.881784e-15 
8.881784e-15 
8.881784e-15 
8.881784e-15 
8.881784e-15 
8.881784e-15 
8.881784e-15 
8.881784e-15 
8.881784e-15 
8.881784e-15 
8.881784e-15 
8.881784e-15 
8.881784e-15 
8.881784e-15 
8.881784e-15 
8.881784e-15 
8.881784e-15 
8.881784e-15 
8.881784e-15 
8.881784e-15 
8.881784e-15 
8.881784e-15 
8.881784e-15 
8.881784e-15 
8.881784e-15 
8.881784e-15 
8.881784e-15 
8.881784e-15 
8.881784e-15 
8.881784e-15 
8.881784e-15 
8.881784e-15 
8.881784e-15 
8.881784e-15 
8.881784e-15 
8.881784e-15 
8.881784e-15 
8.881784e-15 
8.881784e-15 
8.881784e-15 
8.881784e-15 
8.881784e-15 
8.881784e-15 
8.881784e-15 
8.881784e-15 
8.881784e-15 
8.881784e-15 
8.881784e-15 
8.881784e-15 
8.881784e-15 
8.881784e-15 
8.881784e-15 
8.881784e-15 
8.881784e-15 
8.881784e-15 
8.881784e-15 
8.881784e-15 
8.881784e-15 
8.881784e-15 
8.881784e-15 
8.881784e-15 
8.881784e-15 
8.881784e-15 
8.881784e-15 
8.881784e-15 
8.881784e-15 
8.881784e-15 
8.881784e-15 
8.881784e-15 
8.881784e-15 
8.881784e-15 
8.881784e-15 
8.881784e-15 
8.881784e-15 
8.881784e-15 
8.881784e-15 
8.881784e-15 
8.881784e-15 
8.881784e-15 
8.881784e-15 
8.881784e-15 
8.881784e-15 
8.881784e-15 
8.881784e-15 
8.881784e-15 
8.881784e-15 
8.881784e-15 
8.881784e-15 
8.881784e-15 
8.881784e-15 
8.881784e-15 
8.881784e-15 
8.881784e-15 
8.881784e-15 
8.881784e-15 
8.881784e-15 
8.881784e-15 
8.881784e-15 
8.881784e-15 
8.881784e-15 
8.881784e-15 
8.881784e-15 
8.881784e-15 
8.881784e-15 
8.881784e-15 
8.881784e-15 
8.881784e-15 
8.881784e-15 
8.881784e-15 
8.881784e-15 
8.881784e-15 
8.881784e-15 
8.881784e-15 
8.881784e-15 
8.881784e-15 
8.881784e-15 
8.881784e-15 
8.881784e-15 
8.881784e-15 
8.881784e-15 
8.881784e-15 
8.881784e-15 
8.881784e-15 
8.881784e-15 
8.881784e-15 
8.881784e-15 
8.881784e-15 
8.881784e-15 
8.881784e-15 
8.881784e-15 
8.881784e-15 
8.881784e-15 
8.881784e-15 
8.881784e-15 
8.881784e-15 
8.881784e-15 
8.881784e-15 
8.881784e-15 
8.881784e-15 
8.881784e-15 
8.881784e-15 
8.881784e-15 
8.881784e-15 
8.881784e-15 
8.881784e-15 
8.881784e-15 
8.881784e-15 
8.881784e-15 
8.881784e-15 
8.881784e-15 
8.881784e-15 
8.881784e-15 
8.881784e-15 
8.881784e-15 
8.881784e-15 
8.881784e-15 
8.881784e-15 
8.881784e-15 
8.881784e-15 
8.881784e-15 
8.881784e-15 
8.881784e-15 
8.881784e-15 
8.881784e-15 
8.881784e-15 
8.881784e-15 
8.881784e-15 
8.881784e-15 
8.881784e-15 
8.881784e-15 
8.881784e-15 
8.881784e-15 
8.881784e-15 
8.881784e-15 
8.881784e-15 
8.881784e-15 
8.881784e-15 
8.881784e-15 
8.881784e-15 
8.881784e-15 
8.881784e-15 
8.881784e-15 
8.881784e-15 
8.881784e-15 
8.881784e-15 
8.881784e-15 
8.881784e-15 
8.881784e-15 
8.881784e-15 
8.881784e-15 
8.881784e-15 
8.881784e-15 
8.881784e-15 
8.881784e-15 
8.881784e-15 
8.881784e-15 
8.881784e-15 
8.881784e-15 
8.881784e-15 
8.881784e-15 
8.881784e-15 
8.881784e-15 
8.881784e-15 
8.881784e-15 
8.881784e-15 
8.881784e-15 
8.881784e-15 
8.881784e-15 
8.881784e-15 
8.881784e-15 
8.881784e-15 
8.881784e-15 
8.881784e-15 
8.881784e-15 
8.881784e-15 
8.881784e-15 
8.881784e-15 
8.881784e-15 
8.881784e-15 
8.881784e-15 
8.881784e-15 
8.881784e-15 
8.881784e-15 
8.881784e-15 
8.881784e-15 
8.881784e-15 
8.881784e-15 
8.881784e-15 
8.881784e-15 
8.881784e-15 
8.881784e-15 
8.881784e-15 
8.881784e-15 
8.881784e-15 
8.881784e-15 
8.881784e-15 
8.881784e-15 
8.881784e-15 
8.881784e-15 
8.881784e-15 
8.881784e-15 
8.881784e-15 
8.881784e-15 
8.881784e-15 
8.881784e-15 
8.881784e-15 
8.881784e-15 
8.881784e-15 
8.881784e-15 
8.881784e-15 
8.881784e-15 
8.881784e-15 
8.881784e-15 
8.881784e-15 
8.881784e-15 
8.881784e-15 
8.881784e-15 
8.881784e-15 
8.881784e-15 
8.881784e-15 
8.881784e-15 
8.881784e-15 
8.881784e-15 
8.881784e-15 
8.881784e-15 
8.881784e-15 
8.881784e-15 
8.881784e-15 
8.881784e-15 
8.881784e-15 
8.881784e-15 
8.881784e-15 
8.881784e-15 
8.881784e-15 
8.881784e-15 
8.881784e-15 
8.881784e-15 
8.881784e-15 
8.881784e-15 
8.881784e-15 
8.881784e-15 
8.881784e-15 
8.881784e-15 
8.881784e-15 
8.881784e-15 
8.881784e-15 
8.881784e-15 
8.881784e-15 
8.881784e-15 
8.881784e-15 
8.881784e-15 
8.881784e-15 
8.881784e-15 
8.881784e-15 
8.881784e-15 
8.881784e-15 
8.881784e-15 
8.881784e-15 
8.881784e-15 
8.881784e-15 
8.881784e-15 
8.881784e-15 
8.881784e-15 
8.881784e-15 
8.881784e-15 
8.881784e-15 
8.881784e-15 
8.881784e-15 
8.881784e-15 
8.881784e-15 
8.881784e-15 
8.881784e-15 
8.881784e-15 
8.881784e-15 
8.881784e-15 
8.881784e-15 
8.881784e-15 
8.881784e-15 
8.881784e-15 
8.881784e-15 
8.881784e-15 
8.881784e-15 
8.881784e-15 
8.881784e-15 
8.881784e-15 
8.881784e-15 
8.881784e-15 
8.881784e-15 
8.881784e-15 
8.881784e-15 
8.881784e-15 
8.881784e-15 
8.881784e-15 
8.881784e-15 
8.881784e-15 
8.881784e-15 
8.881784e-15 
8.881784e-15 
8.881784e-15 
8.881784e-15 
8.881784e-15 
8.881784e-15 
8.881784e-15 
8.881784e-15 
8.881784e-15 
8.881784e-15 
8.881784e-15 
8.881784e-15 
8.881784e-15 
8.881784e-15 
8.881784e-15 
8.881784e-15 
8.881784e-15 
8.881784e-15 
8.881784e-15 
8.881784e-15 
8.881784e-15 
8.881784e-15 
8.881784e-15 
8.881784e-15 
8.881784e-15 
8.881784e-15 
8.881784e-15 
8.881784e-15 
8.881784e-15 
8.881784e-15 
8.881784e-15 
8.881784e-15 
8.881784e-15 
8.881784e-15 
8.881784e-15 
8.881784e-15 
8.881784e-15 
8.881784e-15 
8.881784e-15 
8.881784e-15 
8.881784e-15 
8.881784e-15 
8.881784e-15 
8.881784e-15 
8.881784e-15 
8.881784e-15 
8.881784e-15 
8.881784e-15 
8.881784e-15 
8.881784e-15 
8.881784e-15 
8.881784e-15 
8.881784e-15 
8.881784e-15 
8.881784e-15 
8.881784e-15 
8.881784e-15 
8.881784e-15 
8.881784e-15 
8.881784e-15 
8.881784e-15 
8.881784e-15 
8.881784e-15 
8.881784e-15 
8.881784e-15 
8.881784e-15 
8.881784e-15 
8.881784e-15 
8.881784e-15 
8.881784e-15 
8.881784e-15 
8.881784e-15 
8.881784e-15 
8.881784e-15 
8.881784e-15 
8.881784e-15 
8.881784e-15 
8.881784e-15 
8.881784e-15 
8.881784e-15 
8.881784e-15 
8.881784e-15 
8.881784e-15 
8.881784e-15 
8.881784e-15 
8.881784e-15 
8.881784e-15 
8.881784e-15 
8.881784e-15 
8.881784e-15 
8.881784e-15 
8.881784e-15 
8.881784e-15 
8.881784e-15 
8.881784e-15 
8.881784e-15 
8.881784e-15 
8.881784e-15 
8.881784e-15 
8.881784e-15 
8.881784e-15 
8.881784e-15 
8.881784e-15 
8.881784e-15 
8.881784e-15 
8.881784e-15 
8.881784e-15 
8.881784e-15 
8.881784e-15 
8.881784e-15 
8.881784e-15 
8.881784e-15 
8.881784e-15 
8.881784e-15 
8.881784e-15 
8.881784e-15 
8.881784e-15 
8.881784e-15 
8.881784e-15 
8.881784e-15 
8.881784e-15 
8.881784e-15 
8.881784e-15 
8.881784e-15 
8.881784e-15 
8.881784e-15 
8.881784e-15 
8.881784e-15 
8.881784e-15 
8.881784e-15 
8.881784e-15 
8.881784e-15 
8.881784e-15 
8.881784e-15 
8.881784e-15 
8.881784e-15 
8.881784e-15 
8.881784e-15 
8.881784e-15 
8.881784e-15 
8.881784e-15 
8.881784e-15 
8.881784e-15 
8.881784e-15 
8.881784e-15 
8.881784e-15 
8.881784e-15 
8.881784e-15 
8.881784e-15 
8.881784e-15 
8.881784e-15 
8.881784e-15 
8.881784e-15 
8.881784e-15 
8.881784e-15 
8.881784e-15 
8.881784e-15 
8.881784e-15 
8.881784e-15 
8.881784e-15 
8.881784e-15 
8.881784e-15 
8.881784e-15 
8.881784e-15 
8.881784e-15 
8.881784e-15 
8.881784e-15 
8.881784e-15 
8.881784e-15 
8.881784e-15 
8.881784e-15 
8.881784e-15 
8.881784e-15 
8.881784e-15 
8.881784e-15 
8.881784e-15 
8.881784e-15 
8.881784e-15 
8.881784e-15 
8.881784e-15 
8.881784e-15 
8.881784e-15 
8.881784e-15 
8.881784e-15 
8.881784e-15 
8.881784e-15 
8.881784e-15 
8.881784e-15 
8.881784e-15 
8.881784e-15 
8.881784e-15 
8.881784e-15 
8.881784e-15 
8.881784e-15 
8.881784e-15 
8.881784e-15 
8.881784e-15 
8.881784e-15 
8.881784e-15 
8.881784e-15 
8.881784e-15 
8.881784e-15 
8.881784e-15 
8.881784e-15 
8.881784e-15 
8.881784e-15 
8.881784e-15 
8.881784e-15 
8.881784e-15 
8.881784e-15 
8.881784e-15 
8.881784e-15 
8.881784e-15 
8.881784e-15 
8.881784e-15 
8.881784e-15 
8.881784e-15 
8.881784e-15 
8.881784e-15 
8.881784e-15 
8.881784e-15 
8.881784e-15 
8.881784e-15 
8.881784e-15 
8.881784e-15 
8.881784e-15 
8.881784e-15 
8.881784e-15 
8.881784e-15 
8.881784e-15 
8.881784e-15 
8.881784e-15 
8.881784e-15 
8.881784e-15 
8.881784e-15 
8.881784e-15 
8.881784e-15 
8.881784e-15 
8.881784e-15 
8.881784e-15 
8.881784e-15 
8.881784e-15 
8.881784e-15 
8.881784e-15 
8.881784e-15 
8.881784e-15 
8.881784e-15 
8.881784e-15 
8.881784e-15 
8.881784e-15 
8.881784e-15 
8.881784e-15 
8.881784e-15 
8.881784e-15 
8.881784e-15 
8.881784e-15 
8.881784e-15 
8.881784e-15 
8.881784e-15 
8.881784e-15 
8.881784e-15 
8.881784e-15 
8.881784e-15 
8.881784e-15 
8.881784e-15 
8.881784e-15 
8.881784e-15 
8.881784e-15 
8.881784e-15 
8.881784e-15 
8.881784e-15 
8.881784e-15 
8.881784e-15 
8.881784e-15 
8.881784e-15 
8.881784e-15 
8.881784e-15 
8.881784e-15 
8.881784e-15 
8.881784e-15 
8.881784e-15 
8.881784e-15 
8.881784e-15 
8.881784e-15 
8.881784e-15 
8.881784e-15 
8.881784e-15 
8.881784e-15 
8.881784e-15 
8.881784e-15 
8.881784e-15 
8.881784e-15 
8.881784e-15 
8.881784e-15 
8.881784e-15 
8.881784e-15 
8.881784e-15 
8.881784e-15 
8.881784e-15 
8.881784e-15 
8.881784e-15 
8.881784e-15 
8.881784e-15 
8.881784e-15 
8.881784e-15 
8.881784e-15 
8.881784e-15 
8.881784e-15 
8.881784e-15 
8.881784e-15 
8.881784e-15 
8.881784e-15 
8.881784e-15 
8.881784e-15 
8.881784e-15 
8.881784e-15 
8.881784e-15 
8.881784e-15 
8.881784e-15 
8.881784e-15 
8.881784e-15 
8.881784e-15 
8.881784e-15 
8.881784e-15 
8.881784e-15 
8.881784e-15 
8.881784e-15 
8.881784e-15 
8.881784e-15 
8.881784e-15 
8.881784e-15 
8.881784e-15 
8.881784e-15 
8.881784e-15 
8.881784e-15 
8.881784e-15 
8.881784e-15 
8.881784e-15 
8.881784e-15 
8.881784e-15 
8.881784e-15 
8.881784e-15 
8.881784e-15 
8.881784e-15 
8.881784e-15 
8.881784e-15 
8.881784e-15 
8.881784e-15 
8.881784e-15 
8.881784e-15 
8.881784e-15 
8.881784e-15 
8.881784e-15 
8.881784e-15 
8.881784e-15 
8.881784e-15 
8.881784e-15 
8.881784e-15 
8.881784e-15 
8.881784e-15 
8.881784e-15 
8.881784e-15 
8.881784e-15 
8.881784e-15 
8.881784e-15 
8.881784e-15 
8.881784e-15 
8.881784e-15 
8.881784e-15 
8.881784e-15 
8.881784e-15 
8.881784e-15 
8.881784e-15 
8.881784e-15 
8.881784e-15 
8.881784e-15 
8.881784e-15 
8.881784e-15 
8.881784e-15 
8.881784e-15 
8.881784e-15 
8.881784e-15 
8.881784e-15 
8.881784e-15 
8.881784e-15 
8.881784e-15 
8.881784e-15 
8.881784e-15 
8.881784e-15 
8.881784e-15 
8.881784e-15 
8.881784e-15 
8.881784e-15 
8.881784e-15 
8.881784e-15 
8.881784e-15 
8.881784e-15 
8.881784e-15 
8.881784e-15 
8.881784e-15 
8.881784e-15 
8.881784e-15 
8.881784e-15 
8.881784e-15 
8.881784e-15 
8.881784e-15 
8.881784e-15 
8.881784e-15 
8.881784e-15 
8.881784e-15 
8.881784e-15 
8.881784e-15 
8.881784e-15 
8.881784e-15 
8.881784e-15 
8.881784e-15 
8.881784e-15 
8.881784e-15 
8.881784e-15 
8.881784e-15 
8.881784e-15 
8.881784e-15 
8.881784e-15 
8.881784e-15 
8.881784e-15 
8.881784e-15 
8.881784e-15 
8.881784e-15 
8.881784e-15 
8.881784e-15 
8.881784e-15 
8.881784e-15 
8.881784e-15 
8.881784e-15 
8.881784e-15 
8.881784e-15 
8.881784e-15 
8.881784e-15 
8.881784e-15 
8.881784e-15 
8.881784e-15 
8.881784e-15 
8.881784e-15 
8.881784e-15 
8.881784e-15 
8.881784e-15 
8.881784e-15 
8.881784e-15 
8.881784e-15 
8.881784e-15 
8.881784e-15 
8.881784e-15 
8.881784e-15 
8.881784e-15 
8.881784e-15 
8.881784e-15 
8.881784e-15 
8.881784e-15 
8.881784e-15 
8.881784e-15 
8.881784e-15 
8.881784e-15 
8.881784e-15 
8.881784e-15 
8.881784e-15 
8.881784e-15 
8.881784e-15 
8.881784e-15 
8.881784e-15 
8.881784e-15 
8.881784e-15 
8.881784e-15 
8.881784e-15 
8.881784e-15 
8.881784e-15 
8.881784e-15 
8.881784e-15 
8.881784e-15 
8.881784e-15 
8.881784e-15 
8.881784e-15 
8.881784e-15 
8.881784e-15 
8.881784e-15 
8.881784e-15 
8.881784e-15 
8.881784e-15 
8.881784e-15 
8.881784e-15 
8.881784e-15 
8.881784e-15 
8.881784e-15 
8.881784e-15 
8.881784e-15 
8.881784e-15 
8.881784e-15 
8.881784e-15 
8.881784e-15 
8.881784e-15 
8.881784e-15 
8.881784e-15 
8.881784e-15 
8.881784e-15 
8.881784e-15 
8.881784e-15 
8.881784e-15 
8.881784e-15 
8.881784e-15 
8.881784e-15 
8.881784e-15 
8.881784e-15 
8.881784e-15 
8.881784e-15 
8.881784e-15 
8.881784e-15 
8.881784e-15 
8.881784e-15 
8.881784e-15 
8.881784e-15 
8.881784e-15 
8.881784e-15 
8.881784e-15 
8.881784e-15 
8.881784e-15 
8.881784e-15 
8.881784e-15 
8.881784e-15 
8.881784e-15 
8.881784e-15 
8.881784e-15 
8.881784e-15 
8.881784e-15 
8.881784e-15 
8.881784e-15 
8.881784e-15 
8.881784e-15 
8.881784e-15 
8.881784e-15 
8.881784e-15 
8.881784e-15 
8.881784e-15 
8.881784e-15 
8.881784e-15 
8.881784e-15 
8.881784e-15 
8.881784e-15 
8.881784e-15 
8.881784e-15 
8.881784e-15 
8.881784e-15 
8.881784e-15 
8.881784e-15 
8.881784e-15 
8.881784e-15 
8.881784e-15 
8.881784e-15 
8.881784e-15 
8.881784e-15 
8.881784e-15 
8.881784e-15 
8.881784e-15 
8.881784e-15 
8.881784e-15 
8.881784e-15 
8.881784e-15 
8.881784e-15 
8.881784e-15 
8.881784e-15 
8.881784e-15 
8.881784e-15 
8.881784e-15 
8.881784e-15 
8.881784e-15 
8.881784e-15 
8.881784e-15 
8.881784e-15 
8.881784e-15 
8.881784e-15 
8.881784e-15 
8.881784e-15 
8.881784e-15 
8.881784e-15 
8.881784e-15 
8.881784e-15 
8.881784e-15 
8.881784e-15 
8.881784e-15 
8.881784e-15 
8.881784e-15 
8.881784e-15 
8.881784e-15 
8.881784e-15 
8.881784e-15 
8.881784e-15 
8.881784e-15 
8.881784e-15 
8.881784e-15 
8.881784e-15 
8.881784e-15 
8.881784e-15 
8.881784e-15 
8.881784e-15 
8.881784e-15 
8.881784e-15 
8.881784e-15 
8.881784e-15 
8.881784e-15 
8.881784e-15 
8.881784e-15 
8.881784e-15 
8.881784e-15 
8.881784e-15 
8.881784e-15 
8.881784e-15 
8.881784e-15 
8.881784e-15 
8.881784e-15 
8.881784e-15 
8.881784e-15 
8.881784e-15 
8.881784e-15 
8.881784e-15 
8.881784e-15 
8.881784e-15 
8.881784e-15 
8.881784e-15 
8.881784e-15 
8.881784e-15 
8.881784e-15 
8.881784e-15 
8.881784e-15 
8.881784e-15 
8.881784e-15 
8.881784e-15 
8.881784e-15 
8.881784e-15 
8.881784e-15 
8.881784e-15 
8.881784e-15 
8.881784e-15 
8.881784e-15 
8.881784e-15 
8.881784e-15 
8.881784e-15 
8.881784e-15 
8.881784e-15 
8.881784e-15 
8.881784e-15 
8.881784e-15 
8.881784e-15 
8.881784e-15 
8.881784e-15 
8.881784e-15 
8.881784e-15 
8.881784e-15 
8.881784e-15 
8.881784e-15 
8.881784e-15 
8.881784e-15 
8.881784e-15 
8.881784e-15 
8.881784e-15 
8.881784e-15 
8.881784e-15 
8.881784e-15 
8.881784e-15 
8.881784e-15 
8.881784e-15 
8.881784e-15 
8.881784e-15 
8.881784e-15 
8.881784e-15 
8.881784e-15 
8.881784e-15 
8.881784e-15 
8.881784e-15 
8.881784e-15 
8.881784e-15 
8.881784e-15 
8.881784e-15 
8.881784e-15 
8.881784e-15 
8.881784e-15 
8.881784e-15 
8.881784e-15 
8.881784e-15 
8.881784e-15 
8.881784e-15 
8.881784e-15 
8.881784e-15 
8.881784e-15 
8.881784e-15 
8.881784e-15 
8.881784e-15 
8.881784e-15 
8.881784e-15 
8.881784e-15 
8.881784e-15 
8.881784e-15 
8.881784e-15 
8.881784e-15 
8.881784e-15 
8.881784e-15 
8.881784e-15 
8.881784e-15 
8.881784e-15 
8.881784e-15 
8.881784e-15 
8.881784e-15 
8.881784e-15 
8.881784e-15 
8.881784e-15 
8.881784e-15 
8.881784e-15 
8.881784e-15 
8.881784e-15 
8.881784e-15 
8.881784e-15 
8.881784e-15 
8.881784e-15 
8.881784e-15 
8.881784e-15 
8.881784e-15 
8.881784e-15 
8.881784e-15 
8.881784e-15 
8.881784e-15 
8.881784e-15 
8.881784e-15 
8.881784e-15 
8.881784e-15 
8.881784e-15 
8.881784e-15 
8.881784e-15 
8.881784e-15 
8.881784e-15 
8.881784e-15 
8.881784e-15 
8.881784e-15 
8.881784e-15 
8.881784e-15 
8.881784e-15 
8.881784e-15 
8.881784e-15 
8.881784e-15 
8.881784e-15 
8.881784e-15 
8.881784e-15 
8.881784e-15 
8.881784e-15 
8.881784e-15 
8.881784e-15 
8.881784e-15 
8.881784e-15 
8.881784e-15 
8.881784e-15 
8.881784e-15 
8.881784e-15 
8.881784e-15 
8.881784e-15 
8.881784e-15 
8.881784e-15 
8.881784e-15 
8.881784e-15 
8.881784e-15 
8.881784e-15 
8.881784e-15 
8.881784e-15 
8.881784e-15 
8.881784e-15 
8.881784e-15 
8.881784e-15 
8.881784e-15 
8.881784e-15 
8.881784e-15 
8.881784e-15 
8.881784e-15 
8.881784e-15 
8.881784e-15 
8.881784e-15 
8.881784e-15 
8.881784e-15 
8.881784e-15 
8.881784e-15 
8.881784e-15 
8.881784e-15 
8.881784e-15 
8.881784e-15 
8.881784e-15 
8.881784e-15 
8.881784e-15 
8.881784e-15 
8.881784e-15 
8.881784e-15 
8.881784e-15 
8.881784e-15 
8.881784e-15 
8.881784e-15 
8.881784e-15 
8.881784e-15 
8.881784e-15 
8.881784e-15 
8.881784e-15 
8.881784e-15 
8.881784e-15 
8.881784e-15 
8.881784e-15 
8.881784e-15 
8.881784e-15 
8.881784e-15 
8.881784e-15 
8.881784e-15 
8.881784e-15 
8.881784e-15 
8.881784e-15 
8.881784e-15 
8.881784e-15 
8.881784e-15 
8.881784e-15 
8.881784e-15 
8.881784e-15 
8.881784e-15 
8.881784e-15 
8.881784e-15 
8.881784e-15 
8.881784e-15 
8.881784e-15 
8.881784e-15 
8.881784e-15 
8.881784e-15 
8.881784e-15 
8.881784e-15 
8.881784e-15 
8.881784e-15 
8.881784e-15 
8.881784e-15 
8.881784e-15 
8.881784e-15 
8.881784e-15 
8.881784e-15 
8.881784e-15 
8.881784e-15 
8.881784e-15 
8.881784e-15 
8.881784e-15 
8.881784e-15 
8.881784e-15 
8.881784e-15 
8.881784e-15 
8.881784e-15 
8.881784e-15 
8.881784e-15 
8.881784e-15 
8.881784e-15 
8.881784e-15 
8.881784e-15 
8.881784e-15 
8.881784e-15 
8.881784e-15 
8.881784e-15 
8.881784e-15 
8.881784e-15 
8.881784e-15 
8.881784e-15 
8.881784e-15 
8.881784e-15 
8.881784e-15 
8.881784e-15 
8.881784e-15 
8.881784e-15 
8.881784e-15 
8.881784e-15 
8.881784e-15 
8.881784e-15 
8.881784e-15 
8.881784e-15 
8.881784e-15 
8.881784e-15 
8.881784e-15 
8.881784e-15 
8.881784e-15 
8.881784e-15 
8.881784e-15 
8.881784e-15 
8.881784e-15 
8.881784e-15 
8.881784e-15 
8.881784e-15 
8.881784e-15 
8.881784e-15 
8.881784e-15 
8.881784e-15 
8.881784e-15 
8.881784e-15 
8.881784e-15 
8.881784e-15 
8.881784e-15 
8.881784e-15 
8.881784e-15 
8.881784e-15 
8.881784e-15 
8.881784e-15 
8.881784e-15 
8.881784e-15 
8.881784e-15 
8.881784e-15 
8.881784e-15 
8.881784e-15 
8.881784e-15 
8.881784e-15 
8.881784e-15 
8.881784e-15 
8.881784e-15 
8.881784e-15 
8.881784e-15 
8.881784e-15 
8.881784e-15 
8.881784e-15 
8.881784e-15 
8.881784e-15 
8.881784e-15 
8.881784e-15 
8.881784e-15 
8.881784e-15 
8.881784e-15 
8.881784e-15 
8.881784e-15 
8.881784e-15 
8.881784e-15 
8.881784e-15 
8.881784e-15 
8.881784e-15 
8.881784e-15 
8.881784e-15 
8.881784e-15 
8.881784e-15 
8.881784e-15 
8.881784e-15 
8.881784e-15 
8.881784e-15 
8.881784e-15 
8.881784e-15 
8.881784e-15 
8.881784e-15 
8.881784e-15 
8.881784e-15 
8.881784e-15 
8.881784e-15 
8.881784e-15 
8.881784e-15 
8.881784e-15 
8.881784e-15 
8.881784e-15 
8.881784e-15 
8.881784e-15 
8.881784e-15 
8.881784e-15 
8.881784e-15 
8.881784e-15 
8.881784e-15 
8.881784e-15 
8.881784e-15 
8.881784e-15 
8.881784e-15 
8.881784e-15 
8.881784e-15 
8.881784e-15 
8.881784e-15 
8.881784e-15 
8.881784e-15 
8.881784e-15 
8.881784e-15 
8.881784e-15 
8.881784e-15 
8.881784e-15 
8.881784e-15 
8.881784e-15 
8.881784e-15 
8.881784e-15 
8.881784e-15 
8.881784e-15 
8.881784e-15 
8.881784e-15 
8.881784e-15 
8.881784e-15 
8.881784e-15 
8.881784e-15 
8.881784e-15 
8.881784e-15 
8.881784e-15 
8.881784e-15 
8.881784e-15 
8.881784e-15 
8.881784e-15 
8.881784e-15 
8.881784e-15 
8.881784e-15 
8.881784e-15 
8.881784e-15 
8.881784e-15 
8.881784e-15 
8.881784e-15 
8.881784e-15 
8.881784e-15 
8.881784e-15 
8.881784e-15 
8.881784e-15 
8.881784e-15 
8.881784e-15 
8.881784e-15 
8.881784e-15 
8.881784e-15 
8.881784e-15 
8.881784e-15 
8.881784e-15 
8.881784e-15 
8.881784e-15 
8.881784e-15 
8.881784e-15 
8.881784e-15 
8.881784e-15 
8.881784e-15 
8.881784e-15 
8.881784e-15 
8.881784e-15 
8.881784e-15 
8.881784e-15 
8.881784e-15 
8.881784e-15 
8.881784e-15 
8.881784e-15 
8.881784e-15 
8.881784e-15 
8.881784e-15 
8.881784e-15 
8.881784e-15 
8.881784e-15 
8.881784e-15 
8.881784e-15 
8.881784e-15 
8.881784e-15 
8.881784e-15 
8.881784e-15 
8.881784e-15 
8.881784e-15 
8.881784e-15 
8.881784e-15 
8.881784e-15 
8.881784e-15 
8.881784e-15 
8.881784e-15 
8.881784e-15 
8.881784e-15 
8.881784e-15 
8.881784e-15 
8.881784e-15 
8.881784e-15 
8.881784e-15 
8.881784e-15 
8.881784e-15 
8.881784e-15 
8.881784e-15 
8.881784e-15 
8.881784e-15 
8.881784e-15 
8.881784e-15 
8.881784e-15 
8.881784e-15 
8.881784e-15 
8.881784e-15 
8.881784e-15 
8.881784e-15 
8.881784e-15 
8.881784e-15 
8.881784e-15 
8.881784e-15 
8.881784e-15 
8.881784e-15 
8.881784e-15 
8.881784e-15 
8.881784e-15 
8.881784e-15 
8.881784e-15 
8.881784e-15 
8.881784e-15 
8.881784e-15 
8.881784e-15 
8.881784e-15 
8.881784e-15 
8.881784e-15 
8.881784e-15 
8.881784e-15 
8.881784e-15 
8.881784e-15 
8.881784e-15 
8.881784e-15 
8.881784e-15 
8.881784e-15 
8.881784e-15 
8.881784e-15 
8.881784e-15 
8.881784e-15 
8.881784e-15 
8.881784e-15 
8.881784e-15 
8.881784e-15 
8.881784e-15 
8.881784e-15 
8.881784e-15 
8.881784e-15 
8.881784e-15 
8.881784e-15 
8.881784e-15 
8.881784e-15 
8.881784e-15 
8.881784e-15 
8.881784e-15 
8.881784e-15 
8.881784e-15 
8.881784e-15 
8.881784e-15 
8.881784e-15 
8.881784e-15 
8.881784e-15 
8.881784e-15 
8.881784e-15 
8.881784e-15 
8.881784e-15 
8.881784e-15 
8.881784e-15 
8.881784e-15 
8.881784e-15 
8.881784e-15 
8.881784e-15 
8.881784e-15 
8.881784e-15 
8.881784e-15 
8.881784e-15 
8.881784e-15 
8.881784e-15 
8.881784e-15 
8.881784e-15 
8.881784e-15 
8.881784e-15 
8.881784e-15 
8.881784e-15 
8.881784e-15 
8.881784e-15 
8.881784e-15 
8.881784e-15 
8.881784e-15 
8.881784e-15 
8.881784e-15 
8.881784e-15 
8.881784e-15 
8.881784e-15 
8.881784e-15 
8.881784e-15 
8.881784e-15 
8.881784e-15 
8.881784e-15 
8.881784e-15 
8.881784e-15 
8.881784e-15 
8.881784e-15 
8.881784e-15 
8.881784e-15 
8.881784e-15 
8.881784e-15 
8.881784e-15 
8.881784e-15 
8.881784e-15 
8.881784e-15 
8.881784e-15 
8.881784e-15 
8.881784e-15 
8.881784e-15 
8.881784e-15 
8.881784e-15 
8.881784e-15 
8.881784e-15 
8.881784e-15 
8.881784e-15 
8.881784e-15 
8.881784e-15 
8.881784e-15 
8.881784e-15 
8.881784e-15 
8.881784e-15 
8.881784e-15 
8.881784e-15 
8.881784e-15 
8.881784e-15 
8.881784e-15 
8.881784e-15 
8.881784e-15 
8.881784e-15 
8.881784e-15 
8.881784e-15 
8.881784e-15 
8.881784e-15 
8.881784e-15 
8.881784e-15 
8.881784e-15 
8.881784e-15 
8.881784e-15 
8.881784e-15 
8.881784e-15 
8.881784e-15 
8.881784e-15 
8.881784e-15 
8.881784e-15 
8.881784e-15 
8.881784e-15 
8.881784e-15 
8.881784e-15 
8.881784e-15 
8.881784e-15 
8.881784e-15 
8.881784e-15 
8.881784e-15 
8.881784e-15 
8.881784e-15 
8.881784e-15 
8.881784e-15 
8.881784e-15 
8.881784e-15 
8.881784e-15 
8.881784e-15 
8.881784e-15 
8.881784e-15 
8.881784e-15 
8.881784e-15 
8.881784e-15 
8.881784e-15 
8.881784e-15 
8.881784e-15 
8.881784e-15 
8.881784e-15 
8.881784e-15 
8.881784e-15 
8.881784e-15 
8.881784e-15 
8.881784e-15 
8.881784e-15 
8.881784e-15 
8.881784e-15 
8.881784e-15 
8.881784e-15 
8.881784e-15 
8.881784e-15 
8.881784e-15 
8.881784e-15 
8.881784e-15 
8.881784e-15 
8.881784e-15 
8.881784e-15 
8.881784e-15 
8.881784e-15 
8.881784e-15 
8.881784e-15 
8.881784e-15 
8.881784e-15 
8.881784e-15 
8.881784e-15 
8.881784e-15 
8.881784e-15 
8.881784e-15 
8.881784e-15 
8.881784e-15 
8.881784e-15 
8.881784e-15 
8.881784e-15 
8.881784e-15 
8.881784e-15 
8.881784e-15 
8.881784e-15 
8.881784e-15 
8.881784e-15 
8.881784e-15 
8.881784e-15 
8.881784e-15 
8.881784e-15 
8.881784e-15 
8.881784e-15 
8.881784e-15 
8.881784e-15 
8.881784e-15 
8.881784e-15 
8.881784e-15 
8.881784e-15 
8.881784e-15 
8.881784e-15 
8.881784e-15 
8.881784e-15 
8.881784e-15 
8.881784e-15 
8.881784e-15 
8.881784e-15 
8.881784e-15 
8.881784e-15 
8.881784e-15 
8.881784e-15 
8.881784e-15 
8.881784e-15 
8.881784e-15 
8.881784e-15 
8.881784e-15 
8.881784e-15 
8.881784e-15 
8.881784e-15 
8.881784e-15 
8.881784e-15 
8.881784e-15 
8.881784e-15 
8.881784e-15 
8.881784e-15 
8.881784e-15 
8.881784e-15 
8.881784e-15 
8.881784e-15 
8.881784e-15 
8.881784e-15 
8.881784e-15 
8.881784e-15 
8.881784e-15 
8.881784e-15 
8.881784e-15 
8.881784e-15 
8.881784e-15 
8.881784e-15 
8.881784e-15 
8.881784e-15 
8.881784e-15 
8.881784e-15 
8.881784e-15 
8.881784e-15 
8.881784e-15 
8.881784e-15 
8.881784e-15 
8.881784e-15 
8.881784e-15 
8.881784e-15 
8.881784e-15 
8.881784e-15 
8.881784e-15 
8.881784e-15 
8.881784e-15 
8.881784e-15 
8.881784e-15 
8.881784e-15 
8.881784e-15 
8.881784e-15 
8.881784e-15 
8.881784e-15 
8.881784e-15 
8.881784e-15 
8.881784e-15 
8.881784e-15 
8.881784e-15 
8.881784e-15 
8.881784e-15 
8.881784e-15 
8.881784e-15 
8.881784e-15 
8.881784e-15 
8.881784e-15 
8.881784e-15 
8.881784e-15 
8.881784e-15 
8.881784e-15 
8.881784e-15 
8.881784e-15 
8.881784e-15 
8.881784e-15 
8.881784e-15 
8.881784e-15 
8.881784e-15 
8.881784e-15 
8.881784e-15 
8.881784e-15 
8.881784e-15 
8.881784e-15 
8.881784e-15 
8.881784e-15 
8.881784e-15 
8.881784e-15 
8.881784e-15 
8.881784e-15 
8.881784e-15 
8.881784e-15 
8.881784e-15 
8.881784e-15 
8.881784e-15 
8.881784e-15 
8.881784e-15 
8.881784e-15 
8.881784e-15 
8.881784e-15 
8.881784e-15 
8.881784e-15 
8.881784e-15 
8.881784e-15 
8.881784e-15 
8.881784e-15 
8.881784e-15 
8.881784e-15 
8.881784e-15 
8.881784e-15 
8.881784e-15 
8.881784e-15 
8.881784e-15 
8.881784e-15 
8.881784e-15 
8.881784e-15 
8.881784e-15 
8.881784e-15 
8.881784e-15 
8.881784e-15 
8.881784e-15 
8.881784e-15 
8.881784e-15 
8.881784e-15 
8.881784e-15 
8.881784e-15 
8.881784e-15 
8.881784e-15 
8.881784e-15 
8.881784e-15 
8.881784e-15 
8.881784e-15 
8.881784e-15 
8.881784e-15 
8.881784e-15 
8.881784e-15 
8.881784e-15 
8.881784e-15 
8.881784e-15 
8.881784e-15 
8.881784e-15 
8.881784e-15 
8.881784e-15 
8.881784e-15 
8.881784e-15 
8.881784e-15 
8.881784e-15 
8.881784e-15 
8.881784e-15 
8.881784e-15 
8.881784e-15 
8.881784e-15 
8.881784e-15 
8.881784e-15 
8.881784e-15 
8.881784e-15 
8.881784e-15 
8.881784e-15 
8.881784e-15 
8.881784e-15 
8.881784e-15 
8.881784e-15 
8.881784e-15 
8.881784e-15 
8.881784e-15 
8.881784e-15 
8.881784e-15 
8.881784e-15 
8.881784e-15 
8.881784e-15 
8.881784e-15 
8.881784e-15 
8.881784e-15 
8.881784e-15 
8.881784e-15 
8.881784e-15 
8.881784e-15 
8.881784e-15 
8.881784e-15 
8.881784e-15 
8.881784e-15 
8.881784e-15 
8.881784e-15 
8.881784e-15 
8.881784e-15 
8.881784e-15 
8.881784e-15 
8.881784e-15 
8.881784e-15 
8.881784e-15 
8.881784e-15 
8.881784e-15 
8.881784e-15 
8.881784e-15 
8.881784e-15 
8.881784e-15 
8.881784e-15 
8.881784e-15 
8.881784e-15 
8.881784e-15 
8.881784e-15 
8.881784e-15 
8.881784e-15 
8.881784e-15 
8.881784e-15 
8.881784e-15 
8.881784e-15 
8.881784e-15 
8.881784e-15 
8.881784e-15 
8.881784e-15 
8.881784e-15 
8.881784e-15 
8.881784e-15 
8.881784e-15 
8.881784e-15 
8.881784e-15 
8.881784e-15 
8.881784e-15 
8.881784e-15 
8.881784e-15 
8.881784e-15 
8.881784e-15 
8.881784e-15 
8.881784e-15 
8.881784e-15 
8.881784e-15 
8.881784e-15 
8.881784e-15 
8.881784e-15 
8.881784e-15 
8.881784e-15 
8.881784e-15 
8.881784e-15 
8.881784e-15 
8.881784e-15 
8.881784e-15 
8.881784e-15 
8.881784e-15 
8.881784e-15 
8.881784e-15 
8.881784e-15 
8.881784e-15 
8.881784e-15 
8.881784e-15 
8.881784e-15 
8.881784e-15 
8.881784e-15 
8.881784e-15 
8.881784e-15 
8.881784e-15 
8.881784e-15 
8.881784e-15 
8.881784e-15 
8.881784e-15 
8.881784e-15 
8.881784e-15 
8.881784e-15 
8.881784e-15 
8.881784e-15 
8.881784e-15 
8.881784e-15 
8.881784e-15 
8.881784e-15 
8.881784e-15 
8.881784e-15 
8.881784e-15 
8.881784e-15 
8.881784e-15 
8.881784e-15 
8.881784e-15 
8.881784e-15 
8.881784e-15 
8.881784e-15 
8.881784e-15 
8.881784e-15 
8.881784e-15 
8.881784e-15 
8.881784e-15 
8.881784e-15 
8.881784e-15 
8.881784e-15 
8.881784e-15 
8.881784e-15 
8.881784e-15 
8.881784e-15 
8.881784e-15 
8.881784e-15 
8.881784e-15 
8.881784e-15 
8.881784e-15 
8.881784e-15 
8.881784e-15 
8.881784e-15 
8.881784e-15 
8.881784e-15 
8.881784e-15 
8.881784e-15 
8.881784e-15 
8.881784e-15 
8.881784e-15 
8.881784e-15 
8.881784e-15 
8.881784e-15 
8.881784e-15 
8.881784e-15 
8.881784e-15 
8.881784e-15 
8.881784e-15 
8.881784e-15 
8.881784e-15 
8.881784e-15 
8.881784e-15 
8.881784e-15 
8.881784e-15 
8.881784e-15 
8.881784e-15 
8.881784e-15 
8.881784e-15 
8.881784e-15 
8.881784e-15 
8.881784e-15 
8.881784e-15 
8.881784e-15 
8.881784e-15 
8.881784e-15 
8.881784e-15 
8.881784e-15 
8.881784e-15 
8.881784e-15 
8.881784e-15 
8.881784e-15 
8.881784e-15 
8.881784e-15 
8.881784e-15 
8.881784e-15 
8.881784e-15 
8.881784e-15 
8.881784e-15 
8.881784e-15 
8.881784e-15 
8.881784e-15 
8.881784e-15 
8.881784e-15 
8.881784e-15 
8.881784e-15 
8.881784e-15 
8.881784e-15 
8.881784e-15 
8.881784e-15 
8.881784e-15 
8.881784e-15 
8.881784e-15 
8.881784e-15 
8.881784e-15 
8.881784e-15 
8.881784e-15 
8.881784e-15 
8.881784e-15 
8.881784e-15 
8.881784e-15 
8.881784e-15 
8.881784e-15 
8.881784e-15 
8.881784e-15 
8.881784e-15 
8.881784e-15 
8.881784e-15 
8.881784e-15 
8.881784e-15 
8.881784e-15 
8.881784e-15 
8.881784e-15 
8.881784e-15 
8.881784e-15 
8.881784e-15 
8.881784e-15 
8.881784e-15 
8.881784e-15 
8.881784e-15 
8.881784e-15 
8.881784e-15 
8.881784e-15 
8.881784e-15 
8.881784e-15 
8.881784e-15 
8.881784e-15 
8.881784e-15 
8.881784e-15 
8.881784e-15 
8.881784e-15 
8.881784e-15 
8.881784e-15 
8.881784e-15 
8.881784e-15 
8.881784e-15 
8.881784e-15 
8.881784e-15 
8.881784e-15 
8.881784e-15 
8.881784e-15 
8.881784e-15 
8.881784e-15 
8.881784e-15 
8.881784e-15 
8.881784e-15 
8.881784e-15 
8.881784e-15 
8.881784e-15 
8.881784e-15 
8.881784e-15 
8.881784e-15 
8.881784e-15 
8.881784e-15 
8.881784e-15 
8.881784e-15 
8.881784e-15 
8.881784e-15 
8.881784e-15 
8.881784e-15 
8.881784e-15 
8.881784e-15 
8.881784e-15 
8.881784e-15 
8.881784e-15 
8.881784e-15 
8.881784e-15 
8.881784e-15 
8.881784e-15 
8.881784e-15 
8.881784e-15 
8.881784e-15 
8.881784e-15 
8.881784e-15 
8.881784e-15 
8.881784e-15 
8.881784e-15 
8.881784e-15 
8.881784e-15 
8.881784e-15 
8.881784e-15 
8.881784e-15 
8.881784e-15 
8.881784e-15 
8.881784e-15 
8.881784e-15 
8.881784e-15 
8.881784e-15 
8.881784e-15 
8.881784e-15 
8.881784e-15 
8.881784e-15 
8.881784e-15 
8.881784e-15 
8.881784e-15 
8.881784e-15 
8.881784e-15 
8.881784e-15 
8.881784e-15 
8.881784e-15 
8.881784e-15 
8.881784e-15 
8.881784e-15 
8.881784e-15 
8.881784e-15 
8.881784e-15 
8.881784e-15 
8.881784e-15 
8.881784e-15 
8.881784e-15 
8.881784e-15 
8.881784e-15 
8.881784e-15 
8.881784e-15 
8.881784e-15 
8.881784e-15 
8.881784e-15 
8.881784e-15 
8.881784e-15 
8.881784e-15 
8.881784e-15 
8.881784e-15 
8.881784e-15 
8.881784e-15 
8.881784e-15 
8.881784e-15 
8.881784e-15 
8.881784e-15 
8.881784e-15 
8.881784e-15 
8.881784e-15 
8.881784e-15 
8.881784e-15 
8.881784e-15 
8.881784e-15 
8.881784e-15 
8.881784e-15 
8.881784e-15 
8.881784e-15 
8.881784e-15 
8.881784e-15 
8.881784e-15 
8.881784e-15 
8.881784e-15 
8.881784e-15 
8.881784e-15 
8.881784e-15 
8.881784e-15 
8.881784e-15 
8.881784e-15 
8.881784e-15 
8.881784e-15 
8.881784e-15 
8.881784e-15 
8.881784e-15 
8.881784e-15 
8.881784e-15 
8.881784e-15 
8.881784e-15 
8.881784e-15 
8.881784e-15 
8.881784e-15 
8.881784e-15 
8.881784e-15 
8.881784e-15 
8.881784e-15 
8.881784e-15 
8.881784e-15 
8.881784e-15 
8.881784e-15 
8.881784e-15 
8.881784e-15 
8.881784e-15 
8.881784e-15 
8.881784e-15 
8.881784e-15 
8.881784e-15 
8.881784e-15 
8.881784e-15 
8.881784e-15 
8.881784e-15 
8.881784e-15 
8.881784e-15 
8.881784e-15 
8.881784e-15 
8.881784e-15 
8.881784e-15 
8.881784e-15 
8.881784e-15 
8.881784e-15 
8.881784e-15 
8.881784e-15 
8.881784e-15 
8.881784e-15 
8.881784e-15 
8.881784e-15 
8.881784e-15 
8.881784e-15 
8.881784e-15 
8.881784e-15 
8.881784e-15 
8.881784e-15 
8.881784e-15 
8.881784e-15 
8.881784e-15 
8.881784e-15 
8.881784e-15 
8.881784e-15 
8.881784e-15 
8.881784e-15 
8.881784e-15 
8.881784e-15 
8.881784e-15 
8.881784e-15 
8.881784e-15 
8.881784e-15 
8.881784e-15 
8.881784e-15 
8.881784e-15 
8.881784e-15 
8.881784e-15 
8.881784e-15 
8.881784e-15 
8.881784e-15 
8.881784e-15 
8.881784e-15 
8.881784e-15 
8.881784e-15 
8.881784e-15 
8.881784e-15 
8.881784e-15 
8.881784e-15 
8.881784e-15 
8.881784e-15 
8.881784e-15 
8.881784e-15 
8.881784e-15 
8.881784e-15 
8.881784e-15 
8.881784e-15 
8.881784e-15 
8.881784e-15 
8.881784e-15 
8.881784e-15 
8.881784e-15 
8.881784e-15 
8.881784e-15 
8.881784e-15 
8.881784e-15 
8.881784e-15 
8.881784e-15 
8.881784e-15 
8.881784e-15 
8.881784e-15 
8.881784e-15 
8.881784e-15 
8.881784e-15 
8.881784e-15 
8.881784e-15 
8.881784e-15 
8.881784e-15 
8.881784e-15 
8.881784e-15 
8.881784e-15 
8.881784e-15 
8.881784e-15 
8.881784e-15 
8.881784e-15 
8.881784e-15 
8.881784e-15 
8.881784e-15 
8.881784e-15 
8.881784e-15 
8.881784e-15 
8.881784e-15 
8.881784e-15 
8.881784e-15 
8.881784e-15 
8.881784e-15 
8.881784e-15 
8.881784e-15 
8.881784e-15 
8.881784e-15 
8.881784e-15 
8.881784e-15 
8.881784e-15 
8.881784e-15 
8.881784e-15 
8.881784e-15 
8.881784e-15 
8.881784e-15 
8.881784e-15 
8.881784e-15 
8.881784e-15 
8.881784e-15 
8.881784e-15 
8.881784e-15 
8.881784e-15 
8.881784e-15 
8.881784e-15 
8.881784e-15 
8.881784e-15 
8.881784e-15 
8.881784e-15 
8.881784e-15 
8.881784e-15 
8.881784e-15 
8.881784e-15 
8.881784e-15 
8.881784e-15 
8.881784e-15 
8.881784e-15 
8.881784e-15 
8.881784e-15 
8.881784e-15 
8.881784e-15 
8.881784e-15 
8.881784e-15 
8.881784e-15 
8.881784e-15 
8.881784e-15 
8.881784e-15 
8.881784e-15 
8.881784e-15 
8.881784e-15 
8.881784e-15 
8.881784e-15 
8.881784e-15 
8.881784e-15 
8.881784e-15 
8.881784e-15 
8.881784e-15 
8.881784e-15 
8.881784e-15 
8.881784e-15 
8.881784e-15 
8.881784e-15 
8.881784e-15 
8.881784e-15 
8.881784e-15 
8.881784e-15 
8.881784e-15 
8.881784e-15 
8.881784e-15 
8.881784e-15 
8.881784e-15 
8.881784e-15 
8.881784e-15 
8.881784e-15 
8.881784e-15 
8.881784e-15 
8.881784e-15 
8.881784e-15 
8.881784e-15 
8.881784e-15 
8.881784e-15 
8.881784e-15 
8.881784e-15 
8.881784e-15 
8.881784e-15 
8.881784e-15 
8.881784e-15 
8.881784e-15 
8.881784e-15 
8.881784e-15 
8.881784e-15 
8.881784e-15 
8.881784e-15 
8.881784e-15 
8.881784e-15 
8.881784e-15 
8.881784e-15 
