8.847814e-227 
1.255386e-229 
5.164634e-224 
4.097586e-229 
9.754066e-229 
1.265427e-230 
4.353337e-226 
2.232600e-229 
9.017132e-228 
5.183540e-230 
8.026799e-231 
1.800110e-227 
7.424087e-226 
1.122566e-222 
2.550750e-222 
6.795329e-229 
1.358011e-220 
6.557039e-219 
2.200125e-222 
1.405746e-226 
8.534960e-233 
1.804348e-226 
5.593837e-228 
8.340040e-235 
4.619965e-229 
1.162283e-225 
1.074684e-233 
1.263232e-226 
6.708314e-226 
1.980776e-231 
average=2.232923e-220 
std=0 
best=8.340040e-235 
