1.450860e-224 
1.519339e-227 
9.203207e-233 
3.445698e-228 
1.357735e-228 
4.082133e-227 
4.016470e-228 
6.810868e-221 
7.890226e-225 
1.254061e-224 
9.323441e-235 
4.390969e-224 
9.315118e-229 
8.922879e-230 
5.389457e-227 
7.790911e-225 
1.379406e-224 
3.634803e-226 
1.059335e-226 
1.789150e-231 
1.096720e-222 
2.677751e-227 
1.149780e-225 
4.126300e-227 
2.834652e-229 
1.236695e-224 
2.572754e-224 
1.117815e-227 
4.923397e-224 
2.481132e-230 
average=2.313166e-222 
std=0 
best=9.323441e-235 
