9.184859e-228 
4.277549e-227 
7.162276e-227 
6.589398e-225 
6.680980e-224 
2.181620e-227 
4.311053e-225 
4.877792e-225 
6.028991e-226 
6.365494e-221 
5.792559e-231 
2.229822e-227 
1.476480e-230 
1.375141e-231 
8.722761e-223 
1.389481e-232 
3.676385e-221 
1.887368e-227 
1.110064e-225 
8.563481e-223 
4.420969e-224 
5.374568e-228 
1.055646e-233 
2.965146e-225 
2.997218e-227 
6.598616e-222 
7.846789e-226 
6.163397e-224 
3.829798e-229 
1.537131e-228 
average=3.631338e-222 
std=0 
best=1.055646e-233 
