1.667141e-226 
8.581034e-225 
2.045085e-229 
2.094958e-226 
1.728044e-230 
1.511522e-231 
1.717253e-225 
1.846174e-227 
1.866012e-228 
1.536708e-227 
2.409654e-223 
2.438097e-222 
8.948586e-226 
2.016816e-228 
1.476322e-230 
1.050815e-235 
5.352177e-226 
2.598205e-222 
4.886336e-231 
1.897772e-225 
1.900742e-228 
1.218327e-229 
6.762203e-233 
8.564768e-228 
1.013513e-222 
4.941541e-224 
1.743579e-228 
2.552165e-227 
8.457449e-222 
2.222015e-227 
average=4.937248e-223 
std=0 
best=1.050815e-235 
