2.649059e+03 
2.615573e+03 
2.615573e+03 
2.101908e+03 
1.923407e+03 
1.923407e+03 
1.923407e+03 
1.923407e+03 
1.923407e+03 
1.923407e+03 
1.854166e+03 
1.854166e+03 
1.854166e+03 
1.854166e+03 
1.854166e+03 
1.854166e+03 
1.854166e+03 
1.854166e+03 
1.854166e+03 
1.854166e+03 
1.854166e+03 
1.854166e+03 
1.854166e+03 
1.854166e+03 
1.854166e+03 
1.854166e+03 
1.854166e+03 
1.854166e+03 
1.557142e+03 
1.557142e+03 
1.557142e+03 
1.557142e+03 
1.557142e+03 
1.244243e+03 
1.244243e+03 
1.244243e+03 
1.244243e+03 
8.611814e+02 
8.611814e+02 
8.611814e+02 
8.611814e+02 
8.611814e+02 
8.611814e+02 
8.611814e+02 
8.611814e+02 
8.611814e+02 
8.611814e+02 
8.611814e+02 
8.611814e+02 
8.611814e+02 
8.611814e+02 
8.611814e+02 
8.611814e+02 
8.611814e+02 
6.204604e+02 
6.204604e+02 
6.204604e+02 
5.994219e+02 
5.994219e+02 
5.994219e+02 
5.994219e+02 
3.451578e+02 
3.451578e+02 
3.451578e+02 
3.451578e+02 
3.451578e+02 
3.451578e+02 
3.168484e+02 
3.168484e+02 
3.168484e+02 
3.168484e+02 
2.814845e+02 
2.757483e+02 
1.857667e+02 
1.857667e+02 
1.857667e+02 
1.766012e+02 
1.766012e+02 
1.604680e+02 
1.604680e+02 
1.604680e+02 
1.604680e+02 
1.604680e+02 
1.416131e+02 
7.765345e+01 
7.765345e+01 
7.765345e+01 
7.765345e+01 
7.765345e+01 
7.765345e+01 
5.740473e+01 
5.740473e+01 
5.740473e+01 
5.740473e+01 
5.740473e+01 
5.740473e+01 
5.740473e+01 
5.740473e+01 
5.740473e+01 
5.740473e+01 
4.010745e+01 
4.010745e+01 
4.010745e+01 
3.846969e+01 
3.846969e+01 
3.833789e+01 
3.225258e+01 
3.225258e+01 
2.131319e+01 
2.131319e+01 
2.131319e+01 
2.131319e+01 
2.131319e+01 
2.062608e+01 
2.062608e+01 
2.062608e+01 
2.062608e+01 
2.062608e+01 
2.062608e+01 
1.964144e+01 
1.582904e+01 
1.582904e+01 
1.582904e+01 
1.543745e+01 
1.543745e+01 
1.543745e+01 
1.543745e+01 
1.543745e+01 
1.513686e+01 
1.513686e+01 
1.513686e+01 
1.513686e+01 
1.465103e+01 
1.275946e+01 
1.237518e+01 
1.237518e+01 
1.237518e+01 
1.184684e+01 
1.184684e+01 
1.150803e+01 
1.150803e+01 
1.140627e+01 
1.140627e+01 
1.119082e+01 
1.119082e+01 
1.107349e+01 
1.107349e+01 
1.093254e+01 
1.093254e+01 
1.085858e+01 
1.085858e+01 
1.085858e+01 
1.072183e+01 
1.072183e+01 
1.072183e+01 
1.069209e+01 
1.069209e+01 
1.069209e+01 
1.069209e+01 
1.069209e+01 
1.069209e+01 
1.039610e+01 
1.039610e+01 
1.039610e+01 
1.039610e+01 
1.039610e+01 
1.039610e+01 
1.039610e+01 
1.039610e+01 
1.039165e+01 
1.037444e+01 
1.037444e+01 
1.037444e+01 
1.036210e+01 
1.036210e+01 
1.036210e+01 
1.036210e+01 
1.036210e+01 
1.035509e+01 
1.035509e+01 
1.035509e+01 
1.035509e+01 
1.035509e+01 
1.034466e+01 
1.034466e+01 
1.034466e+01 
1.034013e+01 
9.887889e+00 
8.080753e+00 
8.080753e+00 
8.080753e+00 
8.080753e+00 
8.080753e+00 
8.080753e+00 
8.080753e+00 
8.080753e+00 
8.080753e+00 
7.748249e+00 
7.572540e+00 
7.572540e+00 
7.572540e+00 
7.572540e+00 
7.572540e+00 
7.572540e+00 
7.572540e+00 
7.572540e+00 
7.572540e+00 
7.572540e+00 
7.572540e+00 
7.283579e+00 
7.283579e+00 
7.283579e+00 
7.283579e+00 
7.283579e+00 
7.283579e+00 
7.283579e+00 
7.283579e+00 
7.283579e+00 
7.283579e+00 
7.283579e+00 
7.283579e+00 
7.259435e+00 
7.201778e+00 
7.118346e+00 
7.118346e+00 
7.118346e+00 
7.118346e+00 
7.118346e+00 
7.118346e+00 
7.068553e+00 
7.068553e+00 
7.068553e+00 
7.068553e+00 
7.068553e+00 
7.068553e+00 
7.062531e+00 
7.061294e+00 
7.058535e+00 
7.021357e+00 
7.005750e+00 
7.005750e+00 
7.005750e+00 
7.005750e+00 
7.005750e+00 
7.005750e+00 
7.004457e+00 
7.000708e+00 
7.000708e+00 
7.000708e+00 
7.000708e+00 
7.000708e+00 
7.000471e+00 
6.996131e+00 
6.996131e+00 
6.996131e+00 
6.994597e+00 
6.990114e+00 
6.987758e+00 
6.978075e+00 
6.978075e+00 
6.978075e+00 
6.978075e+00 
6.968507e+00 
6.968507e+00 
6.968507e+00 
6.968507e+00 
6.968507e+00 
6.968507e+00 
6.968507e+00 
6.968507e+00 
6.968507e+00 
6.968507e+00 
6.963495e+00 
6.963495e+00 
6.963495e+00 
6.963495e+00 
6.963495e+00 
6.963495e+00 
6.963495e+00 
6.963495e+00 
6.963495e+00 
6.963495e+00 
6.963286e+00 
6.957193e+00 
6.957193e+00 
6.957193e+00 
6.957193e+00 
6.957193e+00 
6.957193e+00 
6.957193e+00 
6.957193e+00 
6.956987e+00 
6.956987e+00 
6.956987e+00 
6.956987e+00 
6.956987e+00 
6.956987e+00 
6.956987e+00 
6.956987e+00 
6.956095e+00 
6.956095e+00 
6.956095e+00 
6.956095e+00 
6.956095e+00 
6.956095e+00 
6.956095e+00 
6.956095e+00 
6.955798e+00 
6.955798e+00 
6.955798e+00 
6.955614e+00 
6.955614e+00 
6.955614e+00 
6.955554e+00 
6.955339e+00 
6.955339e+00 
6.955339e+00 
6.955339e+00 
6.955296e+00 
6.955296e+00 
6.955296e+00 
6.955296e+00 
6.955296e+00 
6.955296e+00 
6.955296e+00 
6.955296e+00 
6.955296e+00 
6.955296e+00 
6.955202e+00 
6.955202e+00 
6.955202e+00 
6.955192e+00 
6.955192e+00 
6.955192e+00 
6.955085e+00 
6.955085e+00 
6.955085e+00 
3.686637e+00 
3.686637e+00 
3.610648e+00 
3.610648e+00 
3.610648e+00 
3.610648e+00 
3.610648e+00 
3.610648e+00 
3.610648e+00 
3.610648e+00 
3.610648e+00 
3.610648e+00 
3.610648e+00 
3.610648e+00 
3.610648e+00 
3.610648e+00 
3.610648e+00 
3.610648e+00 
3.610648e+00 
3.610648e+00 
3.610648e+00 
3.610648e+00 
3.610648e+00 
3.610648e+00 
3.610648e+00 
3.610648e+00 
3.610648e+00 
3.610648e+00 
3.607022e+00 
3.607022e+00 
3.607022e+00 
3.607022e+00 
3.607022e+00 
3.607022e+00 
3.607022e+00 
3.607022e+00 
3.607022e+00 
3.607022e+00 
3.605128e+00 
3.605128e+00 
3.605128e+00 
3.605128e+00 
3.604121e+00 
3.604121e+00 
3.603984e+00 
3.603984e+00 
3.603984e+00 
3.603984e+00 
3.603984e+00 
3.603984e+00 
3.603693e+00 
3.603693e+00 
3.603693e+00 
3.603401e+00 
3.603337e+00 
3.603256e+00 
3.603256e+00 
3.603256e+00 
3.603256e+00 
3.603256e+00 
3.603256e+00 
3.603161e+00 
3.603161e+00 
3.603161e+00 
3.603161e+00 
3.603161e+00 
3.603161e+00 
3.603161e+00 
3.603161e+00 
3.603161e+00 
3.603161e+00 
3.603161e+00 
3.603161e+00 
3.603161e+00 
3.603161e+00 
3.603161e+00 
3.603161e+00 
3.603161e+00 
3.603115e+00 
3.602990e+00 
3.602990e+00 
3.602990e+00 
3.602990e+00 
3.602990e+00 
3.602976e+00 
3.602631e+00 
3.602631e+00 
3.602631e+00 
3.602631e+00 
3.602631e+00 
3.602631e+00 
3.602564e+00 
3.602564e+00 
3.602543e+00 
3.602491e+00 
3.602491e+00 
3.602491e+00 
3.602491e+00 
3.602491e+00 
3.602491e+00 
3.602471e+00 
3.602471e+00 
3.602464e+00 
3.602453e+00 
3.602438e+00 
3.602438e+00 
3.602438e+00 
3.602438e+00 
3.602438e+00 
3.602438e+00 
3.602438e+00 
3.602438e+00 
3.602438e+00 
3.602438e+00 
3.602438e+00 
3.602434e+00 
3.602434e+00 
3.602434e+00 
3.602431e+00 
3.602426e+00 
3.602426e+00 
3.602426e+00 
3.602426e+00 
3.602423e+00 
3.602397e+00 
3.602370e+00 
3.602370e+00 
3.602370e+00 
3.602370e+00 
3.602354e+00 
3.602354e+00 
3.602354e+00 
3.602347e+00 
3.602345e+00 
3.602345e+00 
3.602345e+00 
3.602345e+00 
3.602342e+00 
3.602342e+00 
3.602342e+00 
3.602340e+00 
3.602340e+00 
3.602340e+00 
3.602340e+00 
3.602340e+00 
3.602340e+00 
3.602340e+00 
3.602337e+00 
3.602337e+00 
3.602336e+00 
3.602336e+00 
3.602336e+00 
3.602335e+00 
3.602335e+00 
3.602335e+00 
3.602335e+00 
3.602334e+00 
3.602334e+00 
3.602333e+00 
3.602333e+00 
3.602332e+00 
3.602332e+00 
3.602332e+00 
3.602332e+00 
3.602332e+00 
3.602332e+00 
3.602329e+00 
3.602329e+00 
3.602329e+00 
3.602329e+00 
3.602329e+00 
3.602329e+00 
3.602328e+00 
3.602326e+00 
3.602326e+00 
3.602326e+00 
3.602326e+00 
3.602326e+00 
3.602326e+00 
3.602325e+00 
3.602325e+00 
3.602325e+00 
3.602325e+00 
3.602325e+00 
3.602325e+00 
3.602325e+00 
3.602325e+00 
3.602325e+00 
3.602325e+00 
3.602325e+00 
3.602325e+00 
3.602325e+00 
3.602324e+00 
3.602324e+00 
3.602324e+00 
3.602324e+00 
3.602324e+00 
3.602324e+00 
3.602324e+00 
3.602324e+00 
3.602324e+00 
3.602324e+00 
3.602324e+00 
3.602324e+00 
3.602324e+00 
3.602324e+00 
3.602324e+00 
3.602324e+00 
3.602324e+00 
3.602324e+00 
3.602324e+00 
3.602324e+00 
3.602324e+00 
3.602324e+00 
3.602324e+00 
3.602324e+00 
3.602324e+00 
3.602324e+00 
3.602324e+00 
3.602324e+00 
3.602324e+00 
3.602324e+00 
3.602324e+00 
3.602324e+00 
3.602324e+00 
3.602324e+00 
3.602324e+00 
3.602324e+00 
3.602324e+00 
3.602324e+00 
3.602324e+00 
3.602324e+00 
3.602324e+00 
3.602324e+00 
3.602324e+00 
3.602324e+00 
3.602324e+00 
3.602324e+00 
3.602324e+00 
3.602324e+00 
3.602324e+00 
3.602324e+00 
3.602324e+00 
3.602324e+00 
3.602324e+00 
3.602324e+00 
3.602324e+00 
3.602324e+00 
3.602324e+00 
3.602324e+00 
3.602324e+00 
5.701739e-22 
4.568053e-22 
4.568053e-22 
4.568053e-22 
4.244149e-22 
3.553100e-22 
2.220189e-22 
2.220189e-22 
2.220189e-22 
2.220189e-22 
2.220189e-22 
1.920909e-22 
1.920909e-22 
1.236607e-22 
1.236607e-22 
1.236607e-22 
9.600214e-23 
9.600214e-23 
9.600214e-23 
5.101447e-23 
4.108332e-23 
4.108332e-23 
4.108332e-23 
4.108332e-23 
4.108332e-23 
2.938574e-23 
2.635723e-23 
2.635723e-23 
2.635723e-23 
2.635723e-23 
2.624537e-23 
2.045672e-23 
2.045672e-23 
7.360023e-24 
7.360023e-24 
7.360023e-24 
7.360023e-24 
7.360023e-24 
6.678628e-24 
2.508721e-24 
1.841195e-24 
1.841195e-24 
1.841195e-24 
1.841195e-24 
1.841195e-24 
1.841195e-24 
1.841195e-24 
1.913239e-23 
1.129845e-23 
1.129845e-23 
1.129845e-23 
1.129845e-23 
8.079680e-24 
7.391666e-24 
7.245558e-24 
7.245558e-24 
7.245558e-24 
4.764432e-24 
7.582769e-25 
7.582769e-25 
7.582769e-25 
1.309631e-25 
1.309631e-25 
1.539846e-24 
1.539846e-24 
1.539846e-24 
1.314737e-24 
