4.934109e+02 
2.959045e+02 
2.349472e+02 
2.089188e+02 
2.089188e+02 
2.089188e+02 
2.089188e+02 
2.089188e+02 
2.067087e+02 
1.422871e+02 
1.422871e+02 
1.422871e+02 
1.422871e+02 
1.422871e+02 
1.422871e+02 
1.422871e+02 
1.422871e+02 
9.399617e+01 
9.399617e+01 
9.399617e+01 
9.399617e+01 
9.399617e+01 
9.399617e+01 
9.399617e+01 
9.136882e+01 
9.136882e+01 
9.136882e+01 
9.136882e+01 
9.136882e+01 
9.136882e+01 
8.774712e+01 
8.774712e+01 
8.774712e+01 
7.956140e+01 
7.956140e+01 
7.418158e+01 
7.418158e+01 
7.418158e+01 
7.418158e+01 
7.418158e+01 
7.418158e+01 
7.418158e+01 
7.418158e+01 
4.639097e+01 
4.639097e+01 
4.639097e+01 
4.639097e+01 
4.639097e+01 
4.639097e+01 
4.639097e+01 
4.639097e+01 
4.639097e+01 
4.639097e+01 
4.639097e+01 
4.639097e+01 
4.639097e+01 
4.639097e+01 
4.639097e+01 
4.639097e+01 
4.639097e+01 
4.639097e+01 
4.639097e+01 
4.639097e+01 
4.639097e+01 
4.639097e+01 
4.639097e+01 
4.639097e+01 
4.639097e+01 
4.639097e+01 
4.639097e+01 
4.639097e+01 
4.639097e+01 
4.639097e+01 
4.639097e+01 
4.639097e+01 
4.639097e+01 
4.639097e+01 
4.433960e+01 
4.433960e+01 
4.433960e+01 
4.433960e+01 
4.433960e+01 
4.433960e+01 
4.433960e+01 
4.433960e+01 
4.433960e+01 
4.433960e+01 
4.433960e+01 
4.433960e+01 
4.433960e+01 
4.433960e+01 
4.239666e+01 
4.239666e+01 
4.239666e+01 
4.108973e+01 
3.878033e+01 
3.164162e+01 
2.954709e+01 
2.954709e+01 
2.954709e+01 
2.954709e+01 
2.954709e+01 
2.954709e+01 
2.954709e+01 
2.954709e+01 
2.954709e+01 
2.954709e+01 
2.830594e+01 
2.830594e+01 
2.830594e+01 
2.830594e+01 
2.575903e+01 
2.575903e+01 
2.575903e+01 
2.575903e+01 
2.575903e+01 
2.427473e+01 
2.427473e+01 
2.427473e+01 
2.427473e+01 
2.373239e+01 
2.373239e+01 
2.373239e+01 
2.373239e+01 
2.315567e+01 
2.315567e+01 
2.315567e+01 
2.315567e+01 
2.308378e+01 
2.308378e+01 
2.263838e+01 
2.263838e+01 
2.263838e+01 
2.263838e+01 
2.228004e+01 
2.228004e+01 
2.228004e+01 
2.220146e+01 
2.220146e+01 
2.220146e+01 
2.220146e+01 
2.220146e+01 
2.220146e+01 
2.220146e+01 
2.220146e+01 
2.216483e+01 
2.209050e+01 
2.209050e+01 
2.209050e+01 
2.167463e+01 
2.167463e+01 
2.167463e+01 
2.167463e+01 
2.159973e+01 
2.159973e+01 
2.159973e+01 
2.111476e+01 
2.111476e+01 
2.096135e+01 
2.096135e+01 
2.096135e+01 
2.096135e+01 
2.096135e+01 
2.091128e+01 
2.091128e+01 
2.052204e+01 
2.052204e+01 
2.052204e+01 
2.052204e+01 
2.052204e+01 
2.052204e+01 
2.052204e+01 
2.052204e+01 
2.052204e+01 
2.052204e+01 
2.052204e+01 
2.052204e+01 
2.050898e+01 
2.050898e+01 
2.050898e+01 
2.048012e+01 
2.048012e+01 
2.043880e+01 
2.043880e+01 
2.042764e+01 
2.040348e+01 
2.040348e+01 
2.040348e+01 
2.038343e+01 
2.035868e+01 
2.035868e+01 
2.035868e+01 
2.035737e+01 
2.031338e+01 
2.031338e+01 
2.031338e+01 
2.031338e+01 
2.028820e+01 
2.028407e+01 
2.028407e+01 
2.028407e+01 
2.028407e+01 
2.028407e+01 
2.028407e+01 
2.028067e+01 
2.028067e+01 
2.028067e+01 
2.025480e+01 
2.023488e+01 
2.023488e+01 
2.023488e+01 
2.023488e+01 
2.023488e+01 
2.023488e+01 
2.023488e+01 
2.023488e+01 
2.023488e+01 
2.023488e+01 
2.023488e+01 
2.023488e+01 
2.023406e+01 
2.022402e+01 
2.022402e+01 
2.022402e+01 
2.022402e+01 
2.022402e+01 
2.022239e+01 
2.021985e+01 
2.021985e+01 
2.021985e+01 
2.021985e+01 
2.021985e+01 
2.021985e+01 
2.021985e+01 
2.021771e+01 
2.021771e+01 
2.021697e+01 
2.021522e+01 
2.021522e+01 
2.021522e+01 
2.021522e+01 
2.021522e+01 
2.021522e+01 
2.021522e+01 
2.021486e+01 
2.021486e+01 
2.021486e+01 
2.021486e+01 
2.021486e+01 
2.021486e+01 
2.021385e+01 
2.021385e+01 
2.021385e+01 
2.021385e+01 
2.021385e+01 
2.021385e+01 
2.021385e+01 
2.021352e+01 
2.021352e+01 
2.021352e+01 
2.021352e+01 
2.021352e+01 
2.021352e+01 
2.021352e+01 
2.021352e+01 
2.021352e+01 
2.021323e+01 
2.021323e+01 
2.021323e+01 
2.021302e+01 
2.021302e+01 
2.021302e+01 
2.021302e+01 
2.021302e+01 
2.021302e+01 
2.021302e+01 
2.021302e+01 
2.021302e+01 
2.021302e+01 
2.021301e+01 
2.021300e+01 
2.021300e+01 
2.021300e+01 
2.021300e+01 
2.021300e+01 
2.021300e+01 
2.021300e+01 
2.021300e+01 
2.021292e+01 
2.021292e+01 
2.021292e+01 
1.834244e+01 
1.834244e+01 
1.834244e+01 
1.834244e+01 
1.822825e+01 
1.678012e+01 
1.678012e+01 
1.678012e+01 
1.678012e+01 
1.677777e+01 
1.677777e+01 
1.675448e+01 
1.675448e+01 
1.675448e+01 
1.675448e+01 
1.675448e+01 
1.673675e+01 
1.673675e+01 
1.673675e+01 
1.673675e+01 
1.673675e+01 
1.673675e+01 
1.673675e+01 
1.673675e+01 
1.673675e+01 
1.673675e+01 
1.673675e+01 
1.673675e+01 
1.673675e+01 
1.673675e+01 
1.673558e+01 
1.673347e+01 
1.673347e+01 
1.673347e+01 
1.673347e+01 
1.673237e+01 
1.673237e+01 
1.673237e+01 
1.673237e+01 
1.673169e+01 
1.673169e+01 
1.673169e+01 
1.673169e+01 
1.673169e+01 
1.673169e+01 
1.673169e+01 
1.673169e+01 
1.673169e+01 
1.673169e+01 
1.673169e+01 
1.673169e+01 
1.673169e+01 
1.673169e+01 
1.673169e+01 
1.673169e+01 
1.673169e+01 
1.673169e+01 
1.673169e+01 
1.673169e+01 
1.673169e+01 
1.673169e+01 
1.673169e+01 
1.673169e+01 
1.673169e+01 
1.673169e+01 
1.673169e+01 
1.673169e+01 
1.673169e+01 
1.673169e+01 
1.673169e+01 
1.673169e+01 
1.673169e+01 
1.673169e+01 
1.673160e+01 
1.673160e+01 
1.673137e+01 
1.673137e+01 
1.673137e+01 
1.673137e+01 
1.673137e+01 
1.673137e+01 
1.673132e+01 
1.673132e+01 
1.673132e+01 
1.673132e+01 
1.673132e+01 
1.673130e+01 
1.673130e+01 
1.673130e+01 
1.673130e+01 
1.673130e+01 
1.673130e+01 
1.673130e+01 
1.673130e+01 
1.673129e+01 
1.673129e+01 
1.673128e+01 
1.673128e+01 
1.673128e+01 
1.673128e+01 
1.673125e+01 
1.673125e+01 
1.673125e+01 
1.673125e+01 
1.673125e+01 
1.673122e+01 
1.673122e+01 
1.673122e+01 
1.673121e+01 
1.673115e+01 
1.673115e+01 
1.673115e+01 
1.673115e+01 
1.673115e+01 
1.673115e+01 
1.673113e+01 
1.673113e+01 
1.673113e+01 
1.673113e+01 
1.673113e+01 
1.673113e+01 
1.673113e+01 
1.673113e+01 
1.673113e+01 
1.673113e+01 
1.673113e+01 
1.673113e+01 
1.673113e+01 
1.673113e+01 
1.673113e+01 
1.673113e+01 
1.673113e+01 
1.673113e+01 
1.673113e+01 
1.673113e+01 
1.673113e+01 
1.673113e+01 
1.673113e+01 
1.673113e+01 
1.673113e+01 
1.673113e+01 
1.673113e+01 
1.673112e+01 
1.673112e+01 
1.673112e+01 
1.673112e+01 
1.673112e+01 
1.673112e+01 
1.673112e+01 
1.673112e+01 
1.673112e+01 
1.673112e+01 
1.673112e+01 
1.673112e+01 
1.673112e+01 
1.673112e+01 
1.673112e+01 
1.673112e+01 
1.673112e+01 
1.673112e+01 
1.673112e+01 
1.673112e+01 
1.673112e+01 
1.673112e+01 
1.673112e+01 
1.673112e+01 
1.673112e+01 
1.673112e+01 
1.673112e+01 
1.673112e+01 
1.673112e+01 
1.673112e+01 
1.673112e+01 
1.673112e+01 
1.673112e+01 
1.673112e+01 
1.673112e+01 
1.673112e+01 
1.673112e+01 
1.673112e+01 
1.673112e+01 
1.673112e+01 
1.673112e+01 
1.673112e+01 
1.673112e+01 
1.673112e+01 
1.673112e+01 
1.673112e+01 
1.673112e+01 
1.673112e+01 
1.673112e+01 
1.673112e+01 
1.673112e+01 
1.673112e+01 
1.673112e+01 
1.673112e+01 
1.673112e+01 
1.673112e+01 
1.673112e+01 
1.673112e+01 
1.673112e+01 
1.673112e+01 
1.673112e+01 
1.673112e+01 
1.673112e+01 
1.673112e+01 
1.673112e+01 
1.673112e+01 
1.673112e+01 
1.673112e+01 
1.673112e+01 
1.673112e+01 
1.673112e+01 
1.673112e+01 
1.673112e+01 
1.673112e+01 
1.673112e+01 
1.673112e+01 
1.673112e+01 
1.673112e+01 
1.673112e+01 
1.673112e+01 
1.673112e+01 
1.673112e+01 
1.673112e+01 
1.673112e+01 
1.673112e+01 
1.673112e+01 
1.673112e+01 
1.673112e+01 
1.673112e+01 
1.673112e+01 
1.673112e+01 
1.673112e+01 
1.673112e+01 
1.673112e+01 
1.357287e+01 
1.357287e+01 
1.357287e+01 
1.357287e+01 
1.357287e+01 
1.357287e+01 
1.357287e+01 
1.357287e+01 
1.341330e+01 
1.325381e+01 
1.325381e+01 
1.325381e+01 
1.325377e+01 
1.325377e+01 
1.325377e+01 
1.325377e+01 
1.325377e+01 
1.325377e+01 
1.325377e+01 
1.325377e+01 
1.325377e+01 
1.325377e+01 
1.325377e+01 
1.325377e+01 
1.325110e+01 
1.325110e+01 
1.325110e+01 
1.325006e+01 
1.325006e+01 
1.324998e+01 
1.324998e+01 
1.324983e+01 
1.324983e+01 
1.324983e+01 
1.324983e+01 
1.324983e+01 
1.324972e+01 
1.324944e+01 
1.324943e+01 
1.324943e+01 
1.324943e+01 
1.324943e+01 
1.324943e+01 
1.324943e+01 
1.324943e+01 
1.324943e+01 
1.324943e+01 
1.324943e+01 
1.324943e+01 
1.324943e+01 
1.324943e+01 
3.602324e+00 
3.602324e+00 
3.602324e+00 
3.602324e+00 
3.602324e+00 
3.602324e+00 
3.602324e+00 
3.602324e+00 
3.602324e+00 
6.892376e+00 
6.892376e+00 
3.539870e+00 
3.539870e+00 
3.539870e+00 
3.539870e+00 
3.553100e-22 
2.220189e-22 
2.220189e-22 
2.220189e-22 
2.220189e-22 
2.220189e-22 
1.920909e-22 
1.920909e-22 
1.236607e-22 
1.236607e-22 
1.236607e-22 
9.600214e-23 
9.600214e-23 
9.600214e-23 
5.101447e-23 
4.108332e-23 
4.108332e-23 
4.108332e-23 
4.108332e-23 
4.108332e-23 
2.938574e-23 
2.635723e-23 
2.635723e-23 
2.635723e-23 
2.635723e-23 
2.624537e-23 
2.045672e-23 
2.045672e-23 
7.360023e-24 
7.360023e-24 
7.360023e-24 
7.360023e-24 
7.360023e-24 
6.678628e-24 
2.508721e-24 
1.841195e-24 
1.841195e-24 
1.841195e-24 
1.841195e-24 
1.841195e-24 
1.841195e-24 
1.841195e-24 
1.913239e-23 
1.129845e-23 
1.129845e-23 
1.129845e-23 
1.129845e-23 
8.079680e-24 
7.391666e-24 
7.245558e-24 
7.245558e-24 
7.245558e-24 
4.764432e-24 
7.582769e-25 
7.582769e-25 
7.582769e-25 
1.309631e-25 
1.309631e-25 
1.539846e-24 
1.539846e-24 
1.539846e-24 
1.314737e-24 
