1.896748e+07 
3.257148e+06 
1.464669e+06 
1.464669e+06 
1.464669e+06 
1.464669e+06 
1.464669e+06 
1.114813e+06 
4.128298e+05 
4.128298e+05 
4.128298e+05 
4.128298e+05 
4.128298e+05 
4.128298e+05 
4.128298e+05 
2.726228e+05 
2.114399e+05 
2.001978e+05 
2.001978e+05 
1.436192e+05 
1.436192e+05 
7.467072e+04 
7.467072e+04 
7.467072e+04 
6.176667e+04 
1.617804e+04 
1.617804e+04 
1.617804e+04 
1.617804e+04 
1.617804e+04 
1.483323e+04 
1.299989e+04 
2.598370e+03 
2.598370e+03 
2.598370e+03 
2.598370e+03 
2.598370e+03 
2.598370e+03 
2.598370e+03 
2.370318e+03 
2.370318e+03 
2.370318e+03 
2.331432e+03 
1.902200e+03 
1.902200e+03 
7.916348e+02 
7.916348e+02 
7.916348e+02 
7.916348e+02 
7.916348e+02 
7.916348e+02 
7.916348e+02 
7.916348e+02 
7.916348e+02 
7.916348e+02 
7.916348e+02 
7.916348e+02 
6.890528e+02 
6.890528e+02 
4.797075e+02 
4.797075e+02 
4.797075e+02 
4.797075e+02 
4.797075e+02 
4.797075e+02 
3.381506e+02 
3.381506e+02 
3.381506e+02 
3.192120e+02 
3.147429e+02 
3.147429e+02 
3.147429e+02 
2.245299e+02 
2.245299e+02 
1.308460e+02 
1.308460e+02 
1.308460e+02 
1.095306e+02 
1.095306e+02 
9.143599e+01 
9.143599e+01 
8.806866e+01 
8.806866e+01 
8.806866e+01 
6.798002e+01 
6.014079e+01 
6.014079e+01 
5.737167e+01 
5.737167e+01 
5.737167e+01 
3.947916e+01 
3.947916e+01 
3.947916e+01 
3.106459e+01 
3.106459e+01 
3.106459e+01 
3.106459e+01 
3.106459e+01 
3.106459e+01 
3.106459e+01 
3.001338e+01 
3.001338e+01 
2.715494e+01 
2.715494e+01 
2.715494e+01 
2.715081e+01 
2.335412e+01 
2.335412e+01 
2.129379e+01 
1.558823e+01 
1.558823e+01 
1.290966e+01 
1.290966e+01 
1.290966e+01 
1.290966e+01 
1.290966e+01 
1.095980e+01 
1.095980e+01 
1.095980e+01 
1.095980e+01 
1.095980e+01 
1.095980e+01 
1.043829e+01 
1.043829e+01 
1.015356e+01 
8.715300e+00 
8.715300e+00 
8.583995e+00 
5.527955e+00 
5.527955e+00 
5.527955e+00 
5.527955e+00 
5.527955e+00 
5.527955e+00 
5.169339e+00 
5.169339e+00 
5.169339e+00 
5.169339e+00 
4.654001e+00 
4.654001e+00 
4.654001e+00 
4.654001e+00 
4.654001e+00 
4.644459e+00 
4.381757e+00 
3.407550e+00 
3.407550e+00 
3.407550e+00 
3.407550e+00 
3.216447e+00 
3.073077e+00 
3.073077e+00 
3.073077e+00 
3.073077e+00 
3.073077e+00 
3.073077e+00 
3.073077e+00 
3.073077e+00 
2.976463e+00 
2.833802e+00 
2.689100e+00 
2.689100e+00 
2.689100e+00 
2.689100e+00 
2.689100e+00 
2.562346e+00 
2.562346e+00 
2.562346e+00 
2.562346e+00 
2.473109e+00 
2.473109e+00 
2.473109e+00 
2.473109e+00 
2.473109e+00 
2.473109e+00 
2.446382e+00 
2.446382e+00 
2.446382e+00 
2.446382e+00 
2.300619e+00 
2.300619e+00 
2.270414e+00 
2.270414e+00 
2.270414e+00 
2.270414e+00 
2.270414e+00 
2.270414e+00 
2.270414e+00 
2.262724e+00 
2.262724e+00 
2.262724e+00 
2.259919e+00 
2.259919e+00 
2.259919e+00 
2.238178e+00 
2.238178e+00 
2.238178e+00 
2.238178e+00 
2.238178e+00 
2.234907e+00 
2.233919e+00 
2.230897e+00 
2.230897e+00 
2.219369e+00 
2.219369e+00 
2.219369e+00 
2.214642e+00 
2.214642e+00 
2.214642e+00 
2.214642e+00 
2.214642e+00 
2.214642e+00 
2.214642e+00 
2.214055e+00 
2.213400e+00 
2.213400e+00 
2.213400e+00 
2.204383e+00 
2.204383e+00 
2.204383e+00 
2.204383e+00 
2.204383e+00 
2.201979e+00 
2.201979e+00 
2.201979e+00 
2.201979e+00 
2.201979e+00 
2.201979e+00 
2.201979e+00 
2.201876e+00 
2.201876e+00 
2.201003e+00 
2.201003e+00 
2.201003e+00 
2.199820e+00 
2.199820e+00 
2.199820e+00 
2.199820e+00 
2.199820e+00 
2.199735e+00 
2.199735e+00 
2.199735e+00 
2.199524e+00 
2.199524e+00 
2.199338e+00 
2.199290e+00 
2.199290e+00 
2.199096e+00 
2.198709e+00 
2.198680e+00 
2.198680e+00 
2.198680e+00 
2.198680e+00 
2.198680e+00 
2.198680e+00 
2.198680e+00 
2.198680e+00 
2.198680e+00 
2.198389e+00 
2.198389e+00 
2.198389e+00 
2.198389e+00 
2.198389e+00 
2.198389e+00 
2.198323e+00 
2.198323e+00 
2.198323e+00 
2.198323e+00 
2.198310e+00 
1.279279e+00 
1.214485e+00 
1.214485e+00 
1.214485e+00 
1.214485e+00 
1.214485e+00 
1.214485e+00 
1.214485e+00 
1.214485e+00 
1.214485e+00 
1.214485e+00 
1.214485e+00 
1.214485e+00 
1.214485e+00 
1.208786e+00 
1.208786e+00 
1.208786e+00 
1.204876e+00 
1.204876e+00 
1.204876e+00 
1.204876e+00 
1.204876e+00 
1.204876e+00 
1.204876e+00 
1.204876e+00 
1.204876e+00 
1.204876e+00 
1.204787e+00 
1.204787e+00 
1.204787e+00 
1.204787e+00 
1.204787e+00 
1.204787e+00 
1.204787e+00 
1.204197e+00 
1.204197e+00 
1.203770e+00 
1.203770e+00 
1.203770e+00 
1.203770e+00 
1.203770e+00 
1.203770e+00 
1.203770e+00 
1.203770e+00 
1.203627e+00 
1.203627e+00 
1.203627e+00 
1.203627e+00 
1.203627e+00 
1.203493e+00 
1.203493e+00 
1.203493e+00 
1.203493e+00 
1.203493e+00 
1.203493e+00 
1.203493e+00 
1.203490e+00 
1.203490e+00 
1.203477e+00 
1.203477e+00 
1.203477e+00 
1.203424e+00 
1.203424e+00 
1.203388e+00 
1.203311e+00 
1.203311e+00 
1.203311e+00 
1.203310e+00 
1.203310e+00 
1.203310e+00 
1.203283e+00 
1.203272e+00 
1.203272e+00 
1.203258e+00 
1.203258e+00 
1.203199e+00 
1.203199e+00 
1.203199e+00 
1.203199e+00 
1.203199e+00 
1.203199e+00 
1.203178e+00 
1.203178e+00 
1.203178e+00 
1.203178e+00 
1.203172e+00 
1.203172e+00 
1.203172e+00 
1.203167e+00 
1.203167e+00 
1.203145e+00 
1.203142e+00 
1.203142e+00 
1.203142e+00 
1.203142e+00 
1.203142e+00 
1.203142e+00 
1.203141e+00 
1.203141e+00 
1.203124e+00 
1.203124e+00 
1.203124e+00 
1.203124e+00 
1.203124e+00 
1.203124e+00 
1.203124e+00 
1.203124e+00 
1.203124e+00 
1.203124e+00 
1.203117e+00 
1.203117e+00 
1.203117e+00 
1.203117e+00 
1.203117e+00 
1.203117e+00 
1.203117e+00 
1.203115e+00 
1.203115e+00 
1.203115e+00 
1.203114e+00 
1.203109e+00 
1.203109e+00 
1.203109e+00 
1.203109e+00 
1.203107e+00 
1.203105e+00 
1.203105e+00 
1.203105e+00 
1.203105e+00 
1.203105e+00 
1.203105e+00 
1.203105e+00 
1.203105e+00 
1.203105e+00 
1.203105e+00 
1.203105e+00 
1.203105e+00 
1.203105e+00 
1.203104e+00 
1.203104e+00 
1.203104e+00 
1.203104e+00 
1.203103e+00 
1.203103e+00 
1.203103e+00 
1.203103e+00 
1.203103e+00 
1.203103e+00 
1.203103e+00 
1.203103e+00 
1.203103e+00 
1.203103e+00 
1.203103e+00 
1.203103e+00 
1.203103e+00 
1.203103e+00 
1.203103e+00 
1.203103e+00 
1.203103e+00 
1.203103e+00 
1.203103e+00 
1.203103e+00 
1.203103e+00 
1.203103e+00 
1.203103e+00 
1.203103e+00 
1.203103e+00 
1.203103e+00 
1.203103e+00 
1.203103e+00 
1.203103e+00 
1.203103e+00 
1.203103e+00 
1.203103e+00 
1.203103e+00 
1.203103e+00 
1.203102e+00 
1.203102e+00 
1.203102e+00 
1.203102e+00 
1.203102e+00 
1.203102e+00 
1.203102e+00 
1.203102e+00 
1.203102e+00 
1.203102e+00 
1.203102e+00 
1.203102e+00 
1.203102e+00 
1.203102e+00 
1.203102e+00 
1.203102e+00 
1.203102e+00 
1.203102e+00 
1.203102e+00 
1.203102e+00 
1.203102e+00 
1.203102e+00 
1.203102e+00 
1.203102e+00 
1.203102e+00 
1.203102e+00 
1.203102e+00 
1.203102e+00 
1.203102e+00 
1.203102e+00 
1.203102e+00 
1.203102e+00 
1.203102e+00 
1.203102e+00 
1.203102e+00 
1.203102e+00 
1.203102e+00 
1.203102e+00 
1.203102e+00 
1.203102e+00 
1.203102e+00 
1.203102e+00 
1.203102e+00 
1.203102e+00 
1.203102e+00 
1.203102e+00 
1.203102e+00 
1.203102e+00 
1.203102e+00 
1.203102e+00 
1.203102e+00 
1.203102e+00 
1.203102e+00 
1.203102e+00 
1.203102e+00 
1.203102e+00 
1.203102e+00 
1.203102e+00 
1.203102e+00 
1.203102e+00 
1.203102e+00 
1.203102e+00 
1.203102e+00 
1.203102e+00 
1.203102e+00 
1.203102e+00 
1.203102e+00 
1.203102e+00 
1.203102e+00 
1.203102e+00 
1.203102e+00 
1.203102e+00 
1.203102e+00 
1.203102e+00 
1.203102e+00 
1.203102e+00 
1.203102e+00 
1.203102e+00 
1.203102e+00 
1.203102e+00 
1.203102e+00 
1.203102e+00 
1.203102e+00 
1.203102e+00 
1.203102e+00 
1.203102e+00 
1.203102e+00 
1.203102e+00 
1.203102e+00 
1.203102e+00 
1.203102e+00 
1.203102e+00 
5.004296e-01 
5.004296e-01 
5.004296e-01 
5.004296e-01 
5.004296e-01 
5.004296e-01 
2.528588e-01 
2.103224e-01 
2.103224e-01 
2.103224e-01 
2.103224e-01 
2.103224e-01 
2.103224e-01 
2.103224e-01 
2.103224e-01 
2.103224e-01 
2.084201e-01 
2.082008e-01 
2.082008e-01 
2.082008e-01 
2.082008e-01 
2.082008e-01 
2.082008e-01 
2.082008e-01 
2.082008e-01 
2.082008e-01 
2.082008e-01 
2.082008e-01 
2.082008e-01 
2.081615e-01 
2.081615e-01 
2.081615e-01 
2.081581e-01 
2.081581e-01 
2.081509e-01 
2.081430e-01 
2.081430e-01 
2.081430e-01 
2.081430e-01 
2.081430e-01 
2.081430e-01 
2.081430e-01 
2.081430e-01 
2.081430e-01 
2.081430e-01 
2.081430e-01 
2.081430e-01 
2.081430e-01 
2.081430e-01 
2.081430e-01 
2.081430e-01 
2.081430e-01 
2.081430e-01 
2.081430e-01 
2.081430e-01 
2.081430e-01 
2.081430e-01 
2.081430e-01 
8.716515e-01 
8.716515e-01 
8.712774e-01 
8.712774e-01 
8.712774e-01 
8.712774e-01 
8.712774e-01 
9.903462e-01 
9.903421e-01 
9.903421e-01 
9.903421e-01 
9.903421e-01 
9.902607e-01 
9.901071e-01 
9.901071e-01 
9.901071e-01 
9.901071e-01 
9.901071e-01 
9.900344e-01 
9.899396e-01 
9.899396e-01 
9.899396e-01 
2.635723e-23 
2.624537e-23 
2.045672e-23 
2.045672e-23 
7.360023e-24 
7.360023e-24 
7.360023e-24 
7.360023e-24 
7.360023e-24 
6.678628e-24 
2.508721e-24 
1.841195e-24 
1.841195e-24 
1.841195e-24 
1.841195e-24 
1.841195e-24 
1.841195e-24 
1.841195e-24 
1.913239e-23 
1.129845e-23 
1.129845e-23 
1.129845e-23 
1.129845e-23 
8.079680e-24 
7.391666e-24 
7.245558e-24 
7.245558e-24 
7.245558e-24 
4.764432e-24 
7.582769e-25 
7.582769e-25 
7.582769e-25 
1.309631e-25 
1.309631e-25 
1.539846e-24 
1.539846e-24 
1.539846e-24 
1.314737e-24 
