4.850542e+06 
4.850542e+06 
1.498748e+06 
6.414267e+05 
6.414267e+05 
4.414514e+04 
4.414514e+04 
4.414514e+04 
4.414514e+04 
4.414514e+04 
4.414514e+04 
4.414514e+04 
4.414514e+04 
4.414514e+04 
4.414514e+04 
4.414514e+04 
4.414514e+04 
1.445917e+04 
1.445917e+04 
1.445917e+04 
1.445917e+04 
1.445917e+04 
1.445917e+04 
1.404964e+04 
7.423022e+03 
3.969814e+03 
1.063970e+03 
1.063970e+03 
1.063970e+03 
1.063970e+03 
1.063970e+03 
1.063970e+03 
1.063970e+03 
1.004253e+03 
1.004253e+03 
1.004253e+03 
1.004253e+03 
1.004253e+03 
7.827770e+02 
7.827770e+02 
7.827770e+02 
7.827770e+02 
7.827770e+02 
7.827770e+02 
7.827770e+02 
7.313916e+02 
7.313916e+02 
7.313916e+02 
7.313916e+02 
7.313916e+02 
5.691167e+02 
5.691167e+02 
5.691167e+02 
5.691167e+02 
3.608892e+02 
3.608892e+02 
3.608892e+02 
3.608892e+02 
3.608892e+02 
3.608892e+02 
3.608892e+02 
3.608892e+02 
3.239233e+02 
3.239233e+02 
3.239233e+02 
3.239233e+02 
3.239233e+02 
3.239233e+02 
3.239233e+02 
3.239233e+02 
2.315177e+02 
1.787083e+02 
1.787083e+02 
1.787083e+02 
1.787083e+02 
1.787083e+02 
1.787083e+02 
1.787083e+02 
1.787083e+02 
1.622214e+02 
1.622214e+02 
1.417099e+02 
1.097199e+02 
1.097199e+02 
1.097199e+02 
1.097199e+02 
6.697137e+01 
6.697137e+01 
6.697137e+01 
5.611545e+01 
5.611545e+01 
2.852568e+01 
2.852568e+01 
2.852568e+01 
2.852568e+01 
2.852568e+01 
2.564858e+01 
2.564858e+01 
1.641561e+01 
1.641561e+01 
1.641561e+01 
1.641561e+01 
1.641561e+01 
1.641561e+01 
9.188692e+00 
9.188692e+00 
9.188692e+00 
9.188692e+00 
9.107223e+00 
9.107223e+00 
9.107223e+00 
9.107223e+00 
9.107223e+00 
9.107223e+00 
3.783895e+00 
3.783895e+00 
3.783895e+00 
3.783895e+00 
3.783895e+00 
3.783895e+00 
3.783895e+00 
3.139639e+00 
3.139639e+00 
3.139639e+00 
3.015759e+00 
2.635003e+00 
2.635003e+00 
2.635003e+00 
2.264907e+00 
2.264907e+00 
2.264907e+00 
2.100499e+00 
2.005369e+00 
2.005369e+00 
1.921716e+00 
1.921716e+00 
1.921716e+00 
1.921716e+00 
1.902664e+00 
1.902664e+00 
1.786901e+00 
1.786901e+00 
1.663832e+00 
1.663832e+00 
1.663832e+00 
1.663832e+00 
1.663832e+00 
1.431564e+00 
1.431564e+00 
1.431564e+00 
1.255308e+00 
1.255308e+00 
1.255308e+00 
1.255308e+00 
1.255308e+00 
1.255308e+00 
1.255308e+00 
1.255308e+00 
1.255308e+00 
1.255308e+00 
1.255308e+00 
1.255308e+00 
1.255308e+00 
1.185837e+00 
1.185837e+00 
1.185837e+00 
1.185837e+00 
1.185837e+00 
1.185837e+00 
1.185837e+00 
1.185837e+00 
1.185837e+00 
1.185837e+00 
1.185837e+00 
1.185837e+00 
1.185837e+00 
1.091676e+00 
9.953619e-01 
9.953619e-01 
9.953619e-01 
9.953619e-01 
9.953619e-01 
9.953619e-01 
9.953619e-01 
9.953619e-01 
9.363694e-01 
7.024943e-01 
6.182539e-01 
6.182539e-01 
6.182539e-01 
6.182539e-01 
6.182539e-01 
6.182539e-01 
6.182539e-01 
6.182539e-01 
6.182539e-01 
6.182539e-01 
6.182539e-01 
6.182539e-01 
5.398151e-01 
5.398151e-01 
5.398151e-01 
5.398151e-01 
5.398151e-01 
5.398151e-01 
5.398151e-01 
5.369128e-01 
5.369128e-01 
5.369128e-01 
5.369128e-01 
5.369128e-01 
4.961598e-01 
4.961598e-01 
4.961598e-01 
4.961598e-01 
4.961598e-01 
4.961598e-01 
4.961598e-01 
4.961598e-01 
4.961598e-01 
4.902587e-01 
4.902587e-01 
4.717239e-01 
4.717239e-01 
4.717239e-01 
4.717239e-01 
4.717239e-01 
4.717239e-01 
4.717239e-01 
4.717239e-01 
4.108663e-01 
4.108663e-01 
4.108663e-01 
4.108663e-01 
4.108663e-01 
4.060509e-01 
4.060509e-01 
4.060509e-01 
4.060509e-01 
4.060509e-01 
4.060509e-01 
4.060509e-01 
4.060509e-01 
4.060509e-01 
4.060509e-01 
4.060509e-01 
4.004765e-01 
4.004765e-01 
4.004765e-01 
3.982019e-01 
3.982019e-01 
3.982019e-01 
3.982019e-01 
3.982019e-01 
3.814261e-01 
3.814261e-01 
3.814261e-01 
3.746191e-01 
3.746191e-01 
3.746191e-01 
3.746191e-01 
3.744583e-01 
3.744583e-01 
3.744583e-01 
3.744583e-01 
3.744583e-01 
3.744583e-01 
3.744583e-01 
3.744583e-01 
3.744583e-01 
3.685864e-01 
3.685864e-01 
3.685864e-01 
3.685864e-01 
3.685864e-01 
3.685864e-01 
3.685864e-01 
3.685864e-01 
3.685864e-01 
3.675887e-01 
3.675887e-01 
3.675887e-01 
3.675887e-01 
3.671231e-01 
3.671231e-01 
3.671231e-01 
3.670212e-01 
3.658048e-01 
3.658048e-01 
3.645109e-01 
3.641038e-01 
3.641038e-01 
3.641038e-01 
3.641038e-01 
3.632943e-01 
3.632943e-01 
3.632943e-01 
3.632943e-01 
3.632943e-01 
3.632943e-01 
3.632943e-01 
3.632943e-01 
3.632943e-01 
3.632943e-01 
3.632302e-01 
3.632302e-01 
3.632302e-01 
3.632302e-01 
3.632302e-01 
3.632302e-01 
3.632302e-01 
3.632302e-01 
3.632302e-01 
3.632302e-01 
3.632302e-01 
3.622338e-01 
3.622338e-01 
3.617631e-01 
3.609960e-01 
3.609960e-01 
3.609960e-01 
3.609960e-01 
3.609960e-01 
3.609960e-01 
3.609960e-01 
3.609960e-01 
3.609107e-01 
3.602633e-01 
3.602633e-01 
3.602633e-01 
3.602633e-01 
3.595717e-01 
3.595717e-01 
3.595717e-01 
3.595717e-01 
3.580850e-01 
3.580850e-01 
3.557617e-01 
3.557617e-01 
3.554053e-01 
3.554053e-01 
3.554053e-01 
3.554053e-01 
3.554053e-01 
3.554053e-01 
3.554053e-01 
3.553598e-01 
3.549555e-01 
3.549555e-01 
3.548412e-01 
3.548412e-01 
3.548412e-01 
3.548412e-01 
3.548412e-01 
3.548412e-01 
3.548412e-01 
3.536864e-01 
3.536864e-01 
3.536864e-01 
3.536864e-01 
3.536864e-01 
3.536864e-01 
3.536864e-01 
3.536864e-01 
3.536864e-01 
3.536864e-01 
3.536864e-01 
3.536864e-01 
3.536864e-01 
3.536864e-01 
3.536864e-01 
3.536864e-01 
3.536864e-01 
3.536864e-01 
3.536864e-01 
3.536864e-01 
3.536864e-01 
3.536864e-01 
3.536864e-01 
3.536864e-01 
3.536864e-01 
3.536864e-01 
3.536864e-01 
3.536864e-01 
3.536864e-01 
3.536864e-01 
3.536864e-01 
3.536864e-01 
3.536864e-01 
3.536864e-01 
3.536864e-01 
3.536864e-01 
3.536864e-01 
3.536864e-01 
3.536864e-01 
3.536864e-01 
3.536864e-01 
3.536864e-01 
3.536864e-01 
3.536864e-01 
3.536864e-01 
3.536864e-01 
3.536864e-01 
3.536864e-01 
3.536864e-01 
3.536864e-01 
3.536864e-01 
3.536864e-01 
3.536864e-01 
3.536864e-01 
3.536864e-01 
3.536864e-01 
3.536864e-01 
3.536864e-01 
3.536864e-01 
3.536864e-01 
3.536864e-01 
3.536864e-01 
3.536864e-01 
3.536864e-01 
3.536864e-01 
3.536864e-01 
3.536864e-01 
3.536864e-01 
3.536864e-01 
3.536864e-01 
3.536864e-01 
3.536864e-01 
3.536864e-01 
3.536864e-01 
3.536864e-01 
3.536864e-01 
3.536864e-01 
3.536864e-01 
3.536864e-01 
3.536864e-01 
3.536864e-01 
3.536864e-01 
3.536864e-01 
3.536864e-01 
3.536864e-01 
3.536864e-01 
3.536864e-01 
3.536864e-01 
3.536864e-01 
3.536864e-01 
3.536864e-01 
3.536864e-01 
3.536864e-01 
3.536864e-01 
3.536864e-01 
3.536864e-01 
3.536864e-01 
3.536864e-01 
3.536864e-01 
3.536864e-01 
3.536864e-01 
3.536864e-01 
3.536864e-01 
3.536864e-01 
3.536864e-01 
3.536864e-01 
3.536864e-01 
3.536864e-01 
3.536864e-01 
3.536864e-01 
3.536864e-01 
3.536864e-01 
3.536864e-01 
3.536864e-01 
3.536864e-01 
3.536864e-01 
3.536864e-01 
3.536864e-01 
3.536864e-01 
3.536864e-01 
3.536864e-01 
3.536864e-01 
3.536864e-01 
3.536864e-01 
3.536864e-01 
3.536864e-01 
3.536864e-01 
3.536864e-01 
3.536864e-01 
3.536864e-01 
3.536864e-01 
3.536864e-01 
3.536864e-01 
3.536864e-01 
3.536864e-01 
3.536864e-01 
3.536864e-01 
3.536864e-01 
3.536864e-01 
3.536559e-01 
3.535819e-01 
3.535819e-01 
3.535819e-01 
3.535383e-01 
3.535113e-01 
3.533905e-01 
3.532985e-01 
3.532655e-01 
3.532655e-01 
3.531715e-01 
3.530329e-01 
3.529724e-01 
3.527232e-01 
3.524814e-01 
3.520485e-01 
3.520485e-01 
3.520485e-01 
3.520485e-01 
3.520485e-01 
3.520485e-01 
3.520485e-01 
3.518770e-01 
3.518002e-01 
3.517703e-01 
3.517088e-01 
3.517088e-01 
3.516927e-01 
3.516927e-01 
3.516680e-01 
3.516680e-01 
3.516136e-01 
3.516136e-01 
3.515834e-01 
3.515834e-01 
3.515834e-01 
3.515834e-01 
3.515834e-01 
3.515834e-01 
3.515742e-01 
3.515418e-01 
3.515418e-01 
3.515418e-01 
3.515418e-01 
3.515418e-01 
3.515418e-01 
3.515418e-01 
3.514915e-01 
3.514915e-01 
3.514915e-01 
3.514915e-01 
3.514915e-01 
3.514915e-01 
3.514915e-01 
3.514915e-01 
3.514915e-01 
3.514915e-01 
3.514915e-01 
3.514915e-01 
3.514915e-01 
3.514915e-01 
3.514915e-01 
3.514915e-01 
3.514915e-01 
3.514876e-01 
3.514835e-01 
3.514820e-01 
3.514768e-01 
3.514601e-01 
3.514544e-01 
3.514544e-01 
3.514544e-01 
6.903267e-01 
6.903267e-01 
6.903267e-01 
7.607552e-01 
7.550664e-01 
7.550664e-01 
7.550664e-01 
7.550664e-01 
7.550664e-01 
7.550664e-01 
7.550664e-01 
7.550664e-01 
7.446204e-01 
7.446204e-01 
7.428828e-01 
7.375003e-01 
7.375003e-01 
7.375003e-01 
7.375003e-01 
7.372614e-01 
7.372614e-01 
7.372614e-01 
7.372614e-01 
7.372614e-01 
7.372614e-01 
7.372614e-01 
7.276535e-01 
7.202633e-01 
7.202633e-01 
7.202633e-01 
7.202633e-01 
7.202633e-01 
7.202633e-01 
7.202633e-01 
7.202633e-01 
7.202633e-01 
9.903421e-01 
9.903421e-01 
9.903421e-01 
9.903421e-01 
9.902607e-01 
9.901071e-01 
9.901071e-01 
9.901071e-01 
9.901071e-01 
9.901071e-01 
9.900344e-01 
9.899396e-01 
9.899396e-01 
9.899396e-01 
2.635723e-23 
2.624537e-23 
2.045672e-23 
2.045672e-23 
7.360023e-24 
7.360023e-24 
7.360023e-24 
7.360023e-24 
7.360023e-24 
6.678628e-24 
2.508721e-24 
1.841195e-24 
1.841195e-24 
1.841195e-24 
1.841195e-24 
1.841195e-24 
1.841195e-24 
1.841195e-24 
1.913239e-23 
1.129845e-23 
1.129845e-23 
1.129845e-23 
1.129845e-23 
8.079680e-24 
7.391666e-24 
7.245558e-24 
7.245558e-24 
7.245558e-24 
4.764432e-24 
7.582769e-25 
7.582769e-25 
7.582769e-25 
1.309631e-25 
1.309631e-25 
1.539846e-24 
1.539846e-24 
1.539846e-24 
1.314737e-24 
