2.536624e+03 
2.153807e+03 
1.995317e+03 
1.678502e+03 
1.678502e+03 
1.678502e+03 
1.678502e+03 
1.678502e+03 
6.957666e+02 
6.957666e+02 
6.957666e+02 
6.957666e+02 
6.957666e+02 
6.957666e+02 
6.052595e+02 
6.052595e+02 
6.052595e+02 
6.052595e+02 
6.052595e+02 
6.052595e+02 
6.052595e+02 
5.648435e+02 
4.610294e+02 
4.610294e+02 
4.610294e+02 
4.610294e+02 
3.709774e+02 
3.709774e+02 
3.709774e+02 
3.709774e+02 
3.681894e+02 
3.681894e+02 
3.681894e+02 
3.596408e+02 
1.775572e+02 
1.775572e+02 
1.775572e+02 
1.775572e+02 
1.775572e+02 
1.775572e+02 
1.775572e+02 
1.775572e+02 
1.775572e+02 
1.775572e+02 
1.775572e+02 
1.775572e+02 
1.327657e+02 
1.327657e+02 
1.327657e+02 
1.108225e+02 
1.108225e+02 
8.335498e+01 
8.335498e+01 
6.797053e+01 
6.797053e+01 
6.797053e+01 
6.350972e+01 
6.350972e+01 
5.885298e+01 
4.607339e+01 
4.607339e+01 
3.346587e+01 
3.346587e+01 
3.346587e+01 
3.346587e+01 
3.255346e+01 
3.255346e+01 
2.801144e+01 
2.675019e+01 
2.430873e+01 
2.430873e+01 
2.430873e+01 
2.430873e+01 
2.430873e+01 
2.403880e+01 
2.383799e+01 
1.928115e+01 
1.928115e+01 
1.928115e+01 
1.928115e+01 
1.928115e+01 
1.928115e+01 
1.677364e+01 
1.677364e+01 
1.677364e+01 
1.677364e+01 
1.677364e+01 
1.677364e+01 
1.480531e+01 
1.075257e+01 
1.075257e+01 
1.075257e+01 
9.380117e+00 
9.380117e+00 
5.530078e+00 
5.530078e+00 
5.530078e+00 
5.292460e+00 
5.292460e+00 
5.292460e+00 
5.281173e+00 
5.281173e+00 
5.274604e+00 
4.897143e+00 
3.258159e+00 
3.258159e+00 
3.258159e+00 
3.258159e+00 
3.258159e+00 
3.258159e+00 
3.258159e+00 
1.319834e+00 
1.319834e+00 
1.319834e+00 
1.319834e+00 
1.319834e+00 
1.319834e+00 
1.319834e+00 
8.993767e-01 
8.993767e-01 
8.993767e-01 
8.993767e-01 
8.696300e-01 
3.147674e-01 
3.147674e-01 
3.147674e-01 
2.199287e-01 
2.199287e-01 
2.199287e-01 
1.778669e-01 
1.778669e-01 
1.248837e-01 
1.248837e-01 
1.248837e-01 
6.763908e-02 
6.763908e-02 
6.763908e-02 
6.763908e-02 
6.763908e-02 
6.763908e-02 
6.763908e-02 
6.763908e-02 
4.333193e-02 
4.333193e-02 
4.333193e-02 
3.133585e-02 
3.133585e-02 
3.133585e-02 
3.133585e-02 
2.950980e-02 
1.767299e-02 
1.565454e-02 
1.565454e-02 
1.565454e-02 
1.565454e-02 
1.565454e-02 
1.403928e-02 
1.403928e-02 
1.223106e-02 
7.724567e-03 
6.215271e-03 
6.215271e-03 
6.215271e-03 
6.215271e-03 
3.868958e-03 
3.868958e-03 
3.772032e-03 
3.214583e-03 
3.214583e-03 
3.214583e-03 
3.151510e-03 
3.120681e-03 
1.434883e-03 
1.434883e-03 
1.434883e-03 
1.390261e-03 
1.054220e-03 
7.876319e-04 
5.762937e-04 
5.762937e-04 
5.762937e-04 
4.239483e-04 
4.239483e-04 
3.399640e-04 
1.435078e-04 
1.435078e-04 
1.435078e-04 
1.435078e-04 
1.435078e-04 
1.364915e-04 
1.364915e-04 
5.252450e-05 
5.252450e-05 
5.252450e-05 
5.252450e-05 
5.252450e-05 
5.252450e-05 
4.589265e-05 
4.589265e-05 
4.589265e-05 
4.589265e-05 
4.589265e-05 
4.172231e-05 
3.178463e-05 
3.178463e-05 
3.178463e-05 
3.178463e-05 
3.178463e-05 
2.632682e-05 
2.092697e-05 
2.092697e-05 
2.092697e-05 
1.844676e-05 
1.844676e-05 
1.046875e-05 
1.046875e-05 
1.010378e-05 
1.010378e-05 
1.010378e-05 
1.010378e-05 
1.010378e-05 
7.919089e-06 
7.468056e-06 
4.931221e-06 
4.931221e-06 
3.959316e-06 
3.422602e-06 
3.422602e-06 
2.812252e-06 
2.812252e-06 
2.812252e-06 
2.812252e-06 
2.812252e-06 
1.891089e-06 
1.891089e-06 
1.891089e-06 
1.579495e-06 
1.579495e-06 
1.579495e-06 
1.579495e-06 
9.301115e-07 
9.301115e-07 
9.301115e-07 
7.071270e-07 
7.071270e-07 
7.071270e-07 
6.480603e-07 
5.437568e-07 
5.437568e-07 
4.380892e-07 
2.960060e-07 
2.960060e-07 
2.960060e-07 
2.103959e-07 
2.103959e-07 
1.759617e-07 
1.759617e-07 
9.923900e-08 
9.923900e-08 
7.653471e-08 
7.653471e-08 
7.653471e-08 
7.653471e-08 
7.653471e-08 
7.653471e-08 
5.009177e-08 
2.429473e-08 
2.429473e-08 
2.429473e-08 
2.429473e-08 
2.429473e-08 
1.568776e-08 
1.568776e-08 
1.568776e-08 
1.169577e-08 
1.169577e-08 
1.119368e-08 
1.119368e-08 
1.021204e-08 
1.021204e-08 
1.021204e-08 
6.449129e-09 
4.017800e-09 
4.017800e-09 
4.017800e-09 
4.017800e-09 
3.652783e-09 
3.546201e-09 
3.546201e-09 
3.546201e-09 
3.546201e-09 
3.546201e-09 
2.938261e-09 
1.530204e-09 
1.530204e-09 
1.530204e-09 
1.530204e-09 
1.082996e-09 
1.082996e-09 
8.007548e-10 
8.007548e-10 
8.007548e-10 
8.007548e-10 
7.091166e-10 
6.445534e-10 
4.639759e-10 
4.015392e-10 
4.015392e-10 
4.015392e-10 
2.992781e-10 
2.242830e-10 
2.242830e-10 
2.242830e-10 
2.242830e-10 
2.242830e-10 
2.242830e-10 
2.242830e-10 
1.494112e-10 
1.473549e-10 
3.387683e-11 
3.387683e-11 
3.387683e-11 
3.387683e-11 
3.387683e-11 
3.387683e-11 
3.387683e-11 
3.387683e-11 
2.785431e-11 
2.785431e-11 
2.785431e-11 
2.785431e-11 
2.785431e-11 
2.785431e-11 
2.785431e-11 
1.679878e-11 
9.154381e-12 
9.154381e-12 
9.154381e-12 
9.154381e-12 
9.154381e-12 
9.154381e-12 
6.825429e-12 
4.464725e-12 
4.464725e-12 
4.464725e-12 
4.464725e-12 
4.464725e-12 
4.206487e-12 
3.773204e-12 
3.773204e-12 
3.773204e-12 
3.773204e-12 
3.773204e-12 
3.773204e-12 
2.197797e-12 
2.197797e-12 
2.197797e-12 
2.013056e-12 
2.013056e-12 
1.906697e-12 
1.532552e-12 
4.244753e-13 
4.244753e-13 
4.244753e-13 
4.244753e-13 
4.244753e-13 
4.244753e-13 
4.244753e-13 
4.244753e-13 
4.244753e-13 
4.244753e-13 
1.776357e-13 
1.646831e-13 
1.646831e-13 
1.325606e-13 
1.325606e-13 
1.325606e-13 
1.325606e-13 
1.325606e-13 
1.325606e-13 
7.482903e-14 
7.482903e-14 
7.482903e-14 
7.482903e-14 
7.482903e-14 
7.482903e-14 
7.482903e-14 
7.482903e-14 
7.482903e-14 
7.482903e-14 
7.482903e-14 
7.482903e-14 
7.482903e-14 
7.482903e-14 
7.482903e-14 
7.482903e-14 
7.482903e-14 
7.482903e-14 
6.631732e-14 
6.631732e-14 
6.631732e-14 
6.631732e-14 
6.631732e-14 
6.631732e-14 
6.187643e-14 
6.187643e-14 
4.019007e-14 
4.019007e-14 
4.019007e-14 
4.019007e-14 
4.019007e-14 
6.291264e-15 
6.291264e-15 
6.291264e-15 
6.291264e-15 
6.291264e-15 
6.291264e-15 
6.291264e-15 
6.291264e-15 
6.291264e-15 
6.291264e-15 
6.291264e-15 
6.291264e-15 
6.291264e-15 
6.291264e-15 
6.291264e-15 
6.291264e-15 
6.291264e-15 
6.291264e-15 
6.291264e-15 
6.291264e-15 
6.291264e-15 
3.330669e-15 
3.330669e-15 
2.220446e-15 
0 
0 
0 
0 
0 
0 
0 
0 
0 
0 
0 
0 
0 
0 
0 
0 
0 
0 
0 
0 
0 
0 
0 
0 
0 
0 
0 
0 
0 
0 
0 
0 
0 
0 
0 
0 
0 
0 
0 
0 
0 
0 
0 
0 
0 
0 
0 
0 
0 
0 
0 
0 
0 
0 
0 
0 
0 
0 
0 
0 
0 
0 
0 
0 
0 
0 
0 
0 
0 
0 
0 
0 
0 
0 
0 
0 
0 
0 
0 
0 
0 
0 
0 
0 
0 
0 
0 
0 
0 
0 
0 
0 
0 
0 
0 
0 
0 
0 
0 
0 
0 
0 
0 
0 
0 
0 
0 
0 
0 
0 
0 
0 
0 
0 
0 
0 
0 
0 
0 
0 
0 
0 
0 
0 
0 
0 
0 
0 
0 
0 
0 
0 
0 
0 
0 
0 
0 
0 
0 
0 
0 
0 
0 
0 
0 
0 
0 
0 
0 
0 
0 
0 
0 
7.372614e-01 
7.372614e-01 
7.372614e-01 
7.372614e-01 
7.372614e-01 
7.276535e-01 
7.202633e-01 
7.202633e-01 
7.202633e-01 
7.202633e-01 
7.202633e-01 
7.202633e-01 
7.202633e-01 
7.202633e-01 
7.202633e-01 
9.903421e-01 
9.903421e-01 
9.903421e-01 
9.903421e-01 
9.902607e-01 
9.901071e-01 
9.901071e-01 
9.901071e-01 
9.901071e-01 
9.901071e-01 
9.900344e-01 
9.899396e-01 
9.899396e-01 
9.899396e-01 
2.635723e-23 
2.624537e-23 
2.045672e-23 
2.045672e-23 
7.360023e-24 
7.360023e-24 
7.360023e-24 
7.360023e-24 
7.360023e-24 
6.678628e-24 
2.508721e-24 
1.841195e-24 
1.841195e-24 
1.841195e-24 
1.841195e-24 
1.841195e-24 
1.841195e-24 
1.841195e-24 
1.913239e-23 
1.129845e-23 
1.129845e-23 
1.129845e-23 
1.129845e-23 
8.079680e-24 
7.391666e-24 
7.245558e-24 
7.245558e-24 
7.245558e-24 
4.764432e-24 
7.582769e-25 
7.582769e-25 
7.582769e-25 
1.309631e-25 
1.309631e-25 
1.539846e-24 
1.539846e-24 
1.539846e-24 
1.314737e-24 
