1.790374e-227 
8.236890e-224 
2.590028e-229 
1.877033e-221 
8.290339e-235 
1.607774e-225 
7.791880e-225 
6.931057e-225 
5.723447e-232 
2.341618e-226 
2.596739e-229 
2.693805e-227 
1.692060e-226 
4.637228e-225 
3.318231e-222 
8.516575e-224 
3.961723e-226 
8.847587e-230 
1.107364e-227 
5.173323e-219 
2.673079e-218 
2.920278e-231 
2.171814e-233 
1.503516e-227 
6.841332e-229 
1.434660e-226 
7.039193e-218 
6.315980e-228 
1.685078e-225 
2.019566e-221 
average=3.411284e-219 
std=0 
best=8.290339e-235 
