2.335011e+03 
1.782120e+03 
1.460709e+03 
1.147328e+03 
1.117342e+03 
1.117342e+03 
8.015487e+02 
8.015487e+02 
8.015487e+02 
8.015487e+02 
8.015487e+02 
8.015487e+02 
8.015487e+02 
8.015487e+02 
8.015487e+02 
8.015487e+02 
8.015487e+02 
8.015487e+02 
8.015487e+02 
7.878850e+02 
7.878850e+02 
7.878850e+02 
7.878850e+02 
7.878850e+02 
7.878850e+02 
7.878850e+02 
7.378605e+02 
7.378605e+02 
7.378605e+02 
7.378605e+02 
7.378605e+02 
7.378605e+02 
7.378605e+02 
7.378605e+02 
7.378605e+02 
7.378605e+02 
7.378605e+02 
6.939115e+02 
6.939115e+02 
6.939115e+02 
6.939115e+02 
6.523504e+02 
6.523504e+02 
6.523504e+02 
6.523504e+02 
6.523504e+02 
6.523504e+02 
6.523504e+02 
6.523504e+02 
6.523504e+02 
6.523504e+02 
6.523504e+02 
6.523504e+02 
6.523504e+02 
6.523504e+02 
6.523504e+02 
6.523504e+02 
6.523504e+02 
6.523504e+02 
6.523504e+02 
6.523504e+02 
6.523504e+02 
6.523504e+02 
6.523504e+02 
6.523504e+02 
6.523504e+02 
6.523504e+02 
6.523504e+02 
6.523504e+02 
6.523504e+02 
6.523504e+02 
6.523504e+02 
6.523504e+02 
5.849229e+02 
5.849229e+02 
5.849229e+02 
5.849229e+02 
5.849229e+02 
5.849229e+02 
5.849229e+02 
5.849229e+02 
5.849229e+02 
5.849229e+02 
5.849229e+02 
5.849229e+02 
5.849229e+02 
5.849229e+02 
5.849229e+02 
5.849229e+02 
5.849229e+02 
5.849229e+02 
5.849229e+02 
5.849229e+02 
5.849229e+02 
5.849229e+02 
5.849229e+02 
5.849229e+02 
5.849229e+02 
5.849229e+02 
5.849229e+02 
5.849229e+02 
5.849229e+02 
5.849229e+02 
5.849229e+02 
5.849229e+02 
5.849229e+02 
5.849229e+02 
5.849229e+02 
5.849229e+02 
5.849229e+02 
5.849229e+02 
5.849229e+02 
5.849229e+02 
5.243898e+02 
5.243898e+02 
5.243898e+02 
5.243898e+02 
5.243898e+02 
5.243898e+02 
5.243898e+02 
5.243898e+02 
5.243898e+02 
5.243898e+02 
5.243898e+02 
5.243898e+02 
5.243898e+02 
5.243898e+02 
5.243898e+02 
5.243898e+02 
5.243898e+02 
5.243898e+02 
5.243898e+02 
5.243898e+02 
5.243898e+02 
5.243898e+02 
5.243898e+02 
5.243898e+02 
5.243898e+02 
5.243898e+02 
5.243898e+02 
5.243898e+02 
5.243898e+02 
5.243898e+02 
5.243898e+02 
5.243898e+02 
5.243898e+02 
5.243898e+02 
5.243898e+02 
5.243898e+02 
5.243898e+02 
5.243898e+02 
5.243898e+02 
5.243898e+02 
5.243898e+02 
5.243898e+02 
5.243898e+02 
5.243898e+02 
5.243898e+02 
5.243898e+02 
5.243898e+02 
5.243898e+02 
5.243898e+02 
5.243898e+02 
5.243898e+02 
5.243898e+02 
5.243898e+02 
5.243898e+02 
5.243898e+02 
5.243898e+02 
5.243898e+02 
5.243898e+02 
5.243898e+02 
5.243898e+02 
5.243898e+02 
5.243898e+02 
5.243898e+02 
5.243898e+02 
5.243898e+02 
5.243898e+02 
5.243898e+02 
5.243898e+02 
5.243898e+02 
5.243898e+02 
5.243898e+02 
5.243898e+02 
5.243898e+02 
5.243898e+02 
5.243898e+02 
5.243898e+02 
5.243898e+02 
5.243898e+02 
5.243898e+02 
5.243898e+02 
5.243898e+02 
5.243898e+02 
5.243898e+02 
4.253338e+02 
4.253338e+02 
4.253338e+02 
4.253338e+02 
4.253338e+02 
4.253338e+02 
4.253338e+02 
4.253338e+02 
4.253338e+02 
4.253338e+02 
4.253338e+02 
4.253338e+02 
4.253338e+02 
4.253338e+02 
4.253338e+02 
4.253338e+02 
4.253338e+02 
4.253338e+02 
4.253338e+02 
4.253338e+02 
4.253338e+02 
4.253338e+02 
4.253338e+02 
4.253338e+02 
4.253338e+02 
4.253338e+02 
4.253338e+02 
4.253338e+02 
4.253338e+02 
4.253338e+02 
4.253338e+02 
4.253338e+02 
4.253338e+02 
4.253338e+02 
4.253338e+02 
4.253338e+02 
4.253338e+02 
4.253338e+02 
4.253338e+02 
4.253338e+02 
4.253338e+02 
4.253338e+02 
4.253338e+02 
3.991128e+02 
3.991128e+02 
3.991128e+02 
3.991128e+02 
3.991128e+02 
3.991128e+02 
3.991128e+02 
3.991128e+02 
3.991128e+02 
3.991128e+02 
3.991128e+02 
3.991128e+02 
3.991128e+02 
3.991128e+02 
3.991128e+02 
3.991128e+02 
3.991128e+02 
3.991128e+02 
3.991128e+02 
3.991128e+02 
3.991128e+02 
3.991128e+02 
3.991128e+02 
3.991128e+02 
3.991128e+02 
3.991128e+02 
3.991128e+02 
3.991128e+02 
3.991128e+02 
3.991128e+02 
3.991128e+02 
3.991128e+02 
3.991128e+02 
3.991128e+02 
3.991128e+02 
3.991128e+02 
3.991128e+02 
3.991128e+02 
3.991128e+02 
3.991128e+02 
3.991128e+02 
3.991128e+02 
3.991128e+02 
3.991128e+02 
3.991128e+02 
3.991128e+02 
3.991128e+02 
3.991128e+02 
3.991128e+02 
3.991128e+02 
3.991128e+02 
3.991128e+02 
3.991128e+02 
3.991128e+02 
3.991128e+02 
3.991128e+02 
3.991128e+02 
3.991128e+02 
3.991128e+02 
3.991128e+02 
3.991128e+02 
3.991128e+02 
3.991128e+02 
3.991128e+02 
3.991128e+02 
3.991128e+02 
3.991128e+02 
3.991128e+02 
3.991128e+02 
3.991128e+02 
3.991128e+02 
3.991128e+02 
3.991128e+02 
3.991128e+02 
3.991128e+02 
3.991128e+02 
3.991128e+02 
3.991128e+02 
3.991128e+02 
3.991128e+02 
3.991128e+02 
3.991128e+02 
3.991128e+02 
3.991128e+02 
3.991128e+02 
3.991128e+02 
3.991128e+02 
3.991128e+02 
3.991128e+02 
3.991128e+02 
3.991128e+02 
3.991128e+02 
3.991128e+02 
3.991128e+02 
3.991128e+02 
3.991128e+02 
3.991128e+02 
3.991128e+02 
3.991128e+02 
3.991128e+02 
3.991128e+02 
3.991128e+02 
3.991128e+02 
3.991128e+02 
3.991128e+02 
3.991128e+02 
3.991128e+02 
3.991128e+02 
3.991128e+02 
3.991128e+02 
3.991128e+02 
3.991128e+02 
3.991128e+02 
3.991128e+02 
3.991128e+02 
3.991128e+02 
3.991128e+02 
3.991128e+02 
3.991128e+02 
3.991128e+02 
3.991128e+02 
3.991128e+02 
3.991128e+02 
3.991128e+02 
3.991128e+02 
3.991128e+02 
3.991128e+02 
3.991128e+02 
3.991128e+02 
3.991128e+02 
3.991128e+02 
3.991128e+02 
3.991128e+02 
3.991128e+02 
3.991128e+02 
3.991128e+02 
3.991128e+02 
3.991128e+02 
3.991128e+02 
3.991128e+02 
3.991128e+02 
3.991128e+02 
3.991128e+02 
3.991128e+02 
3.991128e+02 
3.991128e+02 
3.991128e+02 
3.991128e+02 
3.991128e+02 
3.991128e+02 
3.991128e+02 
3.991128e+02 
3.991128e+02 
3.991128e+02 
3.991128e+02 
3.991128e+02 
3.991128e+02 
3.991128e+02 
3.991128e+02 
3.991128e+02 
3.991128e+02 
3.991128e+02 
3.991128e+02 
3.991128e+02 
3.991128e+02 
3.738981e+02 
3.738981e+02 
3.738981e+02 
3.738981e+02 
3.738981e+02 
3.738981e+02 
3.738981e+02 
3.738981e+02 
3.738981e+02 
3.738981e+02 
3.738981e+02 
3.738981e+02 
3.738981e+02 
3.738981e+02 
3.738981e+02 
3.738981e+02 
3.738981e+02 
3.738981e+02 
3.738981e+02 
3.738981e+02 
3.738981e+02 
3.738981e+02 
3.738981e+02 
3.738981e+02 
3.738981e+02 
3.738981e+02 
3.738981e+02 
3.738981e+02 
3.738981e+02 
3.738981e+02 
3.738981e+02 
3.738981e+02 
3.738981e+02 
3.738981e+02 
3.738981e+02 
3.738981e+02 
3.738981e+02 
3.738981e+02 
3.738981e+02 
3.738981e+02 
3.738981e+02 
3.738981e+02 
3.738981e+02 
3.738981e+02 
3.738981e+02 
3.738981e+02 
3.738981e+02 
3.738981e+02 
3.738981e+02 
3.738981e+02 
3.738981e+02 
3.738981e+02 
3.738981e+02 
3.738981e+02 
3.738981e+02 
3.738981e+02 
3.738981e+02 
3.738981e+02 
3.738981e+02 
3.738981e+02 
3.738981e+02 
3.738981e+02 
3.738981e+02 
3.738981e+02 
3.738981e+02 
3.738981e+02 
3.738981e+02 
3.738981e+02 
3.738981e+02 
3.738981e+02 
3.738981e+02 
3.738981e+02 
3.738981e+02 
3.738981e+02 
3.738981e+02 
3.738981e+02 
3.738981e+02 
3.738981e+02 
3.738981e+02 
3.738981e+02 
3.738981e+02 
3.738981e+02 
3.738981e+02 
3.738981e+02 
3.738981e+02 
3.738981e+02 
3.738981e+02 
3.738981e+02 
3.738981e+02 
3.738981e+02 
3.738981e+02 
3.738981e+02 
3.738981e+02 
3.738981e+02 
3.738981e+02 
3.738981e+02 
2.497246e+02 
2.497246e+02 
2.497246e+02 
2.497246e+02 
2.497246e+02 
2.497246e+02 
2.497246e+02 
2.497246e+02 
2.497246e+02 
2.497246e+02 
2.497246e+02 
2.497246e+02 
2.497246e+02 
2.497246e+02 
2.497246e+02 
2.497246e+02 
2.497246e+02 
2.497246e+02 
2.497246e+02 
2.497246e+02 
2.497246e+02 
2.497246e+02 
2.497246e+02 
2.497246e+02 
2.497246e+02 
2.497246e+02 
2.497246e+02 
2.497246e+02 
2.497246e+02 
2.497246e+02 
2.497246e+02 
2.497246e+02 
2.497246e+02 
2.497246e+02 
2.497246e+02 
2.497246e+02 
2.497246e+02 
2.497246e+02 
2.497246e+02 
2.497246e+02 
2.497246e+02 
2.497246e+02 
2.497246e+02 
2.497246e+02 
2.497246e+02 
2.497246e+02 
2.497246e+02 
2.497246e+02 
2.497246e+02 
2.497246e+02 
2.497246e+02 
2.497246e+02 
2.497246e+02 
2.497246e+02 
2.497246e+02 
2.497246e+02 
2.497246e+02 
2.497246e+02 
2.497246e+02 
2.497246e+02 
2.497246e+02 
2.497246e+02 
2.497246e+02 
2.497246e+02 
2.497246e+02 
2.497246e+02 
2.497246e+02 
2.497246e+02 
2.497246e+02 
2.497246e+02 
2.497246e+02 
2.497246e+02 
2.497246e+02 
2.497246e+02 
2.497246e+02 
2.497246e+02 
2.497246e+02 
2.497246e+02 
2.497246e+02 
2.497246e+02 
2.497246e+02 
2.497246e+02 
2.384815e+02 
2.384815e+02 
2.384815e+02 
2.384815e+02 
2.384815e+02 
2.384815e+02 
2.384815e+02 
2.384815e+02 
2.384815e+02 
2.384815e+02 
2.384815e+02 
2.384815e+02 
2.384815e+02 
2.384815e+02 
2.384815e+02 
2.384815e+02 
2.384815e+02 
2.384815e+02 
2.384815e+02 
2.384815e+02 
2.384815e+02 
2.384815e+02 
2.384815e+02 
2.384815e+02 
2.384815e+02 
2.384815e+02 
2.384815e+02 
2.384815e+02 
2.384815e+02 
2.384815e+02 
2.384815e+02 
2.384815e+02 
2.384815e+02 
2.384815e+02 
2.384815e+02 
2.384815e+02 
2.384815e+02 
2.384815e+02 
2.384815e+02 
2.384815e+02 
2.384815e+02 
2.384815e+02 
2.384815e+02 
2.384815e+02 
2.384815e+02 
2.384815e+02 
2.384815e+02 
2.384815e+02 
2.384815e+02 
2.384815e+02 
2.384815e+02 
2.384815e+02 
2.384815e+02 
2.384815e+02 
2.384815e+02 
2.384815e+02 
2.384815e+02 
2.384815e+02 
2.384815e+02 
2.384815e+02 
2.384815e+02 
2.384815e+02 
2.384815e+02 
2.384815e+02 
2.384815e+02 
2.384815e+02 
2.384815e+02 
2.384815e+02 
2.384815e+02 
2.384815e+02 
2.384815e+02 
2.384815e+02 
2.384815e+02 
2.384815e+02 
2.384815e+02 
2.384815e+02 
2.384815e+02 
2.384815e+02 
2.384815e+02 
2.384815e+02 
2.384815e+02 
2.384815e+02 
2.384815e+02 
2.384815e+02 
2.384815e+02 
2.384815e+02 
2.384815e+02 
2.384815e+02 
2.384815e+02 
2.384815e+02 
2.384815e+02 
2.384815e+02 
2.384815e+02 
2.384815e+02 
2.384815e+02 
2.384815e+02 
2.384815e+02 
2.384815e+02 
2.384815e+02 
2.384815e+02 
2.384815e+02 
2.384815e+02 
2.384815e+02 
2.384815e+02 
2.384815e+02 
2.384815e+02 
2.384815e+02 
2.384815e+02 
2.384815e+02 
2.384815e+02 
2.384815e+02 
2.384815e+02 
2.384815e+02 
2.384815e+02 
2.384815e+02 
2.384815e+02 
2.384815e+02 
2.384815e+02 
2.384815e+02 
2.384815e+02 
2.384815e+02 
2.384815e+02 
2.384815e+02 
2.384815e+02 
2.384815e+02 
2.384815e+02 
2.384815e+02 
2.384815e+02 
2.384815e+02 
2.384815e+02 
2.384815e+02 
2.384815e+02 
2.384815e+02 
2.384815e+02 
2.384815e+02 
2.384815e+02 
2.384815e+02 
2.384815e+02 
2.384815e+02 
2.384815e+02 
2.384815e+02 
2.384815e+02 
2.251965e+02 
2.251965e+02 
2.251965e+02 
2.251965e+02 
2.251965e+02 
2.251965e+02 
2.251965e+02 
2.251965e+02 
2.251965e+02 
2.251965e+02 
2.251965e+02 
2.251965e+02 
2.251965e+02 
2.251965e+02 
2.251965e+02 
2.251965e+02 
2.251965e+02 
2.251965e+02 
2.251965e+02 
2.251965e+02 
2.251965e+02 
2.251965e+02 
2.251965e+02 
2.251965e+02 
2.251965e+02 
2.251965e+02 
2.251965e+02 
2.251965e+02 
2.251965e+02 
2.251965e+02 
2.251965e+02 
2.251965e+02 
2.251965e+02 
2.251965e+02 
2.251965e+02 
2.251965e+02 
2.251965e+02 
2.251965e+02 
2.251965e+02 
2.251965e+02 
2.251965e+02 
2.251965e+02 
2.251965e+02 
2.251965e+02 
2.251965e+02 
2.251965e+02 
2.251965e+02 
2.251965e+02 
2.251965e+02 
2.251965e+02 
2.251965e+02 
2.251965e+02 
2.251965e+02 
2.251965e+02 
2.251965e+02 
2.251965e+02 
2.251965e+02 
2.251965e+02 
2.251965e+02 
2.251965e+02 
2.251965e+02 
2.251965e+02 
2.251965e+02 
2.251965e+02 
2.251965e+02 
2.251965e+02 
2.251965e+02 
2.251965e+02 
2.251965e+02 
2.251965e+02 
2.251965e+02 
2.251965e+02 
2.251965e+02 
2.251965e+02 
2.251965e+02 
2.251965e+02 
2.251965e+02 
2.251965e+02 
2.251965e+02 
2.251965e+02 
2.251965e+02 
2.251965e+02 
2.251965e+02 
2.251965e+02 
2.251965e+02 
2.251965e+02 
2.251965e+02 
2.251965e+02 
2.251965e+02 
2.251965e+02 
2.251965e+02 
2.251965e+02 
2.251965e+02 
2.251965e+02 
2.251965e+02 
2.251965e+02 
2.251965e+02 
2.251965e+02 
2.251965e+02 
2.251965e+02 
2.251965e+02 
2.251965e+02 
2.251965e+02 
2.251965e+02 
2.251965e+02 
2.251965e+02 
2.251965e+02 
2.251965e+02 
2.251965e+02 
2.251965e+02 
2.251965e+02 
2.251965e+02 
2.251965e+02 
2.251965e+02 
2.251965e+02 
2.251965e+02 
2.251965e+02 
2.251965e+02 
2.251965e+02 
2.251965e+02 
2.251965e+02 
2.251965e+02 
2.251965e+02 
2.251965e+02 
2.251965e+02 
2.251965e+02 
2.251965e+02 
2.251965e+02 
2.251965e+02 
2.251965e+02 
2.251965e+02 
2.251965e+02 
2.251965e+02 
2.251965e+02 
2.251965e+02 
2.251965e+02 
2.251965e+02 
2.251965e+02 
2.251965e+02 
2.251965e+02 
2.251965e+02 
2.251965e+02 
2.251965e+02 
2.251965e+02 
2.251965e+02 
2.251965e+02 
2.251965e+02 
2.251965e+02 
2.251965e+02 
2.251965e+02 
2.251965e+02 
2.251965e+02 
2.251965e+02 
2.251965e+02 
2.251965e+02 
2.251965e+02 
2.251965e+02 
2.251965e+02 
2.251965e+02 
2.251965e+02 
2.251965e+02 
2.251965e+02 
2.251965e+02 
2.251965e+02 
2.251965e+02 
2.251965e+02 
2.251965e+02 
2.251965e+02 
2.251965e+02 
2.251965e+02 
2.251965e+02 
2.251965e+02 
2.251965e+02 
2.251965e+02 
2.251965e+02 
2.251965e+02 
2.251965e+02 
2.251965e+02 
2.251965e+02 
2.251965e+02 
2.251965e+02 
2.251965e+02 
2.251965e+02 
2.251965e+02 
2.251965e+02 
2.251965e+02 
2.251965e+02 
2.251965e+02 
2.251965e+02 
2.251965e+02 
2.251965e+02 
2.251965e+02 
2.251965e+02 
2.251965e+02 
2.251965e+02 
2.251965e+02 
2.251965e+02 
2.251965e+02 
2.251965e+02 
2.251965e+02 
2.251965e+02 
2.251965e+02 
2.251965e+02 
2.251965e+02 
2.251965e+02 
2.251965e+02 
2.251965e+02 
2.251965e+02 
2.251965e+02 
2.251965e+02 
2.251965e+02 
2.251965e+02 
2.251965e+02 
2.251965e+02 
2.251965e+02 
2.251965e+02 
2.251965e+02 
2.251965e+02 
2.251965e+02 
2.251965e+02 
2.251965e+02 
2.251965e+02 
2.251965e+02 
1.710998e+02 
1.710998e+02 
1.710998e+02 
1.710998e+02 
1.710998e+02 
1.710998e+02 
1.710998e+02 
1.710998e+02 
1.710998e+02 
1.710998e+02 
1.710998e+02 
1.710998e+02 
1.710998e+02 
1.710998e+02 
1.710998e+02 
1.710998e+02 
1.710998e+02 
1.710998e+02 
1.710998e+02 
1.710998e+02 
1.710998e+02 
1.710998e+02 
1.710998e+02 
1.710998e+02 
1.710998e+02 
1.710998e+02 
1.710998e+02 
1.710998e+02 
1.710998e+02 
1.710998e+02 
1.710998e+02 
1.710998e+02 
1.710998e+02 
1.710998e+02 
1.710998e+02 
1.710998e+02 
1.710998e+02 
1.710998e+02 
1.710998e+02 
1.710998e+02 
1.710998e+02 
1.710998e+02 
1.710998e+02 
1.710998e+02 
1.710998e+02 
1.710998e+02 
1.710998e+02 
1.710998e+02 
1.710998e+02 
1.710998e+02 
1.710998e+02 
1.710998e+02 
1.710998e+02 
1.710998e+02 
1.710998e+02 
1.710998e+02 
1.710998e+02 
1.710998e+02 
1.710998e+02 
1.710998e+02 
1.710998e+02 
1.710998e+02 
1.710998e+02 
1.710998e+02 
1.710998e+02 
1.710998e+02 
1.710998e+02 
1.710998e+02 
1.710998e+02 
1.710998e+02 
1.710998e+02 
1.710998e+02 
1.710998e+02 
1.710998e+02 
1.710998e+02 
1.710998e+02 
1.710998e+02 
1.710998e+02 
1.710998e+02 
1.710998e+02 
1.710998e+02 
1.710998e+02 
1.710998e+02 
1.710998e+02 
1.710998e+02 
1.710998e+02 
1.710998e+02 
1.710998e+02 
1.710998e+02 
1.710998e+02 
1.710998e+02 
1.710998e+02 
1.710998e+02 
1.710998e+02 
1.710998e+02 
1.710998e+02 
1.710998e+02 
1.710998e+02 
1.710998e+02 
1.710998e+02 
1.710998e+02 
1.710998e+02 
1.710998e+02 
1.710998e+02 
1.710998e+02 
1.710998e+02 
1.710998e+02 
1.710998e+02 
1.710998e+02 
1.710998e+02 
1.710998e+02 
1.710998e+02 
1.710998e+02 
1.710998e+02 
1.710998e+02 
1.710998e+02 
1.710998e+02 
1.710998e+02 
1.710998e+02 
1.710998e+02 
1.710998e+02 
1.710998e+02 
1.710998e+02 
1.710998e+02 
1.710998e+02 
1.710998e+02 
1.710998e+02 
1.710998e+02 
1.710998e+02 
1.710998e+02 
1.710998e+02 
1.710998e+02 
1.710998e+02 
1.710998e+02 
1.710998e+02 
1.710998e+02 
1.710998e+02 
1.710998e+02 
1.710998e+02 
1.710998e+02 
1.710998e+02 
1.710998e+02 
1.710998e+02 
1.710998e+02 
1.710998e+02 
1.710998e+02 
1.710998e+02 
1.710998e+02 
1.710998e+02 
1.710998e+02 
1.710998e+02 
1.710998e+02 
1.710998e+02 
1.710998e+02 
1.710998e+02 
1.710998e+02 
1.710998e+02 
1.710998e+02 
1.710998e+02 
1.710998e+02 
1.710998e+02 
1.710998e+02 
1.710998e+02 
1.710998e+02 
1.710998e+02 
1.710998e+02 
1.710998e+02 
1.710998e+02 
1.710998e+02 
1.710998e+02 
1.710998e+02 
1.710998e+02 
1.710998e+02 
1.710998e+02 
1.710998e+02 
1.710998e+02 
1.710998e+02 
1.710998e+02 
1.710998e+02 
1.710998e+02 
1.710998e+02 
1.710998e+02 
1.710998e+02 
1.710998e+02 
1.710998e+02 
1.710998e+02 
1.710998e+02 
1.710998e+02 
1.710998e+02 
1.710998e+02 
1.710998e+02 
1.710998e+02 
1.710998e+02 
1.710998e+02 
1.710998e+02 
1.710998e+02 
1.710998e+02 
1.710998e+02 
1.710998e+02 
1.710998e+02 
1.710998e+02 
1.710998e+02 
1.710998e+02 
1.710998e+02 
1.710998e+02 
1.710998e+02 
1.710998e+02 
1.710998e+02 
1.710998e+02 
1.710998e+02 
1.710998e+02 
1.710998e+02 
1.710998e+02 
1.710998e+02 
1.710998e+02 
1.710998e+02 
1.710998e+02 
1.710998e+02 
1.710998e+02 
1.710998e+02 
1.710998e+02 
1.710998e+02 
1.710998e+02 
1.710998e+02 
1.710998e+02 
1.710998e+02 
1.710998e+02 
1.710998e+02 
1.710998e+02 
1.710998e+02 
1.710998e+02 
1.710998e+02 
1.710998e+02 
1.710998e+02 
1.710998e+02 
1.710998e+02 
1.710998e+02 
1.710998e+02 
1.710998e+02 
1.710998e+02 
1.710998e+02 
1.710998e+02 
1.710998e+02 
1.710998e+02 
1.710998e+02 
1.710998e+02 
1.710998e+02 
1.710998e+02 
1.710998e+02 
1.710998e+02 
1.710998e+02 
1.710998e+02 
1.710998e+02 
1.710998e+02 
1.710998e+02 
1.710998e+02 
1.710998e+02 
1.710998e+02 
1.710998e+02 
1.710998e+02 
1.710998e+02 
1.710998e+02 
1.710998e+02 
1.710998e+02 
1.710998e+02 
1.710998e+02 
1.710998e+02 
1.710998e+02 
1.710998e+02 
1.710998e+02 
1.710998e+02 
1.710998e+02 
1.710998e+02 
1.710998e+02 
1.710998e+02 
1.710998e+02 
1.710998e+02 
1.710998e+02 
1.710998e+02 
1.710998e+02 
1.710998e+02 
1.710998e+02 
1.710998e+02 
1.710998e+02 
1.710998e+02 
1.710998e+02 
1.710998e+02 
1.710998e+02 
1.710998e+02 
1.710998e+02 
1.710998e+02 
1.710998e+02 
1.710998e+02 
1.710998e+02 
1.710998e+02 
1.710998e+02 
1.710998e+02 
1.710998e+02 
1.710998e+02 
1.710998e+02 
1.710998e+02 
1.710998e+02 
1.710998e+02 
1.710998e+02 
1.710998e+02 
1.710998e+02 
1.710998e+02 
1.710998e+02 
1.710998e+02 
1.710998e+02 
1.710998e+02 
1.710998e+02 
1.710998e+02 
1.710998e+02 
1.710998e+02 
1.710998e+02 
1.710998e+02 
1.710998e+02 
1.710998e+02 
1.710998e+02 
1.710998e+02 
1.710998e+02 
1.710998e+02 
1.710998e+02 
1.710998e+02 
1.710998e+02 
1.710998e+02 
1.710998e+02 
1.710998e+02 
1.710998e+02 
1.710998e+02 
1.710998e+02 
1.710998e+02 
1.710998e+02 
1.710998e+02 
1.419807e+02 
1.419807e+02 
1.419807e+02 
1.419807e+02 
1.419807e+02 
1.419807e+02 
1.419807e+02 
1.419807e+02 
1.419807e+02 
1.419807e+02 
1.419807e+02 
1.419807e+02 
1.419807e+02 
1.203944e+02 
1.203944e+02 
1.203944e+02 
1.203944e+02 
1.203944e+02 
1.203944e+02 
1.203944e+02 
1.203944e+02 
1.203944e+02 
1.203944e+02 
1.203944e+02 
1.203944e+02 
1.203944e+02 
1.203944e+02 
1.203944e+02 
1.203944e+02 
1.203944e+02 
1.203944e+02 
1.203944e+02 
1.203944e+02 
1.203944e+02 
1.203944e+02 
1.203944e+02 
1.203944e+02 
1.203944e+02 
1.203944e+02 
1.203944e+02 
1.203944e+02 
1.203944e+02 
1.203944e+02 
1.203944e+02 
1.203944e+02 
1.203944e+02 
1.203944e+02 
1.203944e+02 
1.203944e+02 
1.203944e+02 
1.203944e+02 
1.203944e+02 
1.203944e+02 
1.203944e+02 
1.203944e+02 
1.203944e+02 
1.203944e+02 
1.203944e+02 
1.203944e+02 
1.203944e+02 
1.203944e+02 
1.203944e+02 
1.203944e+02 
1.203944e+02 
1.203944e+02 
1.203944e+02 
1.203944e+02 
1.203944e+02 
1.203944e+02 
1.203944e+02 
1.203944e+02 
1.203944e+02 
1.203944e+02 
1.203944e+02 
1.203944e+02 
1.203944e+02 
1.203944e+02 
1.203944e+02 
1.203944e+02 
1.203944e+02 
1.203944e+02 
1.203944e+02 
1.203944e+02 
1.203944e+02 
1.203944e+02 
1.203944e+02 
1.203944e+02 
1.203944e+02 
1.203944e+02 
1.203944e+02 
1.203944e+02 
1.203944e+02 
1.203944e+02 
1.203944e+02 
1.203944e+02 
1.203944e+02 
1.203944e+02 
1.203944e+02 
1.203944e+02 
1.203944e+02 
1.203944e+02 
1.203944e+02 
1.203944e+02 
1.203944e+02 
1.203944e+02 
1.203944e+02 
1.203944e+02 
1.203944e+02 
1.203944e+02 
1.203944e+02 
1.203944e+02 
1.203944e+02 
1.203944e+02 
1.203944e+02 
1.203944e+02 
1.203944e+02 
1.203944e+02 
1.203944e+02 
1.203944e+02 
1.203944e+02 
1.203944e+02 
1.203944e+02 
1.203944e+02 
1.203944e+02 
1.203944e+02 
1.203944e+02 
1.203944e+02 
1.203944e+02 
1.203944e+02 
1.203944e+02 
1.203944e+02 
1.203944e+02 
1.203944e+02 
1.203944e+02 
1.203944e+02 
1.203944e+02 
1.203944e+02 
1.203944e+02 
1.203944e+02 
1.203944e+02 
1.203944e+02 
1.203944e+02 
1.203944e+02 
1.203944e+02 
1.203944e+02 
1.137819e+02 
1.137819e+02 
1.137819e+02 
1.137819e+02 
1.137819e+02 
1.137819e+02 
1.137819e+02 
1.137819e+02 
1.137819e+02 
1.137819e+02 
1.137819e+02 
1.137819e+02 
1.137819e+02 
1.137819e+02 
1.137819e+02 
1.137819e+02 
1.137819e+02 
1.137819e+02 
1.137819e+02 
1.137819e+02 
1.051833e+02 
1.051833e+02 
1.051833e+02 
1.051833e+02 
1.051833e+02 
1.051833e+02 
1.051833e+02 
1.051833e+02 
1.051833e+02 
1.051833e+02 
1.051833e+02 
1.051833e+02 
1.051833e+02 
1.051833e+02 
1.051833e+02 
1.051833e+02 
1.051833e+02 
1.051833e+02 
1.051833e+02 
1.051833e+02 
1.051833e+02 
1.051833e+02 
1.051833e+02 
1.051833e+02 
1.051833e+02 
1.051833e+02 
1.051833e+02 
1.051833e+02 
1.051833e+02 
1.051833e+02 
1.051833e+02 
1.051833e+02 
1.051833e+02 
1.051833e+02 
1.051833e+02 
1.051833e+02 
1.051833e+02 
1.051833e+02 
1.051833e+02 
1.051833e+02 
1.051833e+02 
1.051833e+02 
1.051833e+02 
1.051833e+02 
1.051833e+02 
1.051833e+02 
1.051833e+02 
1.051833e+02 
1.051833e+02 
1.051833e+02 
1.051833e+02 
1.051833e+02 
1.051833e+02 
1.051833e+02 
1.051833e+02 
1.051833e+02 
1.051833e+02 
1.051833e+02 
1.051833e+02 
1.051833e+02 
1.051833e+02 
1.051833e+02 
1.051833e+02 
1.051833e+02 
1.051833e+02 
1.051833e+02 
1.051833e+02 
1.051833e+02 
1.051833e+02 
1.051833e+02 
1.051833e+02 
1.051833e+02 
1.051833e+02 
1.051833e+02 
1.051833e+02 
1.051833e+02 
1.051833e+02 
1.051833e+02 
1.051833e+02 
1.051833e+02 
1.051833e+02 
1.051833e+02 
1.051833e+02 
1.051833e+02 
1.051833e+02 
1.051833e+02 
1.051833e+02 
1.051833e+02 
1.051833e+02 
1.051833e+02 
1.051833e+02 
1.051833e+02 
1.051833e+02 
1.051833e+02 
1.051833e+02 
1.051833e+02 
1.051833e+02 
1.051833e+02 
1.051833e+02 
1.051833e+02 
1.051833e+02 
1.051833e+02 
1.051833e+02 
1.051833e+02 
1.051833e+02 
1.051833e+02 
1.051833e+02 
1.051833e+02 
1.051833e+02 
1.051833e+02 
1.051833e+02 
1.051833e+02 
1.051833e+02 
1.051833e+02 
1.051833e+02 
1.051833e+02 
1.051833e+02 
1.051833e+02 
1.051833e+02 
1.051833e+02 
1.051833e+02 
1.051833e+02 
1.051833e+02 
1.051833e+02 
1.051833e+02 
1.051833e+02 
1.051833e+02 
1.051833e+02 
1.051833e+02 
1.051833e+02 
1.051833e+02 
1.051833e+02 
1.051833e+02 
1.051833e+02 
1.051833e+02 
1.051833e+02 
1.051833e+02 
1.051833e+02 
1.051833e+02 
1.051833e+02 
1.051833e+02 
1.051833e+02 
1.051833e+02 
1.051833e+02 
1.051833e+02 
1.051833e+02 
1.051833e+02 
1.051833e+02 
1.051833e+02 
1.051833e+02 
1.051833e+02 
1.051833e+02 
1.051833e+02 
1.051833e+02 
1.051833e+02 
1.051833e+02 
1.051833e+02 
1.051833e+02 
1.051833e+02 
1.051833e+02 
1.051833e+02 
1.051833e+02 
1.051833e+02 
1.051833e+02 
1.051833e+02 
1.051833e+02 
1.051833e+02 
1.051833e+02 
1.049505e+02 
1.049505e+02 
1.049505e+02 
1.049505e+02 
1.049505e+02 
1.049505e+02 
1.049505e+02 
1.049505e+02 
1.049505e+02 
1.049505e+02 
1.049505e+02 
1.049505e+02 
1.049505e+02 
1.049505e+02 
1.049505e+02 
1.049505e+02 
1.049505e+02 
1.049505e+02 
1.049505e+02 
1.049505e+02 
1.049505e+02 
1.049505e+02 
1.049505e+02 
1.049505e+02 
1.049505e+02 
1.049505e+02 
1.049505e+02 
1.049505e+02 
1.049505e+02 
1.049505e+02 
1.049505e+02 
1.049505e+02 
1.049505e+02 
1.049505e+02 
1.049505e+02 
1.049505e+02 
1.049505e+02 
1.049505e+02 
1.049505e+02 
1.049505e+02 
1.049505e+02 
1.049505e+02 
1.049505e+02 
1.049505e+02 
1.049505e+02 
1.049505e+02 
1.049505e+02 
1.049505e+02 
1.049505e+02 
1.049505e+02 
1.049505e+02 
1.049505e+02 
1.049505e+02 
1.049505e+02 
1.049505e+02 
1.049505e+02 
1.049505e+02 
1.049505e+02 
1.049505e+02 
1.049505e+02 
1.049505e+02 
1.049505e+02 
1.049505e+02 
1.049505e+02 
1.049505e+02 
1.049505e+02 
1.049505e+02 
1.049505e+02 
1.049505e+02 
1.049505e+02 
1.049505e+02 
1.049505e+02 
1.049505e+02 
1.049505e+02 
1.049505e+02 
1.049505e+02 
1.049505e+02 
1.049505e+02 
1.049505e+02 
1.049505e+02 
1.049505e+02 
1.049505e+02 
1.049505e+02 
1.049505e+02 
1.049505e+02 
1.049505e+02 
1.049505e+02 
1.049505e+02 
1.049505e+02 
1.049505e+02 
1.049505e+02 
1.049505e+02 
9.114060e+01 
9.114060e+01 
9.114060e+01 
9.114060e+01 
9.114060e+01 
9.114060e+01 
9.114060e+01 
9.114060e+01 
9.114060e+01 
9.114060e+01 
9.114060e+01 
9.114060e+01 
9.114060e+01 
9.114060e+01 
9.114060e+01 
9.114060e+01 
9.114060e+01 
9.114060e+01 
9.114060e+01 
9.114060e+01 
9.114060e+01 
9.114060e+01 
9.114060e+01 
9.114060e+01 
9.114060e+01 
9.114060e+01 
9.114060e+01 
9.114060e+01 
9.114060e+01 
9.114060e+01 
9.114060e+01 
9.114060e+01 
9.114060e+01 
9.114060e+01 
9.114060e+01 
9.114060e+01 
9.114060e+01 
9.114060e+01 
9.114060e+01 
9.114060e+01 
9.114060e+01 
9.114060e+01 
9.114060e+01 
9.114060e+01 
9.114060e+01 
9.114060e+01 
9.114060e+01 
9.114060e+01 
9.114060e+01 
9.114060e+01 
9.114060e+01 
9.114060e+01 
9.114060e+01 
9.114060e+01 
9.114060e+01 
9.114060e+01 
9.114060e+01 
9.114060e+01 
9.114060e+01 
9.114060e+01 
9.114060e+01 
9.114060e+01 
9.114060e+01 
9.114060e+01 
9.114060e+01 
9.114060e+01 
9.114060e+01 
9.114060e+01 
9.114060e+01 
9.114060e+01 
9.114060e+01 
9.114060e+01 
9.114060e+01 
9.114060e+01 
9.114060e+01 
9.114060e+01 
9.114060e+01 
8.581974e+01 
8.581974e+01 
8.581974e+01 
8.581974e+01 
8.581974e+01 
8.581974e+01 
8.581974e+01 
8.581974e+01 
8.581974e+01 
8.581974e+01 
8.581974e+01 
8.581974e+01 
8.581974e+01 
8.581974e+01 
8.581974e+01 
8.581974e+01 
8.581974e+01 
8.581974e+01 
8.581974e+01 
8.581974e+01 
8.471312e+01 
8.471312e+01 
8.471312e+01 
8.100477e+01 
7.450180e+01 
7.450180e+01 
7.450180e+01 
7.242917e+01 
7.242917e+01 
7.242917e+01 
7.242917e+01 
7.242917e+01 
7.242917e+01 
7.242917e+01 
7.242917e+01 
7.206019e+01 
7.206019e+01 
7.206019e+01 
7.206019e+01 
7.206019e+01 
7.206019e+01 
7.206019e+01 
7.206019e+01 
7.206019e+01 
7.206019e+01 
7.206019e+01 
7.206019e+01 
7.206019e+01 
7.206019e+01 
7.206019e+01 
7.206019e+01 
7.206019e+01 
7.206019e+01 
7.206019e+01 
7.206019e+01 
7.206019e+01 
7.206019e+01 
7.206019e+01 
7.206019e+01 
7.206019e+01 
7.206019e+01 
7.206019e+01 
7.206019e+01 
7.206019e+01 
7.206019e+01 
7.206019e+01 
7.206019e+01 
7.206019e+01 
7.206019e+01 
7.206019e+01 
7.206019e+01 
7.206019e+01 
7.206019e+01 
7.206019e+01 
7.206019e+01 
7.206019e+01 
7.206019e+01 
7.206019e+01 
7.206019e+01 
7.206019e+01 
7.206019e+01 
7.206019e+01 
7.206019e+01 
7.206019e+01 
7.206019e+01 
7.206019e+01 
7.206019e+01 
7.206019e+01 
7.206019e+01 
7.206019e+01 
7.206019e+01 
7.206019e+01 
7.206019e+01 
7.206019e+01 
7.206019e+01 
7.206019e+01 
7.206019e+01 
7.206019e+01 
7.206019e+01 
7.206019e+01 
7.206019e+01 
7.206019e+01 
7.206019e+01 
7.206019e+01 
7.206019e+01 
7.206019e+01 
7.206019e+01 
7.206019e+01 
7.206019e+01 
7.206019e+01 
7.206019e+01 
7.206019e+01 
7.206019e+01 
7.206019e+01 
7.206019e+01 
7.206019e+01 
7.206019e+01 
7.206019e+01 
7.206019e+01 
7.206019e+01 
7.206019e+01 
7.206019e+01 
7.206019e+01 
7.206019e+01 
7.206019e+01 
7.206019e+01 
7.206019e+01 
7.206019e+01 
7.206019e+01 
7.206019e+01 
7.206019e+01 
7.206019e+01 
7.206019e+01 
7.206019e+01 
7.206019e+01 
7.206019e+01 
7.206019e+01 
7.206019e+01 
7.206019e+01 
7.206019e+01 
7.206019e+01 
7.206019e+01 
7.206019e+01 
7.206019e+01 
7.206019e+01 
7.206019e+01 
7.206019e+01 
7.206019e+01 
7.206019e+01 
7.206019e+01 
7.206019e+01 
7.206019e+01 
7.206019e+01 
7.206019e+01 
7.206019e+01 
7.206019e+01 
7.206019e+01 
7.206019e+01 
7.206019e+01 
7.206019e+01 
7.206019e+01 
7.206019e+01 
7.206019e+01 
7.206019e+01 
7.206019e+01 
7.206019e+01 
7.206019e+01 
7.206019e+01 
7.206019e+01 
7.206019e+01 
7.206019e+01 
7.206019e+01 
7.206019e+01 
7.206019e+01 
7.206019e+01 
7.206019e+01 
7.200801e+01 
7.200801e+01 
7.200801e+01 
7.200801e+01 
7.199573e+01 
7.199573e+01 
7.199573e+01 
7.199573e+01 
7.198121e+01 
7.198121e+01 
7.198121e+01 
7.198121e+01 
7.198121e+01 
7.198121e+01 
7.198121e+01 
7.198121e+01 
7.198121e+01 
7.198121e+01 
7.198121e+01 
7.198121e+01 
7.198121e+01 
7.198121e+01 
7.198121e+01 
7.198121e+01 
7.198121e+01 
7.198121e+01 
7.198015e+01 
7.198015e+01 
7.198015e+01 
7.198015e+01 
7.198015e+01 
7.198015e+01 
7.198015e+01 
7.198015e+01 
7.198015e+01 
7.198015e+01 
7.198015e+01 
7.198015e+01 
7.198015e+01 
7.198015e+01 
7.198015e+01 
7.198015e+01 
7.198015e+01 
7.198015e+01 
7.198015e+01 
7.198015e+01 
7.198015e+01 
7.198015e+01 
7.198015e+01 
7.198015e+01 
7.198015e+01 
7.198015e+01 
7.198015e+01 
7.198015e+01 
7.198015e+01 
7.198015e+01 
7.198015e+01 
7.198015e+01 
7.198015e+01 
7.198015e+01 
7.198015e+01 
7.198015e+01 
7.198015e+01 
7.198015e+01 
7.198015e+01 
7.198015e+01 
7.198015e+01 
7.198015e+01 
7.198015e+01 
7.198015e+01 
7.198015e+01 
7.198015e+01 
7.198014e+01 
7.198014e+01 
7.198014e+01 
7.198014e+01 
7.198014e+01 
7.198014e+01 
7.198014e+01 
7.198014e+01 
7.197673e+01 
7.197673e+01 
7.197673e+01 
7.197673e+01 
7.197673e+01 
7.197673e+01 
7.197673e+01 
7.197673e+01 
7.197673e+01 
7.197673e+01 
7.196598e+01 
7.196598e+01 
7.196598e+01 
7.196598e+01 
7.196598e+01 
7.196598e+01 
7.196598e+01 
7.196598e+01 
7.196598e+01 
7.196598e+01 
7.196598e+01 
7.196598e+01 
7.196598e+01 
7.196598e+01 
7.196598e+01 
7.196598e+01 
7.196598e+01 
7.196598e+01 
7.196598e+01 
7.196598e+01 
7.196598e+01 
7.196598e+01 
7.196494e+01 
7.196494e+01 
7.196494e+01 
7.196494e+01 
7.196494e+01 
7.196494e+01 
7.196494e+01 
7.196494e+01 
7.196127e+01 
7.196127e+01 
7.196127e+01 
7.196127e+01 
7.196127e+01 
7.196127e+01 
7.196127e+01 
7.196127e+01 
7.196127e+01 
7.196127e+01 
7.196127e+01 
7.196127e+01 
7.196127e+01 
7.196127e+01 
7.196020e+01 
7.196020e+01 
7.196005e+01 
7.196005e+01 
7.196005e+01 
7.196005e+01 
7.196005e+01 
7.196005e+01 
7.196005e+01 
7.196005e+01 
7.196001e+01 
7.196001e+01 
7.195965e+01 
7.195965e+01 
7.195965e+01 
7.195965e+01 
7.195965e+01 
7.195965e+01 
7.195965e+01 
7.195965e+01 
7.195965e+01 
7.195965e+01 
7.195965e+01 
7.195965e+01 
7.195965e+01 
7.195965e+01 
7.195965e+01 
7.195965e+01 
7.195965e+01 
7.195965e+01 
7.195965e+01 
7.195965e+01 
7.195965e+01 
7.195965e+01 
7.195965e+01 
7.195965e+01 
7.195965e+01 
7.195965e+01 
7.195965e+01 
7.195965e+01 
7.195965e+01 
7.195965e+01 
7.195965e+01 
7.195965e+01 
7.195965e+01 
7.195951e+01 
7.195951e+01 
7.195942e+01 
7.195942e+01 
7.195942e+01 
7.195942e+01 
7.195942e+01 
7.195942e+01 
7.195940e+01 
7.195940e+01 
7.195939e+01 
7.195939e+01 
7.195939e+01 
7.195939e+01 
7.195939e+01 
7.195939e+01 
7.195939e+01 
7.195939e+01 
7.195939e+01 
7.195939e+01 
7.195939e+01 
7.195939e+01 
7.195939e+01 
7.195939e+01 
7.195939e+01 
7.195939e+01 
7.195939e+01 
7.195939e+01 
7.195939e+01 
7.195939e+01 
7.195939e+01 
7.195939e+01 
7.195939e+01 
7.195939e+01 
7.195939e+01 
7.195939e+01 
7.195939e+01 
7.195939e+01 
7.195939e+01 
7.195939e+01 
7.195939e+01 
7.195939e+01 
7.195939e+01 
7.195939e+01 
7.195939e+01 
7.195939e+01 
7.195939e+01 
7.195939e+01 
7.195939e+01 
7.195939e+01 
7.195939e+01 
7.195939e+01 
7.195939e+01 
7.195939e+01 
7.195939e+01 
7.195939e+01 
7.195939e+01 
7.195939e+01 
7.195939e+01 
7.195939e+01 
7.195939e+01 
7.195939e+01 
7.195939e+01 
7.195939e+01 
7.195939e+01 
7.195939e+01 
7.195939e+01 
7.195939e+01 
7.195939e+01 
7.195939e+01 
7.195939e+01 
7.195939e+01 
7.195939e+01 
7.195939e+01 
7.195939e+01 
7.195939e+01 
7.195939e+01 
7.195939e+01 
7.195939e+01 
7.195939e+01 
7.195939e+01 
7.195939e+01 
7.195939e+01 
7.195939e+01 
7.195939e+01 
7.195939e+01 
7.195939e+01 
7.195939e+01 
7.195939e+01 
7.195939e+01 
7.195939e+01 
7.195939e+01 
7.195939e+01 
7.195939e+01 
7.195939e+01 
7.195939e+01 
7.195939e+01 
7.195939e+01 
7.195939e+01 
7.195939e+01 
7.195939e+01 
7.195939e+01 
7.195939e+01 
7.195939e+01 
7.195939e+01 
7.195939e+01 
7.195939e+01 
7.195939e+01 
7.195939e+01 
7.195939e+01 
7.195939e+01 
7.195939e+01 
7.195939e+01 
7.195939e+01 
7.195939e+01 
7.195939e+01 
7.195939e+01 
7.195939e+01 
7.195939e+01 
7.195939e+01 
7.195939e+01 
7.195939e+01 
7.195939e+01 
7.195939e+01 
7.195939e+01 
7.195939e+01 
7.195939e+01 
7.195939e+01 
7.195939e+01 
7.195939e+01 
7.195938e+01 
7.195938e+01 
7.195938e+01 
7.195938e+01 
7.195938e+01 
7.195938e+01 
7.195938e+01 
7.195938e+01 
7.195938e+01 
7.195938e+01 
7.195938e+01 
7.195938e+01 
7.195938e+01 
7.195938e+01 
7.195938e+01 
7.195938e+01 
7.195938e+01 
7.195938e+01 
7.195938e+01 
7.195938e+01 
7.195938e+01 
7.195938e+01 
7.195938e+01 
7.195938e+01 
7.195938e+01 
7.195938e+01 
7.195938e+01 
7.195938e+01 
7.195938e+01 
7.195938e+01 
7.195938e+01 
7.195938e+01 
7.195938e+01 
7.195938e+01 
7.195938e+01 
7.195938e+01 
7.195938e+01 
7.195938e+01 
7.195938e+01 
7.195938e+01 
7.195938e+01 
7.195938e+01 
7.195938e+01 
7.195938e+01 
7.195938e+01 
7.195938e+01 
7.195938e+01 
7.195938e+01 
7.195938e+01 
7.195938e+01 
7.195938e+01 
7.195938e+01 
7.195938e+01 
7.195938e+01 
7.195938e+01 
7.195938e+01 
7.195938e+01 
7.195938e+01 
7.195938e+01 
7.195938e+01 
7.195938e+01 
7.195938e+01 
7.195938e+01 
7.195938e+01 
7.195938e+01 
6.194928e+01 
6.142206e+01 
5.866169e+01 
5.866169e+01 
5.842777e+01 
5.842777e+01 
5.497558e+01 
5.497558e+01 
5.204966e+01 
5.178440e+01 
5.178440e+01 
5.178440e+01 
4.917197e+01 
4.917197e+01 
4.917197e+01 
4.917197e+01 
4.905041e+01 
4.905041e+01 
4.816253e+01 
4.816253e+01 
4.809572e+01 
4.809572e+01 
4.809572e+01 
4.809572e+01 
4.809572e+01 
4.809572e+01 
4.809572e+01 
4.809572e+01 
4.809572e+01 
4.809572e+01 
4.809572e+01 
4.809572e+01 
4.809572e+01 
4.809572e+01 
4.809572e+01 
4.809572e+01 
4.809572e+01 
4.809572e+01 
4.809572e+01 
4.809572e+01 
4.809572e+01 
4.809572e+01 
4.809572e+01 
4.809572e+01 
4.809572e+01 
4.809572e+01 
4.809572e+01 
4.809572e+01 
4.809572e+01 
4.809572e+01 
4.809572e+01 
4.809572e+01 
4.809572e+01 
4.809572e+01 
4.809572e+01 
4.809572e+01 
4.809572e+01 
4.809572e+01 
4.809572e+01 
4.809572e+01 
4.809572e+01 
4.809572e+01 
4.809572e+01 
4.809572e+01 
4.809572e+01 
4.809572e+01 
4.809572e+01 
4.809572e+01 
4.809572e+01 
4.809572e+01 
4.809572e+01 
4.809572e+01 
4.809572e+01 
4.809572e+01 
4.809572e+01 
4.809572e+01 
4.809572e+01 
4.809572e+01 
4.809572e+01 
4.809572e+01 
4.809572e+01 
4.809572e+01 
4.809572e+01 
4.809572e+01 
4.809572e+01 
4.809572e+01 
4.246229e+01 
4.246229e+01 
4.246229e+01 
4.246229e+01 
4.246229e+01 
4.246229e+01 
4.100304e+01 
4.100304e+01 
4.100304e+01 
4.100304e+01 
4.100304e+01 
4.100304e+01 
4.100304e+01 
4.100304e+01 
4.100304e+01 
3.936671e+01 
3.936671e+01 
3.936671e+01 
3.936671e+01 
3.936671e+01 
3.936671e+01 
3.936671e+01 
3.936671e+01 
3.936671e+01 
3.936671e+01 
3.936671e+01 
3.936671e+01 
3.936671e+01 
3.902106e+01 
3.902106e+01 
3.902106e+01 
3.902106e+01 
3.902106e+01 
3.902106e+01 
3.902106e+01 
3.902106e+01 
3.859456e+01 
3.850014e+01 
3.850014e+01 
3.850014e+01 
3.850014e+01 
3.846346e+01 
3.846346e+01 
3.846346e+01 
3.839963e+01 
3.827608e+01 
3.827608e+01 
3.827156e+01 
3.827156e+01 
3.827156e+01 
3.826137e+01 
3.822860e+01 
3.822860e+01 
3.822785e+01 
3.822785e+01 
3.821995e+01 
3.821995e+01 
3.821995e+01 
3.821995e+01 
3.821995e+01 
3.821995e+01 
3.821995e+01 
3.821995e+01 
3.821995e+01 
3.821995e+01 
3.821995e+01 
3.821995e+01 
3.819944e+01 
3.819944e+01 
3.819551e+01 
3.819551e+01 
3.819510e+01 
3.819510e+01 
3.819115e+01 
3.819115e+01 
3.819004e+01 
3.818396e+01 
3.818396e+01 
3.818396e+01 
3.817681e+01 
3.817037e+01 
3.816790e+01 
3.816751e+01 
3.816751e+01 
3.816751e+01 
3.816751e+01 
3.816457e+01 
3.815707e+01 
3.815136e+01 
3.814701e+01 
3.814367e+01 
3.814111e+01 
3.813914e+01 
3.813763e+01 
3.813646e+01 
3.813556e+01 
3.813486e+01 
3.813432e+01 
3.813390e+01 
3.813358e+01 
3.813333e+01 
3.813314e+01 
3.813299e+01 
3.813288e+01 
3.813279e+01 
3.813272e+01 
3.813267e+01 
3.813263e+01 
3.813259e+01 
3.813257e+01 
3.813255e+01 
3.813254e+01 
3.813252e+01 
3.813251e+01 
3.813251e+01 
3.813250e+01 
3.813250e+01 
3.813250e+01 
3.813249e+01 
3.809292e+01 
3.767531e+01 
3.767531e+01 
3.767531e+01 
3.767531e+01 
3.767531e+01 
3.760372e+01 
3.760372e+01 
3.760372e+01 
3.662707e+01 
3.662707e+01 
3.650391e+01 
3.650391e+01 
3.650391e+01 
3.592565e+01 
3.592565e+01 
3.585053e+01 
3.585053e+01 
3.572437e+01 
3.572437e+01 
3.547957e+01 
3.547957e+01 
3.547957e+01 
3.542129e+01 
3.542129e+01 
3.458300e+01 
3.458300e+01 
3.458300e+01 
3.458300e+01 
3.458300e+01 
3.458300e+01 
3.458300e+01 
3.458300e+01 
3.458300e+01 
3.458300e+01 
3.458300e+01 
3.458300e+01 
3.458300e+01 
3.458300e+01 
3.458300e+01 
3.458300e+01 
3.458300e+01 
3.458300e+01 
3.458300e+01 
3.346384e+01 
3.346384e+01 
3.346384e+01 
3.346384e+01 
3.346384e+01 
3.346384e+01 
3.346384e+01 
3.346384e+01 
3.346384e+01 
3.346384e+01 
3.346384e+01 
3.346384e+01 
3.346384e+01 
3.346384e+01 
3.346384e+01 
3.346384e+01 
3.346384e+01 
3.346384e+01 
3.346384e+01 
3.346384e+01 
3.346384e+01 
3.346384e+01 
3.346384e+01 
3.346384e+01 
3.346384e+01 
3.346384e+01 
3.346384e+01 
3.346384e+01 
3.346384e+01 
3.346384e+01 
3.346384e+01 
3.346384e+01 
3.346384e+01 
3.346384e+01 
3.346384e+01 
3.346384e+01 
3.346384e+01 
3.346384e+01 
3.346384e+01 
3.346384e+01 
3.346384e+01 
3.346384e+01 
3.346384e+01 
3.346384e+01 
3.346384e+01 
3.346384e+01 
3.346384e+01 
3.346384e+01 
3.346384e+01 
3.346384e+01 
3.346384e+01 
3.346384e+01 
3.346384e+01 
3.346384e+01 
3.346384e+01 
3.346384e+01 
3.346384e+01 
3.346384e+01 
3.346384e+01 
3.346384e+01 
3.346384e+01 
3.346384e+01 
3.346384e+01 
3.346384e+01 
3.346384e+01 
3.346384e+01 
3.346384e+01 
3.346384e+01 
3.346384e+01 
3.346384e+01 
3.346384e+01 
3.346384e+01 
3.346384e+01 
3.346384e+01 
3.346384e+01 
3.346384e+01 
3.301146e+01 
3.301146e+01 
3.301146e+01 
3.301146e+01 
3.301146e+01 
3.301146e+01 
3.301146e+01 
3.301146e+01 
3.301146e+01 
3.301146e+01 
3.301146e+01 
3.301146e+01 
3.301146e+01 
3.301146e+01 
3.301146e+01 
3.301146e+01 
3.301146e+01 
3.301146e+01 
3.301146e+01 
3.301146e+01 
3.301146e+01 
3.301146e+01 
3.301146e+01 
3.301146e+01 
3.301146e+01 
3.301146e+01 
3.301146e+01 
3.301146e+01 
3.301146e+01 
3.301146e+01 
3.301146e+01 
3.301146e+01 
3.301146e+01 
3.301146e+01 
3.301146e+01 
3.301146e+01 
3.301146e+01 
3.301146e+01 
3.301146e+01 
3.301146e+01 
3.288588e+01 
3.288588e+01 
3.288588e+01 
3.288588e+01 
3.288588e+01 
3.288588e+01 
3.288588e+01 
3.288588e+01 
3.288588e+01 
3.288588e+01 
3.288588e+01 
3.287690e+01 
3.273892e+01 
3.270852e+01 
3.270852e+01 
3.270852e+01 
3.270852e+01 
3.270852e+01 
3.270852e+01 
3.270852e+01 
3.270852e+01 
3.270852e+01 
3.270852e+01 
3.270852e+01 
3.270101e+01 
3.269908e+01 
3.269908e+01 
3.269908e+01 
3.268094e+01 
3.268094e+01 
3.268094e+01 
3.264701e+01 
3.260658e+01 
3.257855e+01 
3.255884e+01 
3.254479e+01 
3.253465e+01 
3.252726e+01 
3.252181e+01 
3.251778e+01 
3.251477e+01 
3.251251e+01 
3.251082e+01 
3.250953e+01 
3.250856e+01 
3.250783e+01 
3.250727e+01 
3.250685e+01 
3.250652e+01 
3.250628e+01 
3.250609e+01 
3.250595e+01 
3.250584e+01 
3.250576e+01 
3.250570e+01 
3.250565e+01 
3.250561e+01 
3.250558e+01 
3.250556e+01 
3.250555e+01 
3.250553e+01 
3.250553e+01 
3.250552e+01 
3.250551e+01 
3.250551e+01 
3.250551e+01 
3.250550e+01 
3.250550e+01 
3.250550e+01 
3.250550e+01 
3.250550e+01 
3.250550e+01 
3.250550e+01 
3.250550e+01 
3.250550e+01 
3.250550e+01 
3.250550e+01 
3.250550e+01 
3.250550e+01 
3.250550e+01 
3.250550e+01 
3.250550e+01 
3.234208e+01 
3.234208e+01 
3.234208e+01 
3.234208e+01 
3.221906e+01 
3.210186e+01 
3.210186e+01 
3.210186e+01 
3.210186e+01 
3.203985e+01 
3.203985e+01 
3.185811e+01 
3.185811e+01 
3.185811e+01 
3.185811e+01 
3.185811e+01 
3.183610e+01 
3.183610e+01 
3.183610e+01 
3.183610e+01 
3.183610e+01 
3.183610e+01 
3.183610e+01 
3.183610e+01 
3.183610e+01 
3.183610e+01 
3.183610e+01 
3.183610e+01 
3.183610e+01 
3.180110e+01 
3.180110e+01 
3.180110e+01 
3.180110e+01 
3.180110e+01 
3.180110e+01 
3.180110e+01 
3.180110e+01 
3.180110e+01 
3.180110e+01 
3.180110e+01 
3.180110e+01 
3.180110e+01 
3.180110e+01 
3.180110e+01 
3.180110e+01 
3.180110e+01 
3.180110e+01 
3.180110e+01 
3.180110e+01 
3.180110e+01 
3.180110e+01 
3.180110e+01 
3.180110e+01 
3.180110e+01 
3.180110e+01 
3.180110e+01 
3.180110e+01 
3.173376e+01 
3.173376e+01 
3.173376e+01 
3.173376e+01 
3.173376e+01 
3.173376e+01 
3.172282e+01 
3.172282e+01 
3.172282e+01 
3.172282e+01 
3.172282e+01 
3.172282e+01 
3.172282e+01 
3.172282e+01 
3.172282e+01 
3.171872e+01 
3.171872e+01 
3.171872e+01 
3.171872e+01 
3.171872e+01 
3.171872e+01 
3.171872e+01 
3.171872e+01 
3.171872e+01 
3.171872e+01 
3.171872e+01 
3.171872e+01 
3.171872e+01 
3.171872e+01 
3.171872e+01 
3.171872e+01 
3.171872e+01 
3.171780e+01 
3.171780e+01 
3.171780e+01 
3.171780e+01 
3.171704e+01 
3.171704e+01 
3.171704e+01 
3.171704e+01 
3.171625e+01 
3.171587e+01 
3.171587e+01 
3.144514e+01 
3.144514e+01 
3.144514e+01 
3.144514e+01 
3.134629e+01 
3.132971e+01 
3.132971e+01 
3.132971e+01 
3.132971e+01 
3.132971e+01 
3.132971e+01 
3.132971e+01 
3.132303e+01 
3.132303e+01 
3.125178e+01 
3.125178e+01 
3.125178e+01 
3.125178e+01 
3.125178e+01 
3.125178e+01 
3.125178e+01 
3.125178e+01 
3.125178e+01 
3.125178e+01 
3.125178e+01 
3.125178e+01 
3.115264e+01 
3.115264e+01 
3.115264e+01 
3.110044e+01 
3.110044e+01 
3.110044e+01 
3.110044e+01 
3.108694e+01 
3.108694e+01 
3.108694e+01 
3.108694e+01 
3.108694e+01 
3.108694e+01 
3.108694e+01 
3.108694e+01 
3.108694e+01 
3.108694e+01 
3.108694e+01 
3.108449e+01 
3.108449e+01 
3.107794e+01 
3.107794e+01 
3.107794e+01 
3.107794e+01 
3.107794e+01 
3.107794e+01 
3.107794e+01 
3.107794e+01 
3.107794e+01 
3.107794e+01 
3.107794e+01 
3.107794e+01 
3.107794e+01 
3.107279e+01 
3.107279e+01 
3.107279e+01 
3.107279e+01 
3.107279e+01 
3.107279e+01 
3.107279e+01 
3.107279e+01 
3.107279e+01 
3.107279e+01 
3.107279e+01 
3.107279e+01 
3.107279e+01 
3.107279e+01 
3.107279e+01 
3.107279e+01 
3.107279e+01 
3.107279e+01 
3.107265e+01 
3.107265e+01 
3.107265e+01 
3.107265e+01 
3.107265e+01 
3.107265e+01 
3.105078e+01 
3.105078e+01 
3.105078e+01 
3.103723e+01 
3.103723e+01 
3.103723e+01 
3.102458e+01 
3.102458e+01 
3.102458e+01 
3.102458e+01 
3.102458e+01 
3.099224e+01 
3.099224e+01 
3.099224e+01 
3.099224e+01 
3.099224e+01 
3.095169e+01 
3.093422e+01 
3.093422e+01 
3.090916e+01 
3.090481e+01 
3.090481e+01 
3.086681e+01 
3.083906e+01 
3.082342e+01 
3.081466e+01 
3.080978e+01 
3.080709e+01 
3.080562e+01 
3.080483e+01 
3.080441e+01 
3.080419e+01 
3.080409e+01 
3.080404e+01 
3.080402e+01 
3.080401e+01 
3.080401e+01 
3.080401e+01 
3.080376e+01 
3.080310e+01 
3.080260e+01 
3.080224e+01 
3.080196e+01 
3.080175e+01 
3.080160e+01 
3.080148e+01 
3.080140e+01 
3.080133e+01 
3.080128e+01 
3.080125e+01 
3.080122e+01 
3.080120e+01 
3.076209e+01 
3.076209e+01 
3.076209e+01 
3.076209e+01 
3.076209e+01 
3.076209e+01 
3.076209e+01 
3.074375e+01 
3.074185e+01 
3.069737e+01 
3.069737e+01 
3.069737e+01 
3.069737e+01 
3.069737e+01 
3.069737e+01 
3.069737e+01 
3.067604e+01 
3.067604e+01 
3.067604e+01 
3.067604e+01 
3.067604e+01 
3.067604e+01 
3.067604e+01 
3.067604e+01 
3.067604e+01 
3.066453e+01 
3.066453e+01 
3.066453e+01 
3.066453e+01 
3.066453e+01 
3.066453e+01 
3.066453e+01 
3.066453e+01 
3.066453e+01 
3.066453e+01 
3.066453e+01 
3.066453e+01 
3.066453e+01 
3.066453e+01 
3.066453e+01 
3.066453e+01 
3.066453e+01 
3.066453e+01 
3.066453e+01 
3.066453e+01 
3.066453e+01 
3.066453e+01 
3.066453e+01 
3.066453e+01 
3.064749e+01 
3.064749e+01 
3.064749e+01 
3.064749e+01 
3.064749e+01 
3.064749e+01 
3.064749e+01 
3.064749e+01 
3.064749e+01 
3.064749e+01 
3.064749e+01 
3.064749e+01 
3.064749e+01 
3.064749e+01 
3.063837e+01 
3.063837e+01 
3.063837e+01 
3.063837e+01 
3.063837e+01 
3.063837e+01 
3.063837e+01 
3.063837e+01 
3.063837e+01 
3.063837e+01 
3.063837e+01 
3.063837e+01 
3.063837e+01 
3.063837e+01 
3.063837e+01 
3.063837e+01 
3.063837e+01 
3.063837e+01 
3.063837e+01 
3.063837e+01 
3.063837e+01 
3.063837e+01 
3.063837e+01 
3.063837e+01 
3.063837e+01 
3.063837e+01 
3.063837e+01 
3.063837e+01 
3.063837e+01 
3.063837e+01 
3.063837e+01 
3.063837e+01 
3.063837e+01 
3.063837e+01 
3.063837e+01 
3.063837e+01 
3.063837e+01 
3.063837e+01 
3.063837e+01 
3.063837e+01 
3.063837e+01 
3.063837e+01 
3.063837e+01 
3.063837e+01 
3.063837e+01 
3.063837e+01 
3.063837e+01 
3.063837e+01 
3.063837e+01 
3.063837e+01 
3.063837e+01 
3.063837e+01 
3.063837e+01 
3.063837e+01 
3.063837e+01 
3.063837e+01 
3.063837e+01 
3.063837e+01 
3.062355e+01 
3.062355e+01 
3.062355e+01 
3.062355e+01 
3.062355e+01 
3.062355e+01 
3.062355e+01 
3.062355e+01 
3.062355e+01 
3.062355e+01 
3.062355e+01 
3.062355e+01 
3.062355e+01 
3.062355e+01 
3.062355e+01 
3.062355e+01 
3.062355e+01 
3.062355e+01 
3.062355e+01 
3.062355e+01 
3.062355e+01 
3.062355e+01 
3.062355e+01 
3.062355e+01 
3.062355e+01 
3.062355e+01 
3.062355e+01 
3.062355e+01 
3.062355e+01 
3.062355e+01 
3.062355e+01 
3.062355e+01 
3.062355e+01 
3.062355e+01 
3.062355e+01 
3.062355e+01 
3.062355e+01 
3.062355e+01 
3.062355e+01 
3.062355e+01 
3.062355e+01 
3.062355e+01 
3.062355e+01 
3.062355e+01 
3.062355e+01 
3.062355e+01 
3.062355e+01 
3.062355e+01 
3.062355e+01 
3.062355e+01 
3.062355e+01 
3.062355e+01 
3.062355e+01 
3.062355e+01 
3.062355e+01 
3.062355e+01 
3.062355e+01 
3.062355e+01 
3.062355e+01 
3.062355e+01 
3.062355e+01 
3.062355e+01 
3.062355e+01 
3.062355e+01 
3.062355e+01 
3.062355e+01 
3.062355e+01 
3.062355e+01 
3.062355e+01 
3.062355e+01 
3.062355e+01 
3.062355e+01 
3.062355e+01 
3.062355e+01 
3.062355e+01 
3.062355e+01 
3.062355e+01 
3.062355e+01 
3.062355e+01 
3.062355e+01 
3.062355e+01 
3.062355e+01 
3.062355e+01 
3.062355e+01 
3.062355e+01 
3.062355e+01 
3.062355e+01 
3.062355e+01 
3.062355e+01 
3.062355e+01 
3.062355e+01 
3.062355e+01 
3.062355e+01 
3.062355e+01 
3.062355e+01 
3.062355e+01 
3.062355e+01 
3.062355e+01 
3.062355e+01 
3.062355e+01 
3.062355e+01 
3.062355e+01 
3.062355e+01 
3.062355e+01 
3.062355e+01 
3.062355e+01 
3.062355e+01 
3.062355e+01 
3.062355e+01 
3.062355e+01 
3.062355e+01 
3.062355e+01 
3.062355e+01 
3.062355e+01 
3.062355e+01 
3.062355e+01 
3.062355e+01 
3.062355e+01 
3.060174e+01 
3.060174e+01 
3.060174e+01 
3.060174e+01 
3.060174e+01 
3.060174e+01 
3.060174e+01 
3.060174e+01 
3.060174e+01 
3.060174e+01 
3.060174e+01 
3.060174e+01 
3.060174e+01 
3.060174e+01 
3.060174e+01 
3.060174e+01 
3.060174e+01 
3.060174e+01 
3.060174e+01 
3.060174e+01 
3.060174e+01 
3.060174e+01 
3.060174e+01 
3.060174e+01 
3.060174e+01 
3.060174e+01 
3.060174e+01 
3.060174e+01 
3.060174e+01 
3.060174e+01 
3.060174e+01 
3.060174e+01 
3.060174e+01 
3.060174e+01 
3.060174e+01 
3.060174e+01 
3.060174e+01 
3.060174e+01 
3.060174e+01 
3.060174e+01 
3.060174e+01 
3.060174e+01 
3.060174e+01 
3.060174e+01 
3.060174e+01 
3.060174e+01 
3.060174e+01 
3.060174e+01 
3.060174e+01 
3.060174e+01 
3.060174e+01 
3.060174e+01 
3.060174e+01 
3.060174e+01 
3.060174e+01 
3.060174e+01 
3.060174e+01 
3.060174e+01 
3.060174e+01 
3.060174e+01 
3.060174e+01 
3.060174e+01 
3.060174e+01 
3.060174e+01 
3.060174e+01 
3.060174e+01 
3.060174e+01 
3.060174e+01 
3.060174e+01 
3.060174e+01 
3.060174e+01 
3.060174e+01 
3.060174e+01 
3.060174e+01 
3.060174e+01 
3.060174e+01 
3.060174e+01 
3.060174e+01 
3.060174e+01 
3.060174e+01 
3.060174e+01 
3.060174e+01 
3.060174e+01 
3.060174e+01 
3.059000e+01 
3.059000e+01 
3.059000e+01 
3.059000e+01 
3.058806e+01 
3.058780e+01 
3.058780e+01 
3.058239e+01 
3.058239e+01 
3.058239e+01 
3.058239e+01 
3.058046e+01 
3.058046e+01 
3.057829e+01 
3.057829e+01 
3.057812e+01 
3.057812e+01 
3.057812e+01 
3.057812e+01 
3.057812e+01 
3.057812e+01 
3.057812e+01 
3.057618e+01 
3.057618e+01 
3.057618e+01 
3.057618e+01 
3.057618e+01 
3.057618e+01 
3.057618e+01 
3.057618e+01 
3.057618e+01 
3.057601e+01 
3.057601e+01 
3.057601e+01 
3.057601e+01 
3.057601e+01 
3.057601e+01 
3.057601e+01 
3.057601e+01 
3.057601e+01 
3.057601e+01 
3.057601e+01 
3.057601e+01 
3.057601e+01 
2.663673e+01 
2.663673e+01 
2.663673e+01 
2.663673e+01 
2.403418e+01 
2.403418e+01 
2.403418e+01 
2.403418e+01 
2.403418e+01 
2.403418e+01 
2.403418e+01 
2.403418e+01 
2.403418e+01 
2.403418e+01 
2.403418e+01 
2.403418e+01 
2.403418e+01 
2.403418e+01 
2.403418e+01 
2.403418e+01 
2.403418e+01 
2.403418e+01 
2.403418e+01 
2.403418e+01 
2.403418e+01 
2.403418e+01 
2.403418e+01 
2.403418e+01 
2.403418e+01 
2.403418e+01 
2.403418e+01 
2.403418e+01 
2.403418e+01 
2.403418e+01 
2.403418e+01 
2.368303e+01 
2.368303e+01 
2.368303e+01 
2.345324e+01 
2.298049e+01 
2.298049e+01 
2.277716e+01 
2.277716e+01 
2.274936e+01 
2.274552e+01 
2.274552e+01 
2.274552e+01 
2.273548e+01 
2.272894e+01 
2.272894e+01 
2.272894e+01 
2.272894e+01 
2.272894e+01 
2.272894e+01 
2.272894e+01 
2.272894e+01 
2.272894e+01 
1.926857e+01 
1.926857e+01 
1.926857e+01 
1.926857e+01 
1.926857e+01 
1.926857e+01 
1.634702e+01 
1.634702e+01 
1.634702e+01 
1.634702e+01 
1.634702e+01 
1.634702e+01 
1.634702e+01 
1.634702e+01 
1.634702e+01 
1.634702e+01 
1.634702e+01 
1.634702e+01 
1.634702e+01 
1.634702e+01 
1.634702e+01 
1.634702e+01 
1.634702e+01 
1.634702e+01 
1.634702e+01 
1.634702e+01 
1.634702e+01 
1.634702e+01 
1.634702e+01 
1.634702e+01 
1.634702e+01 
1.634702e+01 
1.634702e+01 
1.634702e+01 
1.634702e+01 
1.634702e+01 
1.634702e+01 
1.634702e+01 
1.634702e+01 
1.634702e+01 
1.634702e+01 
1.634702e+01 
1.634702e+01 
1.634702e+01 
1.634702e+01 
1.634702e+01 
1.634702e+01 
1.634702e+01 
1.634702e+01 
1.522563e+01 
1.522563e+01 
1.522563e+01 
1.522563e+01 
1.522563e+01 
1.522563e+01 
1.522563e+01 
1.522563e+01 
1.522563e+01 
1.522563e+01 
1.522563e+01 
1.522563e+01 
1.522563e+01 
1.522563e+01 
1.522563e+01 
1.522563e+01 
1.522563e+01 
1.522563e+01 
1.522563e+01 
1.522563e+01 
1.522563e+01 
1.522563e+01 
1.522563e+01 
1.522563e+01 
1.495991e+01 
1.495991e+01 
1.495991e+01 
1.495991e+01 
1.495991e+01 
1.495991e+01 
1.495991e+01 
1.495991e+01 
1.495991e+01 
1.495991e+01 
1.495991e+01 
1.495991e+01 
1.495991e+01 
1.495991e+01 
1.495991e+01 
1.495991e+01 
1.492514e+01 
1.492514e+01 
1.491314e+01 
1.491314e+01 
1.483018e+01 
1.481265e+01 
1.481265e+01 
1.476952e+01 
1.475150e+01 
1.475076e+01 
1.475076e+01 
1.473370e+01 
1.472342e+01 
1.471931e+01 
1.471808e+01 
1.471808e+01 
1.471307e+01 
1.471040e+01 
1.470897e+01 
1.470819e+01 
1.470777e+01 
1.470754e+01 
1.470741e+01 
1.470733e+01 
1.470729e+01 
1.470726e+01 
1.470724e+01 
1.470723e+01 
1.470723e+01 
1.470722e+01 
1.470722e+01 
1.470722e+01 
1.470721e+01 
1.470721e+01 
1.470721e+01 
1.470721e+01 
1.470721e+01 
1.470721e+01 
1.470721e+01 
1.470721e+01 
1.470721e+01 
1.470721e+01 
1.470721e+01 
1.470721e+01 
1.470721e+01 
1.470721e+01 
1.470721e+01 
1.470721e+01 
1.470721e+01 
1.470721e+01 
1.470721e+01 
1.470721e+01 
1.470721e+01 
1.470721e+01 
1.447009e+01 
1.447009e+01 
1.447009e+01 
1.437876e+01 
1.437876e+01 
1.437876e+01 
1.437876e+01 
1.437876e+01 
1.437876e+01 
1.437876e+01 
1.401015e+01 
1.401015e+01 
1.401015e+01 
1.401015e+01 
1.401015e+01 
1.401015e+01 
1.387694e+01 
1.387694e+01 
1.358633e+01 
1.358633e+01 
1.358633e+01 
1.358633e+01 
1.358633e+01 
1.358633e+01 
1.358633e+01 
1.309640e+01 
1.309640e+01 
1.293437e+01 
1.293437e+01 
1.293437e+01 
1.293437e+01 
1.293437e+01 
1.293437e+01 
1.293437e+01 
1.293437e+01 
1.293437e+01 
1.293437e+01 
1.293437e+01 
1.272428e+01 
1.272428e+01 
1.272428e+01 
1.272428e+01 
1.272428e+01 
1.272428e+01 
1.272428e+01 
1.272428e+01 
1.272199e+01 
1.272199e+01 
1.266588e+01 
1.266256e+01 
1.266256e+01 
1.266256e+01 
1.266256e+01 
1.228106e+01 
1.228106e+01 
1.228106e+01 
1.228106e+01 
1.228106e+01 
1.228106e+01 
1.228106e+01 
1.228106e+01 
1.228106e+01 
1.228106e+01 
1.228106e+01 
1.228106e+01 
1.228106e+01 
1.228106e+01 
1.228106e+01 
1.228106e+01 
1.218166e+01 
1.218166e+01 
1.218166e+01 
1.218166e+01 
1.218166e+01 
1.218166e+01 
1.218166e+01 
1.218166e+01 
1.218166e+01 
1.218166e+01 
1.218166e+01 
1.218166e+01 
1.218166e+01 
1.218166e+01 
1.218166e+01 
1.218166e+01 
1.218130e+01 
1.218130e+01 
1.218130e+01 
1.218130e+01 
1.218130e+01 
1.218130e+01 
1.218130e+01 
1.218130e+01 
1.218130e+01 
1.218130e+01 
1.218130e+01 
1.215948e+01 
1.215948e+01 
1.215948e+01 
1.215948e+01 
1.215948e+01 
1.215948e+01 
1.215948e+01 
1.215948e+01 
1.215948e+01 
1.215948e+01 
1.215948e+01 
1.215948e+01 
1.215112e+01 
1.215049e+01 
1.208619e+01 
1.208619e+01 
1.208619e+01 
1.208619e+01 
1.208619e+01 
1.204839e+01 
1.204839e+01 
1.204839e+01 
1.204839e+01 
1.197513e+01 
1.197513e+01 
1.197513e+01 
1.197513e+01 
1.197513e+01 
1.196039e+01 
1.196039e+01 
1.196039e+01 
1.196039e+01 
1.196039e+01 
1.196039e+01 
1.196039e+01 
1.196039e+01 
1.196039e+01 
1.196039e+01 
1.196039e+01 
1.196039e+01 
1.196039e+01 
1.196039e+01 
1.196039e+01 
1.196039e+01 
1.195123e+01 
1.195123e+01 
1.195123e+01 
1.194741e+01 
1.194741e+01 
1.194250e+01 
1.194250e+01 
1.194250e+01 
1.191766e+01 
1.191766e+01 
1.191766e+01 
1.191766e+01 
1.191766e+01 
1.191766e+01 
1.191766e+01 
1.191766e+01 
1.191766e+01 
1.191766e+01 
1.191766e+01 
1.191766e+01 
1.191766e+01 
1.191766e+01 
1.191766e+01 
1.191215e+01 
1.191215e+01 
1.191215e+01 
1.191215e+01 
1.191215e+01 
1.191215e+01 
1.191215e+01 
1.191081e+01 
1.191081e+01 
1.191081e+01 
1.191081e+01 
1.191081e+01 
1.191026e+01 
1.191026e+01 
1.191026e+01 
1.191026e+01 
1.191026e+01 
1.191019e+01 
1.191019e+01 
1.191019e+01 
1.191019e+01 
1.191019e+01 
1.191019e+01 
1.191019e+01 
1.191019e+01 
1.191019e+01 
1.191019e+01 
1.191019e+01 
1.191019e+01 
1.191018e+01 
1.191018e+01 
1.191018e+01 
1.191018e+01 
1.191018e+01 
1.191018e+01 
1.191017e+01 
1.191017e+01 
1.191017e+01 
1.191017e+01 
1.191017e+01 
1.191017e+01 
1.191017e+01 
1.191017e+01 
1.191017e+01 
1.191017e+01 
1.191016e+01 
1.191016e+01 
1.191016e+01 
1.191016e+01 
1.191016e+01 
1.191016e+01 
1.191016e+01 
1.191016e+01 
1.191016e+01 
1.191016e+01 
1.191016e+01 
1.191016e+01 
1.191016e+01 
1.191016e+01 
1.189913e+01 
1.185345e+01 
1.175676e+01 
1.175676e+01 
1.175676e+01 
1.175676e+01 
1.175676e+01 
1.175676e+01 
1.175676e+01 
1.175676e+01 
1.175676e+01 
1.175676e+01 
1.175676e+01 
9.825185e+00 
9.825185e+00 
9.825185e+00 
9.378369e+00 
9.378369e+00 
9.378369e+00 
9.378369e+00 
9.378369e+00 
9.378369e+00 
9.378369e+00 
9.378369e+00 
9.378369e+00 
7.809589e+00 
7.809589e+00 
6.690064e+00 
6.690064e+00 
6.690064e+00 
6.690064e+00 
6.690064e+00 
6.690064e+00 
6.348170e+00 
6.348170e+00 
6.348170e+00 
6.348170e+00 
6.348170e+00 
6.348170e+00 
6.348170e+00 
6.348170e+00 
6.348170e+00 
6.348170e+00 
6.348170e+00 
6.348170e+00 
6.348170e+00 
6.348170e+00 
6.201643e+00 
6.201643e+00 
5.974867e+00 
5.974867e+00 
5.974867e+00 
5.974867e+00 
5.974867e+00 
5.974867e+00 
5.974867e+00 
5.974867e+00 
5.974867e+00 
5.974867e+00 
5.974867e+00 
5.974867e+00 
5.974867e+00 
5.974867e+00 
5.974867e+00 
5.974867e+00 
5.974867e+00 
5.974867e+00 
5.974867e+00 
5.974867e+00 
5.974867e+00 
5.974867e+00 
5.974867e+00 
5.974867e+00 
5.828324e+00 
5.828324e+00 
5.828324e+00 
5.828324e+00 
5.828324e+00 
5.828324e+00 
5.828324e+00 
5.828324e+00 
5.828324e+00 
5.813228e+00 
5.813228e+00 
5.813228e+00 
5.813228e+00 
5.813228e+00 
5.813228e+00 
5.813228e+00 
5.813228e+00 
5.809191e+00 
5.809191e+00 
5.809191e+00 
5.809191e+00 
5.555265e+00 
5.555265e+00 
5.555265e+00 
5.555265e+00 
5.555265e+00 
5.555265e+00 
5.431263e+00 
5.154098e+00 
4.503973e+00 
4.503973e+00 
4.503973e+00 
4.476352e+00 
4.476352e+00 
4.102405e+00 
4.102405e+00 
4.102405e+00 
4.102405e+00 
4.102405e+00 
4.102405e+00 
4.102405e+00 
3.836355e+00 
3.836355e+00 
3.836355e+00 
3.836355e+00 
3.836355e+00 
3.836355e+00 
3.836355e+00 
3.836355e+00 
3.836355e+00 
3.836355e+00 
3.836355e+00 
3.836355e+00 
3.457186e+00 
3.457186e+00 
3.457186e+00 
3.457186e+00 
3.457186e+00 
3.457186e+00 
3.457186e+00 
3.457186e+00 
3.161416e+00 
3.161416e+00 
3.161416e+00 
3.161416e+00 
3.161416e+00 
2.147219e+00 
2.147219e+00 
2.147219e+00 
2.147219e+00 
2.147219e+00 
2.147219e+00 
2.147219e+00 
2.147219e+00 
2.147219e+00 
2.147219e+00 
2.147219e+00 
2.147219e+00 
2.147219e+00 
2.147219e+00 
2.147219e+00 
2.147219e+00 
2.147219e+00 
2.147219e+00 
2.147219e+00 
2.147219e+00 
2.147219e+00 
2.147219e+00 
2.089539e+00 
2.089539e+00 
2.089539e+00 
2.079428e+00 
1.872766e+00 
1.872766e+00 
1.230692e+00 
1.230692e+00 
1.230692e+00 
1.230692e+00 
7.680356e-01 
7.680356e-01 
7.680356e-01 
6.130137e-01 
6.130137e-01 
6.130137e-01 
6.130137e-01 
6.130137e-01 
5.768973e-01 
5.768973e-01 
5.768973e-01 
5.644923e-01 
5.644923e-01 
5.615916e-01 
5.615916e-01 
5.510788e-01 
5.510788e-01 
5.339188e-01 
5.339188e-01 
5.339188e-01 
5.339188e-01 
5.316015e-01 
5.316015e-01 
5.316015e-01 
5.316015e-01 
5.276649e-01 
5.242833e-01 
5.238139e-01 
5.238139e-01 
5.238139e-01 
5.231049e-01 
5.221575e-01 
5.216263e-01 
5.213192e-01 
5.211360e-01 
5.210232e-01 
5.209519e-01 
5.209058e-01 
5.208753e-01 
5.208548e-01 
5.208410e-01 
5.208315e-01 
5.208250e-01 
5.208205e-01 
3.392310e-01 
3.392310e-01 
2.818637e-01 
2.818637e-01 
2.818637e-01 
2.235933e-01 
1.806229e-01 
1.806229e-01 
1.806229e-01 
1.806229e-01 
1.806229e-01 
1.714102e-01 
1.688896e-01 
1.688896e-01 
1.668672e-01 
1.668672e-01 
1.668672e-01 
1.668672e-01 
1.558886e-01 
1.558886e-01 
1.558886e-01 
1.542605e-01 
1.241775e-01 
9.753128e-02 
7.803995e-02 
7.803995e-02 
5.922849e-02 
5.470781e-02 
4.707431e-02 
4.707431e-02 
4.707431e-02 
4.707431e-02 
3.959851e-02 
3.959851e-02 
3.959851e-02 
3.959851e-02 
3.959851e-02 
3.959851e-02 
3.959851e-02 
3.959851e-02 
3.449805e-02 
3.192388e-02 
3.192388e-02 
3.192388e-02 
3.192388e-02 
3.192388e-02 
3.192388e-02 
3.192388e-02 
3.192388e-02 
3.192388e-02 
3.192388e-02 
3.192388e-02 
2.856469e-02 
2.856469e-02 
2.856469e-02 
2.856469e-02 
2.856469e-02 
2.856469e-02 
2.856469e-02 
2.856469e-02 
2.302963e-02 
2.302963e-02 
1.998403e-02 
1.998403e-02 
1.998403e-02 
1.998403e-02 
1.998403e-02 
1.998403e-02 
1.998403e-02 
1.945742e-02 
1.945742e-02 
1.809259e-02 
1.809259e-02 
1.809259e-02 
1.809259e-02 
1.596079e-02 
1.596079e-02 
1.596079e-02 
1.596079e-02 
1.351796e-02 
1.351796e-02 
1.351796e-02 
1.351796e-02 
1.351796e-02 
1.351796e-02 
1.351796e-02 
1.351796e-02 
1.304355e-02 
1.264471e-02 
1.264471e-02 
1.264471e-02 
1.264471e-02 
1.264471e-02 
1.264471e-02 
1.155704e-02 
1.102356e-02 
1.094533e-02 
1.094533e-02 
1.094533e-02 
1.090728e-02 
1.088647e-02 
1.088647e-02 
1.088647e-02 
1.072208e-02 
1.048990e-02 
1.034547e-02 
1.025330e-02 
1.019322e-02 
1.015340e-02 
9.547502e-03 
8.845926e-03 
8.845926e-03 
8.845926e-03 
8.845926e-03 
6.337391e-03 
6.337391e-03 
6.337391e-03 
6.337391e-03 
6.337391e-03 
6.337391e-03 
6.337391e-03 
6.337391e-03 
6.337391e-03 
6.337391e-03 
6.337391e-03 
6.191301e-03 
6.191301e-03 
6.191301e-03 
6.191301e-03 
6.191301e-03 
6.191301e-03 
3.787666e-03 
3.787666e-03 
3.787666e-03 
3.787666e-03 
3.787666e-03 
3.726296e-03 
3.726296e-03 
3.726296e-03 
3.726296e-03 
3.726296e-03 
3.726296e-03 
3.726296e-03 
3.726296e-03 
3.726296e-03 
3.726296e-03 
3.726296e-03 
3.291504e-03 
3.291504e-03 
3.291504e-03 
3.291504e-03 
3.291504e-03 
3.291504e-03 
3.291504e-03 
3.135576e-03 
3.135576e-03 
3.135576e-03 
3.135576e-03 
3.135576e-03 
3.135576e-03 
3.135576e-03 
3.135576e-03 
3.135576e-03 
3.135576e-03 
3.135576e-03 
3.135576e-03 
3.135576e-03 
2.455267e-03 
2.455267e-03 
2.455267e-03 
2.455267e-03 
2.455267e-03 
2.455267e-03 
2.455267e-03 
1.867313e-03 
1.867313e-03 
1.867313e-03 
1.867313e-03 
1.867313e-03 
1.867313e-03 
1.867313e-03 
1.867313e-03 
1.867313e-03 
1.705012e-03 
1.705012e-03 
1.705012e-03 
1.705012e-03 
1.705012e-03 
1.705012e-03 
1.545716e-03 
1.545716e-03 
7.227317e-04 
7.227317e-04 
7.227317e-04 
7.227317e-04 
7.069419e-04 
7.069419e-04 
7.069419e-04 
6.947663e-04 
6.278850e-04 
6.278850e-04 
6.278850e-04 
6.107913e-04 
4.712251e-04 
4.712251e-04 
3.064082e-04 
2.401332e-04 
2.257213e-04 
2.257213e-04 
2.257213e-04 
2.191422e-04 
2.168766e-04 
2.168766e-04 
2.168766e-04 
2.168766e-04 
2.168766e-04 
2.168766e-04 
1.755704e-04 
1.755704e-04 
1.755704e-04 
1.755704e-04 
1.755704e-04 
1.755704e-04 
1.632482e-04 
1.632482e-04 
1.632482e-04 
1.551710e-04 
1.517463e-04 
1.517463e-04 
1.504162e-04 
1.504162e-04 
1.504162e-04 
1.502712e-04 
1.499168e-04 
1.499168e-04 
1.495455e-04 
1.492280e-04 
1.490291e-04 
1.489016e-04 
1.488183e-04 
1.487632e-04 
1.487262e-04 
1.487013e-04 
1.486844e-04 
1.486729e-04 
1.486650e-04 
1.486596e-04 
1.486560e-04 
1.486534e-04 
1.486517e-04 
1.486505e-04 
1.486497e-04 
1.486491e-04 
1.486488e-04 
1.486485e-04 
1.091899e-04 
1.091899e-04 
1.091899e-04 
1.091899e-04 
8.944220e-05 
7.639380e-05 
7.639380e-05 
7.498447e-05 
7.498447e-05 
7.467058e-05 
7.467058e-05 
7.467058e-05 
7.467058e-05 
7.467058e-05 
7.467058e-05 
7.467058e-05 
7.467058e-05 
7.311544e-05 
7.311544e-05 
7.308572e-05 
7.308572e-05 
7.308572e-05 
7.308572e-05 
7.258193e-05 
7.212153e-05 
7.212153e-05 
7.150394e-05 
7.150394e-05 
7.147487e-05 
7.147487e-05 
7.117907e-05 
7.100524e-05 
7.095960e-05 
6.014513e-05 
6.014513e-05 
6.014513e-05 
6.014513e-05 
6.014513e-05 
6.014513e-05 
6.014513e-05 
6.014513e-05 
6.014513e-05 
6.014513e-05 
6.014513e-05 
6.014513e-05 
6.014513e-05 
6.014513e-05 
5.014265e-05 
5.014265e-05 
5.014265e-05 
5.014265e-05 
5.014265e-05 
4.172890e-05 
4.172890e-05 
4.172890e-05 
4.172890e-05 
4.172890e-05 
3.694551e-05 
3.694551e-05 
3.694551e-05 
3.694551e-05 
3.694551e-05 
3.694551e-05 
3.694551e-05 
3.694551e-05 
3.694551e-05 
3.694551e-05 
3.694551e-05 
3.694551e-05 
3.694551e-05 
3.694551e-05 
3.694551e-05 
3.694551e-05 
3.694551e-05 
3.694551e-05 
3.694551e-05 
3.694551e-05 
3.694551e-05 
3.694551e-05 
3.334556e-05 
3.334556e-05 
3.334556e-05 
3.334556e-05 
3.334556e-05 
3.334556e-05 
3.208541e-05 
3.208541e-05 
3.208541e-05 
2.398290e-05 
2.398290e-05 
2.398290e-05 
2.398290e-05 
2.202356e-05 
2.202356e-05 
2.202356e-05 
2.202356e-05 
2.202356e-05 
2.202356e-05 
2.202356e-05 
2.202356e-05 
2.202356e-05 
2.202356e-05 
2.202356e-05 
2.202356e-05 
2.202356e-05 
2.158528e-05 
2.158528e-05 
2.158528e-05 
1.603137e-05 
1.471256e-05 
1.471256e-05 
1.394850e-05 
1.394850e-05 
1.394850e-05 
1.394850e-05 
1.394850e-05 
1.394850e-05 
1.367969e-05 
1.367969e-05 
1.019184e-05 
1.019184e-05 
1.019184e-05 
1.019184e-05 
1.019184e-05 
1.019184e-05 
1.019184e-05 
1.019184e-05 
1.019184e-05 
1.019184e-05 
1.019184e-05 
1.019184e-05 
9.516385e-06 
9.516385e-06 
9.516385e-06 
9.516385e-06 
9.516385e-06 
9.516385e-06 
9.516385e-06 
9.516385e-06 
9.516385e-06 
7.572371e-06 
7.572371e-06 
7.572371e-06 
7.572371e-06 
7.572371e-06 
7.572371e-06 
7.572371e-06 
7.572371e-06 
7.572371e-06 
7.572371e-06 
6.810453e-06 
6.810453e-06 
6.810453e-06 
6.810453e-06 
6.810453e-06 
6.810453e-06 
5.796691e-06 
5.605977e-06 
5.605977e-06 
5.466674e-06 
3.915766e-06 
3.915766e-06 
3.060879e-06 
3.060879e-06 
2.045694e-06 
2.045694e-06 
2.045694e-06 
2.045694e-06 
1.928511e-06 
1.928511e-06 
1.383149e-06 
1.383149e-06 
1.383149e-06 
1.383149e-06 
1.383149e-06 
1.383149e-06 
1.383149e-06 
1.383149e-06 
1.383149e-06 
1.383149e-06 
1.383149e-06 
1.383149e-06 
7.102365e-07 
7.102365e-07 
7.102365e-07 
7.102365e-07 
7.102365e-07 
7.102365e-07 
7.102365e-07 
7.102365e-07 
7.102365e-07 
7.102365e-07 
7.102365e-07 
7.102365e-07 
5.655209e-07 
5.655209e-07 
5.655209e-07 
5.655209e-07 
5.655209e-07 
5.655209e-07 
5.655209e-07 
5.655209e-07 
5.655209e-07 
5.213428e-07 
5.213428e-07 
5.213428e-07 
5.213428e-07 
5.213428e-07 
5.213428e-07 
1.318950e-07 
1.318950e-07 
1.318950e-07 
1.318950e-07 
1.318950e-07 
1.318950e-07 
1.318950e-07 
1.318950e-07 
1.318950e-07 
1.318950e-07 
1.318950e-07 
1.318950e-07 
1.318950e-07 
1.318950e-07 
1.318950e-07 
1.318950e-07 
1.318950e-07 
1.181843e-07 
1.181843e-07 
9.661052e-08 
9.661052e-08 
9.661052e-08 
9.661052e-08 
8.248554e-08 
8.248554e-08 
8.248554e-08 
7.840143e-08 
7.840143e-08 
7.190485e-08 
7.190485e-08 
7.190485e-08 
7.190485e-08 
7.190485e-08 
6.343305e-08 
6.343305e-08 
6.238917e-08 
6.238917e-08 
6.238917e-08 
6.238917e-08 
6.238917e-08 
6.238917e-08 
6.238917e-08 
6.238917e-08 
6.238917e-08 
3.995303e-08 
3.995303e-08 
3.995303e-08 
3.995303e-08 
3.995303e-08 
3.995303e-08 
3.995303e-08 
3.995303e-08 
3.995303e-08 
3.995303e-08 
3.995303e-08 
3.995303e-08 
3.995303e-08 
3.995303e-08 
3.995303e-08 
3.995303e-08 
3.995303e-08 
3.650670e-08 
3.650670e-08 
3.284620e-08 
3.284620e-08 
3.284620e-08 
3.284620e-08 
3.284620e-08 
3.223312e-08 
3.223312e-08 
3.107591e-08 
3.107591e-08 
3.107591e-08 
2.520051e-08 
2.520051e-08 
2.520051e-08 
2.520051e-08 
2.520051e-08 
2.520051e-08 
1.708659e-08 
1.708659e-08 
1.708659e-08 
1.708659e-08 
1.462472e-08 
1.462472e-08 
1.389738e-08 
1.193449e-08 
1.193449e-08 
1.166964e-08 
9.996069e-09 
8.648466e-09 
6.813808e-09 
5.538354e-09 
5.538354e-09 
5.538354e-09 
5.538354e-09 
5.538354e-09 
4.252128e-09 
4.252128e-09 
3.568474e-09 
3.568474e-09 
3.568474e-09 
3.568474e-09 
3.568474e-09 
3.568474e-09 
3.568474e-09 
3.568474e-09 
3.568474e-09 
3.568474e-09 
3.568474e-09 
3.568474e-09 
3.568474e-09 
3.568474e-09 
3.568474e-09 
2.834527e-09 
2.834527e-09 
2.834527e-09 
2.834527e-09 
2.834527e-09 
2.834527e-09 
2.298626e-09 
2.298626e-09 
1.600457e-09 
1.600457e-09 
1.600457e-09 
1.390323e-09 
1.390323e-09 
1.390323e-09 
1.390323e-09 
1.390323e-09 
1.390323e-09 
1.390323e-09 
1.390323e-09 
1.390323e-09 
1.390323e-09 
1.390323e-09 
1.390323e-09 
1.390323e-09 
1.390323e-09 
1.390323e-09 
1.215149e-09 
1.215149e-09 
1.215149e-09 
8.038181e-10 
8.038181e-10 
8.038181e-10 
7.654328e-10 
7.654328e-10 
7.654328e-10 
6.521116e-10 
6.521116e-10 
6.521116e-10 
6.521116e-10 
6.349104e-10 
4.187734e-10 
4.187734e-10 
4.187734e-10 
4.060793e-10 
4.060793e-10 
4.060793e-10 
4.060793e-10 
4.060793e-10 
4.060793e-10 
4.060793e-10 
4.060793e-10 
4.060793e-10 
4.060793e-10 
3.496646e-10 
3.496646e-10 
3.496646e-10 
3.496646e-10 
3.496646e-10 
3.496646e-10 
3.496646e-10 
3.496646e-10 
3.496646e-10 
3.496646e-10 
3.496646e-10 
3.496646e-10 
3.496646e-10 
3.496646e-10 
3.496646e-10 
2.699001e-10 
2.699001e-10 
2.699001e-10 
2.408006e-10 
2.408006e-10 
2.408006e-10 
2.408006e-10 
2.408006e-10 
2.408006e-10 
2.408006e-10 
2.408006e-10 
2.408006e-10 
2.384883e-10 
2.384883e-10 
2.384883e-10 
2.384883e-10 
2.384883e-10 
2.384883e-10 
2.384883e-10 
1.852402e-10 
1.852402e-10 
1.852402e-10 
1.852402e-10 
1.852402e-10 
1.852402e-10 
1.852402e-10 
1.287128e-10 
1.287128e-10 
1.287128e-10 
1.287128e-10 
1.240023e-10 
1.066534e-10 
1.066534e-10 
1.066534e-10 
1.066534e-10 
7.354894e-11 
7.354894e-11 
7.354894e-11 
7.354894e-11 
7.354894e-11 
7.354894e-11 
7.354894e-11 
7.354894e-11 
7.354894e-11 
7.354894e-11 
7.354894e-11 
7.354894e-11 
7.354894e-11 
7.354894e-11 
7.354894e-11 
7.354894e-11 
7.354894e-11 
7.354894e-11 
7.354894e-11 
7.354894e-11 
7.354894e-11 
4.720639e-11 
3.921212e-11 
3.921212e-11 
3.921212e-11 
3.610971e-11 
2.915512e-11 
2.915512e-11 
2.915512e-11 
2.915512e-11 
2.915512e-11 
2.915512e-11 
2.769466e-11 
2.769466e-11 
2.649843e-11 
2.649843e-11 
2.649843e-11 
2.649843e-11 
2.112725e-11 
2.112725e-11 
2.112725e-11 
2.112725e-11 
1.773863e-11 
1.773863e-11 
1.682121e-11 
1.305852e-11 
1.305852e-11 
1.305852e-11 
7.383723e-12 
7.383723e-12 
7.383723e-12 
7.383723e-12 
7.383723e-12 
5.798325e-12 
5.798325e-12 
5.798325e-12 
5.798325e-12 
5.798325e-12 
5.798325e-12 
5.798325e-12 
4.976464e-12 
4.976464e-12 
4.976464e-12 
4.326095e-12 
4.326095e-12 
4.326095e-12 
4.326095e-12 
4.326095e-12 
3.075688e-12 
3.075688e-12 
3.075688e-12 
3.075688e-12 
3.075688e-12 
3.075688e-12 
3.075688e-12 
3.075688e-12 
3.075688e-12 
3.075688e-12 
3.075688e-12 
3.075688e-12 
3.075688e-12 
3.075688e-12 
3.009074e-12 
2.807014e-12 
2.807014e-12 
1.960062e-12 
1.960062e-12 
1.960062e-12 
1.859328e-12 
1.859328e-12 
1.859328e-12 
1.859328e-12 
1.859328e-12 
1.557791e-12 
1.557791e-12 
1.557791e-12 
1.512198e-12 
1.512198e-12 
1.512198e-12 
1.493916e-12 
1.493916e-12 
1.493916e-12 
1.427081e-12 
1.427081e-12 
1.427081e-12 
1.427081e-12 
1.427081e-12 
1.427081e-12 
1.427081e-12 
1.427081e-12 
1.298221e-12 
1.218433e-12 
1.218433e-12 
1.218433e-12 
1.218433e-12 
1.218433e-12 
1.218433e-12 
1.218433e-12 
1.218433e-12 
1.072846e-12 
1.072846e-12 
1.072846e-12 
1.072846e-12 
1.072846e-12 
1.060411e-12 
9.094207e-13 
9.094207e-13 
9.094207e-13 
9.094207e-13 
9.094207e-13 
9.094207e-13 
9.094207e-13 
7.970661e-13 
7.970661e-13 
7.139474e-13 
7.139474e-13 
7.139474e-13 
7.139474e-13 
7.139474e-13 
7.139474e-13 
6.416349e-13 
5.916008e-13 
5.856797e-13 
5.856797e-13 
5.856797e-13 
5.760577e-13 
5.504486e-13 
5.376440e-13 
5.376440e-13 
4.987862e-13 
4.987862e-13 
4.987862e-13 
4.987862e-13 
4.639252e-13 
4.639252e-13 
4.639252e-13 
4.639252e-13 
4.639252e-13 
4.639252e-13 
4.639252e-13 
4.639252e-13 
2.478018e-13 
2.478018e-13 
2.478018e-13 
2.478018e-13 
2.478018e-13 
2.478018e-13 
2.478018e-13 
2.478018e-13 
2.478018e-13 
2.478018e-13 
2.478018e-13 
2.478018e-13 
2.478018e-13 
2.478018e-13 
2.478018e-13 
2.478018e-13 
2.478018e-13 
2.478018e-13 
2.478018e-13 
2.478018e-13 
2.478018e-13 
2.478018e-13 
2.478018e-13 
2.478018e-13 
2.478018e-13 
2.478018e-13 
2.478018e-13 
2.478018e-13 
8.075022e-14 
8.075022e-14 
8.075022e-14 
8.075022e-14 
8.075022e-14 
8.075022e-14 
8.075022e-14 
8.075022e-14 
8.075022e-14 
8.075022e-14 
8.075022e-14 
8.075022e-14 
8.075022e-14 
8.075022e-14 
8.075022e-14 
8.075022e-14 
8.075022e-14 
8.075022e-14 
8.075022e-14 
8.075022e-14 
8.075022e-14 
8.075022e-14 
8.075022e-14 
8.075022e-14 
8.075022e-14 
8.075022e-14 
8.075022e-14 
8.075022e-14 
8.075022e-14 
8.075022e-14 
8.075022e-14 
8.075022e-14 
8.075022e-14 
8.075022e-14 
8.075022e-14 
8.075022e-14 
8.075022e-14 
6.572520e-14 
6.572520e-14 
6.572520e-14 
6.572520e-14 
6.572520e-14 
6.572520e-14 
6.572520e-14 
6.572520e-14 
6.572520e-14 
6.572520e-14 
6.572520e-14 
6.572520e-14 
6.572520e-14 
6.572520e-14 
6.572520e-14 
6.572520e-14 
6.572520e-14 
6.572520e-14 
6.572520e-14 
6.572520e-14 
6.572520e-14 
6.572520e-14 
6.572520e-14 
6.572520e-14 
5.484502e-14 
5.484502e-14 
5.484502e-14 
5.484502e-14 
5.484502e-14 
5.484502e-14 
5.484502e-14 
5.484502e-14 
5.484502e-14 
5.484502e-14 
5.484502e-14 
5.484502e-14 
5.484502e-14 
5.484502e-14 
5.484502e-14 
5.484502e-14 
5.484502e-14 
5.484502e-14 
5.484502e-14 
5.484502e-14 
5.484502e-14 
5.484502e-14 
5.484502e-14 
5.484502e-14 
5.484502e-14 
5.484502e-14 
5.484502e-14 
5.225450e-14 
5.225450e-14 
5.129230e-14 
5.129230e-14 
5.129230e-14 
5.129230e-14 
5.129230e-14 
5.129230e-14 
5.129230e-14 
5.129230e-14 
5.129230e-14 
5.129230e-14 
4.130030e-14 
4.130030e-14 
4.130030e-14 
4.130030e-14 
4.130030e-14 
4.130030e-14 
4.130030e-14 
4.130030e-14 
4.130030e-14 
4.130030e-14 
4.130030e-14 
4.130030e-14 
4.130030e-14 
4.130030e-14 
4.130030e-14 
3.982000e-14 
3.982000e-14 
3.870978e-14 
3.870978e-14 
3.870978e-14 
3.870978e-14 
3.870978e-14 
3.870978e-14 
3.870978e-14 
3.870978e-14 
3.870978e-14 
2.479498e-14 
2.479498e-14 
2.479498e-14 
2.479498e-14 
2.479498e-14 
2.479498e-14 
2.479498e-14 
2.479498e-14 
2.479498e-14 
2.479498e-14 
2.479498e-14 
2.479498e-14 
2.479498e-14 
2.479498e-14 
2.479498e-14 
2.479498e-14 
2.479498e-14 
1.665335e-14 
1.665335e-14 
1.665335e-14 
1.665335e-14 
1.665335e-14 
1.665335e-14 
1.665335e-14 
1.665335e-14 
1.665335e-14 
1.665335e-14 
1.665335e-14 
1.665335e-14 
1.665335e-14 
1.665335e-14 
1.665335e-14 
1.665335e-14 
1.665335e-14 
1.665335e-14 
1.073216e-14 
1.073216e-14 
1.073216e-14 
1.073216e-14 
9.621933e-15 
9.621933e-15 
9.251859e-15 
9.251859e-15 
9.251859e-15 
9.251859e-15 
9.251859e-15 
9.251859e-15 
9.251859e-15 
9.251859e-15 
9.251859e-15 
5.551115e-15 
5.551115e-15 
5.551115e-15 
5.551115e-15 
5.551115e-15 
5.551115e-15 
5.551115e-15 
5.551115e-15 
5.551115e-15 
5.551115e-15 
5.551115e-15 
5.551115e-15 
5.551115e-15 
5.551115e-15 
5.551115e-15 
5.551115e-15 
5.551115e-15 
5.551115e-15 
5.551115e-15 
5.551115e-15 
5.551115e-15 
4.440892e-15 
4.440892e-15 
4.440892e-15 
4.440892e-15 
4.440892e-15 
4.440892e-15 
4.440892e-15 
4.440892e-15 
4.440892e-15 
4.440892e-15 
4.440892e-15 
4.440892e-15 
4.440892e-15 
4.440892e-15 
4.440892e-15 
4.440892e-15 
4.440892e-15 
4.440892e-15 
4.440892e-15 
4.440892e-15 
4.440892e-15 
4.070818e-15 
4.070818e-15 
4.070818e-15 
4.070818e-15 
4.070818e-15 
4.070818e-15 
4.070818e-15 
4.070818e-15 
4.070818e-15 
4.070818e-15 
4.070818e-15 
4.070818e-15 
4.070818e-15 
4.070818e-15 
4.070818e-15 
4.070818e-15 
4.070818e-15 
4.070818e-15 
4.070818e-15 
4.070818e-15 
4.070818e-15 
4.070818e-15 
4.070818e-15 
4.070818e-15 
4.070818e-15 
4.070818e-15 
4.070818e-15 
4.070818e-15 
4.070818e-15 
4.070818e-15 
4.070818e-15 
4.070818e-15 
4.070818e-15 
4.070818e-15 
4.070818e-15 
4.070818e-15 
4.070818e-15 
4.070818e-15 
4.070818e-15 
4.070818e-15 
4.070818e-15 
4.070818e-15 
4.070818e-15 
4.070818e-15 
4.070818e-15 
4.070818e-15 
4.070818e-15 
4.070818e-15 
4.070818e-15 
4.070818e-15 
4.070818e-15 
4.070818e-15 
4.070818e-15 
4.070818e-15 
4.070818e-15 
4.070818e-15 
4.070818e-15 
4.070818e-15 
4.070818e-15 
4.070818e-15 
4.070818e-15 
4.070818e-15 
4.070818e-15 
4.070818e-15 
4.070818e-15 
4.070818e-15 
4.070818e-15 
4.070818e-15 
4.070818e-15 
3.330669e-15 
3.330669e-15 
3.330669e-15 
3.330669e-15 
3.330669e-15 
3.330669e-15 
3.330669e-15 
3.330669e-15 
3.330669e-15 
3.330669e-15 
3.330669e-15 
3.330669e-15 
3.330669e-15 
3.330669e-15 
3.330669e-15 
3.330669e-15 
3.330669e-15 
3.330669e-15 
3.330669e-15 
3.330669e-15 
3.330669e-15 
3.330669e-15 
3.330669e-15 
3.330669e-15 
3.330669e-15 
3.330669e-15 
3.330669e-15 
3.330669e-15 
3.330669e-15 
3.330669e-15 
3.330669e-15 
3.330669e-15 
3.330669e-15 
3.330669e-15 
3.330669e-15 
3.330669e-15 
3.330669e-15 
3.330669e-15 
3.330669e-15 
3.330669e-15 
3.330669e-15 
3.330669e-15 
3.330669e-15 
3.330669e-15 
3.330669e-15 
3.330669e-15 
3.330669e-15 
3.330669e-15 
3.330669e-15 
3.330669e-15 
3.330669e-15 
3.330669e-15 
3.330669e-15 
3.330669e-15 
3.330669e-15 
3.330669e-15 
3.330669e-15 
3.330669e-15 
3.330669e-15 
3.330669e-15 
3.330669e-15 
3.330669e-15 
3.330669e-15 
3.330669e-15 
3.330669e-15 
3.330669e-15 
3.330669e-15 
3.330669e-15 
3.330669e-15 
3.330669e-15 
3.330669e-15 
3.330669e-15 
2.960595e-15 
2.960595e-15 
2.590520e-15 
2.590520e-15 
2.590520e-15 
2.590520e-15 
2.590520e-15 
2.590520e-15 
2.590520e-15 
2.590520e-15 
2.590520e-15 
2.590520e-15 
2.590520e-15 
2.590520e-15 
2.590520e-15 
2.590520e-15 
2.590520e-15 
2.590520e-15 
2.590520e-15 
2.590520e-15 
2.590520e-15 
2.590520e-15 
2.590520e-15 
2.590520e-15 
2.590520e-15 
2.590520e-15 
2.590520e-15 
2.590520e-15 
2.590520e-15 
2.590520e-15 
2.590520e-15 
2.220446e-15 
2.220446e-15 
2.220446e-15 
2.220446e-15 
2.220446e-15 
2.220446e-15 
2.220446e-15 
2.220446e-15 
2.220446e-15 
2.220446e-15 
2.220446e-15 
2.220446e-15 
2.220446e-15 
2.220446e-15 
2.220446e-15 
2.220446e-15 
2.220446e-15 
2.220446e-15 
2.220446e-15 
2.220446e-15 
1.480297e-15 
1.480297e-15 
1.480297e-15 
1.480297e-15 
1.480297e-15 
1.480297e-15 
1.480297e-15 
1.480297e-15 
1.480297e-15 
1.480297e-15 
1.480297e-15 
1.480297e-15 
1.480297e-15 
1.480297e-15 
1.480297e-15 
1.480297e-15 
1.480297e-15 
1.480297e-15 
1.480297e-15 
1.480297e-15 
1.480297e-15 
1.480297e-15 
1.480297e-15 
1.480297e-15 
1.480297e-15 
1.480297e-15 
1.480297e-15 
1.480297e-15 
1.480297e-15 
1.480297e-15 
1.480297e-15 
1.480297e-15 
1.480297e-15 
1.480297e-15 
1.480297e-15 
1.480297e-15 
1.480297e-15 
1.480297e-15 
1.480297e-15 
1.480297e-15 
1.480297e-15 
1.480297e-15 
1.480297e-15 
1.480297e-15 
1.480297e-15 
1.480297e-15 
1.480297e-15 
1.480297e-15 
1.480297e-15 
1.480297e-15 
1.480297e-15 
1.480297e-15 
1.480297e-15 
1.480297e-15 
1.480297e-15 
1.480297e-15 
1.480297e-15 
1.480297e-15 
1.480297e-15 
1.480297e-15 
1.480297e-15 
1.480297e-15 
1.480297e-15 
1.480297e-15 
1.480297e-15 
1.480297e-15 
1.480297e-15 
1.480297e-15 
1.480297e-15 
1.480297e-15 
1.480297e-15 
1.480297e-15 
1.480297e-15 
1.480297e-15 
1.480297e-15 
1.480297e-15 
1.480297e-15 
1.480297e-15 
1.480297e-15 
1.480297e-15 
1.480297e-15 
1.480297e-15 
1.480297e-15 
1.480297e-15 
1.480297e-15 
1.480297e-15 
1.480297e-15 
1.480297e-15 
1.480297e-15 
1.480297e-15 
1.480297e-15 
1.480297e-15 
1.480297e-15 
1.480297e-15 
1.480297e-15 
1.480297e-15 
1.480297e-15 
1.480297e-15 
1.480297e-15 
1.480297e-15 
1.480297e-15 
1.480297e-15 
1.480297e-15 
1.480297e-15 
1.480297e-15 
1.480297e-15 
1.480297e-15 
1.480297e-15 
1.480297e-15 
1.480297e-15 
1.480297e-15 
1.480297e-15 
1.480297e-15 
1.480297e-15 
1.480297e-15 
1.480297e-15 
1.480297e-15 
1.480297e-15 
1.480297e-15 
1.480297e-15 
1.480297e-15 
1.480297e-15 
1.480297e-15 
1.480297e-15 
1.480297e-15 
1.480297e-15 
1.480297e-15 
1.480297e-15 
1.480297e-15 
1.480297e-15 
1.480297e-15 
1.480297e-15 
1.480297e-15 
1.480297e-15 
1.480297e-15 
1.480297e-15 
1.480297e-15 
1.480297e-15 
1.480297e-15 
1.480297e-15 
1.480297e-15 
1.480297e-15 
1.480297e-15 
1.480297e-15 
1.480297e-15 
1.480297e-15 
1.480297e-15 
1.480297e-15 
1.480297e-15 
1.480297e-15 
1.480297e-15 
1.480297e-15 
1.480297e-15 
1.110223e-15 
1.110223e-15 
1.110223e-15 
1.110223e-15 
1.110223e-15 
1.110223e-15 
1.110223e-15 
3.700743e-16 
3.700743e-16 
3.700743e-16 
3.700743e-16 
3.700743e-16 
3.700743e-16 
3.700743e-16 
3.700743e-16 
3.700743e-16 
3.700743e-16 
3.700743e-16 
3.700743e-16 
3.700743e-16 
3.700743e-16 
3.700743e-16 
3.700743e-16 
3.700743e-16 
3.700743e-16 
3.700743e-16 
3.700743e-16 
3.700743e-16 
3.700743e-16 
3.700743e-16 
3.700743e-16 
3.700743e-16 
3.700743e-16 
3.700743e-16 
3.700743e-16 
3.700743e-16 
3.700743e-16 
3.700743e-16 
3.700743e-16 
3.700743e-16 
3.700743e-16 
3.700743e-16 
3.700743e-16 
3.700743e-16 
3.700743e-16 
3.700743e-16 
3.700743e-16 
3.700743e-16 
3.700743e-16 
3.700743e-16 
3.700743e-16 
3.700743e-16 
3.700743e-16 
3.700743e-16 
3.700743e-16 
3.700743e-16 
3.700743e-16 
3.700743e-16 
3.700743e-16 
3.700743e-16 
3.700743e-16 
3.700743e-16 
3.700743e-16 
3.700743e-16 
3.700743e-16 
3.700743e-16 
3.700743e-16 
3.700743e-16 
3.700743e-16 
3.700743e-16 
3.700743e-16 
3.700743e-16 
3.700743e-16 
3.700743e-16 
3.700743e-16 
3.700743e-16 
3.700743e-16 
3.700743e-16 
3.700743e-16 
3.700743e-16 
3.700743e-16 
3.700743e-16 
0 
0 
0 
0 
0 
0 
0 
0 
0 
0 
0 
0 
0 
0 
0 
0 
0 
0 
0 
0 
0 
0 
0 
0 
0 
0 
0 
0 
0 
0 
0 
0 
0 
0 
0 
0 
0 
0 
0 
0 
0 
0 
0 
0 
0 
0 
0 
0 
0 
0 
0 
0 
0 
0 
0 
0 
0 
0 
0 
0 
0 
0 
0 
0 
0 
0 
0 
0 
0 
0 
0 
0 
0 
0 
0 
0 
0 
0 
0 
0 
0 
0 
0 
0 
0 
0 
0 
0 
0 
0 
0 
0 
0 
0 
0 
0 
0 
0 
0 
0 
0 
0 
0 
0 
0 
0 
0 
0 
0 
0 
0 
0 
0 
0 
0 
0 
0 
0 
0 
0 
0 
0 
0 
0 
0 
0 
0 
0 
0 
0 
0 
0 
0 
0 
0 
0 
0 
0 
0 
0 
0 
0 
0 
0 
0 
0 
0 
0 
0 
0 
0 
0 
0 
0 
0 
0 
0 
0 
0 
0 
0 
0 
0 
0 
0 
0 
0 
0 
0 
0 
0 
0 
0 
0 
0 
0 
0 
0 
0 
0 
0 
0 
0 
0 
0 
0 
0 
0 
0 
0 
0 
0 
0 
0 
0 
0 
0 
0 
0 
0 
0 
0 
0 
0 
0 
0 
0 
0 
0 
0 
0 
0 
0 
0 
0 
0 
0 
0 
0 
0 
0 
0 
0 
0 
0 
0 
0 
0 
0 
0 
0 
0 
0 
0 
0 
0 
0 
0 
0 
0 
0 
0 
0 
0 
0 
0 
0 
0 
0 
0 
0 
0 
0 
0 
0 
0 
0 
0 
0 
0 
0 
0 
0 
0 
0 
0 
0 
0 
0 
0 
0 
0 
0 
0 
0 
0 
0 
0 
0 
0 
0 
0 
0 
0 
0 
0 
0 
0 
0 
0 
0 
0 
0 
0 
0 
0 
0 
0 
0 
0 
0 
0 
0 
0 
0 
0 
0 
0 
0 
0 
0 
0 
0 
0 
0 
0 
0 
0 
0 
0 
0 
0 
0 
0 
0 
0 
0 
0 
0 
0 
0 
0 
0 
0 
0 
0 
0 
0 
0 
0 
0 
0 
0 
0 
0 
0 
0 
0 
0 
0 
0 
0 
0 
0 
0 
0 
0 
0 
0 
0 
0 
0 
0 
0 
0 
0 
0 
0 
0 
0 
0 
0 
0 
0 
0 
0 
0 
0 
0 
0 
0 
0 
0 
0 
0 
0 
0 
0 
0 
0 
0 
0 
0 
0 
0 
0 
0 
0 
0 
0 
0 
0 
0 
0 
0 
0 
0 
0 
0 
0 
0 
0 
0 
0 
0 
0 
0 
0 
0 
0 
0 
0 
0 
0 
0 
0 
0 
0 
0 
0 
0 
0 
0 
0 
0 
0 
0 
0 
0 
0 
0 
0 
0 
0 
0 
0 
0 
0 
0 
0 
0 
0 
0 
0 
0 
0 
0 
0 
0 
0 
0 
0 
0 
0 
0 
0 
0 
0 
0 
0 
0 
0 
0 
0 
0 
0 
0 
0 
0 
0 
0 
0 
0 
0 
0 
0 
0 
0 
0 
0 
0 
0 
0 
0 
0 
0 
0 
0 
0 
0 
0 
0 
0 
0 
0 
0 
0 
0 
0 
0 
0 
0 
0 
0 
0 
0 
0 
0 
0 
0 
0 
0 
0 
0 
0 
0 
0 
0 
0 
0 
0 
0 
0 
0 
0 
0 
0 
0 
0 
0 
0 
0 
0 
0 
0 
0 
0 
0 
0 
0 
0 
0 
0 
0 
0 
0 
0 
0 
0 
0 
0 
0 
0 
0 
0 
0 
0 
0 
0 
0 
0 
0 
0 
0 
0 
0 
0 
0 
0 
0 
0 
0 
0 
0 
0 
0 
0 
0 
0 
0 
0 
0 
0 
0 
0 
0 
0 
0 
0 
0 
0 
0 
0 
0 
0 
0 
0 
0 
0 
0 
0 
0 
0 
0 
0 
0 
0 
0 
0 
0 
0 
0 
0 
0 
0 
0 
0 
0 
0 
0 
0 
0 
0 
0 
0 
0 
0 
0 
0 
0 
0 
0 
0 
0 
0 
0 
0 
0 
0 
0 
0 
0 
0 
0 
0 
0 
0 
0 
0 
0 
0 
0 
0 
0 
0 
0 
0 
0 
0 
0 
0 
0 
0 
0 
0 
0 
0 
0 
0 
0 
0 
0 
0 
0 
0 
0 
0 
0 
0 
0 
0 
0 
0 
0 
0 
0 
0 
0 
0 
0 
0 
0 
0 
0 
0 
0 
0 
0 
0 
0 
0 
0 
0 
0 
0 
0 
0 
0 
0 
0 
0 
0 
0 
0 
0 
0 
0 
0 
0 
0 
0 
0 
0 
0 
0 
0 
0 
0 
0 
0 
0 
0 
0 
0 
0 
0 
0 
0 
0 
0 
0 
0 
0 
0 
0 
0 
0 
0 
0 
0 
0 
0 
0 
0 
0 
0 
0 
0 
0 
0 
0 
0 
0 
0 
0 
0 
0 
0 
0 
0 
0 
0 
0 
0 
0 
0 
0 
0 
0 
0 
0 
0 
0 
0 
0 
0 
0 
0 
0 
0 
0 
0 
0 
0 
0 
0 
0 
0 
0 
0 
0 
0 
0 
0 
0 
0 
0 
0 
0 
0 
0 
0 
0 
0 
0 
0 
0 
0 
0 
0 
0 
0 
0 
0 
0 
0 
0 
0 
0 
0 
0 
0 
0 
0 
0 
0 
0 
0 
0 
0 
0 
0 
0 
0 
0 
0 
0 
0 
0 
0 
0 
0 
0 
0 
0 
0 
0 
0 
0 
0 
0 
0 
0 
0 
0 
0 
0 
0 
0 
0 
0 
0 
0 
0 
0 
0 
0 
0 
0 
0 
0 
0 
0 
0 
0 
0 
0 
0 
0 
0 
0 
0 
0 
0 
0 
0 
0 
0 
0 
0 
0 
0 
0 
0 
0 
0 
0 
0 
0 
0 
0 
0 
0 
0 
0 
0 
0 
0 
0 
0 
0 
0 
0 
0 
0 
0 
0 
0 
0 
0 
0 
0 
0 
0 
0 
0 
0 
0 
0 
0 
0 
0 
0 
0 
0 
0 
0 
0 
0 
0 
0 
0 
0 
0 
0 
0 
0 
0 
0 
0 
0 
0 
0 
0 
0 
0 
0 
0 
0 
0 
0 
0 
0 
0 
0 
0 
0 
0 
0 
0 
0 
0 
0 
0 
0 
0 
0 
0 
0 
0 
0 
0 
0 
0 
0 
0 
0 
0 
0 
0 
0 
0 
0 
0 
0 
0 
0 
0 
0 
0 
0 
0 
0 
0 
0 
0 
0 
0 
0 
0 
0 
0 
0 
0 
0 
0 
0 
0 
0 
0 
0 
0 
0 
0 
0 
0 
0 
0 
0 
0 
0 
0 
0 
0 
0 
0 
0 
0 
0 
0 
0 
0 
0 
0 
0 
0 
0 
0 
0 
0 
0 
0 
0 
0 
0 
0 
0 
0 
0 
0 
0 
0 
0 
0 
0 
0 
0 
0 
0 
0 
0 
0 
0 
0 
0 
0 
0 
0 
0 
0 
0 
0 
0 
0 
0 
0 
0 
0 
0 
0 
0 
0 
0 
0 
0 
0 
0 
0 
0 
0 
0 
0 
0 
0 
0 
0 
0 
0 
0 
0 
0 
0 
0 
0 
0 
0 
0 
0 
0 
0 
0 
0 
0 
0 
0 
0 
0 
0 
0 
0 
0 
0 
0 
0 
0 
0 
0 
0 
0 
0 
0 
0 
0 
0 
0 
0 
0 
0 
0 
0 
0 
0 
0 
0 
0 
0 
0 
0 
0 
0 
0 
0 
0 
0 
0 
0 
0 
0 
0 
0 
0 
0 
0 
0 
0 
0 
0 
0 
0 
0 
0 
0 
0 
0 
0 
0 
0 
0 
0 
0 
0 
0 
0 
0 
0 
0 
0 
0 
0 
0 
0 
0 
0 
0 
0 
0 
0 
0 
0 
0 
0 
0 
0 
0 
0 
0 
0 
0 
0 
0 
0 
0 
0 
0 
0 
0 
0 
0 
0 
0 
0 
0 
0 
0 
0 
0 
0 
0 
0 
0 
0 
0 
0 
0 
0 
0 
0 
0 
0 
0 
0 
0 
0 
0 
0 
0 
0 
0 
0 
0 
0 
0 
0 
0 
0 
0 
0 
0 
0 
0 
0 
0 
0 
0 
0 
0 
0 
0 
0 
0 
0 
0 
0 
0 
0 
0 
0 
0 
0 
0 
0 
0 
0 
0 
0 
0 
0 
0 
0 
0 
0 
0 
0 
0 
0 
0 
0 
0 
0 
0 
0 
0 
0 
0 
0 
0 
0 
0 
0 
0 
0 
0 
0 
0 
0 
0 
0 
0 
0 
0 
0 
0 
0 
0 
0 
0 
0 
0 
0 
0 
0 
0 
0 
0 
0 
0 
0 
0 
0 
0 
0 
0 
0 
0 
0 
0 
0 
0 
0 
0 
0 
0 
0 
0 
0 
0 
0 
0 
0 
0 
0 
0 
0 
0 
0 
0 
0 
0 
0 
0 
0 
0 
0 
0 
0 
0 
0 
0 
0 
0 
0 
0 
0 
0 
0 
0 
0 
0 
0 
0 
0 
0 
0 
0 
0 
0 
0 
0 
0 
0 
0 
0 
0 
0 
0 
0 
0 
0 
0 
0 
0 
0 
0 
0 
0 
0 
0 
0 
0 
0 
0 
0 
0 
0 
0 
0 
0 
0 
0 
0 
0 
0 
0 
0 
0 
0 
0 
0 
0 
0 
0 
0 
0 
0 
0 
0 
0 
0 
0 
0 
0 
0 
0 
0 
0 
0 
0 
0 
0 
0 
0 
0 
0 
0 
0 
0 
0 
0 
0 
0 
0 
0 
0 
0 
0 
0 
0 
0 
0 
0 
0 
0 
0 
0 
0 
0 
0 
0 
0 
0 
0 
0 
0 
0 
0 
0 
0 
0 
0 
0 
0 
0 
0 
0 
0 
0 
0 
0 
0 
0 
0 
0 
0 
0 
0 
0 
0 
0 
0 
0 
0 
0 
0 
0 
0 
0 
0 
0 
0 
0 
0 
0 
0 
0 
0 
0 
0 
0 
0 
0 
0 
0 
0 
0 
0 
0 
0 
0 
0 
0 
0 
0 
0 
0 
0 
0 
0 
0 
0 
0 
0 
0 
0 
0 
0 
0 
0 
0 
0 
0 
0 
0 
0 
0 
0 
0 
0 
0 
0 
0 
0 
0 
0 
0 
0 
0 
0 
0 
0 
0 
0 
0 
0 
0 
0 
0 
0 
0 
0 
0 
0 
0 
0 
0 
0 
0 
0 
0 
0 
0 
0 
0 
0 
0 
0 
0 
0 
0 
0 
0 
0 
0 
0 
0 
0 
0 
0 
0 
0 
0 
0 
0 
0 
0 
0 
0 
0 
0 
0 
0 
0 
0 
0 
0 
0 
0 
0 
0 
0 
0 
0 
0 
0 
0 
0 
0 
0 
0 
0 
0 
0 
0 
0 
0 
0 
0 
0 
0 
0 
0 
0 
0 
0 
0 
0 
0 
0 
0 
0 
0 
0 
0 
0 
0 
0 
0 
0 
0 
0 
0 
0 
0 
0 
0 
0 
0 
0 
0 
0 
0 
0 
0 
0 
0 
0 
0 
0 
0 
0 
0 
0 
0 
0 
0 
0 
0 
0 
0 
0 
0 
0 
0 
0 
0 
0 
0 
0 
0 
0 
0 
0 
0 
0 
0 
0 
0 
0 
0 
0 
0 
0 
0 
0 
0 
0 
0 
0 
0 
0 
0 
0 
0 
0 
0 
0 
0 
0 
0 
0 
0 
0 
0 
0 
0 
0 
0 
0 
0 
0 
0 
0 
0 
0 
0 
0 
0 
0 
0 
0 
0 
0 
0 
0 
0 
0 
0 
0 
0 
0 
0 
0 
0 
0 
0 
0 
0 
0 
0 
0 
0 
0 
0 
0 
0 
0 
0 
0 
0 
0 
0 
0 
0 
0 
0 
0 
0 
0 
0 
0 
0 
0 
0 
0 
0 
0 
0 
0 
0 
0 
0 
0 
0 
0 
0 
0 
0 
0 
0 
0 
0 
0 
0 
0 
0 
0 
0 
0 
0 
0 
0 
0 
0 
0 
0 
0 
0 
0 
0 
0 
0 
0 
0 
0 
0 
0 
0 
0 
0 
0 
0 
0 
0 
0 
0 
0 
0 
0 
0 
0 
0 
0 
0 
0 
0 
0 
0 
0 
0 
0 
0 
0 
0 
0 
0 
0 
0 
0 
0 
0 
0 
0 
0 
0 
0 
0 
0 
0 
0 
0 
0 
0 
0 
0 
0 
0 
0 
0 
0 
0 
0 
0 
0 
0 
0 
0 
0 
0 
0 
0 
0 
0 
0 
0 
0 
0 
0 
0 
0 
0 
0 
0 
0 
0 
0 
0 
0 
0 
0 
0 
0 
0 
0 
0 
0 
0 
0 
0 
0 
0 
0 
0 
0 
0 
0 
0 
0 
0 
0 
0 
0 
0 
0 
0 
0 
0 
0 
0 
0 
0 
0 
0 
0 
0 
0 
0 
0 
0 
0 
0 
0 
0 
0 
0 
0 
0 
0 
0 
0 
0 
0 
0 
0 
0 
0 
0 
0 
0 
0 
0 
0 
0 
0 
0 
0 
0 
0 
0 
0 
0 
0 
0 
0 
0 
0 
0 
0 
0 
0 
0 
0 
0 
0 
0 
0 
0 
0 
0 
0 
0 
0 
0 
0 
0 
0 
0 
0 
0 
0 
0 
0 
0 
0 
0 
0 
0 
0 
0 
0 
0 
0 
0 
0 
0 
0 
0 
0 
0 
0 
0 
0 
0 
0 
0 
0 
0 
0 
0 
0 
0 
0 
0 
0 
0 
0 
0 
0 
0 
0 
0 
0 
0 
0 
0 
0 
0 
0 
0 
0 
0 
0 
0 
0 
0 
0 
0 
0 
0 
0 
0 
0 
0 
0 
0 
0 
0 
0 
0 
0 
0 
0 
0 
0 
0 
0 
0 
0 
0 
0 
0 
0 
0 
0 
0 
0 
0 
0 
0 
0 
0 
0 
0 
0 
0 
0 
0 
0 
0 
0 
0 
0 
0 
0 
0 
0 
0 
0 
0 
0 
0 
0 
0 
0 
0 
0 
0 
0 
0 
0 
0 
0 
0 
0 
0 
0 
0 
0 
0 
0 
0 
0 
0 
0 
0 
0 
0 
0 
0 
0 
0 
0 
0 
0 
0 
0 
0 
0 
0 
0 
0 
0 
0 
0 
0 
0 
0 
0 
0 
0 
0 
0 
0 
0 
0 
0 
0 
0 
0 
0 
0 
0 
0 
0 
0 
0 
0 
0 
0 
0 
0 
0 
0 
0 
0 
0 
0 
0 
0 
0 
0 
0 
0 
0 
0 
0 
0 
0 
0 
0 
0 
0 
0 
0 
0 
0 
0 
0 
0 
0 
0 
0 
0 
0 
0 
0 
0 
0 
0 
0 
0 
0 
0 
0 
0 
0 
0 
0 
0 
0 
0 
0 
0 
0 
0 
0 
0 
0 
0 
0 
0 
0 
0 
0 
0 
0 
0 
0 
0 
0 
0 
0 
0 
0 
0 
0 
0 
0 
0 
0 
0 
0 
0 
0 
0 
0 
0 
0 
0 
0 
0 
0 
0 
0 
0 
0 
0 
0 
0 
0 
0 
0 
0 
0 
0 
0 
0 
0 
0 
0 
0 
0 
0 
0 
0 
0 
0 
0 
0 
0 
0 
0 
0 
0 
0 
0 
0 
0 
0 
0 
0 
0 
0 
0 
0 
0 
0 
0 
0 
0 
0 
0 
0 
0 
0 
0 
0 
0 
0 
0 
0 
0 
0 
0 
0 
0 
0 
0 
0 
0 
0 
0 
0 
0 
0 
0 
0 
0 
0 
0 
0 
0 
0 
0 
0 
0 
0 
0 
0 
0 
0 
0 
0 
0 
0 
0 
0 
0 
0 
0 
0 
0 
0 
0 
0 
0 
0 
0 
0 
0 
0 
0 
0 
0 
0 
0 
0 
0 
0 
0 
0 
0 
0 
0 
0 
0 
0 
0 
0 
0 
0 
0 
0 
0 
0 
0 
0 
0 
0 
0 
0 
0 
0 
0 
0 
0 
0 
0 
0 
0 
0 
0 
0 
0 
0 
0 
0 
0 
0 
0 
0 
0 
0 
0 
0 
0 
0 
0 
0 
0 
0 
0 
0 
0 
0 
0 
0 
0 
0 
0 
0 
0 
0 
0 
0 
0 
0 
0 
0 
0 
0 
0 
0 
0 
0 
0 
0 
0 
0 
0 
0 
0 
0 
0 
0 
0 
0 
0 
0 
0 
0 
0 
0 
0 
0 
0 
0 
0 
0 
0 
0 
0 
0 
0 
0 
0 
0 
0 
0 
0 
0 
0 
0 
0 
0 
0 
0 
0 
0 
0 
0 
0 
0 
0 
0 
0 
0 
0 
0 
0 
0 
0 
0 
0 
0 
0 
0 
0 
0 
0 
0 
0 
0 
0 
0 
0 
0 
0 
0 
0 
0 
0 
0 
0 
0 
0 
0 
0 
0 
0 
0 
0 
0 
0 
0 
0 
0 
0 
0 
0 
0 
0 
0 
0 
0 
0 
0 
0 
0 
0 
0 
0 
0 
0 
0 
0 
0 
0 
0 
0 
0 
0 
0 
0 
0 
0 
0 
0 
0 
0 
0 
0 
0 
0 
0 
0 
0 
0 
0 
0 
0 
0 
0 
0 
0 
0 
0 
0 
0 
0 
0 
0 
0 
0 
0 
0 
0 
0 
0 
0 
0 
0 
0 
0 
0 
0 
0 
0 
0 
0 
0 
0 
0 
0 
0 
0 
0 
0 
0 
0 
0 
0 
0 
0 
0 
0 
0 
0 
0 
0 
0 
0 
0 
0 
0 
0 
0 
0 
0 
0 
0 
0 
0 
0 
0 
0 
0 
0 
0 
0 
0 
0 
0 
0 
0 
0 
0 
0 
0 
0 
0 
0 
0 
0 
0 
0 
0 
0 
0 
0 
0 
0 
0 
0 
0 
0 
0 
0 
0 
0 
0 
0 
0 
0 
0 
0 
0 
0 
0 
0 
0 
0 
0 
0 
0 
0 
0 
0 
0 
0 
0 
0 
0 
0 
0 
0 
0 
0 
0 
0 
0 
0 
0 
0 
0 
0 
0 
0 
0 
0 
0 
0 
0 
0 
0 
0 
0 
0 
0 
0 
0 
0 
0 
0 
0 
0 
0 
0 
0 
0 
0 
0 
0 
0 
0 
0 
0 
0 
0 
0 
0 
0 
0 
0 
0 
0 
0 
0 
0 
0 
0 
0 
0 
0 
0 
0 
0 
0 
0 
0 
0 
0 
0 
0 
0 
0 
0 
0 
0 
0 
0 
0 
0 
0 
0 
0 
0 
0 
0 
0 
0 
0 
0 
0 
0 
0 
0 
0 
0 
0 
0 
0 
0 
0 
0 
0 
0 
0 
0 
0 
0 
0 
0 
0 
0 
0 
0 
0 
0 
0 
0 
0 
0 
0 
0 
0 
0 
0 
0 
0 
0 
0 
0 
0 
0 
0 
0 
0 
0 
0 
0 
0 
0 
0 
0 
0 
0 
0 
0 
0 
0 
0 
0 
0 
0 
0 
0 
0 
0 
0 
0 
0 
0 
0 
0 
0 
0 
0 
0 
0 
0 
0 
0 
0 
0 
0 
0 
0 
0 
0 
0 
0 
0 
0 
0 
0 
0 
0 
0 
0 
0 
0 
0 
0 
0 
0 
0 
0 
0 
0 
0 
0 
0 
0 
0 
0 
0 
0 
0 
0 
0 
0 
0 
0 
0 
0 
0 
0 
0 
0 
0 
0 
0 
0 
0 
0 
0 
0 
0 
0 
0 
0 
0 
0 
0 
0 
0 
0 
0 
0 
0 
0 
0 
0 
0 
0 
0 
0 
0 
0 
0 
0 
0 
0 
0 
0 
0 
0 
0 
0 
0 
0 
0 
0 
0 
0 
0 
0 
0 
0 
0 
0 
0 
0 
0 
0 
0 
0 
0 
0 
0 
0 
0 
0 
0 
0 
0 
0 
0 
0 
0 
0 
0 
0 
0 
0 
0 
0 
0 
0 
0 
0 
0 
0 
0 
0 
0 
0 
0 
0 
0 
0 
0 
0 
0 
0 
0 
0 
0 
0 
0 
0 
0 
0 
0 
0 
0 
0 
0 
0 
0 
0 
0 
0 
0 
0 
0 
0 
0 
0 
0 
0 
0 
0 
0 
0 
0 
0 
0 
0 
0 
0 
0 
0 
0 
0 
0 
0 
0 
0 
0 
0 
0 
0 
0 
0 
0 
0 
0 
0 
0 
0 
0 
0 
0 
0 
0 
0 
0 
0 
0 
0 
0 
0 
0 
0 
0 
0 
0 
0 
0 
0 
0 
0 
0 
0 
0 
0 
0 
0 
0 
0 
0 
0 
0 
0 
0 
0 
0 
0 
0 
0 
0 
0 
0 
0 
0 
0 
0 
0 
0 
0 
0 
0 
0 
0 
0 
0 
0 
0 
0 
0 
0 
0 
0 
0 
0 
0 
0 
0 
0 
0 
0 
0 
0 
0 
0 
0 
0 
0 
0 
0 
0 
0 
0 
0 
0 
0 
0 
0 
0 
0 
0 
0 
0 
0 
0 
0 
0 
0 
0 
0 
0 
0 
0 
0 
0 
0 
0 
0 
0 
0 
0 
0 
0 
0 
0 
0 
0 
0 
0 
0 
0 
0 
0 
0 
0 
0 
0 
0 
0 
0 
0 
0 
0 
0 
0 
0 
0 
0 
0 
0 
0 
0 
0 
0 
0 
0 
0 
0 
0 
0 
0 
0 
0 
0 
0 
0 
0 
0 
0 
0 
0 
0 
0 
0 
0 
0 
0 
0 
0 
0 
0 
0 
0 
0 
0 
0 
0 
0 
0 
0 
0 
0 
0 
0 
0 
0 
0 
0 
0 
0 
0 
0 
0 
0 
0 
0 
0 
0 
0 
0 
0 
0 
0 
0 
0 
0 
0 
0 
0 
0 
0 
0 
0 
0 
0 
0 
0 
0 
0 
0 
0 
0 
0 
0 
0 
0 
0 
0 
0 
0 
0 
0 
0 
0 
0 
0 
0 
0 
0 
0 
0 
0 
0 
0 
0 
0 
0 
0 
0 
0 
0 
0 
0 
0 
0 
0 
0 
0 
0 
0 
0 
0 
0 
0 
0 
0 
0 
0 
0 
0 
0 
0 
0 
0 
0 
0 
0 
0 
0 
0 
0 
0 
0 
0 
0 
0 
0 
0 
0 
0 
0 
0 
0 
0 
0 
0 
0 
0 
0 
0 
0 
0 
0 
0 
0 
0 
0 
0 
0 
0 
0 
0 
0 
0 
0 
0 
0 
0 
0 
0 
0 
0 
0 
0 
0 
0 
0 
0 
0 
0 
0 
0 
0 
0 
0 
0 
0 
0 
0 
0 
0 
0 
0 
0 
0 
0 
0 
0 
0 
0 
0 
0 
0 
0 
0 
0 
0 
0 
0 
0 
0 
0 
0 
0 
0 
0 
0 
0 
0 
0 
0 
0 
0 
0 
0 
0 
0 
0 
0 
0 
0 
0 
0 
0 
0 
0 
0 
0 
0 
0 
0 
0 
0 
0 
0 
0 
0 
0 
0 
0 
0 
0 
0 
0 
0 
0 
0 
0 
0 
0 
0 
0 
0 
0 
0 
0 
0 
0 
0 
0 
0 
0 
0 
0 
0 
0 
0 
0 
0 
0 
0 
0 
0 
0 
0 
0 
0 
0 
0 
0 
0 
0 
0 
0 
0 
0 
0 
0 
0 
0 
0 
0 
0 
0 
0 
0 
0 
0 
0 
0 
0 
0 
0 
0 
0 
0 
0 
0 
0 
0 
0 
0 
0 
0 
0 
0 
0 
0 
0 
0 
0 
0 
0 
0 
0 
0 
0 
0 
0 
0 
0 
0 
0 
0 
0 
0 
0 
0 
0 
0 
0 
0 
0 
0 
0 
0 
0 
0 
0 
0 
0 
0 
0 
0 
0 
0 
0 
0 
0 
0 
0 
0 
0 
0 
0 
0 
0 
0 
0 
0 
0 
0 
0 
0 
0 
0 
0 
0 
0 
0 
0 
0 
0 
0 
0 
0 
0 
0 
0 
0 
0 
0 
0 
0 
0 
0 
0 
0 
0 
0 
0 
0 
0 
0 
0 
0 
0 
0 
0 
0 
0 
0 
0 
0 
0 
0 
0 
0 
0 
0 
0 
0 
0 
0 
0 
0 
0 
0 
0 
0 
0 
0 
0 
0 
0 
0 
0 
0 
0 
0 
0 
0 
0 
0 
0 
0 
0 
0 
0 
0 
0 
0 
0 
0 
0 
0 
0 
0 
0 
0 
0 
0 
0 
0 
0 
0 
0 
0 
0 
0 
0 
0 
0 
0 
0 
0 
0 
0 
0 
0 
0 
0 
0 
0 
0 
0 
0 
0 
0 
0 
0 
0 
0 
0 
0 
0 
0 
0 
0 
0 
0 
0 
0 
0 
0 
0 
0 
0 
0 
0 
0 
0 
0 
0 
0 
0 
0 
0 
0 
0 
0 
0 
0 
0 
0 
0 
0 
0 
0 
0 
0 
0 
0 
0 
0 
0 
0 
0 
0 
0 
0 
0 
0 
0 
0 
0 
0 
0 
0 
0 
0 
0 
0 
0 
0 
0 
0 
0 
0 
0 
0 
0 
0 
0 
0 
0 
0 
0 
0 
0 
0 
0 
0 
0 
0 
0 
0 
0 
0 
0 
0 
0 
0 
0 
0 
0 
0 
0 
0 
0 
0 
0 
0 
0 
0 
0 
0 
0 
0 
0 
0 
0 
0 
0 
0 
0 
0 
0 
0 
0 
0 
0 
0 
0 
0 
0 
0 
0 
0 
0 
0 
0 
0 
0 
0 
0 
0 
0 
0 
0 
0 
0 
0 
0 
0 
0 
0 
0 
0 
0 
0 
0 
0 
0 
0 
0 
0 
0 
0 
0 
0 
0 
0 
0 
0 
0 
0 
0 
0 
0 
0 
0 
0 
0 
0 
0 
0 
0 
0 
0 
0 
0 
0 
0 
0 
0 
0 
0 
0 
0 
0 
0 
0 
0 
0 
0 
0 
0 
0 
0 
0 
0 
0 
0 
0 
0 
0 
0 
0 
0 
0 
0 
0 
0 
0 
0 
0 
0 
0 
0 
0 
0 
0 
0 
0 
0 
0 
0 
0 
0 
0 
0 
0 
0 
0 
0 
0 
0 
0 
0 
0 
0 
0 
0 
0 
0 
0 
0 
0 
0 
0 
0 
0 
0 
0 
0 
0 
0 
0 
0 
0 
0 
0 
0 
0 
0 
0 
0 
0 
0 
0 
0 
0 
0 
0 
0 
0 
0 
0 
0 
0 
0 
0 
0 
0 
0 
0 
0 
0 
0 
0 
0 
0 
0 
0 
0 
0 
0 
0 
0 
0 
0 
0 
0 
0 
0 
0 
0 
0 
0 
0 
0 
0 
0 
0 
0 
0 
0 
0 
0 
0 
0 
0 
