3.609212e+02 
1.631065e+02 
1.331552e+02 
9.435784e+01 
9.435784e+01 
9.435784e+01 
8.977690e+01 
8.570995e+01 
8.258522e+01 
8.258522e+01 
8.142513e+01 
8.006097e+01 
7.962034e+01 
7.859782e+01 
7.802071e+01 
7.644429e+01 
7.242362e+01 
7.242362e+01 
7.177487e+01 
7.126900e+01 
6.959760e+01 
6.705410e+01 
6.556222e+01 
6.209754e+01 
6.209754e+01 
6.025468e+01 
5.903947e+01 
5.815127e+01 
5.815127e+01 
5.815127e+01 
5.737350e+01 
5.716769e+01 
5.647201e+01 
5.536378e+01 
5.456079e+01 
5.456079e+01 
5.456079e+01 
5.456079e+01 
5.330577e+01 
5.330577e+01 
5.330577e+01 
5.330577e+01 
5.233058e+01 
5.233058e+01 
5.233058e+01 
5.233058e+01 
5.233058e+01 
5.233058e+01 
5.233058e+01 
5.233058e+01 
5.233058e+01 
5.217328e+01 
5.217328e+01 
5.217328e+01 
5.206466e+01 
5.206466e+01 
5.206466e+01 
5.167811e+01 
5.167811e+01 
5.167072e+01 
5.167072e+01 
5.165167e+01 
5.159383e+01 
5.157890e+01 
5.148975e+01 
5.136282e+01 
5.126535e+01 
5.126535e+01 
5.126535e+01 
5.126535e+01 
5.126535e+01 
5.119282e+01 
5.118118e+01 
5.118118e+01 
5.115165e+01 
5.112960e+01 
5.110922e+01 
5.109923e+01 
5.107601e+01 
5.107601e+01 
5.106070e+01 
5.106070e+01 
5.106070e+01 
5.105491e+01 
5.103843e+01 
5.103843e+01 
5.103843e+01 
5.103843e+01 
5.103216e+01 
5.102967e+01 
5.102750e+01 
5.102750e+01 
5.095387e+01 
5.086221e+01 
5.086221e+01 
5.084893e+01 
5.084893e+01 
5.084893e+01 
5.084893e+01 
5.084893e+01 
5.084794e+01 
5.084794e+01 
5.083290e+01 
5.083290e+01 
5.082934e+01 
5.082934e+01 
5.082934e+01 
5.082934e+01 
5.082934e+01 
5.082926e+01 
5.082926e+01 
5.082926e+01 
5.082779e+01 
5.082779e+01 
5.082779e+01 
5.082531e+01 
5.082369e+01 
5.082369e+01 
5.082362e+01 
5.082335e+01 
5.082212e+01 
5.082195e+01 
5.082129e+01 
5.082038e+01 
5.082038e+01 
5.082025e+01 
5.081989e+01 
5.081985e+01 
5.081985e+01 
5.081977e+01 
5.081977e+01 
5.081961e+01 
5.081956e+01 
5.081956e+01 
5.081956e+01 
5.081945e+01 
5.081941e+01 
5.081941e+01 
5.081941e+01 
5.081938e+01 
5.081934e+01 
5.081934e+01 
5.081934e+01 
5.081933e+01 
5.081933e+01 
5.081933e+01 
5.081933e+01 
5.081932e+01 
5.081932e+01 
5.081932e+01 
5.081932e+01 
5.081932e+01 
5.081932e+01 
5.081931e+01 
5.081930e+01 
5.081930e+01 
5.081930e+01 
5.081929e+01 
5.081929e+01 
5.081929e+01 
5.081929e+01 
5.081929e+01 
5.081929e+01 
5.081928e+01 
5.081928e+01 
5.081928e+01 
5.081927e+01 
5.081927e+01 
5.081927e+01 
5.081927e+01 
5.081927e+01 
5.081926e+01 
5.081926e+01 
5.081926e+01 
5.081926e+01 
5.081926e+01 
5.081926e+01 
5.081926e+01 
5.080445e+01 
5.080445e+01 
5.078477e+01 
5.078266e+01 
5.075154e+01 
5.075154e+01 
5.075154e+01 
5.075154e+01 
5.075154e+01 
5.075154e+01 
5.055619e+01 
5.036226e+01 
5.036226e+01 
5.032433e+01 
5.032433e+01 
5.032433e+01 
5.032433e+01 
5.032433e+01 
5.032433e+01 
5.032433e+01 
5.032433e+01 
5.023948e+01 
5.023948e+01 
5.023948e+01 
5.023948e+01 
5.023948e+01 
5.023331e+01 
5.023331e+01 
5.017495e+01 
5.014825e+01 
5.014631e+01 
5.014631e+01 
5.014629e+01 
5.014629e+01 
5.014629e+01 
5.014212e+01 
5.014212e+01 
5.014212e+01 
5.014212e+01 
5.014043e+01 
5.013738e+01 
5.013663e+01 
5.013647e+01 
5.013646e+01 
5.012887e+01 
5.012887e+01 
5.012887e+01 
5.012524e+01 
5.012166e+01 
5.012121e+01 
5.012033e+01 
5.011925e+01 
5.011847e+01 
5.011847e+01 
5.011819e+01 
5.011780e+01 
5.011193e+01 
5.010629e+01 
5.010592e+01 
5.010541e+01 
5.010541e+01 
5.010541e+01 
5.005402e+01 
5.005402e+01 
5.005402e+01 
5.005402e+01 
5.005402e+01 
5.005402e+01 
5.005402e+01 
5.005402e+01 
5.005402e+01 
4.995282e+01 
4.995282e+01 
4.995282e+01 
4.995282e+01 
4.995282e+01 
4.995282e+01 
4.995282e+01 
4.995282e+01 
4.995276e+01 
4.995276e+01 
4.993555e+01 
4.992593e+01 
4.992593e+01 
4.991280e+01 
4.991280e+01 
4.991280e+01 
4.991280e+01 
4.991034e+01 
4.990902e+01 
4.990900e+01 
4.990894e+01 
4.990894e+01 
4.990888e+01 
4.990850e+01 
4.990654e+01 
4.990615e+01 
4.990610e+01 
4.990601e+01 
4.990601e+01 
4.990601e+01 
4.990569e+01 
4.990556e+01 
4.990544e+01 
4.990524e+01 
4.990287e+01 
4.990287e+01 
4.990287e+01 
4.990287e+01 
4.990287e+01 
4.986629e+01 
4.986629e+01 
4.986629e+01 
4.986629e+01 
4.986629e+01 
4.986629e+01 
4.986629e+01 
4.986597e+01 
4.986597e+01 
4.986597e+01 
4.986597e+01 
4.982504e+01 
4.982504e+01 
4.982504e+01 
4.982504e+01 
4.982504e+01 
4.982504e+01 
4.982490e+01 
4.982490e+01 
4.982490e+01 
4.982490e+01 
4.981318e+01 
4.981318e+01 
4.981318e+01 
4.981318e+01 
4.981318e+01 
4.981318e+01 
4.981318e+01 
4.980628e+01 
4.980628e+01 
4.980628e+01 
4.980628e+01 
4.980509e+01 
4.980378e+01 
4.980378e+01 
4.980258e+01 
4.980258e+01 
4.980063e+01 
4.979970e+01 
4.979970e+01 
4.979871e+01 
4.979769e+01 
4.979276e+01 
4.979062e+01 
4.979062e+01 
4.978515e+01 
4.978515e+01 
4.978515e+01 
4.978515e+01 
4.978313e+01 
4.978288e+01 
4.978086e+01 
4.978086e+01 
4.978086e+01 
4.978029e+01 
4.977963e+01 
4.977963e+01 
4.977946e+01 
4.977940e+01 
4.977924e+01 
4.977863e+01 
4.977863e+01 
4.977848e+01 
4.977844e+01 
4.977844e+01 
4.977844e+01 
4.977844e+01 
4.977844e+01 
4.977844e+01 
4.977832e+01 
4.977828e+01 
4.977827e+01 
4.977808e+01 
4.977808e+01 
4.977808e+01 
4.977808e+01 
4.977808e+01 
4.977806e+01 
4.977804e+01 
4.977804e+01 
4.977804e+01 
4.977804e+01 
4.977803e+01 
4.977803e+01 
4.977629e+01 
4.977629e+01 
4.977629e+01 
4.977629e+01 
4.977629e+01 
4.977629e+01 
4.977629e+01 
4.977629e+01 
4.977629e+01 
4.977629e+01 
4.977564e+01 
4.977564e+01 
4.977564e+01 
4.977330e+01 
4.977330e+01 
4.977330e+01 
4.977330e+01 
4.977330e+01 
4.977330e+01 
4.977330e+01 
4.977330e+01 
4.977330e+01 
4.977330e+01 
4.977194e+01 
4.977184e+01 
4.977183e+01 
4.977183e+01 
4.977183e+01 
4.977182e+01 
4.977182e+01 
4.977182e+01 
4.977171e+01 
4.977151e+01 
4.977151e+01 
4.977118e+01 
4.977080e+01 
4.977062e+01 
4.977051e+01 
4.977042e+01 
4.977011e+01 
4.977009e+01 
4.977005e+01 
4.977005e+01 
4.977005e+01 
4.977004e+01 
4.977003e+01 
4.976974e+01 
4.976974e+01 
4.976974e+01 
4.976968e+01 
4.976966e+01 
4.976964e+01 
4.976963e+01 
4.976960e+01 
4.976959e+01 
4.976959e+01 
4.976959e+01 
4.976959e+01 
4.976958e+01 
4.976958e+01 
4.976958e+01 
4.976958e+01 
4.976956e+01 
4.976956e+01 
4.976956e+01 
4.976956e+01 
4.976956e+01 
4.976956e+01 
4.976956e+01 
4.976956e+01 
4.976956e+01 
4.976956e+01 
4.976956e+01 
4.976956e+01 
4.976956e+01 
4.976956e+01 
4.976956e+01 
4.976956e+01 
4.976956e+01 
4.976956e+01 
4.976956e+01 
4.976956e+01 
4.976956e+01 
4.976956e+01 
4.976956e+01 
4.976956e+01 
4.976956e+01 
4.976956e+01 
4.976956e+01 
4.976956e+01 
4.976956e+01 
4.976956e+01 
4.976956e+01 
4.976956e+01 
4.976956e+01 
4.976956e+01 
4.976956e+01 
4.976956e+01 
4.976956e+01 
4.976956e+01 
4.976956e+01 
4.976956e+01 
4.976956e+01 
4.976956e+01 
4.976956e+01 
4.976956e+01 
4.976956e+01 
4.976956e+01 
4.976956e+01 
4.976956e+01 
4.976956e+01 
4.976956e+01 
4.976956e+01 
4.976956e+01 
4.976956e+01 
4.976956e+01 
4.976956e+01 
4.976956e+01 
4.976956e+01 
4.976956e+01 
4.976956e+01 
4.976956e+01 
4.976956e+01 
4.976956e+01 
4.976956e+01 
4.976956e+01 
4.976956e+01 
4.976956e+01 
4.976956e+01 
4.976956e+01 
4.976956e+01 
4.976956e+01 
4.976956e+01 
4.976956e+01 
4.976956e+01 
4.976956e+01 
4.976956e+01 
4.976956e+01 
4.976956e+01 
4.976956e+01 
4.976956e+01 
4.976956e+01 
4.976956e+01 
4.976956e+01 
4.976956e+01 
4.976956e+01 
4.976956e+01 
4.976956e+01 
4.976956e+01 
4.976956e+01 
4.976956e+01 
4.976956e+01 
4.976956e+01 
4.976956e+01 
4.976956e+01 
4.976956e+01 
4.976956e+01 
4.976956e+01 
4.976956e+01 
4.976956e+01 
4.976956e+01 
4.976956e+01 
4.976956e+01 
4.976956e+01 
4.976956e+01 
4.976956e+01 
4.976956e+01 
4.976956e+01 
4.976956e+01 
4.976956e+01 
4.976956e+01 
4.976956e+01 
4.976956e+01 
4.976956e+01 
4.976956e+01 
4.976956e+01 
4.976956e+01 
4.976956e+01 
4.976956e+01 
4.976956e+01 
4.976956e+01 
4.976956e+01 
4.976956e+01 
4.976956e+01 
4.976956e+01 
4.976956e+01 
4.976956e+01 
4.976956e+01 
4.976956e+01 
4.976956e+01 
4.976956e+01 
4.976956e+01 
4.976956e+01 
4.976956e+01 
4.976956e+01 
4.976956e+01 
4.976956e+01 
4.976956e+01 
4.976956e+01 
4.976956e+01 
4.976956e+01 
4.976956e+01 
4.976956e+01 
4.976956e+01 
4.976956e+01 
4.976956e+01 
4.976956e+01 
4.976956e+01 
4.976956e+01 
4.976956e+01 
4.976956e+01 
4.976956e+01 
4.976956e+01 
4.976956e+01 
4.976956e+01 
4.976956e+01 
4.976956e+01 
4.976956e+01 
4.976956e+01 
4.976956e+01 
4.976956e+01 
4.976956e+01 
4.976956e+01 
4.976956e+01 
4.976956e+01 
4.976956e+01 
4.976956e+01 
4.976956e+01 
4.976956e+01 
4.976956e+01 
4.976956e+01 
4.976956e+01 
4.976956e+01 
4.976956e+01 
4.976956e+01 
4.976956e+01 
4.976956e+01 
4.976956e+01 
4.976956e+01 
4.976956e+01 
4.976956e+01 
4.976956e+01 
4.976956e+01 
4.976956e+01 
4.976956e+01 
4.976956e+01 
4.976956e+01 
4.976956e+01 
4.976956e+01 
4.976956e+01 
4.976956e+01 
4.976956e+01 
4.976956e+01 
4.976956e+01 
4.976956e+01 
4.976956e+01 
4.976956e+01 
4.976956e+01 
4.976956e+01 
4.976956e+01 
4.976956e+01 
4.976956e+01 
4.976956e+01 
4.976956e+01 
4.976956e+01 
4.976956e+01 
4.976956e+01 
4.976956e+01 
4.976956e+01 
4.976956e+01 
4.976956e+01 
4.976956e+01 
4.976956e+01 
4.976956e+01 
4.976956e+01 
4.976956e+01 
4.976956e+01 
4.976956e+01 
4.976956e+01 
4.976956e+01 
4.976956e+01 
4.976956e+01 
4.976956e+01 
4.976956e+01 
4.976956e+01 
4.976956e+01 
4.976956e+01 
4.976956e+01 
4.976956e+01 
4.976956e+01 
4.976956e+01 
4.976956e+01 
4.976956e+01 
4.976956e+01 
4.976956e+01 
4.976956e+01 
4.976956e+01 
4.976956e+01 
4.976956e+01 
4.976956e+01 
4.976956e+01 
4.976956e+01 
4.976956e+01 
4.976956e+01 
4.976956e+01 
4.976956e+01 
4.976956e+01 
4.976956e+01 
4.976956e+01 
4.976956e+01 
4.976956e+01 
4.976956e+01 
4.976956e+01 
4.976956e+01 
4.976956e+01 
4.976956e+01 
4.976956e+01 
4.976956e+01 
4.976956e+01 
4.976956e+01 
4.976956e+01 
4.976956e+01 
4.976956e+01 
4.976956e+01 
4.976956e+01 
4.976956e+01 
4.976956e+01 
4.976956e+01 
4.976956e+01 
4.976956e+01 
4.976956e+01 
4.976956e+01 
4.976956e+01 
4.976956e+01 
4.976956e+01 
4.976956e+01 
4.976956e+01 
4.976956e+01 
4.976956e+01 
4.976956e+01 
4.976956e+01 
4.976956e+01 
4.976956e+01 
4.976956e+01 
4.976956e+01 
4.976956e+01 
4.976956e+01 
4.976956e+01 
4.976956e+01 
4.976956e+01 
4.976956e+01 
4.976956e+01 
4.976956e+01 
4.976956e+01 
4.976956e+01 
4.976956e+01 
4.976956e+01 
4.976956e+01 
4.976956e+01 
4.976956e+01 
4.976956e+01 
4.976956e+01 
4.976956e+01 
4.976956e+01 
4.976956e+01 
4.976956e+01 
4.976956e+01 
4.976956e+01 
4.976956e+01 
4.976956e+01 
4.976956e+01 
4.976956e+01 
4.976956e+01 
4.976956e+01 
4.976956e+01 
4.976956e+01 
4.976956e+01 
4.976956e+01 
4.976956e+01 
4.976956e+01 
4.976956e+01 
4.976956e+01 
4.976956e+01 
4.976956e+01 
4.976956e+01 
4.976956e+01 
4.976956e+01 
4.976956e+01 
4.976956e+01 
4.976956e+01 
4.976956e+01 
4.976956e+01 
4.976956e+01 
4.976956e+01 
4.976956e+01 
4.976956e+01 
4.976956e+01 
4.976956e+01 
4.976956e+01 
4.976956e+01 
4.976956e+01 
4.976956e+01 
4.976956e+01 
4.976956e+01 
4.976956e+01 
4.976956e+01 
4.976956e+01 
4.976956e+01 
4.976956e+01 
4.976956e+01 
4.976956e+01 
4.976956e+01 
4.976956e+01 
4.976956e+01 
4.976956e+01 
4.976956e+01 
4.976956e+01 
4.976956e+01 
4.976956e+01 
4.976956e+01 
4.976956e+01 
4.976956e+01 
4.976956e+01 
4.976956e+01 
4.976956e+01 
4.976956e+01 
4.976956e+01 
4.976956e+01 
4.976956e+01 
4.976956e+01 
4.976956e+01 
4.976956e+01 
4.976956e+01 
4.976956e+01 
4.976956e+01 
4.976956e+01 
4.976956e+01 
4.976956e+01 
4.976956e+01 
4.976956e+01 
4.976956e+01 
4.976956e+01 
4.976956e+01 
4.976956e+01 
4.976956e+01 
4.976956e+01 
4.976956e+01 
4.976956e+01 
4.976956e+01 
4.976956e+01 
4.976956e+01 
4.976956e+01 
4.976956e+01 
4.976956e+01 
4.976956e+01 
4.976956e+01 
4.976956e+01 
4.976956e+01 
4.976956e+01 
4.976956e+01 
4.976956e+01 
4.976956e+01 
4.976956e+01 
4.976956e+01 
4.976956e+01 
4.976956e+01 
4.976956e+01 
4.976956e+01 
4.976956e+01 
4.976956e+01 
4.976956e+01 
4.976956e+01 
4.976956e+01 
4.976956e+01 
4.976956e+01 
4.976956e+01 
4.976956e+01 
4.976956e+01 
4.976956e+01 
4.976956e+01 
4.976956e+01 
4.976956e+01 
4.976956e+01 
4.976956e+01 
4.976956e+01 
4.976956e+01 
4.976956e+01 
4.976956e+01 
4.976956e+01 
4.976956e+01 
4.976956e+01 
4.976956e+01 
4.976956e+01 
4.976956e+01 
4.976956e+01 
4.976956e+01 
4.976956e+01 
4.976956e+01 
4.976956e+01 
4.976956e+01 
4.976956e+01 
4.976956e+01 
4.976956e+01 
4.976956e+01 
4.976956e+01 
4.976956e+01 
4.976956e+01 
4.976956e+01 
4.976956e+01 
4.976956e+01 
4.976956e+01 
4.976956e+01 
4.976956e+01 
4.976956e+01 
4.976956e+01 
4.976956e+01 
4.976956e+01 
4.976956e+01 
4.976956e+01 
4.976956e+01 
4.976956e+01 
4.976956e+01 
4.976956e+01 
4.976956e+01 
4.976956e+01 
4.976956e+01 
4.976956e+01 
4.976956e+01 
4.976956e+01 
4.976956e+01 
4.976956e+01 
4.976956e+01 
4.976956e+01 
4.976956e+01 
4.976956e+01 
4.976956e+01 
4.976956e+01 
4.976956e+01 
4.976956e+01 
4.976956e+01 
4.976956e+01 
4.976956e+01 
4.976956e+01 
4.976956e+01 
4.976956e+01 
4.976956e+01 
4.976956e+01 
4.976956e+01 
4.976956e+01 
4.976956e+01 
4.976956e+01 
4.976956e+01 
4.976956e+01 
4.976956e+01 
4.976956e+01 
4.976956e+01 
4.976956e+01 
4.976956e+01 
4.976956e+01 
4.976956e+01 
4.976956e+01 
4.976956e+01 
4.976956e+01 
4.976956e+01 
4.976956e+01 
4.976956e+01 
4.976956e+01 
4.976956e+01 
4.976956e+01 
4.976956e+01 
4.976956e+01 
4.976956e+01 
4.976956e+01 
4.976956e+01 
4.976956e+01 
4.976956e+01 
4.976956e+01 
4.976956e+01 
4.976956e+01 
4.976956e+01 
4.976956e+01 
4.976956e+01 
4.976956e+01 
4.976956e+01 
4.976956e+01 
4.976956e+01 
4.976956e+01 
4.976956e+01 
4.976956e+01 
4.976956e+01 
4.976956e+01 
4.976956e+01 
4.976956e+01 
4.976956e+01 
4.976956e+01 
4.976956e+01 
4.976956e+01 
4.976956e+01 
4.976956e+01 
4.976956e+01 
4.976956e+01 
4.976956e+01 
4.976956e+01 
4.976956e+01 
4.976956e+01 
4.976956e+01 
4.976956e+01 
4.976956e+01 
4.976956e+01 
4.976956e+01 
4.976956e+01 
4.976956e+01 
4.976956e+01 
4.976956e+01 
4.976956e+01 
4.976956e+01 
4.976956e+01 
4.976956e+01 
4.976956e+01 
4.976956e+01 
4.976956e+01 
4.976956e+01 
4.976956e+01 
4.976956e+01 
4.976956e+01 
4.976956e+01 
4.976956e+01 
4.976956e+01 
4.976956e+01 
4.976956e+01 
4.976956e+01 
4.976956e+01 
4.976956e+01 
4.976956e+01 
4.976956e+01 
4.976956e+01 
4.976956e+01 
4.976956e+01 
4.976956e+01 
4.976956e+01 
4.976956e+01 
4.976956e+01 
4.976956e+01 
4.976956e+01 
4.976956e+01 
4.976956e+01 
4.976956e+01 
4.976956e+01 
4.976956e+01 
4.976956e+01 
4.976956e+01 
4.976956e+01 
4.976956e+01 
4.976956e+01 
4.976956e+01 
4.976956e+01 
4.976956e+01 
4.976956e+01 
4.976956e+01 
4.976956e+01 
4.976956e+01 
4.976956e+01 
4.976956e+01 
4.976956e+01 
4.976956e+01 
4.976956e+01 
4.976956e+01 
4.976956e+01 
4.976956e+01 
4.976956e+01 
4.976956e+01 
4.976956e+01 
4.976956e+01 
4.976956e+01 
4.976956e+01 
4.976956e+01 
4.976956e+01 
4.976956e+01 
4.976956e+01 
4.976956e+01 
4.976956e+01 
4.976956e+01 
4.976956e+01 
4.976956e+01 
4.976956e+01 
4.976956e+01 
4.976956e+01 
4.976956e+01 
4.976956e+01 
4.976956e+01 
4.976956e+01 
4.976956e+01 
4.976956e+01 
4.976956e+01 
4.976956e+01 
4.976956e+01 
4.976956e+01 
4.976956e+01 
4.976956e+01 
4.976956e+01 
4.976956e+01 
4.976956e+01 
4.976956e+01 
4.976956e+01 
4.976956e+01 
4.976956e+01 
4.976956e+01 
4.976956e+01 
4.976956e+01 
4.976956e+01 
4.976956e+01 
4.976956e+01 
4.976956e+01 
4.976956e+01 
4.976956e+01 
4.976956e+01 
4.976956e+01 
4.976956e+01 
4.976956e+01 
4.976956e+01 
4.976956e+01 
4.976956e+01 
4.976956e+01 
4.976956e+01 
4.976956e+01 
4.976956e+01 
4.976956e+01 
4.976956e+01 
4.976956e+01 
4.976956e+01 
4.976956e+01 
4.976956e+01 
4.976956e+01 
4.976956e+01 
4.976956e+01 
4.976956e+01 
4.976956e+01 
4.976956e+01 
4.976956e+01 
4.976956e+01 
4.976956e+01 
4.976956e+01 
4.976956e+01 
4.976956e+01 
4.976956e+01 
4.976956e+01 
4.976956e+01 
4.976956e+01 
4.976956e+01 
4.976956e+01 
4.976956e+01 
4.976956e+01 
4.976956e+01 
4.976956e+01 
4.976956e+01 
4.976956e+01 
4.976956e+01 
4.976956e+01 
4.976956e+01 
4.976956e+01 
4.976956e+01 
4.976956e+01 
4.976956e+01 
4.976956e+01 
4.976956e+01 
4.976956e+01 
4.976956e+01 
4.976956e+01 
4.976956e+01 
4.976956e+01 
4.976956e+01 
4.976956e+01 
4.976956e+01 
4.976956e+01 
4.976956e+01 
4.976956e+01 
4.976956e+01 
4.976956e+01 
4.976956e+01 
4.976956e+01 
4.976956e+01 
4.976956e+01 
4.976956e+01 
4.976956e+01 
4.976956e+01 
4.976956e+01 
4.976956e+01 
4.976956e+01 
4.976956e+01 
4.976956e+01 
4.976956e+01 
4.976956e+01 
4.976956e+01 
4.976956e+01 
4.976956e+01 
4.976956e+01 
4.976956e+01 
4.976956e+01 
4.976956e+01 
4.976956e+01 
4.976956e+01 
4.976956e+01 
4.976956e+01 
4.976956e+01 
4.976956e+01 
4.976956e+01 
4.976956e+01 
4.976956e+01 
4.976956e+01 
4.976956e+01 
4.976956e+01 
4.976956e+01 
4.976956e+01 
4.976956e+01 
4.976956e+01 
4.976956e+01 
4.976956e+01 
4.976956e+01 
4.976956e+01 
4.976956e+01 
4.976956e+01 
4.976956e+01 
4.976956e+01 
4.976956e+01 
4.976956e+01 
4.976956e+01 
4.976956e+01 
4.976956e+01 
4.976956e+01 
4.976956e+01 
4.976956e+01 
4.976956e+01 
4.976956e+01 
4.976956e+01 
4.976956e+01 
4.976956e+01 
4.976956e+01 
4.976956e+01 
4.976956e+01 
4.976956e+01 
4.976956e+01 
4.976956e+01 
4.976956e+01 
4.976956e+01 
4.976956e+01 
4.976956e+01 
4.976956e+01 
4.976956e+01 
4.976956e+01 
4.976956e+01 
4.976956e+01 
4.976956e+01 
4.976956e+01 
4.976956e+01 
4.976956e+01 
4.976956e+01 
4.976956e+01 
4.976956e+01 
4.976956e+01 
4.976956e+01 
4.976956e+01 
4.976956e+01 
4.976956e+01 
4.976956e+01 
4.976956e+01 
4.976956e+01 
4.976956e+01 
4.976956e+01 
4.976956e+01 
4.976956e+01 
4.976956e+01 
4.976956e+01 
4.976956e+01 
4.976956e+01 
4.976956e+01 
4.976956e+01 
4.976956e+01 
4.976956e+01 
4.976956e+01 
4.976956e+01 
4.976956e+01 
4.976956e+01 
4.976956e+01 
4.976956e+01 
4.976956e+01 
4.976956e+01 
4.976956e+01 
4.976956e+01 
4.976956e+01 
4.976956e+01 
4.976956e+01 
4.976956e+01 
4.976956e+01 
4.976956e+01 
4.976956e+01 
4.976956e+01 
4.976956e+01 
4.976956e+01 
4.976956e+01 
4.976956e+01 
4.976956e+01 
4.976956e+01 
4.976956e+01 
4.976956e+01 
4.976956e+01 
4.976956e+01 
4.976956e+01 
4.976956e+01 
4.976956e+01 
4.976956e+01 
4.976956e+01 
4.976956e+01 
4.976956e+01 
4.976956e+01 
4.976956e+01 
4.976956e+01 
4.976956e+01 
4.976956e+01 
4.976956e+01 
4.976956e+01 
4.976956e+01 
4.976956e+01 
4.976956e+01 
4.976956e+01 
4.976956e+01 
4.976956e+01 
4.976956e+01 
4.976956e+01 
4.976956e+01 
4.976956e+01 
4.976956e+01 
4.976956e+01 
4.976956e+01 
4.976956e+01 
4.976956e+01 
4.976956e+01 
4.976956e+01 
4.976956e+01 
4.976956e+01 
4.976956e+01 
4.976956e+01 
4.976956e+01 
4.976956e+01 
4.976956e+01 
4.976956e+01 
4.976956e+01 
4.976956e+01 
4.976956e+01 
4.976956e+01 
4.976956e+01 
4.976956e+01 
4.976956e+01 
4.976956e+01 
4.976956e+01 
4.976956e+01 
4.976956e+01 
4.976956e+01 
4.976956e+01 
4.976956e+01 
4.976956e+01 
4.976956e+01 
4.976956e+01 
4.976956e+01 
4.976956e+01 
4.976956e+01 
4.976956e+01 
4.976956e+01 
4.976956e+01 
4.976956e+01 
4.976956e+01 
4.976956e+01 
4.976956e+01 
4.976956e+01 
4.976956e+01 
4.976956e+01 
4.976956e+01 
4.976956e+01 
4.976956e+01 
4.976956e+01 
4.976956e+01 
4.976956e+01 
4.976956e+01 
4.976956e+01 
4.976956e+01 
4.976956e+01 
4.976956e+01 
4.976956e+01 
4.976956e+01 
4.976956e+01 
4.976956e+01 
4.976956e+01 
4.976956e+01 
4.976956e+01 
4.976956e+01 
4.976956e+01 
4.976956e+01 
4.976956e+01 
4.976956e+01 
4.976956e+01 
4.976956e+01 
4.976956e+01 
4.976956e+01 
4.976956e+01 
4.976956e+01 
4.976956e+01 
4.976956e+01 
4.976956e+01 
4.976956e+01 
4.976956e+01 
4.976956e+01 
4.976956e+01 
4.976956e+01 
4.976956e+01 
4.976956e+01 
4.976956e+01 
4.976956e+01 
4.976956e+01 
4.976956e+01 
4.976956e+01 
4.976956e+01 
4.976956e+01 
4.976956e+01 
4.976956e+01 
4.976956e+01 
4.976956e+01 
4.976956e+01 
4.976956e+01 
4.976956e+01 
4.976956e+01 
4.976956e+01 
4.976956e+01 
4.976956e+01 
4.976956e+01 
4.976956e+01 
4.976956e+01 
4.976956e+01 
4.976956e+01 
4.976956e+01 
4.976956e+01 
4.976956e+01 
4.976956e+01 
4.976956e+01 
4.976956e+01 
4.976956e+01 
4.976956e+01 
4.976956e+01 
4.976956e+01 
4.976956e+01 
4.976956e+01 
4.976956e+01 
4.976956e+01 
4.976956e+01 
4.976956e+01 
4.976956e+01 
4.976956e+01 
4.976956e+01 
4.976956e+01 
4.976956e+01 
4.976956e+01 
4.976956e+01 
4.976956e+01 
4.976956e+01 
4.976956e+01 
4.976956e+01 
4.976956e+01 
4.976956e+01 
4.976956e+01 
4.976956e+01 
4.976956e+01 
4.976956e+01 
4.976956e+01 
4.976956e+01 
4.976956e+01 
4.976956e+01 
4.976956e+01 
4.976956e+01 
4.976956e+01 
4.976956e+01 
4.976956e+01 
4.976956e+01 
4.976956e+01 
4.976956e+01 
4.976956e+01 
4.976956e+01 
4.976956e+01 
4.976956e+01 
4.976956e+01 
4.976956e+01 
4.976956e+01 
4.976956e+01 
4.976956e+01 
4.976956e+01 
4.976956e+01 
4.976956e+01 
4.976956e+01 
4.976956e+01 
4.976956e+01 
4.976956e+01 
4.976956e+01 
4.976956e+01 
4.976956e+01 
4.976956e+01 
4.976956e+01 
4.976956e+01 
4.976956e+01 
4.976956e+01 
4.976956e+01 
4.976956e+01 
4.976956e+01 
4.976956e+01 
4.976956e+01 
4.976956e+01 
4.976956e+01 
4.976956e+01 
4.976956e+01 
4.976956e+01 
4.976956e+01 
4.976956e+01 
4.976956e+01 
4.976956e+01 
4.976956e+01 
4.976956e+01 
4.976956e+01 
4.976956e+01 
4.976956e+01 
4.976956e+01 
4.976956e+01 
4.976956e+01 
4.976956e+01 
4.976956e+01 
4.976956e+01 
4.976956e+01 
4.976956e+01 
4.976956e+01 
4.976956e+01 
4.976956e+01 
4.976956e+01 
4.976956e+01 
4.976956e+01 
4.976956e+01 
4.976956e+01 
4.976956e+01 
4.976956e+01 
4.976956e+01 
4.976956e+01 
4.976956e+01 
4.976956e+01 
4.976956e+01 
4.976956e+01 
4.976956e+01 
4.976956e+01 
4.976956e+01 
4.976956e+01 
4.976956e+01 
4.976956e+01 
4.976956e+01 
4.976956e+01 
4.976956e+01 
4.976956e+01 
4.976956e+01 
4.976956e+01 
4.976956e+01 
4.976956e+01 
4.976956e+01 
4.976956e+01 
4.976956e+01 
4.976956e+01 
4.976956e+01 
4.976956e+01 
4.976956e+01 
4.976956e+01 
4.976956e+01 
4.976956e+01 
4.976956e+01 
4.976956e+01 
4.976956e+01 
4.976956e+01 
4.976956e+01 
4.976956e+01 
4.976956e+01 
4.976956e+01 
4.976956e+01 
4.976956e+01 
4.976956e+01 
4.976956e+01 
4.976956e+01 
4.976956e+01 
4.976956e+01 
4.976956e+01 
4.976956e+01 
4.976956e+01 
4.976956e+01 
4.976956e+01 
4.976956e+01 
4.976956e+01 
4.976956e+01 
4.976956e+01 
4.976956e+01 
4.976956e+01 
4.976956e+01 
4.976956e+01 
4.976956e+01 
4.976956e+01 
4.976956e+01 
4.976956e+01 
4.976956e+01 
4.976956e+01 
4.976956e+01 
4.976956e+01 
4.976956e+01 
4.976956e+01 
4.976956e+01 
4.976956e+01 
4.976956e+01 
4.976956e+01 
4.976956e+01 
4.976956e+01 
4.976956e+01 
4.976956e+01 
4.976956e+01 
4.976956e+01 
4.976956e+01 
4.976956e+01 
4.976956e+01 
4.976956e+01 
4.976956e+01 
4.976956e+01 
4.976956e+01 
4.976956e+01 
4.976956e+01 
4.976956e+01 
4.976956e+01 
4.976956e+01 
4.976956e+01 
4.976956e+01 
4.976956e+01 
4.976956e+01 
4.976956e+01 
4.976956e+01 
4.976956e+01 
4.976956e+01 
4.976956e+01 
4.976956e+01 
4.976956e+01 
4.976956e+01 
4.976956e+01 
4.976956e+01 
4.976956e+01 
4.976956e+01 
4.976956e+01 
4.976956e+01 
4.976956e+01 
4.976956e+01 
4.976956e+01 
4.976956e+01 
4.976956e+01 
4.976956e+01 
4.976956e+01 
4.976956e+01 
4.976956e+01 
4.976956e+01 
4.976956e+01 
4.976956e+01 
4.976956e+01 
4.976956e+01 
4.976956e+01 
4.976956e+01 
4.976956e+01 
4.976956e+01 
4.976956e+01 
4.976956e+01 
4.976956e+01 
4.976956e+01 
4.976956e+01 
4.976956e+01 
4.976956e+01 
4.976956e+01 
4.976956e+01 
4.976956e+01 
4.976956e+01 
4.976956e+01 
4.976956e+01 
4.976956e+01 
4.976956e+01 
4.976956e+01 
4.976956e+01 
4.976956e+01 
4.976956e+01 
4.976956e+01 
4.976956e+01 
4.976956e+01 
4.976956e+01 
4.976956e+01 
4.976956e+01 
4.976956e+01 
4.976956e+01 
4.976956e+01 
4.976956e+01 
4.976956e+01 
4.976956e+01 
4.976956e+01 
4.976956e+01 
4.976956e+01 
4.976956e+01 
4.976956e+01 
4.976956e+01 
4.976956e+01 
4.976956e+01 
4.976956e+01 
4.976956e+01 
4.976956e+01 
4.976956e+01 
4.976956e+01 
4.976956e+01 
4.976956e+01 
4.976956e+01 
4.976956e+01 
4.976956e+01 
4.976956e+01 
4.976956e+01 
4.976956e+01 
4.976956e+01 
4.976956e+01 
4.976956e+01 
4.976956e+01 
4.976956e+01 
4.976956e+01 
4.976956e+01 
4.976956e+01 
4.976956e+01 
4.976956e+01 
4.976956e+01 
4.976956e+01 
4.976956e+01 
4.976956e+01 
4.976956e+01 
4.976956e+01 
4.976956e+01 
4.976956e+01 
4.976956e+01 
4.976956e+01 
4.976956e+01 
4.976956e+01 
4.976956e+01 
4.976956e+01 
4.976956e+01 
4.976956e+01 
4.976956e+01 
4.976956e+01 
4.976956e+01 
4.976956e+01 
4.976956e+01 
4.976956e+01 
4.976956e+01 
4.976956e+01 
4.976956e+01 
4.976956e+01 
4.976956e+01 
4.976956e+01 
4.976956e+01 
4.976956e+01 
4.976956e+01 
4.976956e+01 
4.976956e+01 
4.976956e+01 
4.976956e+01 
4.976956e+01 
4.976956e+01 
4.976956e+01 
4.976956e+01 
4.976956e+01 
4.976956e+01 
4.976956e+01 
4.976956e+01 
4.976956e+01 
4.976956e+01 
4.976956e+01 
4.976956e+01 
4.976956e+01 
4.976956e+01 
4.976956e+01 
4.976956e+01 
4.976956e+01 
4.976956e+01 
4.976956e+01 
4.976956e+01 
4.976956e+01 
4.976956e+01 
4.976956e+01 
4.976956e+01 
4.976956e+01 
4.976956e+01 
4.976956e+01 
4.976956e+01 
4.976956e+01 
4.976956e+01 
4.976956e+01 
4.976956e+01 
4.976956e+01 
4.976956e+01 
4.976956e+01 
4.976956e+01 
4.976956e+01 
4.976956e+01 
4.976956e+01 
4.976956e+01 
4.976956e+01 
4.976956e+01 
4.976956e+01 
4.976956e+01 
4.976956e+01 
4.976956e+01 
4.976956e+01 
4.976956e+01 
4.976956e+01 
4.976956e+01 
4.976956e+01 
4.976956e+01 
4.976956e+01 
4.976956e+01 
4.976956e+01 
4.976956e+01 
4.976956e+01 
4.976956e+01 
4.976956e+01 
4.976956e+01 
4.976956e+01 
4.976956e+01 
4.976956e+01 
4.976956e+01 
4.976956e+01 
4.976956e+01 
4.976956e+01 
4.976956e+01 
4.976956e+01 
4.976956e+01 
4.976956e+01 
4.976956e+01 
4.976956e+01 
4.976956e+01 
4.976956e+01 
4.976956e+01 
4.976956e+01 
4.976956e+01 
4.976956e+01 
4.976956e+01 
4.976956e+01 
4.976956e+01 
4.976956e+01 
4.976956e+01 
4.976956e+01 
4.976956e+01 
4.976956e+01 
4.976956e+01 
4.976956e+01 
4.976956e+01 
4.976956e+01 
4.976956e+01 
4.976956e+01 
4.976956e+01 
4.976956e+01 
4.976956e+01 
4.976956e+01 
4.976956e+01 
4.976956e+01 
4.976956e+01 
4.976956e+01 
4.976956e+01 
4.976956e+01 
4.976956e+01 
4.976956e+01 
4.976956e+01 
4.976956e+01 
4.976956e+01 
4.976956e+01 
4.976956e+01 
4.976956e+01 
4.976956e+01 
4.976956e+01 
4.976956e+01 
4.976956e+01 
4.976956e+01 
4.976956e+01 
4.976956e+01 
4.976956e+01 
4.976956e+01 
4.976956e+01 
4.976956e+01 
4.976956e+01 
4.976956e+01 
4.976956e+01 
4.976956e+01 
4.976956e+01 
4.976956e+01 
4.976956e+01 
4.976956e+01 
4.976956e+01 
4.976956e+01 
4.976956e+01 
4.976956e+01 
4.976956e+01 
4.976956e+01 
4.976956e+01 
4.976956e+01 
4.976956e+01 
4.976956e+01 
4.976956e+01 
4.976956e+01 
4.976956e+01 
4.976956e+01 
4.976956e+01 
4.976956e+01 
4.976956e+01 
4.976956e+01 
4.976956e+01 
4.976956e+01 
4.976956e+01 
4.976956e+01 
4.976956e+01 
4.976956e+01 
4.976956e+01 
4.976956e+01 
4.976956e+01 
4.976956e+01 
4.976956e+01 
4.976956e+01 
4.976956e+01 
4.976956e+01 
4.976956e+01 
4.976956e+01 
4.976956e+01 
4.976956e+01 
4.976956e+01 
4.976956e+01 
4.976956e+01 
4.976956e+01 
4.976956e+01 
4.976956e+01 
4.976956e+01 
4.976956e+01 
4.976956e+01 
4.976956e+01 
4.976956e+01 
4.976956e+01 
4.976956e+01 
4.976956e+01 
4.976956e+01 
4.976956e+01 
4.976956e+01 
4.976956e+01 
4.976956e+01 
4.976956e+01 
4.976956e+01 
4.976956e+01 
4.976956e+01 
4.976956e+01 
4.976956e+01 
4.976956e+01 
4.976956e+01 
4.976956e+01 
4.976956e+01 
4.976956e+01 
4.976956e+01 
4.976956e+01 
4.976956e+01 
4.976956e+01 
4.976956e+01 
4.976956e+01 
4.976956e+01 
4.976956e+01 
4.976956e+01 
4.976956e+01 
4.976956e+01 
4.976956e+01 
4.976956e+01 
4.976956e+01 
4.976956e+01 
4.976956e+01 
4.976956e+01 
4.976956e+01 
4.976956e+01 
4.976956e+01 
4.976956e+01 
4.976956e+01 
4.976956e+01 
4.976956e+01 
4.976956e+01 
4.976956e+01 
4.976956e+01 
4.976956e+01 
4.976956e+01 
4.976956e+01 
4.976956e+01 
4.976956e+01 
4.976956e+01 
4.976956e+01 
4.976956e+01 
4.976956e+01 
4.976956e+01 
4.976956e+01 
4.976956e+01 
4.976956e+01 
4.976956e+01 
4.976956e+01 
4.976956e+01 
4.976956e+01 
4.976956e+01 
4.976956e+01 
4.976956e+01 
4.976956e+01 
4.976956e+01 
4.976956e+01 
4.976956e+01 
4.976956e+01 
4.976956e+01 
4.976956e+01 
4.976956e+01 
4.976956e+01 
4.976956e+01 
4.976956e+01 
4.976956e+01 
4.976956e+01 
4.976956e+01 
4.976956e+01 
4.976956e+01 
4.976956e+01 
4.976956e+01 
4.976956e+01 
4.976956e+01 
4.976956e+01 
4.976956e+01 
4.976956e+01 
4.976956e+01 
4.976956e+01 
4.976956e+01 
4.976956e+01 
4.976956e+01 
4.976956e+01 
4.976956e+01 
4.976956e+01 
4.976956e+01 
4.976956e+01 
4.976956e+01 
4.976956e+01 
4.976956e+01 
4.976956e+01 
4.976956e+01 
4.976956e+01 
4.976956e+01 
4.976956e+01 
4.976956e+01 
4.976956e+01 
4.976956e+01 
4.976956e+01 
4.976956e+01 
4.976956e+01 
4.976956e+01 
4.976956e+01 
4.976956e+01 
4.976956e+01 
4.976956e+01 
4.976956e+01 
4.976956e+01 
4.976956e+01 
4.976956e+01 
4.976956e+01 
4.976956e+01 
4.976956e+01 
4.976956e+01 
4.976956e+01 
4.976956e+01 
4.976956e+01 
4.976956e+01 
4.976956e+01 
4.976956e+01 
4.976956e+01 
4.976956e+01 
4.976956e+01 
4.976956e+01 
4.976956e+01 
4.976956e+01 
4.976956e+01 
4.976956e+01 
4.976956e+01 
4.976956e+01 
4.976956e+01 
4.976956e+01 
4.976956e+01 
4.976956e+01 
4.976956e+01 
4.976956e+01 
4.976956e+01 
4.976956e+01 
4.976956e+01 
4.976956e+01 
4.976956e+01 
4.976956e+01 
4.976956e+01 
4.976956e+01 
4.976956e+01 
4.976956e+01 
4.976956e+01 
4.976956e+01 
4.976956e+01 
4.976956e+01 
4.976956e+01 
4.976956e+01 
4.976956e+01 
4.976956e+01 
4.976956e+01 
4.976956e+01 
4.976956e+01 
4.976956e+01 
4.976956e+01 
4.976956e+01 
4.976956e+01 
4.976956e+01 
4.976956e+01 
4.976956e+01 
4.976956e+01 
4.976956e+01 
4.976956e+01 
4.976956e+01 
4.976956e+01 
4.976956e+01 
4.976956e+01 
4.976956e+01 
4.976956e+01 
4.976956e+01 
4.976956e+01 
4.976956e+01 
4.976956e+01 
4.976956e+01 
4.976956e+01 
4.976956e+01 
4.976956e+01 
4.976956e+01 
4.976956e+01 
4.976956e+01 
4.976956e+01 
4.976956e+01 
4.976956e+01 
4.976956e+01 
4.976956e+01 
4.976956e+01 
4.976956e+01 
4.976956e+01 
4.976956e+01 
4.976956e+01 
4.976956e+01 
4.976956e+01 
4.976956e+01 
4.976956e+01 
4.976956e+01 
4.976956e+01 
4.976956e+01 
4.976956e+01 
4.976956e+01 
4.976956e+01 
4.976956e+01 
4.976956e+01 
4.976956e+01 
4.976956e+01 
4.976956e+01 
4.976956e+01 
4.976956e+01 
4.976956e+01 
4.976956e+01 
4.976956e+01 
4.976956e+01 
4.976956e+01 
4.976956e+01 
4.976956e+01 
4.976956e+01 
4.976956e+01 
4.976956e+01 
4.976956e+01 
4.976956e+01 
4.976956e+01 
4.976956e+01 
4.976956e+01 
4.976956e+01 
4.976956e+01 
4.976956e+01 
4.976956e+01 
4.976956e+01 
4.976956e+01 
4.976956e+01 
4.976956e+01 
4.976956e+01 
4.976956e+01 
4.976956e+01 
4.976956e+01 
4.976956e+01 
4.976956e+01 
4.976956e+01 
4.976956e+01 
4.976956e+01 
4.976956e+01 
4.976956e+01 
4.976956e+01 
4.976956e+01 
4.976956e+01 
4.976956e+01 
4.976956e+01 
4.976956e+01 
4.976956e+01 
4.976956e+01 
4.976956e+01 
4.976956e+01 
4.976956e+01 
4.976956e+01 
4.976956e+01 
4.976956e+01 
4.976956e+01 
4.976956e+01 
4.976956e+01 
4.976956e+01 
4.976956e+01 
4.976956e+01 
4.976956e+01 
4.976956e+01 
4.976956e+01 
4.976956e+01 
4.976956e+01 
4.976956e+01 
4.976956e+01 
4.976956e+01 
4.976956e+01 
4.976956e+01 
4.976956e+01 
4.976956e+01 
4.976956e+01 
4.976956e+01 
4.976956e+01 
4.976956e+01 
4.976956e+01 
4.976956e+01 
4.976956e+01 
4.976956e+01 
4.976956e+01 
4.976956e+01 
4.976956e+01 
4.976956e+01 
4.976956e+01 
4.976956e+01 
4.976956e+01 
4.976956e+01 
4.976956e+01 
4.976956e+01 
4.976956e+01 
4.976956e+01 
4.976956e+01 
4.976956e+01 
4.976956e+01 
4.976956e+01 
4.976956e+01 
4.976956e+01 
4.976956e+01 
4.976956e+01 
4.976956e+01 
4.976956e+01 
4.976956e+01 
4.976956e+01 
4.976956e+01 
4.976956e+01 
4.976956e+01 
4.976956e+01 
4.976956e+01 
4.976956e+01 
4.976956e+01 
4.976956e+01 
4.976956e+01 
4.976956e+01 
4.976956e+01 
4.976956e+01 
4.976956e+01 
4.976956e+01 
4.976956e+01 
4.976956e+01 
4.976956e+01 
4.976956e+01 
4.976956e+01 
4.976956e+01 
4.976956e+01 
4.976956e+01 
4.976956e+01 
4.976956e+01 
4.976956e+01 
4.976956e+01 
4.976956e+01 
4.976956e+01 
4.976956e+01 
4.976956e+01 
4.976956e+01 
4.976956e+01 
4.976956e+01 
4.976956e+01 
4.976956e+01 
4.976956e+01 
4.976956e+01 
4.976956e+01 
4.976956e+01 
4.976956e+01 
4.976956e+01 
4.976956e+01 
4.976956e+01 
4.976956e+01 
4.976956e+01 
4.976956e+01 
4.976956e+01 
4.976956e+01 
4.976956e+01 
4.976956e+01 
4.976956e+01 
4.976956e+01 
4.976956e+01 
4.976956e+01 
4.976956e+01 
4.976956e+01 
4.976956e+01 
4.976956e+01 
4.976956e+01 
4.976956e+01 
4.976956e+01 
4.976956e+01 
4.976956e+01 
4.976956e+01 
4.976956e+01 
4.976956e+01 
4.976956e+01 
4.976956e+01 
4.976956e+01 
4.976956e+01 
4.976956e+01 
4.976956e+01 
4.976956e+01 
4.976956e+01 
4.976956e+01 
4.976956e+01 
4.976956e+01 
4.976956e+01 
4.976956e+01 
4.976956e+01 
4.976956e+01 
4.976956e+01 
4.976956e+01 
4.976956e+01 
4.976956e+01 
4.976956e+01 
4.976956e+01 
4.976956e+01 
4.976956e+01 
4.976956e+01 
4.976956e+01 
4.976956e+01 
4.976956e+01 
4.976956e+01 
4.976956e+01 
4.976956e+01 
4.976956e+01 
4.976956e+01 
4.976956e+01 
4.976956e+01 
4.976956e+01 
4.976956e+01 
4.976956e+01 
4.976956e+01 
4.976956e+01 
4.976956e+01 
4.976956e+01 
4.976956e+01 
4.976956e+01 
4.976956e+01 
4.976956e+01 
4.976956e+01 
4.976956e+01 
4.976956e+01 
4.976956e+01 
4.976956e+01 
4.976956e+01 
4.976956e+01 
4.976956e+01 
4.976956e+01 
4.976956e+01 
4.976956e+01 
4.976956e+01 
4.976956e+01 
4.976956e+01 
4.976956e+01 
4.976956e+01 
4.976956e+01 
4.976956e+01 
4.976956e+01 
4.976956e+01 
4.976956e+01 
4.976956e+01 
4.976956e+01 
4.976956e+01 
4.976956e+01 
4.976956e+01 
4.976956e+01 
4.976956e+01 
4.976956e+01 
4.976956e+01 
4.976956e+01 
4.976956e+01 
4.976956e+01 
4.976956e+01 
4.976956e+01 
4.976956e+01 
4.976956e+01 
4.976956e+01 
4.976956e+01 
4.976956e+01 
4.976956e+01 
4.976956e+01 
4.976956e+01 
4.976956e+01 
4.976956e+01 
4.976956e+01 
4.976956e+01 
4.976956e+01 
4.976956e+01 
4.976956e+01 
4.976956e+01 
4.976956e+01 
4.976956e+01 
4.976956e+01 
4.976956e+01 
4.976956e+01 
4.976956e+01 
4.976956e+01 
4.976956e+01 
4.976956e+01 
4.976956e+01 
4.976956e+01 
4.976956e+01 
4.976956e+01 
4.976956e+01 
4.976956e+01 
4.976956e+01 
4.976956e+01 
4.976956e+01 
4.976956e+01 
4.976956e+01 
4.976956e+01 
4.976956e+01 
4.976956e+01 
4.976956e+01 
4.976956e+01 
4.976956e+01 
4.976956e+01 
4.976956e+01 
4.976956e+01 
4.976956e+01 
4.976956e+01 
4.976956e+01 
4.976956e+01 
4.976956e+01 
4.976956e+01 
4.976956e+01 
4.976956e+01 
4.976956e+01 
4.976956e+01 
4.976956e+01 
4.976956e+01 
4.976956e+01 
4.976956e+01 
4.976956e+01 
4.976956e+01 
4.976956e+01 
4.976956e+01 
4.976956e+01 
4.976956e+01 
4.976956e+01 
4.976956e+01 
4.976956e+01 
4.976956e+01 
4.976956e+01 
4.976956e+01 
4.976956e+01 
4.976956e+01 
4.976956e+01 
4.976956e+01 
4.976956e+01 
4.976956e+01 
4.976956e+01 
4.976956e+01 
4.976956e+01 
4.976956e+01 
4.976956e+01 
4.976956e+01 
4.976956e+01 
4.976956e+01 
4.976956e+01 
4.976956e+01 
4.976956e+01 
4.976956e+01 
4.976956e+01 
4.976956e+01 
4.976956e+01 
4.976956e+01 
4.976956e+01 
4.976956e+01 
4.976956e+01 
4.976956e+01 
4.976956e+01 
4.976956e+01 
4.976956e+01 
4.976956e+01 
4.976956e+01 
4.976956e+01 
4.976956e+01 
4.976956e+01 
4.976956e+01 
4.976956e+01 
4.976956e+01 
4.976956e+01 
4.976956e+01 
4.976956e+01 
4.976956e+01 
4.976956e+01 
4.976956e+01 
4.976956e+01 
4.976956e+01 
4.976956e+01 
4.976956e+01 
4.976956e+01 
4.976956e+01 
4.976956e+01 
4.976956e+01 
4.976956e+01 
4.976956e+01 
4.976956e+01 
4.976956e+01 
4.976956e+01 
4.976956e+01 
4.976956e+01 
4.976956e+01 
4.976956e+01 
4.976956e+01 
4.976956e+01 
4.976956e+01 
4.976956e+01 
4.976956e+01 
4.976956e+01 
4.976956e+01 
4.976956e+01 
4.976956e+01 
4.976956e+01 
4.976956e+01 
4.976956e+01 
4.976956e+01 
4.976956e+01 
4.976956e+01 
4.976956e+01 
4.976956e+01 
4.976956e+01 
4.976956e+01 
4.976956e+01 
4.976956e+01 
4.976956e+01 
4.976956e+01 
4.976956e+01 
4.976956e+01 
4.976956e+01 
4.976956e+01 
4.976956e+01 
4.976956e+01 
4.976956e+01 
4.976956e+01 
4.976956e+01 
4.976956e+01 
4.976956e+01 
4.976956e+01 
4.976956e+01 
4.976956e+01 
4.976956e+01 
4.976956e+01 
4.976956e+01 
4.976956e+01 
4.976956e+01 
4.976956e+01 
4.976956e+01 
4.976956e+01 
4.976956e+01 
4.976956e+01 
4.976956e+01 
4.976956e+01 
4.976956e+01 
4.976956e+01 
4.976956e+01 
4.976956e+01 
4.976956e+01 
4.976956e+01 
4.976956e+01 
4.976956e+01 
4.976956e+01 
4.976956e+01 
4.976956e+01 
4.976956e+01 
4.976956e+01 
4.976956e+01 
4.976956e+01 
4.976956e+01 
4.976956e+01 
4.976956e+01 
4.976956e+01 
4.976956e+01 
4.976956e+01 
4.976956e+01 
4.976956e+01 
4.976956e+01 
4.976956e+01 
4.976956e+01 
4.976956e+01 
4.976956e+01 
4.976956e+01 
4.976956e+01 
4.976956e+01 
4.976956e+01 
4.976956e+01 
4.976956e+01 
4.976956e+01 
4.976956e+01 
4.976956e+01 
4.976956e+01 
4.976956e+01 
4.976956e+01 
4.976956e+01 
4.976956e+01 
4.976956e+01 
4.976956e+01 
4.976956e+01 
4.976956e+01 
4.976956e+01 
4.976956e+01 
4.976956e+01 
4.976956e+01 
4.976956e+01 
4.976956e+01 
4.976956e+01 
4.976956e+01 
4.976956e+01 
4.976956e+01 
4.976956e+01 
4.976956e+01 
4.976956e+01 
4.976956e+01 
4.976956e+01 
4.976956e+01 
4.976956e+01 
4.976956e+01 
4.976956e+01 
4.976956e+01 
4.976956e+01 
4.976956e+01 
4.976956e+01 
4.976956e+01 
4.976956e+01 
4.976956e+01 
4.976956e+01 
4.976956e+01 
4.976956e+01 
4.976956e+01 
4.976956e+01 
4.976956e+01 
4.976956e+01 
4.976956e+01 
4.976956e+01 
4.976956e+01 
4.976956e+01 
4.976956e+01 
4.976956e+01 
4.976956e+01 
4.976956e+01 
4.976956e+01 
4.976956e+01 
4.976956e+01 
4.976956e+01 
4.976956e+01 
4.976956e+01 
4.976956e+01 
4.976956e+01 
4.976956e+01 
4.976956e+01 
4.976956e+01 
4.976956e+01 
4.976956e+01 
4.976956e+01 
4.976956e+01 
4.976956e+01 
4.976956e+01 
4.976956e+01 
4.976956e+01 
4.976956e+01 
4.976956e+01 
4.976956e+01 
4.976956e+01 
4.976956e+01 
4.976956e+01 
4.976956e+01 
4.976956e+01 
4.976956e+01 
4.976956e+01 
4.976956e+01 
4.976956e+01 
4.976956e+01 
4.976956e+01 
4.976956e+01 
4.976956e+01 
4.976956e+01 
4.976956e+01 
4.976956e+01 
4.976956e+01 
4.976956e+01 
4.976956e+01 
4.976956e+01 
4.976956e+01 
4.976956e+01 
4.976956e+01 
4.976956e+01 
4.976956e+01 
4.976956e+01 
4.976956e+01 
4.976956e+01 
4.976956e+01 
4.976956e+01 
4.976956e+01 
4.976956e+01 
4.976956e+01 
4.976956e+01 
4.976956e+01 
4.976956e+01 
4.976956e+01 
4.976956e+01 
4.976956e+01 
4.976956e+01 
4.976956e+01 
4.976956e+01 
4.976956e+01 
4.976956e+01 
4.976956e+01 
4.976956e+01 
4.976956e+01 
4.976956e+01 
4.976956e+01 
4.976956e+01 
4.976956e+01 
4.976956e+01 
4.976956e+01 
4.976956e+01 
4.976956e+01 
4.976956e+01 
4.976956e+01 
4.976956e+01 
4.976956e+01 
4.976956e+01 
4.976956e+01 
4.976956e+01 
4.976956e+01 
4.976956e+01 
4.976956e+01 
4.976956e+01 
4.976956e+01 
4.976956e+01 
4.976956e+01 
4.976956e+01 
4.976956e+01 
4.976956e+01 
4.976956e+01 
4.976956e+01 
4.976956e+01 
4.976956e+01 
4.976956e+01 
4.976956e+01 
4.976956e+01 
4.976956e+01 
4.976956e+01 
4.976956e+01 
4.976956e+01 
4.976956e+01 
4.976956e+01 
4.976956e+01 
4.976956e+01 
4.976956e+01 
4.976956e+01 
4.976956e+01 
4.976956e+01 
4.976956e+01 
4.976956e+01 
4.976956e+01 
4.976956e+01 
4.976956e+01 
4.976956e+01 
4.976956e+01 
4.976956e+01 
4.976956e+01 
4.976956e+01 
4.976956e+01 
4.976956e+01 
4.976956e+01 
4.976956e+01 
4.976956e+01 
4.976956e+01 
4.976956e+01 
4.976956e+01 
4.976956e+01 
4.976956e+01 
4.976956e+01 
4.976956e+01 
4.976956e+01 
4.976956e+01 
4.976956e+01 
4.976956e+01 
4.976956e+01 
4.976956e+01 
4.976956e+01 
4.976956e+01 
4.976956e+01 
4.976956e+01 
4.976956e+01 
4.976956e+01 
4.976956e+01 
4.976956e+01 
4.976956e+01 
4.976956e+01 
4.976956e+01 
4.976956e+01 
4.976956e+01 
4.976956e+01 
4.976956e+01 
4.976956e+01 
4.976956e+01 
4.976956e+01 
4.976956e+01 
4.976956e+01 
4.976956e+01 
4.976956e+01 
4.976956e+01 
4.976956e+01 
4.976956e+01 
4.976956e+01 
4.976956e+01 
4.976956e+01 
4.976956e+01 
4.976956e+01 
4.976956e+01 
4.976956e+01 
4.976956e+01 
4.976956e+01 
4.976956e+01 
4.976956e+01 
4.976956e+01 
4.976956e+01 
4.976956e+01 
4.976956e+01 
4.976956e+01 
4.976956e+01 
4.976956e+01 
4.976956e+01 
4.976956e+01 
4.976956e+01 
4.976956e+01 
4.976956e+01 
4.976956e+01 
4.976956e+01 
4.976956e+01 
4.976956e+01 
4.976956e+01 
4.976956e+01 
4.976956e+01 
4.976956e+01 
4.976956e+01 
4.976956e+01 
4.976956e+01 
4.976956e+01 
4.976956e+01 
4.976956e+01 
4.976956e+01 
4.976956e+01 
4.976956e+01 
4.976956e+01 
4.976956e+01 
4.976956e+01 
4.976956e+01 
4.976956e+01 
4.976956e+01 
4.976956e+01 
4.976956e+01 
4.976956e+01 
4.976956e+01 
4.976956e+01 
4.976956e+01 
4.976956e+01 
4.976956e+01 
4.976956e+01 
4.976956e+01 
4.976956e+01 
4.976956e+01 
4.976956e+01 
4.976956e+01 
4.976956e+01 
4.976956e+01 
4.976956e+01 
4.976956e+01 
4.976956e+01 
4.976956e+01 
4.976956e+01 
4.976956e+01 
4.976956e+01 
4.976956e+01 
4.976956e+01 
4.976956e+01 
4.976956e+01 
4.976956e+01 
4.976956e+01 
4.976956e+01 
4.976956e+01 
4.976956e+01 
4.976956e+01 
4.976956e+01 
4.976956e+01 
4.976956e+01 
4.976956e+01 
4.976956e+01 
4.976956e+01 
4.976956e+01 
4.976956e+01 
4.976956e+01 
4.976956e+01 
4.976956e+01 
4.976956e+01 
4.976956e+01 
4.976956e+01 
4.976956e+01 
4.976956e+01 
4.976956e+01 
4.976956e+01 
4.976956e+01 
4.976956e+01 
4.976956e+01 
4.976956e+01 
4.976956e+01 
4.976956e+01 
4.976956e+01 
4.976956e+01 
4.976956e+01 
4.976956e+01 
4.976956e+01 
4.976956e+01 
4.976956e+01 
4.976956e+01 
4.976956e+01 
4.976956e+01 
4.976956e+01 
4.976956e+01 
4.976956e+01 
4.976956e+01 
4.976956e+01 
4.976956e+01 
4.976956e+01 
4.976956e+01 
4.976956e+01 
4.976956e+01 
4.976956e+01 
4.976956e+01 
4.976956e+01 
4.976956e+01 
4.976956e+01 
4.976956e+01 
4.976956e+01 
4.976956e+01 
4.976956e+01 
4.976956e+01 
4.976956e+01 
4.976956e+01 
4.976956e+01 
4.976956e+01 
4.976956e+01 
4.976956e+01 
4.976956e+01 
4.976956e+01 
4.976956e+01 
4.976956e+01 
4.976956e+01 
4.976956e+01 
4.976956e+01 
4.976956e+01 
4.976956e+01 
4.976956e+01 
4.976956e+01 
4.976956e+01 
4.976956e+01 
4.976956e+01 
4.976956e+01 
4.976956e+01 
4.976956e+01 
4.976956e+01 
4.976956e+01 
4.976956e+01 
4.976956e+01 
4.976956e+01 
4.976956e+01 
4.976956e+01 
4.976956e+01 
4.976956e+01 
4.976956e+01 
4.976956e+01 
4.976956e+01 
4.976956e+01 
4.976956e+01 
4.976956e+01 
4.976956e+01 
4.976956e+01 
4.976956e+01 
4.976956e+01 
4.976956e+01 
4.976956e+01 
4.976956e+01 
4.976956e+01 
4.976956e+01 
4.976956e+01 
4.976956e+01 
4.976956e+01 
4.976956e+01 
4.976956e+01 
4.976956e+01 
4.976956e+01 
4.976956e+01 
4.976956e+01 
4.976956e+01 
4.976956e+01 
4.976956e+01 
4.976956e+01 
4.976956e+01 
4.976956e+01 
4.976956e+01 
4.976956e+01 
4.976956e+01 
4.976956e+01 
4.976956e+01 
4.976956e+01 
4.976956e+01 
4.976956e+01 
4.976956e+01 
4.976956e+01 
4.976956e+01 
4.976956e+01 
4.976956e+01 
4.976956e+01 
4.976956e+01 
4.976956e+01 
4.976956e+01 
4.976956e+01 
4.976956e+01 
4.976956e+01 
4.976956e+01 
4.976956e+01 
4.976956e+01 
4.976956e+01 
4.976956e+01 
4.976956e+01 
4.976956e+01 
4.976956e+01 
4.976956e+01 
4.976956e+01 
4.976956e+01 
4.976956e+01 
4.976956e+01 
4.976956e+01 
4.976956e+01 
4.976956e+01 
4.976956e+01 
4.976956e+01 
4.976956e+01 
4.976956e+01 
4.976956e+01 
4.976956e+01 
4.976956e+01 
4.976956e+01 
4.976956e+01 
4.976956e+01 
4.976956e+01 
4.976956e+01 
4.976956e+01 
4.976956e+01 
4.976956e+01 
4.976956e+01 
4.976956e+01 
4.976956e+01 
4.976956e+01 
4.976956e+01 
4.976956e+01 
4.976956e+01 
4.976956e+01 
4.976956e+01 
4.976956e+01 
4.976956e+01 
4.976956e+01 
4.976956e+01 
4.976956e+01 
4.976956e+01 
4.976956e+01 
4.976956e+01 
4.976956e+01 
4.976956e+01 
4.976956e+01 
4.976956e+01 
4.976956e+01 
4.976956e+01 
4.976956e+01 
4.976956e+01 
4.976956e+01 
4.976956e+01 
4.976956e+01 
4.976956e+01 
4.976956e+01 
4.976956e+01 
4.976956e+01 
4.976956e+01 
4.976956e+01 
4.976956e+01 
4.976956e+01 
4.976956e+01 
4.976956e+01 
4.976956e+01 
4.976956e+01 
4.976956e+01 
4.976956e+01 
4.976956e+01 
4.976956e+01 
4.976956e+01 
4.976956e+01 
4.976956e+01 
4.976956e+01 
4.976956e+01 
4.976956e+01 
4.976956e+01 
4.976956e+01 
4.976956e+01 
4.976956e+01 
4.976956e+01 
4.976956e+01 
4.976956e+01 
4.976956e+01 
4.976956e+01 
4.976956e+01 
4.976956e+01 
4.976956e+01 
4.976956e+01 
4.976956e+01 
4.976956e+01 
4.976956e+01 
4.976956e+01 
4.976956e+01 
4.976956e+01 
4.976956e+01 
4.976956e+01 
4.976956e+01 
4.976956e+01 
4.976956e+01 
4.976956e+01 
4.976956e+01 
4.976956e+01 
4.976956e+01 
4.976956e+01 
4.976956e+01 
4.976956e+01 
4.976956e+01 
4.976956e+01 
4.976956e+01 
4.976956e+01 
4.976956e+01 
4.976956e+01 
4.976956e+01 
4.976956e+01 
4.976956e+01 
4.976956e+01 
4.976956e+01 
4.976956e+01 
4.976956e+01 
4.976956e+01 
4.976956e+01 
4.976956e+01 
4.976956e+01 
4.976956e+01 
4.976956e+01 
4.976956e+01 
4.976956e+01 
4.976956e+01 
4.976956e+01 
4.976956e+01 
4.976956e+01 
4.976956e+01 
4.976956e+01 
4.976956e+01 
4.976956e+01 
4.976956e+01 
4.976956e+01 
4.976956e+01 
4.976956e+01 
4.976956e+01 
4.976956e+01 
4.976956e+01 
4.976956e+01 
4.976956e+01 
4.976956e+01 
4.976956e+01 
4.976956e+01 
4.976956e+01 
4.976956e+01 
4.976956e+01 
4.976956e+01 
4.976956e+01 
4.976956e+01 
4.976956e+01 
4.976956e+01 
4.976956e+01 
4.976956e+01 
4.976956e+01 
4.976956e+01 
4.976956e+01 
4.976956e+01 
4.976956e+01 
4.976956e+01 
4.976956e+01 
4.976956e+01 
4.976956e+01 
4.976956e+01 
4.976956e+01 
4.976956e+01 
4.976956e+01 
4.976956e+01 
4.976956e+01 
4.976956e+01 
4.976956e+01 
4.976956e+01 
4.976956e+01 
4.976956e+01 
4.976956e+01 
4.976956e+01 
4.976956e+01 
4.976956e+01 
4.976956e+01 
4.976956e+01 
4.976956e+01 
4.976956e+01 
4.976956e+01 
4.976956e+01 
4.976956e+01 
4.976956e+01 
4.976956e+01 
4.976956e+01 
4.976956e+01 
4.976956e+01 
4.976956e+01 
4.976956e+01 
4.976956e+01 
4.976956e+01 
4.976956e+01 
4.976956e+01 
4.976956e+01 
4.976956e+01 
4.976956e+01 
4.976956e+01 
4.976956e+01 
4.976956e+01 
4.976956e+01 
4.976956e+01 
4.976956e+01 
4.976956e+01 
4.976956e+01 
4.976956e+01 
4.976956e+01 
4.976956e+01 
4.976956e+01 
4.976956e+01 
4.976956e+01 
4.976956e+01 
4.976956e+01 
4.976956e+01 
4.976956e+01 
4.976956e+01 
4.976956e+01 
4.976956e+01 
4.976956e+01 
4.976956e+01 
4.976956e+01 
4.976956e+01 
4.976956e+01 
4.976956e+01 
4.976956e+01 
4.976956e+01 
4.976956e+01 
4.976956e+01 
4.976956e+01 
4.976956e+01 
4.976956e+01 
4.976956e+01 
4.976956e+01 
4.976956e+01 
4.976956e+01 
4.976956e+01 
4.976956e+01 
4.976956e+01 
4.976956e+01 
4.976956e+01 
4.976956e+01 
4.976956e+01 
4.976956e+01 
4.976956e+01 
4.976956e+01 
4.976956e+01 
4.976956e+01 
4.976956e+01 
4.976956e+01 
4.976956e+01 
4.976956e+01 
4.976956e+01 
4.976956e+01 
4.976956e+01 
4.976956e+01 
4.976956e+01 
4.976956e+01 
4.976956e+01 
4.976956e+01 
4.976956e+01 
4.976956e+01 
4.976956e+01 
4.976956e+01 
4.976956e+01 
4.976956e+01 
4.976956e+01 
4.976956e+01 
4.976956e+01 
4.976956e+01 
4.976956e+01 
4.976956e+01 
4.976956e+01 
4.976956e+01 
4.976956e+01 
4.976956e+01 
4.976956e+01 
4.976956e+01 
4.976956e+01 
4.976956e+01 
4.976956e+01 
4.976956e+01 
4.976956e+01 
4.976956e+01 
4.976956e+01 
4.976956e+01 
4.976956e+01 
4.976956e+01 
4.976956e+01 
4.976956e+01 
4.976956e+01 
4.976956e+01 
4.976956e+01 
4.976956e+01 
