1.316486e+04 
1.368141e+02 
2.030282e+01 
2.030282e+01 
2.030282e+01 
2.030282e+01 
1.311606e+01 
1.234739e+01 
8.805845e+00 
8.521521e+00 
6.948279e+00 
6.948279e+00 
6.948279e+00 
6.948279e+00 
6.948279e+00 
6.948279e+00 
6.948279e+00 
6.948279e+00 
6.830283e+00 
6.830283e+00 
6.830283e+00 
5.756791e+00 
5.756791e+00 
5.756791e+00 
3.690702e+00 
2.735539e+00 
2.735539e+00 
2.735539e+00 
2.735539e+00 
2.735539e+00 
2.735539e+00 
2.735539e+00 
2.735539e+00 
2.735539e+00 
2.735539e+00 
2.735539e+00 
2.735539e+00 
2.735539e+00 
2.735539e+00 
2.735539e+00 
2.735539e+00 
2.735539e+00 
2.735539e+00 
2.735539e+00 
2.735539e+00 
2.735539e+00 
2.735539e+00 
2.735539e+00 
2.063670e+00 
2.063670e+00 
2.063670e+00 
1.759106e+00 
1.759106e+00 
1.759106e+00 
1.759106e+00 
1.759106e+00 
1.759106e+00 
1.598512e+00 
1.598512e+00 
1.598512e+00 
1.369143e+00 
1.360874e+00 
1.360874e+00 
1.360874e+00 
1.360874e+00 
1.360874e+00 
1.360874e+00 
1.360874e+00 
1.360874e+00 
1.359235e+00 
1.359235e+00 
1.359235e+00 
1.359235e+00 
1.287094e+00 
1.252653e+00 
1.252653e+00 
1.252653e+00 
1.252653e+00 
1.239768e+00 
1.219925e+00 
1.205355e+00 
1.189839e+00 
1.189839e+00 
1.142020e+00 
1.123039e+00 
1.113372e+00 
1.112634e+00 
1.112634e+00 
1.112634e+00 
1.112515e+00 
1.108042e+00 
1.108042e+00 
1.104736e+00 
1.082689e+00 
1.082689e+00 
1.073874e+00 
1.072723e+00 
1.072723e+00 
1.072585e+00 
1.072281e+00 
1.072184e+00 
1.072149e+00 
1.070740e+00 
1.069745e+00 
1.069512e+00 
1.069214e+00 
1.069076e+00 
1.068904e+00 
1.067778e+00 
1.067778e+00 
1.065483e+00 
1.065483e+00 
1.065483e+00 
1.065052e+00 
1.065052e+00 
1.062582e+00 
1.062219e+00 
1.062219e+00 
1.056693e+00 
1.056693e+00 
1.055041e+00 
1.055041e+00 
1.053866e+00 
1.053866e+00 
1.052442e+00 
1.052442e+00 
1.052343e+00 
1.052343e+00 
7.126385e-01 
7.078834e-01 
7.078834e-01 
7.078834e-01 
7.078834e-01 
7.078834e-01 
7.078834e-01 
7.078834e-01 
7.078834e-01 
7.078834e-01 
7.078834e-01 
6.927375e-01 
6.927375e-01 
6.927375e-01 
6.914833e-01 
6.366727e-01 
6.046820e-01 
6.046820e-01 
5.929180e-01 
5.929180e-01 
5.171374e-01 
5.056592e-01 
5.056592e-01 
4.976773e-01 
4.961505e-01 
4.961505e-01 
4.961505e-01 
4.961352e-01 
4.944232e-01 
4.944232e-01 
4.944232e-01 
4.912336e-01 
4.905194e-01 
4.905194e-01 
4.905194e-01 
4.905194e-01 
4.904877e-01 
4.904877e-01 
4.904587e-01 
4.900056e-01 
4.899098e-01 
4.893756e-01 
4.891700e-01 
4.891178e-01 
4.890638e-01 
4.889490e-01 
4.887554e-01 
4.886486e-01 
4.886102e-01 
4.885491e-01 
4.885195e-01 
4.885028e-01 
4.883890e-01 
4.882986e-01 
4.881863e-01 
4.881463e-01 
4.880511e-01 
4.879729e-01 
4.879487e-01 
4.879039e-01 
4.878757e-01 
4.877562e-01 
4.876723e-01 
4.876064e-01 
4.875500e-01 
4.875061e-01 
4.874515e-01 
4.874242e-01 
4.874064e-01 
4.866057e-01 
4.865764e-01 
4.864897e-01 
4.863228e-01 
4.862669e-01 
4.862354e-01 
4.860031e-01 
4.855587e-01 
4.854289e-01 
4.851984e-01 
4.851133e-01 
4.850338e-01 
4.846569e-01 
4.782631e-01 
4.751924e-01 
4.741808e-01 
4.741808e-01 
4.739932e-01 
4.738514e-01 
4.730199e-01 
4.725596e-01 
4.725596e-01 
4.712043e-01 
4.697998e-01 
4.690767e-01 
4.679853e-01 
4.679853e-01 
4.679853e-01 
4.653159e-01 
4.653159e-01 
4.653159e-01 
4.642727e-01 
4.637876e-01 
4.636124e-01 
4.627797e-01 
4.621476e-01 
4.608031e-01 
4.603661e-01 
4.600595e-01 
4.600595e-01 
4.600595e-01 
4.584948e-01 
4.577504e-01 
4.575809e-01 
4.575809e-01 
4.570987e-01 
4.552458e-01 
4.552458e-01 
4.540811e-01 
4.537940e-01 
4.537334e-01 
4.537178e-01 
4.537129e-01 
4.524355e-01 
4.524355e-01 
4.516954e-01 
4.511641e-01 
4.510555e-01 
4.497811e-01 
4.497811e-01 
4.497811e-01 
4.497811e-01 
4.497811e-01 
4.497811e-01 
4.497811e-01 
4.497811e-01 
4.497811e-01 
4.482373e-01 
4.456506e-01 
4.449661e-01 
4.447484e-01 
4.446703e-01 
4.446405e-01 
4.446288e-01 
4.446242e-01 
4.446223e-01 
4.446216e-01 
4.446213e-01 
4.446212e-01 
4.446211e-01 
4.441192e-01 
4.430339e-01 
4.427219e-01 
4.422791e-01 
4.420465e-01 
4.419555e-01 
4.419345e-01 
4.419345e-01 
4.418970e-01 
4.418029e-01 
4.418029e-01 
4.417827e-01 
4.417487e-01 
4.417286e-01 
4.417186e-01 
4.417096e-01 
4.417085e-01 
4.417085e-01 
4.417030e-01 
4.416986e-01 
4.416986e-01 
4.416986e-01 
4.416978e-01 
4.416960e-01 
4.416954e-01 
4.416952e-01 
4.416951e-01 
4.416951e-01 
4.416951e-01 
4.416923e-01 
4.416901e-01 
4.416896e-01 
4.416679e-01 
4.416561e-01 
4.416495e-01 
4.416437e-01 
4.399849e-01 
4.380559e-01 
4.380559e-01 
4.380559e-01 
4.380559e-01 
4.380559e-01 
4.363707e-01 
4.363707e-01 
4.342207e-01 
4.342207e-01 
4.329036e-01 
4.329036e-01 
4.329036e-01 
4.329036e-01 
4.328870e-01 
4.327450e-01 
4.327003e-01 
4.326843e-01 
4.326783e-01 
4.326759e-01 
4.326750e-01 
4.322738e-01 
4.322738e-01 
4.322479e-01 
4.320260e-01 
4.320260e-01 
4.318342e-01 
4.317921e-01 
4.317824e-01 
4.317416e-01 
4.316940e-01 
4.316767e-01 
4.316602e-01 
4.316447e-01 
4.316338e-01 
4.316228e-01 
4.316169e-01 
4.309418e-01 
4.305837e-01 
4.304530e-01 
4.304459e-01 
4.301551e-01 
4.299945e-01 
4.299922e-01 
4.299916e-01 
4.299867e-01 
4.299867e-01 
4.299072e-01 
4.296929e-01 
4.296678e-01 
4.296678e-01 
4.296678e-01 
4.296429e-01 
4.295930e-01 
4.295911e-01 
4.295073e-01 
4.295023e-01 
4.294805e-01 
4.294805e-01 
4.294663e-01 
4.294381e-01 
4.294277e-01 
4.294258e-01 
4.289139e-01 
4.289139e-01 
4.287000e-01 
4.287000e-01 
4.281980e-01 
4.281771e-01 
4.281771e-01 
4.278098e-01 
4.278098e-01 
4.278098e-01 
4.277156e-01 
4.277156e-01 
4.277156e-01 
4.277156e-01 
4.276477e-01 
4.276477e-01 
4.273794e-01 
4.271696e-01 
4.269061e-01 
4.268936e-01 
4.268936e-01 
4.267990e-01 
4.264876e-01 
4.264835e-01 
4.264835e-01 
4.264835e-01 
4.258953e-01 
4.249910e-01 
4.249282e-01 
4.246437e-01 
4.245668e-01 
4.245419e-01 
4.245329e-01 
4.244116e-01 
4.243775e-01 
4.242752e-01 
4.242752e-01 
4.232608e-01 
4.232175e-01 
4.226497e-01 
4.222440e-01 
4.215597e-01 
4.212612e-01 
4.209550e-01 
4.206794e-01 
4.206592e-01 
4.206592e-01 
4.205684e-01 
4.205684e-01 
4.205379e-01 
4.204845e-01 
4.204776e-01 
4.204776e-01 
4.204266e-01 
4.185661e-01 
4.183744e-01 
4.182532e-01 
4.182532e-01 
4.178702e-01 
4.175753e-01 
4.174256e-01 
4.173222e-01 
4.173018e-01 
4.172515e-01 
4.168513e-01 
4.168513e-01 
4.168513e-01 
4.168513e-01 
4.168513e-01 
4.167665e-01 
4.167042e-01 
4.166044e-01 
4.163848e-01 
4.163440e-01 
4.163440e-01 
4.162592e-01 
4.161940e-01 
4.161540e-01 
4.161502e-01 
4.160739e-01 
4.160189e-01 
4.160124e-01 
4.159680e-01 
4.158452e-01 
4.158452e-01 
4.157511e-01 
4.157511e-01 
4.157235e-01 
4.155766e-01 
4.154484e-01 
4.153527e-01 
4.152783e-01 
4.152337e-01 
4.151790e-01 
4.151629e-01 
4.150242e-01 
4.148857e-01 
4.145626e-01 
4.144424e-01 
4.143601e-01 
4.143055e-01 
4.142469e-01 
4.142189e-01 
4.141871e-01 
4.141477e-01 
4.140703e-01 
4.140294e-01 
4.139961e-01 
4.139747e-01 
4.139045e-01 
4.138584e-01 
4.137550e-01 
4.136724e-01 
4.135514e-01 
4.134776e-01 
4.134194e-01 
4.133454e-01 
4.132843e-01 
4.131695e-01 
4.131189e-01 
4.130356e-01 
4.129793e-01 
4.129372e-01 
4.128953e-01 
4.128595e-01 
4.128095e-01 
4.127462e-01 
4.127221e-01 
4.126751e-01 
4.126593e-01 
4.126255e-01 
4.125895e-01 
4.125643e-01 
4.125025e-01 
4.124735e-01 
4.124240e-01 
4.123938e-01 
4.123732e-01 
4.123391e-01 
4.123242e-01 
4.123108e-01 
4.122930e-01 
4.122754e-01 
4.122389e-01 
4.122137e-01 
4.121958e-01 
4.121722e-01 
4.121521e-01 
4.121405e-01 
4.121286e-01 
4.121079e-01 
4.120920e-01 
4.120777e-01 
4.120698e-01 
4.120599e-01 
4.120501e-01 
4.120422e-01 
4.120361e-01 
4.120236e-01 
4.120217e-01 
4.119668e-01 
4.119188e-01 
4.118677e-01 
4.118074e-01 
4.117439e-01 
4.117076e-01 
4.116441e-01 
4.115937e-01 
4.115540e-01 
4.115222e-01 
4.115027e-01 
4.114808e-01 
4.114571e-01 
4.114446e-01 
4.114267e-01 
4.114148e-01 
4.114051e-01 
4.113899e-01 
4.113735e-01 
4.113620e-01 
4.113507e-01 
4.113413e-01 
4.113348e-01 
4.113284e-01 
4.113209e-01 
4.113140e-01 
4.113079e-01 
4.113036e-01 
4.113000e-01 
4.112955e-01 
4.112891e-01 
4.112852e-01 
4.112799e-01 
4.112715e-01 
4.112660e-01 
4.112568e-01 
4.112470e-01 
4.112414e-01 
4.112344e-01 
4.112264e-01 
4.112219e-01 
4.112173e-01 
4.112131e-01 
4.112103e-01 
4.112077e-01 
4.112054e-01 
4.112035e-01 
4.112016e-01 
4.111994e-01 
4.111971e-01 
4.111952e-01 
4.111934e-01 
4.111918e-01 
4.111901e-01 
4.111887e-01 
4.111877e-01 
4.111866e-01 
4.111857e-01 
4.111848e-01 
4.111844e-01 
4.111836e-01 
4.111831e-01 
4.111826e-01 
4.111817e-01 
4.111808e-01 
4.111796e-01 
4.111775e-01 
4.111750e-01 
4.111729e-01 
4.111705e-01 
4.111671e-01 
4.111640e-01 
4.111606e-01 
4.111552e-01 
4.111507e-01 
4.111471e-01 
4.111445e-01 
4.111421e-01 
4.111383e-01 
4.111340e-01 
4.111298e-01 
4.111245e-01 
4.111188e-01 
4.111133e-01 
4.111079e-01 
4.111026e-01 
4.110983e-01 
4.110933e-01 
4.110883e-01 
4.110831e-01 
4.110771e-01 
4.110704e-01 
4.110644e-01 
4.110608e-01 
4.110600e-01 
4.110600e-01 
4.110600e-01 
4.110600e-01 
4.110599e-01 
4.110599e-01 
4.110599e-01 
4.110599e-01 
4.110599e-01 
4.110598e-01 
4.110598e-01 
4.110598e-01 
4.110597e-01 
4.110597e-01 
4.110595e-01 
4.110593e-01 
4.110590e-01 
4.110587e-01 
4.110582e-01 
4.110577e-01 
4.110572e-01 
4.110568e-01 
4.110564e-01 
4.110561e-01 
4.110557e-01 
4.110399e-01 
4.109899e-01 
4.109593e-01 
4.109336e-01 
4.109277e-01 
4.109237e-01 
4.109103e-01 
4.109067e-01 
4.108903e-01 
4.108758e-01 
4.108412e-01 
4.108246e-01 
4.107912e-01 
4.107777e-01 
4.107570e-01 
4.107522e-01 
4.107452e-01 
4.107398e-01 
4.107318e-01 
4.107214e-01 
4.107098e-01 
4.107020e-01 
4.106865e-01 
4.106787e-01 
4.106670e-01 
4.106411e-01 
4.106266e-01 
4.106134e-01 
4.106058e-01 
4.105817e-01 
4.105661e-01 
4.105542e-01 
4.105258e-01 
4.104935e-01 
4.104696e-01 
4.104520e-01 
4.104390e-01 
4.104286e-01 
4.104226e-01 
4.104177e-01 
4.104101e-01 
4.104056e-01 
4.104024e-01 
4.103912e-01 
4.103757e-01 
4.103606e-01 
4.103471e-01 
4.103307e-01 
4.103201e-01 
4.103069e-01 
4.103022e-01 
4.102959e-01 
4.102928e-01 
4.102680e-01 
4.102570e-01 
4.102151e-01 
4.101706e-01 
4.101115e-01 
4.100855e-01 
4.100653e-01 
4.100371e-01 
4.100104e-01 
4.099857e-01 
4.099640e-01 
4.099537e-01 
4.099474e-01 
4.099390e-01 
4.099336e-01 
4.099275e-01 
4.099228e-01 
4.099190e-01 
4.099126e-01 
4.099031e-01 
4.098954e-01 
4.098904e-01 
4.098766e-01 
4.098645e-01 
4.098572e-01 
4.098471e-01 
4.098414e-01 
4.098391e-01 
4.098347e-01 
4.098302e-01 
4.098272e-01 
4.098210e-01 
4.098097e-01 
4.098062e-01 
4.097810e-01 
4.097638e-01 
4.097495e-01 
4.097447e-01 
4.097300e-01 
4.096725e-01 
4.096624e-01 
4.096041e-01 
4.095879e-01 
4.095608e-01 
4.095302e-01 
4.095080e-01 
4.094974e-01 
4.094771e-01 
4.094771e-01 
4.094664e-01 
4.094590e-01 
4.094516e-01 
4.094438e-01 
4.094110e-01 
4.094025e-01 
4.094025e-01 
4.093949e-01 
4.093811e-01 
4.093758e-01 
4.093624e-01 
4.093558e-01 
4.093466e-01 
4.093353e-01 
4.093281e-01 
4.093247e-01 
4.093149e-01 
4.093031e-01 
4.092872e-01 
4.092767e-01 
4.092600e-01 
4.092157e-01 
4.091865e-01 
4.091616e-01 
4.091261e-01 
4.091105e-01 
4.091055e-01 
4.091037e-01 
4.091030e-01 
4.090947e-01 
4.090875e-01 
4.090766e-01 
4.090621e-01 
4.090513e-01 
4.090417e-01 
4.090234e-01 
4.090017e-01 
4.089870e-01 
4.089533e-01 
4.089363e-01 
4.089179e-01 
4.088906e-01 
4.088837e-01 
4.088827e-01 
4.088824e-01 
4.088803e-01 
4.088128e-01 
4.088128e-01 
4.088106e-01 
4.087010e-01 
4.087010e-01 
4.087010e-01 
4.086898e-01 
4.086656e-01 
4.086619e-01 
4.086497e-01 
4.086497e-01 
4.086256e-01 
4.086146e-01 
4.086093e-01 
4.086093e-01 
4.083859e-01 
4.083247e-01 
4.083247e-01 
4.083247e-01 
4.083247e-01 
4.083247e-01 
4.083247e-01 
4.083247e-01 
4.082708e-01 
4.082601e-01 
4.082601e-01 
4.082601e-01 
4.082601e-01 
4.082601e-01 
4.082599e-01 
4.082599e-01 
4.082599e-01 
4.082580e-01 
4.082542e-01 
4.082542e-01 
4.082542e-01 
4.082542e-01 
4.082469e-01 
4.082444e-01 
4.082407e-01 
4.082407e-01 
4.082388e-01 
4.082379e-01 
4.082339e-01 
4.082264e-01 
4.082222e-01 
4.082053e-01 
4.081976e-01 
4.081940e-01 
4.081890e-01 
4.081869e-01 
4.081861e-01 
4.081838e-01 
4.081826e-01 
4.081823e-01 
4.081820e-01 
4.081813e-01 
4.081806e-01 
4.081800e-01 
4.081797e-01 
4.081775e-01 
4.081660e-01 
4.081548e-01 
4.081496e-01 
4.081490e-01 
4.081490e-01 
4.081490e-01 
4.081118e-01 
4.080152e-01 
4.079686e-01 
4.079318e-01 
4.079318e-01 
4.079087e-01 
4.078502e-01 
4.078385e-01 
4.078385e-01 
4.078274e-01 
4.077887e-01 
4.077100e-01 
4.076832e-01 
4.076732e-01 
4.076732e-01 
4.076186e-01 
4.076186e-01 
4.075956e-01 
4.075956e-01 
4.075956e-01 
4.075956e-01 
4.074900e-01 
4.073610e-01 
4.073273e-01 
4.073167e-01 
4.073129e-01 
4.073114e-01 
4.073109e-01 
4.073106e-01 
4.073105e-01 
4.073105e-01 
4.073105e-01 
4.073105e-01 
4.073105e-01 
4.073105e-01 
4.071104e-01 
4.070488e-01 
4.070488e-01 
4.070488e-01 
4.070488e-01 
4.070488e-01 
4.070488e-01 
4.070413e-01 
4.070413e-01 
4.070413e-01 
4.070157e-01 
4.070157e-01 
4.070157e-01 
4.070132e-01 
4.070132e-01 
4.070132e-01 
4.070132e-01 
4.070087e-01 
4.069744e-01 
4.069740e-01 
4.069718e-01 
4.069718e-01 
4.069561e-01 
4.069561e-01 
4.069514e-01 
4.069358e-01 
4.069358e-01 
4.069354e-01 
4.069354e-01 
4.069307e-01 
4.069307e-01 
4.069307e-01 
4.069180e-01 
4.068966e-01 
4.068925e-01 
4.068925e-01 
4.068916e-01 
4.068767e-01 
4.068625e-01 
4.068549e-01 
4.068549e-01 
4.068549e-01 
4.068549e-01 
4.068535e-01 
4.068523e-01 
4.068523e-01 
4.068523e-01 
4.068523e-01 
4.068523e-01 
4.068523e-01 
4.068523e-01 
4.068510e-01 
4.068500e-01 
4.068412e-01 
4.068366e-01 
4.068290e-01 
4.068247e-01 
4.068197e-01 
4.068166e-01 
4.068150e-01 
4.068150e-01 
4.068075e-01 
4.068052e-01 
4.068043e-01 
4.068041e-01 
4.068041e-01 
4.068028e-01 
4.068028e-01 
4.068028e-01 
4.068028e-01 
4.068012e-01 
4.068005e-01 
4.067990e-01 
4.067979e-01 
4.067964e-01 
4.067953e-01 
4.067787e-01 
4.067364e-01 
4.067215e-01 
4.067170e-01 
4.066894e-01 
4.066824e-01 
4.066824e-01 
4.066573e-01 
4.066462e-01 
4.066437e-01 
4.066267e-01 
4.066246e-01 
4.066246e-01 
4.066146e-01 
4.066045e-01 
4.066000e-01 
4.065990e-01 
4.065914e-01 
4.065913e-01 
4.065852e-01 
4.065829e-01 
4.065806e-01 
4.065799e-01 
4.065797e-01 
4.065795e-01 
4.065781e-01 
4.065774e-01 
4.065746e-01 
4.065724e-01 
4.065718e-01 
4.065717e-01 
4.065715e-01 
4.065715e-01 
4.065698e-01 
4.065698e-01 
4.065679e-01 
4.065679e-01 
4.065659e-01 
4.065623e-01 
4.065617e-01 
4.065616e-01 
4.065607e-01 
4.065543e-01 
4.065518e-01 
4.065463e-01 
4.065400e-01 
4.065214e-01 
4.065132e-01 
4.065089e-01 
4.065084e-01 
4.065082e-01 
4.065080e-01 
4.065056e-01 
4.065049e-01 
4.065046e-01 
4.064914e-01 
4.064914e-01 
4.064865e-01 
4.064825e-01 
4.064781e-01 
4.064732e-01 
4.064715e-01 
4.064698e-01 
4.064698e-01 
4.064698e-01 
4.064684e-01 
4.064669e-01 
4.064660e-01 
4.064655e-01 
4.064650e-01 
4.064624e-01 
4.064622e-01 
4.064610e-01 
4.064610e-01 
4.064554e-01 
4.064550e-01 
4.064487e-01 
4.064411e-01 
4.064361e-01 
4.064309e-01 
4.064244e-01 
4.064222e-01 
4.064211e-01 
4.064147e-01 
4.064062e-01 
4.063952e-01 
4.063902e-01 
4.063869e-01 
4.063852e-01 
4.063839e-01 
4.063839e-01 
4.063834e-01 
4.063783e-01 
4.063683e-01 
4.063639e-01 
4.063575e-01 
4.063541e-01 
4.063460e-01 
4.063456e-01 
4.063369e-01 
4.063223e-01 
4.063150e-01 
4.063058e-01 
4.063058e-01 
4.063058e-01 
4.062953e-01 
4.062908e-01 
4.062908e-01 
4.062813e-01 
4.062796e-01 
4.062701e-01 
4.062539e-01 
4.062375e-01 
4.062325e-01 
4.061917e-01 
4.061917e-01 
4.061917e-01 
4.061832e-01 
4.061832e-01 
4.061832e-01 
4.061507e-01 
4.061330e-01 
4.061261e-01 
4.061235e-01 
4.061135e-01 
4.061135e-01 
4.061121e-01 
4.061091e-01 
4.061080e-01 
4.061076e-01 
4.061068e-01 
4.061068e-01 
4.061068e-01 
4.061068e-01 
4.061061e-01 
4.061058e-01 
4.061057e-01 
4.061057e-01 
4.061056e-01 
4.061054e-01 
4.061054e-01 
4.061054e-01 
4.061054e-01 
4.061054e-01 
4.061048e-01 
4.061043e-01 
4.061040e-01 
4.061037e-01 
4.061023e-01 
4.061023e-01 
4.061023e-01 
4.061011e-01 
4.061007e-01 
4.061006e-01 
4.061006e-01 
4.060994e-01 
4.060993e-01 
4.060993e-01 
4.060986e-01 
4.060982e-01 
4.060967e-01 
4.060965e-01 
4.060965e-01 
4.060962e-01 
4.060910e-01 
4.060780e-01 
4.060725e-01 
4.060704e-01 
4.060696e-01 
4.060660e-01 
4.060628e-01 
4.060620e-01 
4.060617e-01 
4.060569e-01 
4.060553e-01 
4.060550e-01 
4.060522e-01 
4.060520e-01 
4.060462e-01 
4.060423e-01 
4.060365e-01 
4.060315e-01 
4.060222e-01 
4.059366e-01 
4.058954e-01 
4.058819e-01 
4.058769e-01 
4.058750e-01 
4.058743e-01 
4.058740e-01 
4.058738e-01 
4.058738e-01 
4.058738e-01 
4.058738e-01 
4.058730e-01 
4.058730e-01 
4.058728e-01 
4.058727e-01 
4.058727e-01 
4.058726e-01 
4.058726e-01 
4.058725e-01 
4.058724e-01 
4.058724e-01 
4.058724e-01 
4.058724e-01 
4.058724e-01 
4.058724e-01 
4.058724e-01 
4.058723e-01 
4.058723e-01 
4.058723e-01 
4.058723e-01 
4.058723e-01 
4.058723e-01 
4.058723e-01 
4.058723e-01 
4.058723e-01 
4.058723e-01 
4.058723e-01 
4.058723e-01 
4.058723e-01 
4.058723e-01 
4.058452e-01 
4.058452e-01 
4.058452e-01 
4.058452e-01 
4.058452e-01 
4.058452e-01 
4.058452e-01 
4.058452e-01 
4.058452e-01 
4.058452e-01 
4.058452e-01 
4.058452e-01 
4.058452e-01 
4.058452e-01 
4.058452e-01 
4.058452e-01 
4.058452e-01 
4.058452e-01 
4.058452e-01 
4.058452e-01 
4.058412e-01 
4.058389e-01 
4.058389e-01 
4.058389e-01 
4.058389e-01 
4.058356e-01 
4.058356e-01 
4.058356e-01 
4.058356e-01 
4.058354e-01 
4.058354e-01 
4.058354e-01 
4.058330e-01 
4.058330e-01 
4.058327e-01 
4.058301e-01 
4.058292e-01 
4.058291e-01 
4.058270e-01 
4.058261e-01 
4.058258e-01 
4.058257e-01 
4.058251e-01 
4.058189e-01 
4.058189e-01 
4.058189e-01 
4.058179e-01 
4.058113e-01 
4.058098e-01 
4.058098e-01 
4.058098e-01 
4.058086e-01 
4.058076e-01 
4.058074e-01 
4.058074e-01 
4.058074e-01 
4.058073e-01 
4.058071e-01 
4.058070e-01 
4.058066e-01 
4.058066e-01 
4.058065e-01 
4.058065e-01 
4.058064e-01 
4.058064e-01 
4.058057e-01 
4.058057e-01 
4.058052e-01 
4.058050e-01 
4.058048e-01 
4.058047e-01 
4.058047e-01 
4.058047e-01 
4.058047e-01 
4.058046e-01 
4.058046e-01 
4.058045e-01 
4.058045e-01 
4.058045e-01 
4.058045e-01 
4.058044e-01 
4.058044e-01 
4.058044e-01 
4.058043e-01 
4.058043e-01 
4.057994e-01 
4.057980e-01 
4.057976e-01 
4.057976e-01 
4.057964e-01 
4.057946e-01 
4.057940e-01 
4.057939e-01 
4.057930e-01 
4.057920e-01 
4.057911e-01 
4.057909e-01 
4.057909e-01 
4.057909e-01 
4.057909e-01 
4.057903e-01 
4.057903e-01 
4.057898e-01 
4.057897e-01 
4.057777e-01 
4.057777e-01 
4.057760e-01 
4.057751e-01 
4.057751e-01 
4.057751e-01 
4.057744e-01 
4.057738e-01 
4.057722e-01 
4.057719e-01 
4.057716e-01 
4.057716e-01 
4.057713e-01 
4.057711e-01 
4.057706e-01 
4.057703e-01 
4.057687e-01 
4.057685e-01 
4.057684e-01 
4.057675e-01 
4.057675e-01 
4.057674e-01 
4.057674e-01 
4.057669e-01 
4.057664e-01 
4.057659e-01 
4.057656e-01 
4.057652e-01 
4.057648e-01 
4.057648e-01 
4.057648e-01 
4.057646e-01 
4.057646e-01 
4.057643e-01 
4.057643e-01 
4.057642e-01 
4.057640e-01 
4.057640e-01 
4.057639e-01 
4.057635e-01 
4.057632e-01 
4.057627e-01 
4.057603e-01 
4.057569e-01 
4.057551e-01 
4.057539e-01 
4.057535e-01 
4.057506e-01 
4.057464e-01 
4.057432e-01 
4.057419e-01 
4.057403e-01 
4.057390e-01 
4.057385e-01 
4.057379e-01 
4.057373e-01 
4.057366e-01 
4.057354e-01 
4.057341e-01 
4.057334e-01 
4.057322e-01 
4.057317e-01 
4.057306e-01 
4.057298e-01 
4.057295e-01 
4.057292e-01 
4.057291e-01 
4.057287e-01 
4.057283e-01 
4.057281e-01 
4.057278e-01 
4.057277e-01 
4.057275e-01 
4.057274e-01 
4.057273e-01 
4.057268e-01 
4.057265e-01 
4.057264e-01 
4.057258e-01 
4.057254e-01 
4.057251e-01 
4.057249e-01 
4.057247e-01 
4.057244e-01 
4.057243e-01 
4.057240e-01 
4.057235e-01 
4.057232e-01 
4.057229e-01 
4.057225e-01 
4.057223e-01 
4.057212e-01 
4.057207e-01 
4.057200e-01 
4.057195e-01 
4.057185e-01 
4.057180e-01 
4.057177e-01 
4.057174e-01 
4.057172e-01 
4.057172e-01 
4.057165e-01 
4.057142e-01 
4.057107e-01 
4.057107e-01 
4.057097e-01 
4.057097e-01 
4.057097e-01 
4.057089e-01 
4.057085e-01 
4.057080e-01 
4.057079e-01 
4.057079e-01 
4.057079e-01 
4.057075e-01 
4.057075e-01 
4.057075e-01 
4.057075e-01 
4.057073e-01 
4.057073e-01 
4.057066e-01 
4.057065e-01 
4.057060e-01 
4.057053e-01 
4.057046e-01 
4.057043e-01 
4.057041e-01 
4.057036e-01 
4.057031e-01 
4.057026e-01 
4.057021e-01 
4.056993e-01 
4.056978e-01 
4.056973e-01 
4.056964e-01 
4.056959e-01 
4.056955e-01 
4.056953e-01 
4.056949e-01 
4.056947e-01 
4.056943e-01 
4.056941e-01 
4.056935e-01 
4.056932e-01 
4.056928e-01 
4.056924e-01 
4.056914e-01 
4.056866e-01 
4.056866e-01 
4.056844e-01 
4.056844e-01 
4.056830e-01 
4.056774e-01 
4.056742e-01 
4.056741e-01 
4.056741e-01 
4.056740e-01 
4.056740e-01 
4.056698e-01 
4.056683e-01 
4.056677e-01 
4.056674e-01 
4.056674e-01 
4.056673e-01 
4.056673e-01 
4.056673e-01 
4.056673e-01 
4.056673e-01 
4.056673e-01 
4.056673e-01 
4.056574e-01 
4.056574e-01 
4.056574e-01 
4.056574e-01 
4.056574e-01 
4.056574e-01 
4.056574e-01 
4.056574e-01 
4.056574e-01 
4.056567e-01 
4.056525e-01 
4.056461e-01 
4.056454e-01 
4.056425e-01 
4.056416e-01 
4.056413e-01 
4.056402e-01 
4.056381e-01 
4.056381e-01 
4.056381e-01 
4.056375e-01 
4.056332e-01 
4.056309e-01 
4.056300e-01 
4.056297e-01 
4.056296e-01 
4.056278e-01 
4.056278e-01 
4.056277e-01 
4.056275e-01 
4.056265e-01 
4.056265e-01 
4.056258e-01 
4.056252e-01 
4.056250e-01 
4.056247e-01 
4.056240e-01 
4.056240e-01 
4.056238e-01 
4.056238e-01 
4.056238e-01 
4.056238e-01 
4.056238e-01 
4.056237e-01 
4.056236e-01 
4.056236e-01 
4.056236e-01 
4.056236e-01 
4.056220e-01 
4.056218e-01 
4.056213e-01 
4.056204e-01 
4.056201e-01 
4.056198e-01 
4.056195e-01 
4.056191e-01 
4.056190e-01 
4.056188e-01 
4.056178e-01 
4.056176e-01 
4.056173e-01 
4.056170e-01 
4.056169e-01 
4.056168e-01 
4.056167e-01 
4.056165e-01 
4.056165e-01 
4.056165e-01 
4.056165e-01 
4.056165e-01 
4.056164e-01 
4.056164e-01 
4.056163e-01 
4.056162e-01 
4.056156e-01 
4.056152e-01 
4.056147e-01 
4.056142e-01 
4.056139e-01 
4.056136e-01 
4.056134e-01 
4.056132e-01 
4.056130e-01 
4.056129e-01 
4.056128e-01 
4.056127e-01 
4.056122e-01 
4.056114e-01 
4.056102e-01 
4.056096e-01 
4.056093e-01 
4.056091e-01 
4.056089e-01 
4.056084e-01 
4.056082e-01 
4.056081e-01 
4.056081e-01 
4.056077e-01 
4.056077e-01 
4.056076e-01 
4.056073e-01 
4.056067e-01 
4.056061e-01 
4.056055e-01 
4.056051e-01 
4.056048e-01 
4.056044e-01 
4.056034e-01 
4.056034e-01 
4.056027e-01 
4.056020e-01 
4.056011e-01 
4.056009e-01 
4.055996e-01 
4.055986e-01 
4.055979e-01 
4.055971e-01 
4.055969e-01 
4.055965e-01 
4.055955e-01 
4.055944e-01 
4.055932e-01 
4.055925e-01 
4.055922e-01 
4.055916e-01 
4.055914e-01 
4.055904e-01 
4.055904e-01 
4.055904e-01 
4.055896e-01 
4.055890e-01 
4.055889e-01 
4.055881e-01 
4.055878e-01 
4.055878e-01 
4.055864e-01 
4.055858e-01 
4.055858e-01 
4.055850e-01 
4.055844e-01 
4.055843e-01 
4.055842e-01 
4.055842e-01 
4.055841e-01 
4.055840e-01 
4.055840e-01 
4.055838e-01 
4.055837e-01 
4.055837e-01 
4.055837e-01 
4.055836e-01 
4.055836e-01 
4.055833e-01 
4.055825e-01 
4.055814e-01 
4.055795e-01 
4.055790e-01 
4.055788e-01 
4.055788e-01 
4.055771e-01 
4.055768e-01 
4.055761e-01 
4.055756e-01 
4.055747e-01 
4.055747e-01 
4.055747e-01 
4.055742e-01 
4.055741e-01 
4.055708e-01 
4.055699e-01 
4.055698e-01 
4.055698e-01 
4.055697e-01 
4.055690e-01 
4.055683e-01 
4.055678e-01 
4.055676e-01 
4.055674e-01 
4.055673e-01 
4.055671e-01 
4.055669e-01 
4.055667e-01 
4.055665e-01 
4.055661e-01 
4.055661e-01 
4.055661e-01 
4.055660e-01 
4.055660e-01 
4.055659e-01 
4.055658e-01 
4.055658e-01 
4.055657e-01 
4.055657e-01 
4.055657e-01 
4.055656e-01 
4.055655e-01 
4.055655e-01 
4.055655e-01 
4.055654e-01 
4.055653e-01 
4.055652e-01 
4.055651e-01 
4.055651e-01 
4.055650e-01 
4.055650e-01 
4.055649e-01 
4.055649e-01 
4.055649e-01 
4.055648e-01 
4.055648e-01 
4.055648e-01 
4.055647e-01 
4.055647e-01 
4.055646e-01 
4.055645e-01 
4.055645e-01 
4.055644e-01 
4.055644e-01 
4.055643e-01 
4.055643e-01 
4.055642e-01 
4.055642e-01 
4.055641e-01 
4.055641e-01 
4.055640e-01 
4.055639e-01 
4.055639e-01 
4.055638e-01 
4.055637e-01 
4.055637e-01 
4.055636e-01 
4.055635e-01 
4.055634e-01 
4.055633e-01 
4.055633e-01 
4.055631e-01 
4.055630e-01 
4.055628e-01 
4.055627e-01 
4.055625e-01 
4.055625e-01 
4.055624e-01 
4.055624e-01 
4.055623e-01 
4.055623e-01 
4.055622e-01 
4.055622e-01 
4.055621e-01 
4.055620e-01 
4.055620e-01 
4.055619e-01 
4.055618e-01 
4.055618e-01 
4.055617e-01 
4.055617e-01 
4.055616e-01 
4.055616e-01 
4.055615e-01 
4.055615e-01 
4.055615e-01 
4.055614e-01 
4.055613e-01 
4.055613e-01 
4.055613e-01 
4.055612e-01 
4.055612e-01 
4.055612e-01 
4.055612e-01 
4.055611e-01 
4.055611e-01 
4.055611e-01 
4.055611e-01 
4.055611e-01 
4.055611e-01 
4.055611e-01 
4.055611e-01 
4.055611e-01 
4.055611e-01 
4.055611e-01 
4.055611e-01 
4.055610e-01 
4.055610e-01 
4.055610e-01 
4.055610e-01 
4.055610e-01 
4.055610e-01 
4.055610e-01 
4.055610e-01 
4.055610e-01 
4.055610e-01 
4.055610e-01 
4.055610e-01 
4.055610e-01 
4.055610e-01 
4.055610e-01 
4.055610e-01 
4.055610e-01 
4.055610e-01 
4.055610e-01 
4.055610e-01 
4.055610e-01 
4.055610e-01 
4.055610e-01 
4.055610e-01 
4.055610e-01 
4.055610e-01 
4.055610e-01 
4.055610e-01 
4.055610e-01 
4.055610e-01 
4.055610e-01 
4.055606e-01 
4.055601e-01 
4.055598e-01 
4.055596e-01 
4.055594e-01 
4.055592e-01 
4.055591e-01 
4.055590e-01 
4.055588e-01 
4.055587e-01 
4.055587e-01 
4.055585e-01 
4.055585e-01 
4.055583e-01 
4.055582e-01 
4.055581e-01 
4.055580e-01 
4.055580e-01 
4.055579e-01 
4.055578e-01 
4.055577e-01 
4.055576e-01 
4.055576e-01 
4.055575e-01 
4.055574e-01 
4.055574e-01 
4.055574e-01 
4.055573e-01 
4.055573e-01 
4.055573e-01 
4.055573e-01 
4.055572e-01 
4.055572e-01 
4.055572e-01 
4.055572e-01 
4.055572e-01 
4.055571e-01 
4.055571e-01 
4.055571e-01 
4.055571e-01 
4.055570e-01 
4.055570e-01 
4.055570e-01 
4.055526e-01 
4.055522e-01 
4.055515e-01 
4.055512e-01 
4.055510e-01 
4.055510e-01 
4.055510e-01 
4.055508e-01 
4.055507e-01 
4.055506e-01 
4.055502e-01 
4.055502e-01 
4.055502e-01 
4.055501e-01 
4.055500e-01 
4.055497e-01 
4.055494e-01 
4.055492e-01 
4.055490e-01 
4.055488e-01 
4.055487e-01 
4.055486e-01 
4.055485e-01 
4.055484e-01 
4.055483e-01 
4.055482e-01 
4.055482e-01 
4.055482e-01 
4.055481e-01 
4.055481e-01 
4.055480e-01 
4.055480e-01 
4.055480e-01 
4.055479e-01 
4.055479e-01 
4.055479e-01 
4.055479e-01 
4.055478e-01 
4.055478e-01 
4.055478e-01 
4.055478e-01 
4.055478e-01 
4.055478e-01 
4.055478e-01 
4.055478e-01 
4.055478e-01 
4.055478e-01 
4.055478e-01 
4.055478e-01 
4.055478e-01 
4.055478e-01 
4.055478e-01 
4.055478e-01 
4.055478e-01 
4.055478e-01 
4.055478e-01 
4.055477e-01 
4.055477e-01 
4.055477e-01 
4.055477e-01 
4.055477e-01 
4.055477e-01 
4.055477e-01 
4.055477e-01 
4.055477e-01 
4.055477e-01 
4.055477e-01 
4.055477e-01 
4.055477e-01 
4.055477e-01 
4.055477e-01 
4.055477e-01 
4.055477e-01 
4.055477e-01 
4.055477e-01 
4.055477e-01 
4.055477e-01 
4.055477e-01 
4.055477e-01 
4.055477e-01 
4.055477e-01 
4.055477e-01 
4.055477e-01 
4.055477e-01 
4.055477e-01 
4.055477e-01 
4.055477e-01 
4.055476e-01 
4.055476e-01 
4.055476e-01 
4.055476e-01 
4.055476e-01 
4.055446e-01 
4.055441e-01 
4.055441e-01 
4.055441e-01 
4.055441e-01 
4.055436e-01 
4.055434e-01 
4.055429e-01 
4.055412e-01 
4.055408e-01 
4.055407e-01 
4.055406e-01 
4.055404e-01 
4.055404e-01 
4.055404e-01 
4.055404e-01 
4.055404e-01 
4.055402e-01 
4.055401e-01 
4.055399e-01 
4.055394e-01 
4.055391e-01 
4.055388e-01 
4.055385e-01 
4.055385e-01 
4.055380e-01 
4.055378e-01 
4.055353e-01 
4.055337e-01 
4.055319e-01 
4.055298e-01 
4.055283e-01 
4.055266e-01 
4.055264e-01 
4.055256e-01 
4.055249e-01 
4.055243e-01 
4.055242e-01 
4.055238e-01 
4.055236e-01 
4.055236e-01 
4.055236e-01 
4.055227e-01 
4.055224e-01 
4.055223e-01 
4.055222e-01 
4.055218e-01 
4.055217e-01 
4.055202e-01 
4.055187e-01 
4.055182e-01 
4.055179e-01 
4.055176e-01 
4.055171e-01 
4.055167e-01 
4.055164e-01 
4.055161e-01 
4.055156e-01 
4.055149e-01 
4.055145e-01 
4.055142e-01 
4.055138e-01 
4.055131e-01 
4.055127e-01 
4.055124e-01 
4.055121e-01 
4.055120e-01 
4.055119e-01 
4.055116e-01 
4.055113e-01 
4.055109e-01 
4.055104e-01 
4.055104e-01 
4.055103e-01 
4.055102e-01 
4.055098e-01 
4.055098e-01 
4.055096e-01 
4.055093e-01 
4.055090e-01 
4.055089e-01 
4.055086e-01 
4.055085e-01 
4.055084e-01 
4.055083e-01 
4.055081e-01 
4.055080e-01 
4.055079e-01 
4.055077e-01 
4.055076e-01 
4.055076e-01 
4.055075e-01 
4.055074e-01 
4.055074e-01 
4.055074e-01 
4.055073e-01 
4.055069e-01 
4.055066e-01 
4.055063e-01 
4.055062e-01 
4.055060e-01 
4.055060e-01 
4.055057e-01 
4.055057e-01 
4.055055e-01 
4.055054e-01 
4.055054e-01 
4.055054e-01 
4.055052e-01 
4.055050e-01 
4.055046e-01 
4.055045e-01 
4.055044e-01 
4.055043e-01 
4.055042e-01 
4.055041e-01 
4.055039e-01 
4.055037e-01 
4.055033e-01 
4.055028e-01 
4.055027e-01 
4.055025e-01 
4.055023e-01 
4.055023e-01 
4.055021e-01 
4.055020e-01 
4.055019e-01 
4.055018e-01 
4.055016e-01 
4.055014e-01 
4.055013e-01 
4.055011e-01 
4.055010e-01 
4.055008e-01 
4.055006e-01 
4.055004e-01 
4.055002e-01 
4.055000e-01 
4.054998e-01 
4.054995e-01 
4.054993e-01 
4.054991e-01 
4.054989e-01 
4.054986e-01 
4.054983e-01 
4.054979e-01 
4.054971e-01 
4.054967e-01 
4.054965e-01 
4.054964e-01 
4.054963e-01 
4.054962e-01 
4.054962e-01 
4.054961e-01 
4.054960e-01 
4.054960e-01 
4.054959e-01 
4.054959e-01 
4.054959e-01 
4.054958e-01 
4.054958e-01 
4.054958e-01 
4.054957e-01 
4.054957e-01 
4.054957e-01 
4.054957e-01 
4.054957e-01 
4.054957e-01 
4.054957e-01 
4.054957e-01 
4.054957e-01 
4.054957e-01 
4.054957e-01 
4.054957e-01 
4.054956e-01 
4.054956e-01 
4.054956e-01 
4.054956e-01 
4.054956e-01 
4.054956e-01 
4.054956e-01 
4.054956e-01 
4.054956e-01 
4.054956e-01 
4.054955e-01 
4.054955e-01 
4.054955e-01 
4.054954e-01 
4.054954e-01 
4.054954e-01 
4.054953e-01 
4.054953e-01 
4.054953e-01 
4.054953e-01 
4.054952e-01 
4.054952e-01 
4.054952e-01 
4.054951e-01 
4.054951e-01 
4.054950e-01 
4.054950e-01 
4.054950e-01 
4.054950e-01 
4.054949e-01 
4.054949e-01 
4.054949e-01 
4.054949e-01 
4.054949e-01 
4.054949e-01 
4.054949e-01 
4.054948e-01 
4.054948e-01 
4.054948e-01 
4.054948e-01 
4.054948e-01 
4.054948e-01 
4.054948e-01 
4.054948e-01 
4.054948e-01 
4.054948e-01 
4.054948e-01 
4.054948e-01 
4.054948e-01 
4.054948e-01 
4.054948e-01 
4.054948e-01 
4.054948e-01 
4.054948e-01 
4.054947e-01 
4.054947e-01 
4.054947e-01 
4.054947e-01 
4.054947e-01 
4.054947e-01 
4.054947e-01 
4.054947e-01 
4.054947e-01 
4.054947e-01 
4.054947e-01 
4.054947e-01 
4.054947e-01 
4.054947e-01 
4.054947e-01 
4.054947e-01 
4.054947e-01 
4.054947e-01 
4.054947e-01 
4.054947e-01 
4.054947e-01 
4.054947e-01 
4.054947e-01 
4.054947e-01 
4.054947e-01 
4.054947e-01 
4.054947e-01 
4.054947e-01 
4.054947e-01 
4.054947e-01 
4.054947e-01 
4.054947e-01 
4.054947e-01 
4.054947e-01 
4.054947e-01 
4.054947e-01 
4.054947e-01 
4.054947e-01 
4.054947e-01 
4.054947e-01 
4.054947e-01 
4.054947e-01 
4.054947e-01 
4.054947e-01 
4.054947e-01 
4.054947e-01 
4.054947e-01 
4.054947e-01 
4.054947e-01 
4.054947e-01 
4.054947e-01 
4.054947e-01 
4.054947e-01 
4.054947e-01 
4.054947e-01 
4.054947e-01 
4.054947e-01 
4.054947e-01 
4.054947e-01 
4.054947e-01 
4.054947e-01 
4.054947e-01 
4.054947e-01 
4.054947e-01 
4.054947e-01 
4.054947e-01 
4.054947e-01 
4.054947e-01 
4.054947e-01 
4.054947e-01 
4.054947e-01 
4.054947e-01 
4.054947e-01 
4.054947e-01 
4.054947e-01 
4.054947e-01 
4.054947e-01 
4.054947e-01 
4.054947e-01 
4.054947e-01 
4.054947e-01 
4.054947e-01 
4.054947e-01 
4.054947e-01 
4.054947e-01 
4.054947e-01 
4.054947e-01 
4.054947e-01 
4.054947e-01 
4.054947e-01 
4.054947e-01 
4.054947e-01 
4.054947e-01 
4.054947e-01 
4.054947e-01 
4.054947e-01 
4.054947e-01 
4.054947e-01 
4.054947e-01 
4.054947e-01 
4.054947e-01 
4.054947e-01 
4.054947e-01 
4.054947e-01 
4.054947e-01 
4.054947e-01 
4.054947e-01 
4.054947e-01 
4.054947e-01 
4.054947e-01 
4.054947e-01 
4.054947e-01 
4.054947e-01 
4.054947e-01 
4.054947e-01 
4.054947e-01 
4.054947e-01 
4.054947e-01 
4.054947e-01 
4.054947e-01 
4.054947e-01 
4.054947e-01 
4.054947e-01 
4.054947e-01 
4.054947e-01 
4.054947e-01 
4.054947e-01 
4.054947e-01 
4.054947e-01 
4.054947e-01 
4.054947e-01 
4.054947e-01 
4.054947e-01 
4.054947e-01 
4.054947e-01 
4.054947e-01 
4.054947e-01 
4.054947e-01 
4.054947e-01 
4.054947e-01 
4.054947e-01 
4.054947e-01 
4.054947e-01 
4.054947e-01 
4.054947e-01 
4.054947e-01 
4.054947e-01 
4.054947e-01 
4.054947e-01 
4.054947e-01 
4.054947e-01 
4.054947e-01 
4.054947e-01 
4.054947e-01 
4.054947e-01 
4.054947e-01 
4.054947e-01 
4.054947e-01 
4.054947e-01 
4.054947e-01 
4.054947e-01 
4.054947e-01 
4.054947e-01 
4.054947e-01 
4.054947e-01 
4.054947e-01 
4.054947e-01 
4.054947e-01 
4.054947e-01 
4.054947e-01 
4.054947e-01 
4.054947e-01 
4.054947e-01 
4.054947e-01 
4.054947e-01 
4.054947e-01 
4.054947e-01 
4.054947e-01 
4.054947e-01 
4.054947e-01 
4.054947e-01 
4.054947e-01 
4.054947e-01 
4.054947e-01 
4.054947e-01 
4.054947e-01 
4.054947e-01 
4.054947e-01 
4.054947e-01 
4.054947e-01 
4.054947e-01 
4.054947e-01 
4.054947e-01 
4.054947e-01 
4.054947e-01 
4.054947e-01 
4.054947e-01 
4.054947e-01 
4.054947e-01 
4.054947e-01 
4.054947e-01 
4.054947e-01 
4.054947e-01 
4.054947e-01 
4.054947e-01 
4.054947e-01 
4.054947e-01 
4.054947e-01 
4.054947e-01 
4.054947e-01 
4.054947e-01 
4.054947e-01 
4.054947e-01 
4.054947e-01 
4.054947e-01 
4.054947e-01 
4.054947e-01 
4.054947e-01 
4.054947e-01 
4.054947e-01 
4.054947e-01 
4.054947e-01 
4.054947e-01 
4.054947e-01 
4.054947e-01 
4.054947e-01 
4.054947e-01 
4.054947e-01 
4.054947e-01 
4.054947e-01 
4.054947e-01 
4.054947e-01 
4.054947e-01 
4.054947e-01 
4.054947e-01 
4.054947e-01 
4.054947e-01 
4.054947e-01 
4.054947e-01 
4.054947e-01 
4.054947e-01 
4.054947e-01 
4.054947e-01 
4.054947e-01 
4.054947e-01 
4.054947e-01 
4.054947e-01 
4.054947e-01 
4.054947e-01 
4.054947e-01 
4.054947e-01 
4.054947e-01 
4.054947e-01 
4.054947e-01 
4.054947e-01 
4.054947e-01 
4.054947e-01 
4.054947e-01 
4.054947e-01 
4.054947e-01 
4.054947e-01 
4.054947e-01 
4.054947e-01 
4.054947e-01 
4.054947e-01 
4.054947e-01 
4.054947e-01 
4.054947e-01 
4.054947e-01 
4.054947e-01 
4.054947e-01 
4.054947e-01 
4.054947e-01 
4.054947e-01 
4.054947e-01 
4.054947e-01 
4.054947e-01 
4.054947e-01 
4.054947e-01 
4.054947e-01 
4.054947e-01 
4.054947e-01 
4.054947e-01 
4.054947e-01 
4.054947e-01 
4.054947e-01 
4.054947e-01 
4.054947e-01 
4.054947e-01 
4.054947e-01 
4.054947e-01 
4.054947e-01 
4.054947e-01 
4.054947e-01 
4.054947e-01 
4.054947e-01 
4.054947e-01 
4.054947e-01 
4.054947e-01 
4.054947e-01 
4.054947e-01 
4.054947e-01 
4.054947e-01 
4.054947e-01 
4.054947e-01 
4.054947e-01 
4.054947e-01 
4.054947e-01 
4.054947e-01 
4.054947e-01 
4.054947e-01 
4.054947e-01 
4.054947e-01 
4.054947e-01 
4.054947e-01 
4.054947e-01 
4.054947e-01 
4.054947e-01 
4.054947e-01 
4.054947e-01 
4.054947e-01 
4.054947e-01 
4.054947e-01 
4.054947e-01 
4.054947e-01 
4.054947e-01 
4.054947e-01 
4.054947e-01 
4.054947e-01 
4.054947e-01 
4.054947e-01 
4.054947e-01 
4.054947e-01 
4.054947e-01 
4.054947e-01 
4.054947e-01 
4.054947e-01 
4.054947e-01 
4.054947e-01 
4.054947e-01 
4.054947e-01 
4.054947e-01 
4.054947e-01 
4.054947e-01 
4.054947e-01 
4.054947e-01 
4.054947e-01 
4.054947e-01 
4.054947e-01 
4.054947e-01 
4.054947e-01 
4.054947e-01 
4.054947e-01 
4.054947e-01 
4.054947e-01 
4.054947e-01 
4.054947e-01 
4.054947e-01 
4.054947e-01 
4.054947e-01 
4.054947e-01 
4.054947e-01 
4.054947e-01 
4.054947e-01 
4.054947e-01 
4.054947e-01 
4.054947e-01 
4.054947e-01 
4.054947e-01 
4.054947e-01 
4.054947e-01 
4.054947e-01 
4.054947e-01 
4.054947e-01 
4.054947e-01 
4.054947e-01 
4.054947e-01 
4.054947e-01 
4.054947e-01 
4.054947e-01 
4.054947e-01 
4.054947e-01 
4.054947e-01 
4.054947e-01 
4.054947e-01 
4.054947e-01 
4.054947e-01 
4.054947e-01 
4.054947e-01 
4.054947e-01 
4.054947e-01 
4.054947e-01 
4.054947e-01 
4.054947e-01 
4.054947e-01 
4.054947e-01 
4.054947e-01 
4.054947e-01 
4.054947e-01 
4.054947e-01 
4.054947e-01 
4.054947e-01 
4.054947e-01 
4.054947e-01 
4.054947e-01 
4.054947e-01 
4.054947e-01 
4.054947e-01 
4.054947e-01 
4.054947e-01 
4.054947e-01 
4.054947e-01 
4.054947e-01 
4.054947e-01 
4.054947e-01 
4.054947e-01 
4.054947e-01 
4.054947e-01 
4.054947e-01 
4.054947e-01 
4.054947e-01 
4.054947e-01 
4.054947e-01 
4.054947e-01 
4.054947e-01 
4.054947e-01 
4.054947e-01 
4.054947e-01 
4.054947e-01 
4.054947e-01 
4.054947e-01 
4.054947e-01 
4.054947e-01 
4.054947e-01 
4.054947e-01 
4.054947e-01 
4.054947e-01 
4.054947e-01 
4.054947e-01 
4.054947e-01 
4.054947e-01 
4.054947e-01 
4.054947e-01 
4.054947e-01 
4.054947e-01 
4.054947e-01 
4.054947e-01 
4.054947e-01 
4.054947e-01 
4.054947e-01 
4.054947e-01 
4.054947e-01 
4.054947e-01 
4.054947e-01 
4.054947e-01 
4.054947e-01 
4.054947e-01 
4.054947e-01 
4.054947e-01 
4.054947e-01 
4.054947e-01 
4.054947e-01 
4.054947e-01 
4.054947e-01 
4.054947e-01 
4.054947e-01 
4.054947e-01 
4.054947e-01 
4.054947e-01 
4.054947e-01 
4.054947e-01 
4.054947e-01 
4.054947e-01 
4.054947e-01 
4.054947e-01 
4.054947e-01 
4.054947e-01 
4.054947e-01 
4.054947e-01 
4.054947e-01 
4.054947e-01 
4.054947e-01 
4.054947e-01 
4.054947e-01 
4.054947e-01 
4.054947e-01 
4.054947e-01 
4.054947e-01 
4.054947e-01 
4.054947e-01 
4.054947e-01 
4.054947e-01 
4.054947e-01 
4.054947e-01 
4.054947e-01 
4.054947e-01 
4.054947e-01 
4.054947e-01 
4.054947e-01 
4.054947e-01 
4.054947e-01 
4.054947e-01 
4.054947e-01 
4.054947e-01 
4.054947e-01 
4.054947e-01 
4.054947e-01 
4.054947e-01 
4.054947e-01 
4.054947e-01 
4.054947e-01 
4.054947e-01 
4.054947e-01 
4.054947e-01 
4.054947e-01 
4.054947e-01 
4.054947e-01 
4.054947e-01 
4.054947e-01 
4.054947e-01 
4.054947e-01 
4.054947e-01 
4.054947e-01 
4.054947e-01 
4.054947e-01 
4.054947e-01 
4.054947e-01 
4.054947e-01 
4.054947e-01 
4.054947e-01 
4.054947e-01 
4.054947e-01 
4.054947e-01 
4.054947e-01 
4.054947e-01 
4.054947e-01 
4.054947e-01 
4.054947e-01 
4.054947e-01 
4.054947e-01 
4.054947e-01 
4.054947e-01 
4.054947e-01 
4.054947e-01 
4.054947e-01 
4.054947e-01 
4.054947e-01 
4.054947e-01 
4.054947e-01 
4.054947e-01 
4.054947e-01 
4.054947e-01 
4.054947e-01 
4.054947e-01 
4.054947e-01 
4.054947e-01 
4.054947e-01 
4.054947e-01 
4.054947e-01 
4.054947e-01 
4.054947e-01 
4.054947e-01 
4.054947e-01 
4.054947e-01 
4.054947e-01 
4.054947e-01 
4.054947e-01 
4.054947e-01 
4.054947e-01 
4.054947e-01 
4.054947e-01 
4.054947e-01 
4.054947e-01 
4.054947e-01 
4.054947e-01 
4.054947e-01 
4.054947e-01 
4.054947e-01 
4.054947e-01 
4.054947e-01 
4.054947e-01 
4.054947e-01 
4.054947e-01 
4.054947e-01 
4.054947e-01 
4.054947e-01 
4.054947e-01 
4.054947e-01 
4.054947e-01 
4.054947e-01 
4.054947e-01 
4.054947e-01 
4.054947e-01 
4.054947e-01 
4.054947e-01 
4.054947e-01 
4.054947e-01 
4.054947e-01 
4.054947e-01 
4.054947e-01 
4.054947e-01 
4.054947e-01 
4.054947e-01 
4.054947e-01 
4.054947e-01 
4.054947e-01 
4.054947e-01 
4.054947e-01 
4.054947e-01 
4.054947e-01 
4.054947e-01 
4.054947e-01 
4.054947e-01 
4.054947e-01 
4.054947e-01 
4.054947e-01 
4.054947e-01 
4.054947e-01 
4.054947e-01 
4.054947e-01 
4.054947e-01 
4.054947e-01 
4.054947e-01 
4.054947e-01 
4.054947e-01 
4.054947e-01 
4.054947e-01 
4.054947e-01 
4.054947e-01 
4.054947e-01 
4.054947e-01 
4.054947e-01 
4.054947e-01 
4.054947e-01 
4.054947e-01 
4.054947e-01 
4.054947e-01 
4.054947e-01 
4.054947e-01 
4.054947e-01 
4.054947e-01 
4.054947e-01 
4.054947e-01 
4.054947e-01 
4.054947e-01 
4.054947e-01 
4.054947e-01 
4.054947e-01 
4.054947e-01 
4.054947e-01 
4.054947e-01 
4.054947e-01 
4.054947e-01 
4.054947e-01 
4.054947e-01 
4.054947e-01 
4.054947e-01 
4.054947e-01 
4.054947e-01 
4.054947e-01 
4.054947e-01 
4.054947e-01 
4.054947e-01 
4.054947e-01 
4.054947e-01 
4.054947e-01 
4.054947e-01 
4.054947e-01 
4.054947e-01 
4.054947e-01 
4.054947e-01 
4.054947e-01 
4.054947e-01 
4.054947e-01 
4.054947e-01 
4.054947e-01 
4.054947e-01 
4.054947e-01 
4.054947e-01 
4.054947e-01 
4.054947e-01 
4.054947e-01 
4.054947e-01 
4.054947e-01 
4.054947e-01 
4.054947e-01 
4.054947e-01 
4.054947e-01 
4.054947e-01 
4.054947e-01 
4.054947e-01 
4.054947e-01 
4.054947e-01 
4.054947e-01 
4.054947e-01 
4.054947e-01 
4.054947e-01 
4.054947e-01 
4.054947e-01 
4.054947e-01 
4.054947e-01 
4.054947e-01 
4.054947e-01 
4.054947e-01 
4.054947e-01 
4.054947e-01 
4.054947e-01 
4.054947e-01 
4.054947e-01 
4.054947e-01 
4.054947e-01 
4.054947e-01 
4.054947e-01 
4.054947e-01 
4.054947e-01 
4.054947e-01 
4.054947e-01 
4.054947e-01 
4.054947e-01 
4.054947e-01 
4.054947e-01 
4.054947e-01 
4.054947e-01 
4.054947e-01 
4.054947e-01 
4.054947e-01 
4.054947e-01 
4.054947e-01 
4.054947e-01 
4.054947e-01 
4.054947e-01 
4.054947e-01 
4.054947e-01 
4.054947e-01 
4.054947e-01 
4.054947e-01 
4.054947e-01 
4.054947e-01 
4.054947e-01 
4.054947e-01 
4.054947e-01 
4.054947e-01 
4.054947e-01 
4.054947e-01 
4.054947e-01 
4.054947e-01 
4.054947e-01 
4.054947e-01 
4.054947e-01 
4.054947e-01 
4.054947e-01 
4.054947e-01 
4.054947e-01 
4.054947e-01 
4.054947e-01 
4.054947e-01 
4.054947e-01 
4.054947e-01 
4.054947e-01 
4.054947e-01 
4.054947e-01 
4.054947e-01 
4.054947e-01 
4.054947e-01 
4.054947e-01 
4.054947e-01 
4.054947e-01 
4.054947e-01 
4.054947e-01 
4.054947e-01 
4.054947e-01 
4.054947e-01 
4.054947e-01 
4.054947e-01 
4.054947e-01 
4.054947e-01 
4.054947e-01 
4.054947e-01 
4.054947e-01 
4.054947e-01 
4.054947e-01 
4.054947e-01 
4.054947e-01 
4.054947e-01 
4.054947e-01 
4.054947e-01 
4.054947e-01 
4.054947e-01 
4.054947e-01 
4.054947e-01 
4.054947e-01 
4.054947e-01 
4.054947e-01 
4.054947e-01 
4.054947e-01 
4.054947e-01 
4.054947e-01 
4.054947e-01 
4.054947e-01 
4.054947e-01 
4.054947e-01 
4.054947e-01 
4.054947e-01 
4.054947e-01 
4.054947e-01 
4.054947e-01 
4.054947e-01 
4.054947e-01 
4.054947e-01 
4.054947e-01 
4.054947e-01 
4.054947e-01 
4.054947e-01 
4.054947e-01 
4.054947e-01 
4.054947e-01 
4.054947e-01 
4.054947e-01 
4.054947e-01 
4.054947e-01 
4.054947e-01 
4.054947e-01 
4.054947e-01 
4.054947e-01 
4.054947e-01 
4.054947e-01 
4.054947e-01 
4.054947e-01 
4.054947e-01 
4.054947e-01 
4.054947e-01 
4.054947e-01 
4.054947e-01 
4.054947e-01 
4.054947e-01 
4.054947e-01 
4.054947e-01 
4.054947e-01 
4.054947e-01 
4.054947e-01 
4.054947e-01 
4.054947e-01 
4.054947e-01 
4.054947e-01 
4.054947e-01 
4.054947e-01 
4.054947e-01 
4.054947e-01 
4.054947e-01 
4.054947e-01 
4.054947e-01 
4.054947e-01 
4.054947e-01 
4.054947e-01 
4.054947e-01 
4.054947e-01 
4.054947e-01 
4.054947e-01 
4.054947e-01 
4.054947e-01 
4.054947e-01 
4.054947e-01 
4.054947e-01 
4.054947e-01 
4.054947e-01 
4.054947e-01 
4.054947e-01 
4.054947e-01 
4.054947e-01 
4.054947e-01 
4.054947e-01 
4.054947e-01 
4.054947e-01 
4.054947e-01 
4.054947e-01 
4.054947e-01 
4.054947e-01 
4.054947e-01 
4.054947e-01 
4.054947e-01 
4.054947e-01 
4.054947e-01 
4.054947e-01 
4.054947e-01 
4.054947e-01 
4.054947e-01 
4.054947e-01 
4.054947e-01 
4.054947e-01 
4.054947e-01 
4.054947e-01 
4.054947e-01 
4.054947e-01 
4.054947e-01 
4.054947e-01 
4.054947e-01 
4.054947e-01 
4.054947e-01 
4.054947e-01 
4.054947e-01 
4.054947e-01 
4.054947e-01 
4.054947e-01 
4.054947e-01 
4.054947e-01 
4.054947e-01 
4.054947e-01 
4.054947e-01 
4.054947e-01 
4.054947e-01 
4.054947e-01 
4.054947e-01 
4.054947e-01 
4.054947e-01 
4.054947e-01 
4.054947e-01 
4.054947e-01 
4.054947e-01 
4.054946e-01 
4.054946e-01 
4.054946e-01 
4.054945e-01 
4.054944e-01 
4.054943e-01 
4.054943e-01 
4.054941e-01 
4.054941e-01 
4.054940e-01 
4.054938e-01 
4.054936e-01 
4.054933e-01 
4.054930e-01 
4.054927e-01 
4.054924e-01 
4.054918e-01 
4.054913e-01 
4.054908e-01 
4.054903e-01 
4.054895e-01 
4.054890e-01 
4.054881e-01 
4.054874e-01 
4.054866e-01 
4.054862e-01 
4.054859e-01 
4.054858e-01 
4.054858e-01 
4.054858e-01 
4.054857e-01 
4.054857e-01 
4.054857e-01 
4.054857e-01 
4.054857e-01 
4.054857e-01 
4.054857e-01 
4.054857e-01 
4.054856e-01 
4.054856e-01 
4.054856e-01 
4.054855e-01 
4.054855e-01 
4.054854e-01 
4.054853e-01 
4.054853e-01 
4.054853e-01 
4.054852e-01 
4.054852e-01 
4.054852e-01 
4.054851e-01 
4.054851e-01 
4.054851e-01 
4.054851e-01 
4.054850e-01 
4.054850e-01 
4.054850e-01 
4.054850e-01 
4.054849e-01 
4.054849e-01 
4.054849e-01 
4.054849e-01 
4.054849e-01 
4.054848e-01 
4.054848e-01 
4.054848e-01 
4.054848e-01 
4.054847e-01 
4.054847e-01 
4.054847e-01 
4.054847e-01 
4.054846e-01 
4.054846e-01 
4.054845e-01 
4.054845e-01 
4.054845e-01 
4.054844e-01 
4.054844e-01 
4.054843e-01 
4.054842e-01 
4.054842e-01 
4.054841e-01 
4.054840e-01 
4.054839e-01 
4.054837e-01 
4.054836e-01 
4.054834e-01 
4.054833e-01 
4.054832e-01 
4.054831e-01 
4.054830e-01 
4.054830e-01 
4.054829e-01 
4.054828e-01 
4.054827e-01 
4.054827e-01 
4.054826e-01 
4.054825e-01 
4.054824e-01 
4.054823e-01 
4.054822e-01 
4.054822e-01 
4.054821e-01 
4.054821e-01 
4.054820e-01 
4.054820e-01 
4.054820e-01 
4.054820e-01 
4.054819e-01 
4.054819e-01 
4.054819e-01 
4.054819e-01 
4.054818e-01 
4.054818e-01 
4.054817e-01 
4.054816e-01 
4.054815e-01 
4.054814e-01 
4.054813e-01 
4.054812e-01 
4.054812e-01 
4.054811e-01 
4.054811e-01 
4.054811e-01 
4.054810e-01 
4.054808e-01 
4.054807e-01 
4.054806e-01 
4.054805e-01 
4.054804e-01 
4.054803e-01 
4.054801e-01 
4.054801e-01 
4.054800e-01 
4.054799e-01 
4.054798e-01 
4.054797e-01 
4.054797e-01 
4.054797e-01 
4.054796e-01 
4.054796e-01 
4.054796e-01 
4.054796e-01 
4.054795e-01 
4.054795e-01 
4.054795e-01 
4.054795e-01 
4.054795e-01 
4.054795e-01 
4.054795e-01 
4.054794e-01 
4.054794e-01 
4.054794e-01 
4.054794e-01 
4.054794e-01 
4.054794e-01 
4.054794e-01 
4.054794e-01 
4.054794e-01 
4.054794e-01 
4.054794e-01 
4.054794e-01 
4.054794e-01 
4.054794e-01 
4.054794e-01 
4.054794e-01 
4.054794e-01 
4.054794e-01 
4.054794e-01 
4.054794e-01 
4.054794e-01 
4.054794e-01 
4.054793e-01 
4.054793e-01 
4.054793e-01 
4.054793e-01 
4.054793e-01 
4.054793e-01 
4.054793e-01 
4.054793e-01 
4.054793e-01 
4.054792e-01 
4.054792e-01 
4.054792e-01 
4.054791e-01 
4.054791e-01 
4.054791e-01 
4.054790e-01 
4.054790e-01 
4.054790e-01 
4.054790e-01 
4.054789e-01 
4.054789e-01 
4.054788e-01 
4.054788e-01 
4.054787e-01 
4.054787e-01 
4.054786e-01 
4.054786e-01 
4.054784e-01 
4.054783e-01 
4.054781e-01 
4.054780e-01 
4.054779e-01 
4.054777e-01 
4.054775e-01 
4.054773e-01 
4.054771e-01 
4.054768e-01 
4.054766e-01 
4.054763e-01 
4.054759e-01 
4.054756e-01 
4.054752e-01 
4.054751e-01 
4.054750e-01 
4.054750e-01 
4.054750e-01 
4.054750e-01 
4.054750e-01 
4.054750e-01 
4.054750e-01 
4.054750e-01 
4.054750e-01 
4.054738e-01 
4.054706e-01 
4.054701e-01 
4.054699e-01 
4.054679e-01 
4.054674e-01 
4.054669e-01 
4.054665e-01 
4.054664e-01 
4.054650e-01 
4.054645e-01 
4.054637e-01 
4.054637e-01 
4.054632e-01 
4.054632e-01 
4.054632e-01 
4.054630e-01 
4.054626e-01 
4.054625e-01 
4.054624e-01 
4.054624e-01 
4.054623e-01 
4.054622e-01 
4.054622e-01 
4.054622e-01 
4.054615e-01 
4.054615e-01 
4.054614e-01 
4.054614e-01 
4.054614e-01 
4.054613e-01 
4.054601e-01 
4.054596e-01 
4.054591e-01 
4.054586e-01 
4.054579e-01 
4.054563e-01 
4.054552e-01 
4.054549e-01 
4.054533e-01 
