4.901240e+02 
4.901240e+02 
4.901240e+02 
4.484130e+02 
2.886523e+02 
2.886523e+02 
2.886523e+02 
2.886523e+02 
2.886523e+02 
8.786661e+01 
8.786661e+01 
8.786661e+01 
8.786661e+01 
8.786661e+01 
8.786661e+01 
7.722662e+01 
7.722662e+01 
7.722662e+01 
7.462680e+01 
7.462680e+01 
7.462680e+01 
6.899973e+01 
6.742152e+01 
5.678205e+01 
4.978194e+01 
3.859465e+01 
3.653567e+01 
3.292934e+01 
3.292934e+01 
2.796035e+01 
2.446259e+01 
2.309207e+01 
1.848330e+01 
1.839775e+01 
1.704355e+01 
1.454016e+01 
1.414637e+01 
1.414340e+01 
1.414340e+01 
1.411424e+01 
4.847707e+00 
4.847707e+00 
4.847707e+00 
4.847707e+00 
4.847707e+00 
4.847707e+00 
4.847707e+00 
4.847707e+00 
4.847707e+00 
4.452108e+00 
4.452108e+00 
4.285259e+00 
4.285259e+00 
4.285259e+00 
4.285259e+00 
4.285259e+00 
4.158480e+00 
4.158480e+00 
4.158480e+00 
4.158480e+00 
4.158480e+00 
4.158480e+00 
3.680813e+00 
3.468849e+00 
3.341200e+00 
3.317990e+00 
3.317990e+00 
2.981148e+00 
2.981148e+00 
2.981148e+00 
2.981148e+00 
2.981148e+00 
2.890757e+00 
2.885807e+00 
2.859800e+00 
2.799580e+00 
2.762602e+00 
2.762602e+00 
2.745587e+00 
2.745587e+00 
2.709791e+00 
2.709791e+00 
2.688189e+00 
2.688189e+00 
2.688189e+00 
2.681141e+00 
2.681141e+00 
2.681141e+00 
2.681141e+00 
2.681141e+00 
2.632477e+00 
2.632477e+00 
2.632477e+00 
2.632477e+00 
2.623690e+00 
2.616129e+00 
2.613892e+00 
2.613122e+00 
2.612833e+00 
2.612721e+00 
2.612677e+00 
2.612659e+00 
2.612652e+00 
2.612649e+00 
2.612648e+00 
2.592114e+00 
2.585322e+00 
2.585322e+00 
2.585322e+00 
2.578840e+00 
2.558952e+00 
2.558952e+00 
2.540788e+00 
2.535964e+00 
2.524333e+00 
2.523026e+00 
2.522691e+00 
2.521322e+00 
2.519598e+00 
2.519598e+00 
2.519598e+00 
2.514066e+00 
2.514066e+00 
2.514066e+00 
2.513631e+00 
2.513631e+00 
2.513631e+00 
2.510407e+00 
2.507030e+00 
2.507030e+00 
2.498300e+00 
2.498300e+00 
2.498300e+00 
2.494992e+00 
2.480793e+00 
2.480793e+00 
2.480164e+00 
2.445511e+00 
2.445511e+00 
2.445511e+00 
2.445511e+00 
2.436159e+00 
2.417328e+00 
2.417288e+00 
2.417288e+00 
2.417288e+00 
2.417288e+00 
2.417288e+00 
2.417288e+00 
2.401045e+00 
2.401045e+00 
2.401045e+00 
2.401045e+00 
2.401045e+00 
2.401045e+00 
2.401045e+00 
2.401045e+00 
2.401045e+00 
2.401045e+00 
2.401045e+00 
2.401045e+00 
2.401045e+00 
2.401045e+00 
2.401045e+00 
2.401045e+00 
2.401045e+00 
2.401045e+00 
2.401045e+00 
2.401045e+00 
2.401045e+00 
2.401045e+00 
2.397610e+00 
2.384982e+00 
2.367267e+00 
2.367267e+00 
2.367267e+00 
2.367267e+00 
2.367267e+00 
2.364918e+00 
2.364198e+00 
2.362527e+00 
2.358197e+00 
2.189551e+00 
2.189551e+00 
2.189551e+00 
1.922721e+00 
1.922721e+00 
1.922721e+00 
1.922721e+00 
1.922721e+00 
1.922721e+00 
1.920434e+00 
1.920434e+00 
1.914101e+00 
1.914101e+00 
1.914101e+00 
1.914101e+00 
1.914101e+00 
1.914101e+00 
1.914101e+00 
1.909407e+00 
1.909407e+00 
1.861778e+00 
1.779517e+00 
1.779517e+00 
1.779517e+00 
1.779517e+00 
1.779517e+00 
1.779517e+00 
1.779517e+00 
1.745678e+00 
1.745678e+00 
1.745678e+00 
1.745678e+00 
1.745678e+00 
1.745678e+00 
1.745678e+00 
1.745678e+00 
1.745678e+00 
1.745678e+00 
1.745678e+00 
1.745678e+00 
1.745678e+00 
1.745678e+00 
1.726448e+00 
1.726448e+00 
1.719995e+00 
1.719995e+00 
1.719995e+00 
1.716562e+00 
1.716562e+00 
1.716562e+00 
1.711440e+00 
1.711440e+00 
1.711440e+00 
1.711440e+00 
1.711440e+00 
1.711440e+00 
1.711440e+00 
1.711296e+00 
1.711296e+00 
1.711296e+00 
1.711296e+00 
1.711296e+00 
1.710973e+00 
1.710723e+00 
1.710580e+00 
1.710506e+00 
1.710472e+00 
1.710457e+00 
1.710451e+00 
1.710448e+00 
1.710447e+00 
1.710447e+00 
1.710447e+00 
1.710447e+00 
1.710447e+00 
1.710447e+00 
1.710447e+00 
1.710447e+00 
1.710447e+00 
1.710447e+00 
1.710447e+00 
1.710447e+00 
1.710447e+00 
1.710447e+00 
1.710447e+00 
1.710447e+00 
1.710447e+00 
1.710447e+00 
1.710447e+00 
1.701672e+00 
1.699231e+00 
1.698496e+00 
1.698241e+00 
1.696486e+00 
1.696486e+00 
1.696125e+00 
1.694785e+00 
1.694785e+00 
1.694785e+00 
1.693582e+00 
1.687682e+00 
1.687682e+00 
1.683119e+00 
1.683119e+00 
1.683119e+00 
1.683119e+00 
1.680626e+00 
1.680626e+00 
1.680317e+00 
1.679924e+00 
1.677257e+00 
1.675710e+00 
1.674945e+00 
1.674945e+00 
1.674945e+00 
1.674567e+00 
1.674219e+00 
1.673764e+00 
1.673576e+00 
1.673455e+00 
1.672461e+00 
1.672189e+00 
1.671689e+00 
1.671689e+00 
1.671689e+00 
1.671176e+00 
1.671176e+00 
1.670999e+00 
1.670797e+00 
1.670797e+00 
1.670580e+00 
1.670448e+00 
1.670162e+00 
1.670162e+00 
1.669937e+00 
1.669937e+00 
1.669737e+00 
1.669224e+00 
1.668592e+00 
1.667597e+00 
1.666793e+00 
1.666458e+00 
1.664675e+00 
1.664186e+00 
1.663622e+00 
1.662695e+00 
1.662240e+00 
1.661120e+00 
1.661120e+00 
1.660926e+00 
1.659081e+00 
1.656714e+00 
1.656289e+00 
1.654808e+00 
1.653815e+00 
1.653319e+00 
1.651222e+00 
1.647448e+00 
1.644494e+00 
1.641423e+00 
1.638670e+00 
1.637024e+00 
1.632432e+00 
1.622369e+00 
1.612620e+00 
1.604315e+00 
1.593921e+00 
1.589576e+00 
1.579659e+00 
1.574700e+00 
1.567509e+00 
1.556404e+00 
1.550265e+00 
1.537998e+00 
1.534064e+00 
1.522777e+00 
1.518032e+00 
1.514533e+00 
1.509877e+00 
1.509373e+00 
1.505973e+00 
1.503406e+00 
1.500112e+00 
1.491572e+00 
1.488603e+00 
1.486703e+00 
1.485569e+00 
1.482087e+00 
1.462211e+00 
1.442944e+00 
1.428992e+00 
1.428992e+00 
1.423563e+00 
1.378483e+00 
1.378483e+00 
1.373229e+00 
1.369216e+00 
1.369216e+00 
1.365765e+00 
1.365765e+00 
1.344469e+00 
1.344469e+00 
1.340176e+00 
1.340176e+00 
1.338478e+00 
1.338478e+00 
1.310928e+00 
1.310928e+00 
1.308291e+00 
1.308291e+00 
1.308291e+00 
1.305032e+00 
1.305032e+00 
1.301518e+00 
1.301518e+00 
1.301518e+00 
1.301518e+00 
1.300802e+00 
1.299915e+00 
1.299511e+00 
1.298741e+00 
1.296977e+00 
1.296977e+00 
1.295332e+00 
1.295332e+00 
1.294348e+00 
1.293967e+00 
1.291720e+00 
1.290694e+00 
1.290223e+00 
1.289659e+00 
1.288560e+00 
1.287954e+00 
1.287168e+00 
1.286519e+00 
1.285213e+00 
1.282417e+00 
1.281785e+00 
1.280020e+00 
1.279919e+00 
1.279919e+00 
1.279167e+00 
1.279167e+00 
1.277899e+00 
1.277899e+00 
1.277899e+00 
1.277899e+00 
1.277867e+00 
1.277482e+00 
1.277022e+00 
1.276727e+00 
1.275628e+00 
1.275628e+00 
1.275628e+00 
1.274650e+00 
1.271467e+00 
1.269114e+00 
1.264767e+00 
1.260932e+00 
1.260932e+00 
1.260932e+00 
1.260932e+00 
1.260932e+00 
1.260601e+00 
1.258151e+00 
1.257345e+00 
1.256920e+00 
1.256920e+00 
1.256920e+00 
1.256920e+00 
1.256920e+00 
1.256157e+00 
1.253632e+00 
1.253632e+00 
1.253595e+00 
1.246076e+00 
1.241232e+00 
1.234388e+00 
1.231584e+00 
1.226811e+00 
1.223089e+00 
1.218627e+00 
1.216903e+00 
1.214623e+00 
1.212230e+00 
1.210031e+00 
1.209835e+00 
1.209835e+00 
1.209835e+00 
1.209136e+00 
1.208391e+00 
1.208190e+00 
1.208116e+00 
1.207648e+00 
1.207433e+00 
1.206792e+00 
1.206324e+00 
1.205217e+00 
1.203577e+00 
1.196337e+00 
1.194525e+00 
1.193113e+00 
1.188742e+00 
1.185866e+00 
1.184527e+00 
1.180188e+00 
1.178951e+00 
1.178573e+00 
1.175892e+00 
1.174945e+00 
1.174945e+00 
1.174945e+00 
1.174703e+00 
1.174010e+00 
1.172984e+00 
1.170205e+00 
1.168533e+00 
1.157811e+00 
1.157811e+00 
1.157811e+00 
1.157811e+00 
1.154134e+00 
1.148836e+00 
1.146948e+00 
1.146746e+00 
1.144552e+00 
1.144381e+00 
1.140736e+00 
1.140736e+00 
1.139863e+00 
1.138610e+00 
1.030709e+00 
1.030709e+00 
1.030709e+00 
1.030709e+00 
1.030709e+00 
1.030709e+00 
1.030709e+00 
1.030709e+00 
1.030709e+00 
1.030709e+00 
1.030709e+00 
1.030709e+00 
1.030709e+00 
1.030709e+00 
1.030709e+00 
1.030709e+00 
1.030709e+00 
1.030709e+00 
1.030709e+00 
1.030709e+00 
1.030709e+00 
1.028818e+00 
1.028272e+00 
1.028272e+00 
1.028272e+00 
1.028272e+00 
1.027727e+00 
1.027368e+00 
1.027189e+00 
1.027099e+00 
1.027058e+00 
1.027040e+00 
1.027032e+00 
1.027029e+00 
1.027028e+00 
1.027028e+00 
1.027027e+00 
1.027027e+00 
1.027027e+00 
1.027027e+00 
1.027027e+00 
1.027027e+00 
1.027027e+00 
1.027027e+00 
1.027027e+00 
1.027027e+00 
1.027027e+00 
1.027027e+00 
1.027027e+00 
1.027027e+00 
1.027027e+00 
1.027027e+00 
1.027027e+00 
1.027027e+00 
1.027027e+00 
1.015517e+00 
1.015517e+00 
1.015517e+00 
1.015517e+00 
1.015517e+00 
1.015517e+00 
1.015517e+00 
1.015517e+00 
1.015517e+00 
1.015517e+00 
1.006972e+00 
1.006972e+00 
1.006972e+00 
1.006972e+00 
1.006972e+00 
1.006972e+00 
1.006972e+00 
1.006972e+00 
1.006972e+00 
1.006972e+00 
1.006167e+00 
1.006167e+00 
1.005963e+00 
1.005963e+00 
1.005963e+00 
1.005963e+00 
1.005963e+00 
1.005963e+00 
1.005963e+00 
1.005963e+00 
1.005931e+00 
1.005911e+00 
1.005907e+00 
1.005906e+00 
1.005906e+00 
1.005906e+00 
1.005906e+00 
1.005906e+00 
1.005906e+00 
1.005906e+00 
1.005906e+00 
1.005906e+00 
1.005906e+00 
1.005906e+00 
1.005906e+00 
1.005906e+00 
1.005906e+00 
1.005906e+00 
1.005906e+00 
1.005906e+00 
1.005906e+00 
1.005906e+00 
1.005906e+00 
1.005906e+00 
1.005906e+00 
1.005906e+00 
1.005906e+00 
1.005906e+00 
1.005906e+00 
1.005906e+00 
1.005906e+00 
1.005906e+00 
1.005906e+00 
1.005906e+00 
1.005906e+00 
1.005906e+00 
1.005906e+00 
1.005906e+00 
1.005906e+00 
1.005906e+00 
1.005906e+00 
1.005906e+00 
1.005906e+00 
1.005906e+00 
1.005906e+00 
1.005906e+00 
1.005906e+00 
1.005906e+00 
1.005906e+00 
1.005906e+00 
1.005906e+00 
1.005906e+00 
1.005906e+00 
1.005906e+00 
1.005906e+00 
1.005906e+00 
1.005906e+00 
1.005906e+00 
1.005906e+00 
1.005906e+00 
1.005906e+00 
1.005906e+00 
1.005906e+00 
1.005906e+00 
1.005471e+00 
1.004079e+00 
1.004079e+00 
1.003486e+00 
1.003486e+00 
1.003486e+00 
1.003486e+00 
1.003096e+00 
1.002778e+00 
1.002613e+00 
1.002533e+00 
1.002459e+00 
1.002459e+00 
1.002459e+00 
1.002459e+00 
1.002459e+00 
1.002459e+00 
1.002038e+00 
1.002038e+00 
1.002038e+00 
1.001688e+00 
1.001688e+00 
1.001688e+00 
1.001688e+00 
1.001688e+00 
1.001688e+00 
1.000616e+00 
1.000257e+00 
1.000068e+00 
1.000068e+00 
9.994911e-01 
9.986136e-01 
9.986136e-01 
9.982032e-01 
9.970173e-01 
9.968295e-01 
9.967983e-01 
9.967918e-01 
9.967901e-01 
9.967895e-01 
9.959109e-01 
9.959109e-01 
9.959109e-01 
9.959109e-01 
9.959109e-01 
9.959109e-01 
9.957324e-01 
9.957324e-01 
9.954435e-01 
9.954435e-01 
9.954435e-01 
9.954435e-01 
9.954435e-01 
9.954435e-01 
9.952973e-01 
9.952973e-01 
9.952973e-01 
9.952887e-01 
9.952887e-01 
9.952887e-01 
9.952887e-01 
9.952609e-01 
9.952442e-01 
9.952442e-01 
9.951580e-01 
9.951580e-01 
9.951580e-01 
9.951478e-01 
9.951478e-01 
9.951478e-01 
9.951330e-01 
9.951330e-01 
9.951330e-01 
9.951190e-01 
9.951190e-01 
9.951147e-01 
9.951147e-01 
9.951147e-01 
9.951147e-01 
9.951134e-01 
9.951134e-01 
9.951130e-01 
9.951130e-01 
9.951130e-01 
9.951094e-01 
9.951094e-01 
9.951094e-01 
9.951094e-01 
9.951094e-01 
9.951094e-01 
9.951002e-01 
9.950979e-01 
9.950938e-01 
9.950938e-01 
9.950936e-01 
9.950936e-01 
9.950910e-01 
9.950910e-01 
9.950910e-01 
9.950910e-01 
9.950910e-01 
9.950910e-01 
9.950910e-01 
9.950910e-01 
9.950910e-01 
9.950910e-01 
9.948400e-01 
9.948400e-01 
9.948400e-01 
9.948400e-01 
9.948400e-01 
9.948400e-01 
9.948400e-01 
9.948400e-01 
9.948400e-01 
9.948375e-01 
9.948375e-01 
9.948375e-01 
9.948189e-01 
9.948001e-01 
9.947942e-01 
9.947920e-01 
9.947912e-01 
9.947909e-01 
9.947907e-01 
9.947907e-01 
9.947907e-01 
9.947907e-01 
9.947906e-01 
9.947906e-01 
9.947906e-01 
9.947906e-01 
9.947183e-01 
9.947183e-01 
9.947183e-01 
9.947183e-01 
9.947183e-01 
9.947183e-01 
9.947183e-01 
9.947183e-01 
9.947183e-01 
9.947183e-01 
9.947183e-01 
9.947183e-01 
9.947183e-01 
9.947183e-01 
9.947183e-01 
9.947183e-01 
9.947183e-01 
9.947183e-01 
9.947183e-01 
9.947183e-01 
9.947183e-01 
9.947183e-01 
9.947183e-01 
9.947183e-01 
9.947183e-01 
9.947183e-01 
9.947183e-01 
9.947183e-01 
9.947128e-01 
9.947128e-01 
9.947128e-01 
9.947128e-01 
9.947128e-01 
9.947128e-01 
9.947128e-01 
9.947128e-01 
9.947128e-01 
9.947128e-01 
9.947128e-01 
9.947128e-01 
9.947128e-01 
9.947128e-01 
9.947128e-01 
9.947128e-01 
9.947128e-01 
9.947128e-01 
9.947128e-01 
9.947128e-01 
9.947128e-01 
9.947128e-01 
9.947112e-01 
9.947112e-01 
9.947100e-01 
9.947100e-01 
9.947100e-01 
9.947100e-01 
9.947100e-01 
9.947100e-01 
9.947100e-01 
9.947091e-01 
9.947091e-01 
9.947090e-01 
9.947090e-01 
9.946947e-01 
9.946925e-01 
9.946925e-01 
9.946816e-01 
9.946681e-01 
9.946681e-01 
9.946681e-01 
9.946681e-01 
9.946681e-01 
9.946672e-01 
9.946672e-01 
9.946672e-01 
9.946672e-01 
9.946672e-01 
9.946672e-01 
9.946672e-01 
9.946672e-01 
9.946662e-01 
9.946662e-01 
9.946662e-01 
9.946662e-01 
9.946662e-01 
9.946659e-01 
9.946654e-01 
9.946651e-01 
9.946650e-01 
9.946649e-01 
9.946649e-01 
9.946648e-01 
9.946648e-01 
9.946648e-01 
9.946648e-01 
9.946648e-01 
9.946648e-01 
9.946648e-01 
9.946648e-01 
9.946623e-01 
9.946623e-01 
9.946623e-01 
9.946623e-01 
9.946617e-01 
9.946608e-01 
9.946605e-01 
9.946604e-01 
9.946603e-01 
9.946603e-01 
9.946594e-01 
9.946589e-01 
9.946541e-01 
9.946541e-01 
9.946541e-01 
9.946541e-01 
9.946531e-01 
9.946531e-01 
9.946531e-01 
9.946531e-01 
9.946531e-01 
9.946531e-01 
9.946528e-01 
9.946521e-01 
9.946511e-01 
9.946511e-01 
9.946511e-01 
9.946503e-01 
9.946503e-01 
9.946483e-01 
9.946483e-01 
9.946483e-01 
9.946468e-01 
9.946468e-01 
9.946468e-01 
9.946468e-01 
9.946468e-01 
9.946468e-01 
9.946468e-01 
9.946468e-01 
9.946468e-01 
9.946468e-01 
9.946468e-01 
9.946456e-01 
9.946456e-01 
9.946456e-01 
9.946454e-01 
9.946454e-01 
9.946454e-01 
9.946454e-01 
9.946452e-01 
9.946452e-01 
9.946452e-01 
9.946452e-01 
9.946452e-01 
9.946452e-01 
9.946452e-01 
9.946448e-01 
9.946448e-01 
9.946448e-01 
9.946448e-01 
9.946448e-01 
9.946448e-01 
9.946448e-01 
9.946448e-01 
9.946448e-01 
9.946447e-01 
9.946447e-01 
9.946447e-01 
9.946447e-01 
9.946446e-01 
9.946446e-01 
9.946446e-01 
9.946446e-01 
9.946446e-01 
9.946446e-01 
9.946446e-01 
9.946446e-01 
9.946446e-01 
9.946445e-01 
9.946445e-01 
9.946445e-01 
9.946445e-01 
9.946444e-01 
9.946444e-01 
9.946444e-01 
9.946444e-01 
9.946444e-01 
9.946444e-01 
9.946444e-01 
9.946444e-01 
9.946444e-01 
9.946444e-01 
9.946444e-01 
9.946444e-01 
9.946444e-01 
9.946444e-01 
9.946444e-01 
9.946444e-01 
9.946444e-01 
9.946444e-01 
9.946443e-01 
9.946443e-01 
9.946443e-01 
9.946442e-01 
9.946442e-01 
9.946441e-01 
9.946440e-01 
9.946440e-01 
9.946439e-01 
9.946426e-01 
9.946409e-01 
9.946405e-01 
9.946405e-01 
9.946405e-01 
9.946405e-01 
9.946393e-01 
9.946393e-01 
9.946393e-01 
9.946393e-01 
9.946391e-01 
9.946390e-01 
9.946390e-01 
9.946386e-01 
9.946386e-01 
9.946386e-01 
9.946386e-01 
9.946380e-01 
9.946345e-01 
9.946317e-01 
9.946295e-01 
9.946295e-01 
9.946295e-01 
9.946282e-01 
9.946257e-01 
9.946227e-01 
9.946136e-01 
9.946088e-01 
9.946088e-01 
9.946073e-01 
9.945930e-01 
9.945899e-01 
9.945899e-01 
9.945813e-01 
9.945813e-01 
9.945800e-01 
9.945795e-01 
9.945769e-01 
9.945769e-01 
9.945769e-01 
9.945769e-01 
9.945768e-01 
9.945768e-01 
9.945768e-01 
9.945705e-01 
9.945689e-01 
9.945658e-01 
9.945606e-01 
9.945559e-01 
9.945535e-01 
9.945513e-01 
9.945477e-01 
9.945452e-01 
9.945422e-01 
9.945408e-01 
9.945382e-01 
9.945382e-01 
9.945334e-01 
9.945289e-01 
9.945285e-01 
9.945276e-01 
9.945181e-01 
9.945123e-01 
9.945069e-01 
9.945007e-01 
9.944964e-01 
9.944922e-01 
9.944808e-01 
9.944708e-01 
9.944656e-01 
9.944568e-01 
9.944523e-01 
9.944466e-01 
9.944423e-01 
9.944399e-01 
9.944364e-01 
9.944345e-01 
9.944331e-01 
9.944318e-01 
9.944299e-01 
9.944294e-01 
9.944276e-01 
9.944262e-01 
9.944236e-01 
9.944230e-01 
9.944161e-01 
9.944142e-01 
9.944116e-01 
9.944089e-01 
9.944073e-01 
9.944040e-01 
9.944029e-01 
9.944024e-01 
9.944019e-01 
9.944015e-01 
9.944008e-01 
9.944004e-01 
9.944001e-01 
9.944000e-01 
9.943983e-01 
9.943973e-01 
9.943963e-01 
9.943946e-01 
9.943933e-01 
9.943924e-01 
9.943920e-01 
9.943919e-01 
9.943913e-01 
9.943905e-01 
9.943903e-01 
9.943890e-01 
9.943888e-01 
9.943881e-01 
9.943881e-01 
9.943878e-01 
9.943878e-01 
9.943878e-01 
9.943878e-01 
9.943878e-01 
9.943878e-01 
9.943878e-01 
9.943878e-01 
9.943871e-01 
9.943868e-01 
9.943863e-01 
9.943857e-01 
9.943853e-01 
9.943852e-01 
9.943848e-01 
9.943846e-01 
9.943837e-01 
9.943833e-01 
9.943828e-01 
9.943824e-01 
9.943819e-01 
9.943813e-01 
9.943810e-01 
9.943804e-01 
9.943801e-01 
9.943796e-01 
9.943788e-01 
9.943779e-01 
9.943771e-01 
9.943765e-01 
9.943759e-01 
9.943753e-01 
9.943750e-01 
9.943746e-01 
9.943740e-01 
9.943734e-01 
9.943729e-01 
9.943722e-01 
9.943715e-01 
9.943710e-01 
9.943703e-01 
9.943696e-01 
9.943689e-01 
9.943682e-01 
9.943675e-01 
9.943668e-01 
9.943660e-01 
9.943646e-01 
9.943636e-01 
9.943625e-01 
9.943612e-01 
9.943600e-01 
9.943588e-01 
9.943578e-01 
9.943558e-01 
9.943536e-01 
9.943510e-01 
9.943490e-01 
9.943469e-01 
9.943455e-01 
9.943446e-01 
9.943438e-01 
9.943432e-01 
9.943428e-01 
9.943422e-01 
9.943417e-01 
9.943413e-01 
9.943410e-01 
9.943407e-01 
9.943404e-01 
9.943400e-01 
9.943398e-01 
9.943394e-01 
9.943391e-01 
9.943388e-01 
9.943384e-01 
9.943379e-01 
9.943373e-01 
9.943365e-01 
9.943359e-01 
9.943349e-01 
9.943340e-01 
9.943332e-01 
9.943318e-01 
9.943308e-01 
9.943302e-01 
9.943286e-01 
9.943270e-01 
9.943257e-01 
9.943251e-01 
9.943245e-01 
9.943241e-01 
9.942886e-01 
9.942761e-01 
9.942420e-01 
9.941961e-01 
9.941961e-01 
9.941961e-01 
9.941809e-01 
9.941735e-01 
9.941735e-01 
9.941692e-01 
9.941581e-01 
9.941557e-01 
9.941557e-01 
9.941557e-01 
9.941557e-01 
9.941348e-01 
9.941348e-01 
9.941192e-01 
9.941192e-01 
9.941192e-01 
9.941192e-01 
9.941192e-01 
9.941192e-01 
9.941112e-01 
9.941112e-01 
9.941112e-01 
9.940724e-01 
9.940724e-01 
9.940724e-01 
9.940724e-01 
9.940724e-01 
9.940724e-01 
9.940724e-01 
9.940657e-01 
9.940486e-01 
9.940486e-01 
9.939733e-01 
9.939733e-01 
9.939733e-01 
9.939645e-01 
9.939416e-01 
9.939215e-01 
9.939016e-01 
9.939016e-01 
9.939016e-01 
9.939016e-01 
9.939016e-01 
9.938959e-01 
9.938959e-01 
9.938959e-01 
9.938959e-01 
9.938959e-01 
9.938924e-01 
9.938924e-01 
9.938769e-01 
9.938749e-01 
9.938690e-01 
9.938666e-01 
9.938521e-01 
9.938443e-01 
9.938364e-01 
9.938346e-01 
9.938334e-01 
9.938310e-01 
9.938283e-01 
9.938283e-01 
9.938276e-01 
9.938276e-01 
9.938276e-01 
9.938184e-01 
9.938057e-01 
9.937896e-01 
9.937719e-01 
9.937673e-01 
9.937499e-01 
9.937471e-01 
9.937409e-01 
9.937353e-01 
9.937207e-01 
9.937140e-01 
9.937140e-01 
9.937125e-01 
9.937055e-01 
9.937041e-01 
9.937041e-01 
9.937027e-01 
9.936880e-01 
9.936858e-01 
9.936858e-01 
9.936858e-01 
9.936858e-01 
9.936858e-01 
9.936858e-01 
9.936843e-01 
9.936818e-01 
9.936792e-01 
9.936743e-01 
9.936676e-01 
9.936676e-01 
9.936676e-01 
9.936676e-01 
9.936663e-01 
9.936609e-01 
9.936581e-01 
9.936553e-01 
9.936518e-01 
9.936479e-01 
9.936433e-01 
9.936412e-01 
9.936400e-01 
9.936355e-01 
9.936323e-01 
9.936299e-01 
9.936248e-01 
9.936174e-01 
9.936163e-01 
9.936144e-01 
9.936137e-01 
9.936123e-01 
9.936081e-01 
9.936069e-01 
9.936044e-01 
9.935985e-01 
9.935887e-01 
9.935782e-01 
9.935710e-01 
9.935648e-01 
9.935539e-01 
9.935500e-01 
9.935409e-01 
9.935328e-01 
9.935263e-01 
9.935209e-01 
9.935124e-01 
9.935083e-01 
9.934932e-01 
9.934764e-01 
9.934653e-01 
9.934493e-01 
9.934453e-01 
9.934426e-01 
9.934342e-01 
9.934342e-01 
9.934342e-01 
9.934342e-01 
9.934342e-01 
9.934342e-01 
9.934318e-01 
9.934267e-01 
9.934164e-01 
9.934094e-01 
9.934000e-01 
9.933927e-01 
9.933755e-01 
9.933720e-01 
9.933684e-01 
9.933624e-01 
9.933532e-01 
9.933507e-01 
9.933447e-01 
9.933433e-01 
9.933433e-01 
9.933433e-01 
9.933433e-01 
9.933433e-01 
9.933420e-01 
9.933384e-01 
9.933360e-01 
9.933308e-01 
9.933268e-01 
9.933143e-01 
9.933032e-01 
9.932906e-01 
9.932731e-01 
9.932376e-01 
9.932099e-01 
9.931890e-01 
9.931689e-01 
9.931570e-01 
9.931441e-01 
9.931262e-01 
9.931150e-01 
9.931031e-01 
9.930936e-01 
9.930853e-01 
9.930737e-01 
9.930657e-01 
9.930583e-01 
9.930498e-01 
9.930400e-01 
9.930221e-01 
9.930013e-01 
9.929893e-01 
9.929756e-01 
9.929636e-01 
9.929529e-01 
9.929373e-01 
9.929238e-01 
9.929163e-01 
9.929062e-01 
9.928968e-01 
9.928901e-01 
9.928768e-01 
9.928662e-01 
9.928577e-01 
9.928501e-01 
9.928385e-01 
9.928247e-01 
9.928130e-01 
9.928029e-01 
9.927923e-01 
9.927727e-01 
9.927634e-01 
9.927501e-01 
9.927415e-01 
9.927280e-01 
9.927132e-01 
9.926884e-01 
9.926720e-01 
9.926399e-01 
9.926218e-01 
9.926102e-01 
9.925802e-01 
9.925532e-01 
9.925124e-01 
9.924946e-01 
9.924802e-01 
9.924625e-01 
9.924359e-01 
9.924053e-01 
9.923776e-01 
9.923480e-01 
9.922978e-01 
9.922930e-01 
9.922646e-01 
9.922397e-01 
9.922047e-01 
9.921871e-01 
9.921704e-01 
9.921189e-01 
9.921081e-01 
9.921054e-01 
9.920903e-01 
9.920754e-01 
9.920754e-01 
9.920167e-01 
9.919806e-01 
9.919806e-01 
9.919806e-01 
9.919666e-01 
9.919632e-01 
9.919074e-01 
9.918970e-01 
9.918683e-01 
9.918505e-01 
9.918430e-01 
9.918333e-01 
9.918275e-01 
9.918275e-01 
9.917824e-01 
9.917659e-01 
9.917608e-01 
9.917445e-01 
9.917445e-01 
9.917170e-01 
9.917082e-01 
9.916811e-01 
9.916741e-01 
9.916741e-01 
9.915926e-01 
9.915926e-01 
9.915926e-01 
9.915926e-01 
9.915926e-01 
9.915926e-01 
9.915773e-01 
9.915773e-01 
9.915773e-01 
9.915773e-01 
9.915773e-01 
9.915773e-01 
9.915773e-01 
9.915772e-01 
9.915771e-01 
9.915574e-01 
9.915324e-01 
9.915324e-01 
9.914933e-01 
9.914933e-01 
9.914933e-01 
9.914888e-01 
9.914856e-01 
9.914660e-01 
9.914660e-01 
9.914660e-01 
9.914660e-01 
9.914660e-01 
9.914660e-01 
9.914657e-01 
9.914655e-01 
9.914655e-01 
9.914655e-01 
9.914637e-01 
9.914478e-01 
9.914419e-01 
9.914419e-01 
9.914073e-01 
9.913809e-01 
9.912868e-01 
9.912264e-01 
9.911473e-01 
9.911241e-01 
9.911239e-01 
9.910723e-01 
9.910266e-01 
9.910219e-01 
9.910219e-01 
9.910219e-01 
9.910098e-01 
9.910068e-01 
9.909714e-01 
9.909714e-01 
9.909714e-01 
9.909714e-01 
9.909468e-01 
9.909468e-01 
9.909424e-01 
9.909398e-01 
9.909335e-01 
9.909335e-01 
9.909335e-01 
9.909335e-01 
9.909335e-01 
9.909256e-01 
9.909256e-01 
9.909256e-01 
9.909240e-01 
9.909090e-01 
9.908227e-01 
9.908227e-01 
9.907440e-01 
9.907440e-01 
9.907351e-01 
9.907351e-01 
9.907351e-01 
9.907351e-01 
9.907270e-01 
9.907270e-01 
9.907214e-01 
9.907214e-01 
9.906983e-01 
9.906795e-01 
9.906758e-01 
9.906750e-01 
9.906747e-01 
9.906723e-01 
9.906543e-01 
9.906543e-01 
9.906342e-01 
9.906312e-01 
9.905766e-01 
9.905766e-01 
9.905766e-01 
9.905766e-01 
9.905673e-01 
9.905550e-01 
9.905499e-01 
9.905449e-01 
9.905386e-01 
9.905332e-01 
9.905332e-01 
9.905303e-01 
9.905160e-01 
9.905160e-01 
9.905093e-01 
9.905093e-01 
9.905031e-01 
9.905031e-01 
9.904949e-01 
9.904242e-01 
9.898956e-01 
9.898750e-01 
9.898750e-01 
9.895970e-01 
9.895970e-01 
9.895970e-01 
9.895970e-01 
9.895970e-01 
9.895763e-01 
9.895763e-01 
9.895763e-01 
9.895657e-01 
9.895657e-01 
9.895615e-01 
9.895615e-01 
9.895602e-01 
9.895602e-01 
9.895602e-01 
9.895597e-01 
9.895571e-01 
9.895561e-01 
9.895558e-01 
9.895556e-01 
9.895556e-01 
9.895556e-01 
9.895556e-01 
9.895556e-01 
9.895556e-01 
9.895556e-01 
9.895555e-01 
9.895555e-01 
9.895555e-01 
9.895555e-01 
9.895555e-01 
9.895555e-01 
9.895555e-01 
9.895555e-01 
9.895555e-01 
9.895555e-01 
9.895555e-01 
9.895445e-01 
9.895144e-01 
9.895087e-01 
9.895074e-01 
9.895070e-01 
9.895029e-01 
9.895029e-01 
9.895005e-01 
9.894990e-01 
9.894990e-01 
9.894871e-01 
9.894871e-01 
9.894871e-01 
9.894734e-01 
9.894590e-01 
9.894590e-01 
9.894410e-01 
9.894410e-01 
9.894410e-01 
9.894410e-01 
9.894396e-01 
9.894389e-01 
9.894381e-01 
9.894381e-01 
9.894381e-01 
9.894357e-01 
9.894357e-01 
9.894302e-01 
9.894302e-01 
9.894302e-01 
9.894302e-01 
9.894302e-01 
9.894302e-01 
9.894302e-01 
9.894302e-01 
9.894302e-01 
9.894302e-01 
9.894302e-01 
9.894302e-01 
9.894302e-01 
9.894293e-01 
9.894293e-01 
9.894293e-01 
9.894288e-01 
9.894284e-01 
9.894275e-01 
9.894199e-01 
9.894188e-01 
9.894188e-01 
9.894188e-01 
9.894129e-01 
9.894102e-01 
9.894071e-01 
9.894071e-01 
9.894052e-01 
9.894052e-01 
9.894038e-01 
9.894038e-01 
9.894038e-01 
9.894038e-01 
9.894014e-01 
9.894014e-01 
9.894014e-01 
9.894014e-01 
9.894014e-01 
9.894014e-01 
9.894014e-01 
9.894014e-01 
9.894014e-01 
9.894014e-01 
9.894014e-01 
9.894014e-01 
9.894014e-01 
9.894014e-01 
9.894014e-01 
9.894013e-01 
9.894013e-01 
9.894012e-01 
9.894012e-01 
9.893812e-01 
9.893812e-01 
9.893812e-01 
9.893812e-01 
9.893812e-01 
9.893180e-01 
9.893180e-01 
9.893126e-01 
9.892046e-01 
9.892046e-01 
9.890452e-01 
9.890286e-01 
9.890286e-01 
9.890286e-01 
9.890286e-01 
9.890286e-01 
9.890286e-01 
9.890286e-01 
9.890286e-01 
9.890286e-01 
9.890286e-01 
9.890286e-01 
9.890286e-01 
9.890286e-01 
9.890257e-01 
9.890257e-01 
9.890086e-01 
9.890086e-01 
9.890086e-01 
9.888625e-01 
9.888625e-01 
9.888200e-01 
9.888200e-01 
9.888185e-01 
9.888185e-01 
9.888185e-01 
9.888185e-01 
9.888185e-01 
9.888185e-01 
9.888185e-01 
9.888185e-01 
9.887989e-01 
9.886281e-01 
9.885736e-01 
9.885540e-01 
9.885465e-01 
9.885436e-01 
9.885424e-01 
9.885419e-01 
9.885418e-01 
9.885417e-01 
9.885417e-01 
9.885416e-01 
9.885416e-01 
9.885416e-01 
9.885416e-01 
9.885416e-01 
9.885416e-01 
9.885416e-01 
9.885416e-01 
9.885416e-01 
9.885416e-01 
9.885416e-01 
9.885416e-01 
9.885416e-01 
9.885046e-01 
9.885046e-01 
9.884831e-01 
9.884831e-01 
9.884790e-01 
9.884367e-01 
9.884243e-01 
9.884233e-01 
9.884233e-01 
9.884109e-01 
9.884032e-01 
9.884032e-01 
9.884032e-01 
9.884032e-01 
9.884032e-01 
9.884032e-01 
9.884019e-01 
9.884018e-01 
9.884018e-01 
9.884016e-01 
9.884015e-01 
9.884015e-01 
9.884015e-01 
9.884015e-01 
9.884015e-01 
9.883969e-01 
9.883969e-01 
9.883969e-01 
9.883969e-01 
9.883969e-01 
9.883964e-01 
9.883964e-01 
9.883958e-01 
9.883910e-01 
9.883910e-01 
9.883906e-01 
9.883906e-01 
9.883905e-01 
9.883905e-01 
9.883905e-01 
9.883905e-01 
9.883904e-01 
9.883904e-01 
9.883880e-01 
9.883880e-01 
9.883860e-01 
9.883841e-01 
9.883831e-01 
9.883820e-01 
9.883814e-01 
9.883810e-01 
9.883806e-01 
9.883804e-01 
9.883801e-01 
9.883800e-01 
9.883799e-01 
9.883798e-01 
9.883797e-01 
9.883796e-01 
9.883796e-01 
9.883796e-01 
9.883796e-01 
9.883796e-01 
9.883796e-01 
9.883795e-01 
9.883795e-01 
9.883795e-01 
9.883795e-01 
9.883795e-01 
9.883795e-01 
9.883795e-01 
9.883795e-01 
9.883795e-01 
9.883795e-01 
9.883795e-01 
9.883794e-01 
9.883794e-01 
9.883794e-01 
9.883794e-01 
9.883794e-01 
9.883794e-01 
9.883794e-01 
9.883794e-01 
9.883794e-01 
9.883794e-01 
9.883792e-01 
9.883782e-01 
9.883780e-01 
9.883779e-01 
9.883779e-01 
9.883777e-01 
9.883639e-01 
9.883543e-01 
9.883468e-01 
9.883441e-01 
9.883374e-01 
9.883229e-01 
9.883118e-01 
9.882987e-01 
9.882972e-01 
9.882945e-01 
9.882926e-01 
9.882909e-01 
9.882909e-01 
9.882858e-01 
9.882858e-01 
9.882854e-01 
9.882853e-01 
9.882842e-01 
9.882842e-01 
9.882842e-01 
9.882800e-01 
9.882776e-01 
9.882754e-01 
9.882722e-01 
9.882671e-01 
9.882645e-01 
9.882634e-01 
9.882634e-01 
9.882620e-01 
9.882617e-01 
9.882612e-01 
9.882609e-01 
9.882604e-01 
9.882603e-01 
9.882599e-01 
9.882595e-01 
9.882566e-01 
9.882559e-01 
9.882546e-01 
9.882541e-01 
9.882539e-01 
9.882538e-01 
9.882533e-01 
9.882531e-01 
9.882528e-01 
9.882527e-01 
9.882525e-01 
9.882524e-01 
9.882523e-01 
9.882522e-01 
9.882521e-01 
9.882520e-01 
9.882520e-01 
9.882520e-01 
9.882520e-01 
9.882519e-01 
9.882519e-01 
9.882518e-01 
9.882517e-01 
9.882513e-01 
9.882510e-01 
9.882507e-01 
9.882505e-01 
9.882500e-01 
9.882497e-01 
9.882494e-01 
9.882491e-01 
9.882488e-01 
9.882484e-01 
9.882481e-01 
9.882479e-01 
9.882478e-01 
9.882476e-01 
9.882474e-01 
9.882471e-01 
9.882470e-01 
9.882468e-01 
9.882468e-01 
9.882467e-01 
9.882467e-01 
9.882467e-01 
9.882466e-01 
9.882466e-01 
9.882466e-01 
9.882466e-01 
9.882466e-01 
9.882466e-01 
9.882466e-01 
9.882466e-01 
9.882466e-01 
9.882466e-01 
9.882466e-01 
9.882466e-01 
9.882466e-01 
9.882466e-01 
9.882466e-01 
9.882465e-01 
9.882465e-01 
9.882465e-01 
9.882465e-01 
9.882465e-01 
9.882465e-01 
9.882465e-01 
9.882465e-01 
9.882465e-01 
9.882465e-01 
9.882465e-01 
9.882465e-01 
9.882465e-01 
9.882465e-01 
9.882465e-01 
9.882465e-01 
9.882465e-01 
9.882465e-01 
9.882334e-01 
9.882173e-01 
9.882068e-01 
9.881993e-01 
9.881916e-01 
9.881916e-01 
9.881916e-01 
9.881916e-01 
9.881916e-01 
9.881916e-01 
9.881916e-01 
9.881916e-01 
9.881916e-01 
9.881916e-01 
9.881916e-01 
9.881896e-01 
9.881896e-01 
9.881888e-01 
9.881885e-01 
9.881884e-01 
9.881882e-01 
9.881874e-01 
9.881874e-01 
9.881874e-01 
9.881874e-01 
9.881874e-01 
9.881874e-01 
9.881874e-01 
9.881874e-01 
9.881874e-01 
9.881874e-01 
9.881874e-01 
9.881874e-01 
9.881874e-01 
9.881874e-01 
9.881874e-01 
9.881874e-01 
9.881874e-01 
9.881874e-01 
9.881874e-01 
9.881874e-01 
9.881874e-01 
9.881874e-01 
9.881874e-01 
9.881874e-01 
9.881874e-01 
9.881874e-01 
9.881874e-01 
9.881874e-01 
9.881874e-01 
9.881874e-01 
9.881874e-01 
9.881874e-01 
9.881874e-01 
9.881874e-01 
9.881873e-01 
9.881873e-01 
9.881873e-01 
9.881873e-01 
9.881873e-01 
9.881873e-01 
9.881873e-01 
9.881873e-01 
9.881873e-01 
9.881873e-01 
9.881873e-01 
9.881873e-01 
9.881873e-01 
9.881873e-01 
9.881873e-01 
9.881873e-01 
9.881873e-01 
9.881873e-01 
9.881873e-01 
9.881873e-01 
9.881873e-01 
9.881873e-01 
9.881873e-01 
9.881873e-01 
9.881873e-01 
9.881873e-01 
9.881873e-01 
9.881873e-01 
9.881873e-01 
9.881873e-01 
9.881873e-01 
9.881873e-01 
9.881873e-01 
9.881873e-01 
9.881873e-01 
9.881872e-01 
9.881871e-01 
9.881870e-01 
9.881868e-01 
9.881868e-01 
9.881867e-01 
9.881864e-01 
9.881860e-01 
9.881857e-01 
9.881853e-01 
9.881851e-01 
9.881846e-01 
9.881843e-01 
9.881839e-01 
9.881835e-01 
9.881831e-01 
9.881827e-01 
9.881824e-01 
9.881822e-01 
9.881820e-01 
9.881819e-01 
9.881817e-01 
9.881816e-01 
9.881815e-01 
9.881814e-01 
9.881812e-01 
9.881810e-01 
9.881809e-01 
9.881808e-01 
9.881807e-01 
9.881806e-01 
9.881804e-01 
9.881803e-01 
9.881802e-01 
9.881801e-01 
9.881801e-01 
9.881801e-01 
9.881800e-01 
9.881800e-01 
9.881799e-01 
9.881799e-01 
9.881799e-01 
9.881799e-01 
9.881799e-01 
9.881799e-01 
9.881798e-01 
9.881798e-01 
9.881798e-01 
9.881798e-01 
9.881798e-01 
9.881798e-01 
9.881795e-01 
9.881789e-01 
9.881789e-01 
9.881784e-01 
9.881784e-01 
9.881784e-01 
9.881784e-01 
9.881784e-01 
9.881783e-01 
9.881782e-01 
9.881781e-01 
9.881781e-01 
9.881781e-01 
9.881781e-01 
9.881781e-01 
9.881780e-01 
9.881780e-01 
9.881779e-01 
9.881779e-01 
9.881779e-01 
9.881777e-01 
9.881777e-01 
9.881775e-01 
9.881773e-01 
9.881773e-01 
9.881729e-01 
9.881724e-01 
9.881724e-01 
9.881724e-01 
9.881724e-01 
9.881724e-01 
9.881721e-01 
9.881717e-01 
9.881716e-01 
9.881713e-01 
9.881711e-01 
9.881711e-01 
9.881709e-01 
9.881709e-01 
9.881709e-01 
9.881709e-01 
9.881707e-01 
9.881707e-01 
9.881707e-01 
9.881706e-01 
9.881701e-01 
9.881698e-01 
9.881696e-01 
9.881696e-01 
9.881695e-01 
9.881695e-01 
9.881693e-01 
9.881693e-01 
9.881693e-01 
9.881693e-01 
9.881693e-01 
9.881693e-01 
9.881692e-01 
9.881692e-01 
9.881692e-01 
9.881691e-01 
9.881691e-01 
9.881690e-01 
9.881690e-01 
9.881690e-01 
9.881690e-01 
9.881689e-01 
9.881689e-01 
9.881689e-01 
9.881687e-01 
9.881687e-01 
9.881686e-01 
9.881685e-01 
9.881684e-01 
9.881684e-01 
9.881684e-01 
9.881683e-01 
9.881683e-01 
9.881682e-01 
9.881682e-01 
9.881681e-01 
9.881681e-01 
9.881681e-01 
9.881681e-01 
9.881681e-01 
9.881681e-01 
9.881680e-01 
9.881680e-01 
9.881680e-01 
9.881284e-01 
9.881284e-01 
9.881284e-01 
9.881284e-01 
9.881284e-01 
9.881284e-01 
9.881284e-01 
9.881034e-01 
9.881034e-01 
9.881034e-01 
9.881034e-01 
9.881034e-01 
9.881034e-01 
9.881034e-01 
9.881034e-01 
9.881034e-01 
9.881034e-01 
9.881015e-01 
9.881015e-01 
9.881015e-01 
9.880803e-01 
9.880803e-01 
9.880803e-01 
9.880803e-01 
9.880803e-01 
9.880803e-01 
9.880803e-01 
9.880803e-01 
9.880784e-01 
9.880784e-01 
9.880784e-01 
9.880784e-01 
9.880784e-01 
9.880770e-01 
9.880770e-01 
9.880754e-01 
9.880754e-01 
9.880747e-01 
9.880737e-01 
9.880737e-01 
9.880730e-01 
9.880548e-01 
9.880490e-01 
9.880490e-01 
9.880483e-01 
9.880428e-01 
9.880428e-01 
9.880368e-01 
9.880353e-01 
9.880351e-01 
9.880351e-01 
9.880351e-01 
9.880340e-01 
9.880301e-01 
9.880265e-01 
9.880239e-01 
9.880232e-01 
9.880232e-01 
9.880232e-01 
9.880227e-01 
9.880222e-01 
9.880217e-01 
9.880173e-01 
9.880140e-01 
9.880140e-01 
9.880140e-01 
9.880140e-01 
9.880138e-01 
9.880123e-01 
9.880110e-01 
9.880110e-01 
9.880110e-01 
9.880110e-01 
9.880110e-01 
9.880110e-01 
9.880110e-01 
9.880110e-01 
9.880110e-01 
9.880110e-01 
9.880101e-01 
9.880101e-01 
9.880092e-01 
9.880092e-01 
9.880092e-01 
9.880092e-01 
9.880092e-01 
9.880091e-01 
9.880091e-01 
9.880091e-01 
9.880090e-01 
9.880090e-01 
9.880089e-01 
9.880089e-01 
9.880089e-01 
9.880089e-01 
9.880089e-01 
9.880088e-01 
9.880088e-01 
9.880088e-01 
9.880088e-01 
9.880088e-01 
9.880088e-01 
9.880087e-01 
9.880087e-01 
9.880087e-01 
9.880087e-01 
9.880087e-01 
9.880087e-01 
9.880087e-01 
9.880087e-01 
9.880087e-01 
9.880087e-01 
9.880087e-01 
9.880087e-01 
9.880087e-01 
9.880087e-01 
9.880086e-01 
9.880086e-01 
9.880086e-01 
9.880086e-01 
9.880086e-01 
9.880086e-01 
9.880086e-01 
9.880086e-01 
9.880086e-01 
9.880086e-01 
9.880086e-01 
9.880086e-01 
9.880086e-01 
9.880086e-01 
9.880086e-01 
9.880086e-01 
9.880086e-01 
9.880086e-01 
9.880086e-01 
9.880086e-01 
9.880086e-01 
9.880086e-01 
9.880086e-01 
9.880086e-01 
9.880086e-01 
9.880086e-01 
9.880086e-01 
9.880086e-01 
9.880086e-01 
9.880086e-01 
9.880086e-01 
9.880086e-01 
9.880086e-01 
9.880086e-01 
9.880086e-01 
9.880086e-01 
9.880086e-01 
9.880086e-01 
9.880086e-01 
9.880086e-01 
9.880086e-01 
9.880086e-01 
9.880086e-01 
9.880086e-01 
9.880086e-01 
9.880086e-01 
9.880086e-01 
9.880086e-01 
9.880086e-01 
9.880086e-01 
9.880086e-01 
9.880086e-01 
9.880086e-01 
9.880086e-01 
9.880086e-01 
9.880086e-01 
9.880086e-01 
9.880086e-01 
9.880086e-01 
9.880086e-01 
9.880086e-01 
9.880086e-01 
9.880086e-01 
9.880083e-01 
9.880081e-01 
9.880081e-01 
9.880081e-01 
9.880081e-01 
9.880080e-01 
9.880080e-01 
9.880080e-01 
9.880080e-01 
9.880080e-01 
9.880080e-01 
9.880077e-01 
9.880077e-01 
9.880072e-01 
9.880072e-01 
9.880050e-01 
9.880044e-01 
9.880041e-01 
9.880041e-01 
9.880040e-01 
9.880025e-01 
9.880019e-01 
9.880019e-01 
9.880019e-01 
9.880014e-01 
9.880014e-01 
9.880014e-01 
9.880014e-01 
9.880011e-01 
9.880003e-01 
9.880001e-01 
9.880001e-01 
9.880001e-01 
9.880000e-01 
9.879995e-01 
9.879991e-01 
9.879989e-01 
9.879987e-01 
9.879984e-01 
9.879981e-01 
9.879978e-01 
9.879977e-01 
9.879975e-01 
9.879974e-01 
9.879974e-01 
9.879974e-01 
9.879974e-01 
9.879974e-01 
9.879973e-01 
9.879973e-01 
9.879973e-01 
9.879972e-01 
9.879972e-01 
9.879970e-01 
9.879970e-01 
9.879969e-01 
9.879969e-01 
9.879969e-01 
9.879965e-01 
9.879961e-01 
9.879960e-01 
9.879959e-01 
9.879957e-01 
9.879953e-01 
9.879949e-01 
9.879945e-01 
9.879943e-01 
9.879943e-01 
9.879942e-01 
9.879939e-01 
9.879939e-01 
9.879937e-01 
9.879934e-01 
9.879930e-01 
9.879927e-01 
9.879927e-01 
9.879920e-01 
9.879916e-01 
9.879916e-01 
9.879909e-01 
9.879908e-01 
9.879900e-01 
9.879888e-01 
9.879884e-01 
9.879877e-01 
9.879862e-01 
9.879854e-01 
9.879846e-01 
9.879842e-01 
9.879840e-01 
9.879840e-01 
9.879838e-01 
9.879832e-01 
9.879827e-01 
9.879826e-01 
9.879821e-01 
9.879821e-01 
9.879819e-01 
9.879819e-01 
9.879814e-01 
9.879814e-01 
9.879810e-01 
9.879809e-01 
9.879807e-01 
9.879807e-01 
9.879804e-01 
9.879801e-01 
9.879795e-01 
9.879790e-01 
9.879786e-01 
9.879783e-01 
9.879782e-01 
9.879781e-01 
9.879780e-01 
9.879776e-01 
9.879774e-01 
9.879773e-01 
9.879772e-01 
9.879771e-01 
9.879770e-01 
9.879769e-01 
9.879768e-01 
9.879767e-01 
9.879765e-01 
9.879764e-01 
9.879763e-01 
9.879762e-01 
9.879762e-01 
9.879762e-01 
9.879761e-01 
9.879761e-01 
9.879759e-01 
9.879758e-01 
9.879757e-01 
9.879756e-01 
9.879633e-01 
9.879633e-01 
9.879633e-01 
9.879462e-01 
9.879462e-01 
9.879462e-01 
9.879462e-01 
9.879462e-01 
9.879462e-01 
9.879462e-01 
9.879462e-01 
9.879462e-01 
9.879462e-01 
9.879462e-01 
9.879462e-01 
9.879423e-01 
9.879423e-01 
9.879423e-01 
9.879400e-01 
9.879386e-01 
9.879386e-01 
9.879386e-01 
9.879382e-01 
9.879382e-01 
9.879382e-01 
9.879377e-01 
9.879375e-01 
9.879375e-01 
9.879375e-01 
9.879375e-01 
9.879375e-01 
9.879342e-01 
9.879342e-01 
9.879265e-01 
9.879265e-01 
9.879265e-01 
9.879265e-01 
9.879219e-01 
9.879216e-01 
9.879216e-01 
9.879216e-01 
9.879182e-01 
9.879182e-01 
9.879175e-01 
9.879175e-01 
9.879175e-01 
9.879175e-01 
9.879172e-01 
9.879172e-01 
9.879171e-01 
9.879169e-01 
9.879169e-01 
9.879158e-01 
9.879158e-01 
9.879158e-01 
9.879158e-01 
9.879158e-01 
9.879153e-01 
9.879153e-01 
9.879153e-01 
9.879153e-01 
9.879153e-01 
9.879153e-01 
9.879153e-01 
9.879153e-01 
9.879151e-01 
9.879151e-01 
9.879151e-01 
9.879151e-01 
9.879151e-01 
9.879139e-01 
9.879139e-01 
9.879139e-01 
9.879139e-01 
9.879139e-01 
9.879139e-01 
9.879139e-01 
9.879139e-01 
9.879139e-01 
9.879139e-01 
9.879138e-01 
9.879138e-01 
9.879138e-01 
9.879138e-01 
9.879138e-01 
9.879135e-01 
9.879129e-01 
9.879129e-01 
9.879129e-01 
9.879129e-01 
9.879129e-01 
9.879129e-01 
9.879129e-01 
9.879129e-01 
9.879129e-01 
9.879129e-01 
9.879129e-01 
9.879129e-01 
9.879129e-01 
9.879129e-01 
9.879129e-01 
9.879129e-01 
9.879129e-01 
9.879127e-01 
9.879127e-01 
9.879127e-01 
9.879127e-01 
9.879127e-01 
9.879123e-01 
9.879123e-01 
9.879123e-01 
9.879122e-01 
9.879122e-01 
9.879121e-01 
9.879121e-01 
9.879121e-01 
9.879119e-01 
9.879118e-01 
9.879118e-01 
9.879117e-01 
9.879117e-01 
9.879115e-01 
9.879114e-01 
9.879114e-01 
9.879111e-01 
9.879109e-01 
9.879108e-01 
9.879108e-01 
9.879107e-01 
9.879106e-01 
9.879105e-01 
9.879104e-01 
9.879104e-01 
9.879103e-01 
9.879102e-01 
9.879102e-01 
9.879102e-01 
9.879101e-01 
9.879101e-01 
9.879101e-01 
9.879101e-01 
9.879100e-01 
9.879099e-01 
9.879099e-01 
9.879098e-01 
9.879098e-01 
9.879097e-01 
9.879097e-01 
9.879097e-01 
9.879096e-01 
9.879096e-01 
9.879096e-01 
9.879096e-01 
9.879096e-01 
9.879096e-01 
9.879095e-01 
9.879095e-01 
9.879095e-01 
9.879094e-01 
9.879094e-01 
9.879093e-01 
9.879093e-01 
9.879092e-01 
9.879091e-01 
9.879091e-01 
9.879091e-01 
9.879091e-01 
9.879090e-01 
9.879090e-01 
9.879090e-01 
9.879090e-01 
9.879089e-01 
9.879089e-01 
9.879089e-01 
9.879089e-01 
9.879089e-01 
9.879089e-01 
9.879088e-01 
9.879088e-01 
9.879088e-01 
9.879088e-01 
9.879088e-01 
9.879088e-01 
9.879088e-01 
9.879088e-01 
9.879087e-01 
9.879087e-01 
9.879087e-01 
9.879087e-01 
9.879087e-01 
9.879087e-01 
9.879087e-01 
9.879087e-01 
9.879086e-01 
9.879086e-01 
9.879086e-01 
9.879086e-01 
9.879085e-01 
9.879085e-01 
9.879085e-01 
9.879085e-01 
9.879085e-01 
9.879085e-01 
9.879085e-01 
9.879085e-01 
9.879085e-01 
9.879085e-01 
9.879085e-01 
9.879084e-01 
9.879084e-01 
9.879084e-01 
9.879084e-01 
9.879084e-01 
9.879084e-01 
9.879084e-01 
9.879084e-01 
9.879084e-01 
9.879084e-01 
9.879084e-01 
9.879084e-01 
9.879084e-01 
9.879084e-01 
9.879084e-01 
9.879084e-01 
9.879084e-01 
9.879084e-01 
9.879084e-01 
9.879084e-01 
9.879084e-01 
9.879084e-01 
9.879084e-01 
9.879084e-01 
9.879084e-01 
9.879083e-01 
9.879083e-01 
9.879083e-01 
9.879083e-01 
9.879083e-01 
9.879083e-01 
9.879083e-01 
9.879083e-01 
9.879083e-01 
9.879083e-01 
9.879083e-01 
9.879083e-01 
9.879082e-01 
9.879082e-01 
9.879082e-01 
9.879082e-01 
9.879082e-01 
9.879082e-01 
9.879082e-01 
9.879082e-01 
9.879082e-01 
9.879082e-01 
9.879082e-01 
9.879082e-01 
9.879082e-01 
9.879082e-01 
9.879082e-01 
9.879082e-01 
9.879082e-01 
9.879082e-01 
9.879082e-01 
9.879082e-01 
9.879082e-01 
9.879082e-01 
9.879082e-01 
9.879082e-01 
9.879082e-01 
9.879082e-01 
9.879082e-01 
9.879082e-01 
9.879082e-01 
9.879082e-01 
9.879082e-01 
9.879082e-01 
9.879082e-01 
9.879082e-01 
9.879082e-01 
9.879082e-01 
9.879082e-01 
9.879082e-01 
9.879082e-01 
9.879082e-01 
9.879082e-01 
9.879082e-01 
9.879082e-01 
9.879082e-01 
9.879082e-01 
9.879082e-01 
9.879082e-01 
9.879082e-01 
9.879082e-01 
9.879082e-01 
9.879082e-01 
9.879082e-01 
9.879082e-01 
9.879082e-01 
9.879082e-01 
9.879082e-01 
9.879082e-01 
9.879082e-01 
9.879082e-01 
9.879081e-01 
9.879081e-01 
9.879081e-01 
9.879081e-01 
9.879081e-01 
9.879081e-01 
9.879080e-01 
9.879080e-01 
9.879080e-01 
9.879080e-01 
9.879080e-01 
9.879080e-01 
9.879080e-01 
9.879080e-01 
9.879080e-01 
9.879080e-01 
9.879080e-01 
9.879080e-01 
9.879079e-01 
9.879079e-01 
9.879079e-01 
9.879079e-01 
9.879079e-01 
9.879079e-01 
9.879079e-01 
9.879079e-01 
9.879079e-01 
9.879079e-01 
9.879079e-01 
9.879079e-01 
9.879079e-01 
9.879079e-01 
9.879079e-01 
9.879079e-01 
9.879079e-01 
9.879079e-01 
9.879079e-01 
9.879078e-01 
9.879077e-01 
9.879077e-01 
9.879076e-01 
9.879075e-01 
9.879075e-01 
9.879073e-01 
9.879073e-01 
9.879072e-01 
9.879070e-01 
9.879070e-01 
9.879068e-01 
9.879067e-01 
9.879066e-01 
9.879065e-01 
9.879064e-01 
9.879063e-01 
9.879063e-01 
9.879062e-01 
9.879061e-01 
9.879061e-01 
9.879061e-01 
9.879060e-01 
9.879060e-01 
9.879059e-01 
9.879059e-01 
9.879058e-01 
9.879058e-01 
9.879058e-01 
9.879058e-01 
9.879057e-01 
9.879057e-01 
9.879057e-01 
9.879057e-01 
9.879057e-01 
9.879056e-01 
9.879056e-01 
9.879056e-01 
9.879056e-01 
9.879055e-01 
9.879055e-01 
9.879055e-01 
9.879055e-01 
9.879055e-01 
9.879055e-01 
9.879055e-01 
9.879054e-01 
9.879054e-01 
9.879054e-01 
9.879054e-01 
9.879054e-01 
9.879054e-01 
9.879053e-01 
9.879053e-01 
9.879053e-01 
9.879053e-01 
9.879053e-01 
9.879053e-01 
9.879052e-01 
9.879052e-01 
9.879052e-01 
9.879012e-01 
9.878962e-01 
9.878936e-01 
9.878929e-01 
9.878927e-01 
9.878926e-01 
9.878926e-01 
9.878872e-01 
9.878872e-01 
9.878872e-01 
9.878872e-01 
9.878872e-01 
9.878872e-01 
9.878872e-01 
9.878870e-01 
9.878870e-01 
9.878859e-01 
9.878859e-01 
9.878859e-01 
9.878857e-01 
9.878857e-01 
9.878855e-01 
9.878842e-01 
9.878834e-01 
9.878808e-01 
9.878805e-01 
9.878795e-01 
9.878795e-01 
9.878795e-01 
9.878774e-01 
9.878770e-01 
9.878766e-01 
9.878765e-01 
9.878765e-01 
9.878765e-01 
9.878764e-01 
9.878763e-01 
9.878763e-01 
9.878762e-01 
9.878762e-01 
9.878762e-01 
9.878762e-01 
9.878762e-01 
9.878762e-01 
9.878762e-01 
9.878762e-01 
9.878762e-01 
9.878759e-01 
9.878759e-01 
9.878759e-01 
9.878759e-01 
9.878759e-01 
9.878759e-01 
9.878759e-01 
9.878759e-01 
9.878759e-01 
9.878758e-01 
9.878758e-01 
9.878758e-01 
9.878757e-01 
9.878757e-01 
9.878757e-01 
9.878757e-01 
9.878757e-01 
9.878757e-01 
9.878757e-01 
9.878757e-01 
9.878757e-01 
9.878753e-01 
9.878751e-01 
9.878747e-01 
9.878744e-01 
9.878744e-01 
9.878743e-01 
9.878743e-01 
9.878743e-01 
9.878742e-01 
9.878740e-01 
9.878739e-01 
9.878738e-01 
9.878737e-01 
9.878736e-01 
9.878736e-01 
9.878736e-01 
9.878725e-01 
9.878725e-01 
9.878693e-01 
9.878692e-01 
9.878692e-01 
9.878692e-01 
9.878690e-01 
9.878690e-01 
9.878690e-01 
9.878690e-01 
9.878690e-01 
9.878690e-01 
9.878690e-01 
9.878690e-01 
9.878690e-01 
9.878690e-01 
9.878690e-01 
9.878690e-01 
9.878690e-01 
9.878689e-01 
9.878688e-01 
9.878685e-01 
9.878683e-01 
9.878682e-01 
9.878681e-01 
9.878681e-01 
9.878681e-01 
9.878681e-01 
9.878675e-01 
9.878659e-01 
9.878644e-01 
9.878628e-01 
9.878628e-01 
9.878628e-01 
9.878628e-01 
9.878628e-01 
9.878628e-01 
9.878628e-01 
9.878537e-01 
9.878537e-01 
9.878537e-01 
9.878537e-01 
9.878537e-01 
9.878537e-01 
9.878537e-01 
9.878537e-01 
9.878537e-01 
9.878537e-01 
9.878537e-01 
9.878537e-01 
9.878537e-01 
9.878537e-01 
9.878537e-01 
9.878535e-01 
9.878535e-01 
9.878534e-01 
9.878534e-01 
9.878534e-01 
9.878534e-01 
9.878534e-01 
9.878534e-01 
9.878534e-01 
9.878534e-01 
9.878534e-01 
9.878534e-01 
9.878534e-01 
9.878534e-01 
9.878534e-01 
9.878534e-01 
9.878534e-01 
9.878534e-01 
9.878534e-01 
9.878531e-01 
9.878531e-01 
9.878531e-01 
9.878531e-01 
9.878531e-01 
9.878531e-01 
9.878531e-01 
9.878528e-01 
9.878526e-01 
9.878526e-01 
9.878526e-01 
9.878526e-01 
9.878526e-01 
9.878525e-01 
9.878525e-01 
9.878525e-01 
9.878525e-01 
9.878525e-01 
9.878525e-01 
9.878525e-01 
9.878525e-01 
9.878525e-01 
9.878525e-01 
9.878525e-01 
9.878525e-01 
9.878525e-01 
9.878525e-01 
9.878525e-01 
9.878525e-01 
9.878524e-01 
9.878520e-01 
9.878518e-01 
9.878514e-01 
9.878514e-01 
9.878514e-01 
9.878513e-01 
9.878513e-01 
9.878513e-01 
9.878512e-01 
9.878512e-01 
9.878511e-01 
9.878511e-01 
9.878511e-01 
9.878511e-01 
9.878511e-01 
9.878511e-01 
9.878511e-01 
9.878510e-01 
9.878510e-01 
9.878508e-01 
9.878506e-01 
9.878506e-01 
9.878506e-01 
9.878504e-01 
9.878504e-01 
9.878504e-01 
9.878504e-01 
9.878504e-01 
9.878504e-01 
9.878504e-01 
9.878501e-01 
9.878499e-01 
9.878497e-01 
9.878497e-01 
9.878497e-01 
9.878497e-01 
9.878494e-01 
9.878492e-01 
9.878492e-01 
9.878492e-01 
9.878490e-01 
9.878490e-01 
9.878488e-01 
9.878488e-01 
9.878487e-01 
9.878487e-01 
9.878484e-01 
9.878482e-01 
9.878482e-01 
9.878482e-01 
9.878479e-01 
9.878479e-01 
9.878478e-01 
9.878477e-01 
9.878477e-01 
9.878476e-01 
9.878476e-01 
9.878476e-01 
9.878476e-01 
9.878476e-01 
9.878476e-01 
9.878475e-01 
9.878475e-01 
9.878474e-01 
9.878474e-01 
9.878474e-01 
9.878474e-01 
9.878474e-01 
9.878474e-01 
9.878474e-01 
9.878474e-01 
9.878473e-01 
9.878473e-01 
9.878472e-01 
9.878470e-01 
9.878470e-01 
9.878468e-01 
9.878468e-01 
9.878465e-01 
9.878463e-01 
9.878462e-01 
9.878461e-01 
9.878457e-01 
9.878453e-01 
9.878451e-01 
9.878450e-01 
9.878450e-01 
9.878449e-01 
9.878448e-01 
9.878448e-01 
9.878448e-01 
9.878448e-01 
9.878447e-01 
9.878447e-01 
9.878447e-01 
9.878446e-01 
9.878446e-01 
9.878444e-01 
9.878443e-01 
9.878441e-01 
9.878441e-01 
9.878441e-01 
9.878440e-01 
9.878439e-01 
9.878439e-01 
9.878435e-01 
9.878433e-01 
9.878432e-01 
9.878432e-01 
9.878431e-01 
9.878431e-01 
9.878430e-01 
9.878428e-01 
9.878428e-01 
9.878428e-01 
9.878428e-01 
9.878426e-01 
9.878426e-01 
9.878426e-01 
9.878426e-01 
9.878426e-01 
9.878426e-01 
9.878426e-01 
9.878425e-01 
9.878424e-01 
9.878414e-01 
9.878413e-01 
9.878411e-01 
9.878411e-01 
9.878410e-01 
9.878410e-01 
9.878410e-01 
9.878408e-01 
9.878407e-01 
9.878407e-01 
9.878407e-01 
9.878407e-01 
9.878405e-01 
9.878405e-01 
9.878405e-01 
9.878405e-01 
9.878402e-01 
9.878400e-01 
9.878399e-01 
9.878398e-01 
9.878397e-01 
9.878396e-01 
9.878396e-01 
9.878396e-01 
9.878396e-01 
9.878396e-01 
9.878396e-01 
9.878395e-01 
9.878393e-01 
9.878389e-01 
9.878388e-01 
9.878388e-01 
9.878388e-01 
9.878388e-01 
9.878388e-01 
9.878384e-01 
9.878381e-01 
9.878381e-01 
9.878381e-01 
9.878381e-01 
9.878381e-01 
9.878381e-01 
9.878381e-01 
9.878380e-01 
9.878380e-01 
9.878380e-01 
9.878380e-01 
9.878380e-01 
9.878380e-01 
9.878380e-01 
9.878380e-01 
9.878380e-01 
9.878380e-01 
9.878380e-01 
9.878380e-01 
9.878372e-01 
9.878372e-01 
9.878372e-01 
9.878372e-01 
9.878369e-01 
9.878369e-01 
9.878369e-01 
9.878366e-01 
9.878366e-01 
9.878364e-01 
9.878364e-01 
9.878364e-01 
9.878364e-01 
9.878362e-01 
9.878361e-01 
9.878360e-01 
9.878360e-01 
9.878360e-01 
9.878360e-01 
9.878360e-01 
9.878360e-01 
9.878360e-01 
9.878360e-01 
9.878360e-01 
9.878357e-01 
9.878357e-01 
9.878357e-01 
9.878357e-01 
9.878357e-01 
9.878356e-01 
9.878356e-01 
9.878356e-01 
9.878354e-01 
9.878354e-01 
9.878353e-01 
9.878352e-01 
9.878351e-01 
9.878351e-01 
9.878351e-01 
9.878351e-01 
9.878351e-01 
9.878351e-01 
9.878351e-01 
9.878351e-01 
