2.058743e+03 
2.058743e+03 
2.058743e+03 
2.058743e+03 
2.058743e+03 
2.058743e+03 
2.058743e+03 
1.537928e+03 
8.830229e+02 
8.830229e+02 
8.830229e+02 
8.830229e+02 
8.830229e+02 
8.830229e+02 
8.830229e+02 
6.199257e+02 
6.199257e+02 
6.199257e+02 
6.199257e+02 
6.199257e+02 
6.124152e+02 
4.907559e+02 
2.382282e+02 
2.382282e+02 
2.382282e+02 
2.382282e+02 
2.382282e+02 
2.382282e+02 
2.382282e+02 
2.382282e+02 
2.382282e+02 
2.382282e+02 
2.382282e+02 
2.382282e+02 
2.335462e+02 
2.335462e+02 
2.335462e+02 
2.335462e+02 
2.335462e+02 
2.335462e+02 
2.335462e+02 
2.335462e+02 
2.335462e+02 
2.335462e+02 
2.335462e+02 
2.322405e+02 
2.322405e+02 
2.322405e+02 
2.322405e+02 
2.322405e+02 
2.322405e+02 
2.322405e+02 
2.322405e+02 
2.322405e+02 
2.322405e+02 
2.322405e+02 
2.068871e+02 
2.068871e+02 
1.843308e+02 
1.843308e+02 
1.843308e+02 
1.843308e+02 
1.843308e+02 
1.843308e+02 
1.843308e+02 
1.843308e+02 
1.843308e+02 
1.843308e+02 
1.843308e+02 
1.843308e+02 
1.843308e+02 
1.843308e+02 
1.843308e+02 
1.843308e+02 
1.695885e+02 
1.695885e+02 
1.695885e+02 
1.695885e+02 
1.695885e+02 
1.646336e+02 
1.646336e+02 
1.646336e+02 
1.646336e+02 
1.646336e+02 
1.646336e+02 
1.646336e+02 
1.646336e+02 
1.646336e+02 
1.646336e+02 
1.646336e+02 
1.646336e+02 
1.646336e+02 
1.646336e+02 
1.646336e+02 
1.646336e+02 
1.646336e+02 
1.646336e+02 
1.646336e+02 
1.646336e+02 
1.646336e+02 
1.646336e+02 
1.646336e+02 
1.646336e+02 
1.646336e+02 
1.646336e+02 
1.646336e+02 
1.646336e+02 
1.646336e+02 
1.646336e+02 
1.646336e+02 
1.646336e+02 
1.646336e+02 
1.646336e+02 
1.646336e+02 
1.646336e+02 
1.646336e+02 
1.646336e+02 
1.646336e+02 
1.646336e+02 
1.646336e+02 
1.646336e+02 
1.646336e+02 
1.646336e+02 
1.646336e+02 
1.646336e+02 
1.646336e+02 
1.646336e+02 
1.646336e+02 
1.646336e+02 
1.646336e+02 
1.646336e+02 
1.646336e+02 
1.646336e+02 
1.646336e+02 
1.646336e+02 
1.646336e+02 
1.646336e+02 
1.646336e+02 
1.646336e+02 
1.646336e+02 
1.638776e+02 
1.638776e+02 
1.638776e+02 
1.638776e+02 
1.638776e+02 
1.638776e+02 
1.638776e+02 
1.638776e+02 
1.638776e+02 
1.638776e+02 
1.638776e+02 
1.638776e+02 
1.638776e+02 
1.638776e+02 
1.638776e+02 
1.638776e+02 
1.638776e+02 
1.638776e+02 
1.638776e+02 
1.638776e+02 
1.638776e+02 
1.638776e+02 
1.638776e+02 
1.638776e+02 
1.638776e+02 
1.638776e+02 
1.638776e+02 
1.638776e+02 
1.638776e+02 
1.638776e+02 
1.638776e+02 
1.638776e+02 
1.638776e+02 
1.529218e+02 
1.529218e+02 
1.529218e+02 
1.529218e+02 
1.529218e+02 
1.529218e+02 
1.529218e+02 
1.529218e+02 
1.529218e+02 
1.529218e+02 
1.529218e+02 
1.529218e+02 
1.529218e+02 
1.529218e+02 
1.529218e+02 
1.529218e+02 
1.529218e+02 
1.529218e+02 
1.529218e+02 
1.529218e+02 
1.529218e+02 
1.529218e+02 
1.529218e+02 
1.529218e+02 
1.404741e+02 
1.404741e+02 
1.404741e+02 
1.404741e+02 
1.404741e+02 
1.404741e+02 
1.404741e+02 
1.404741e+02 
1.404741e+02 
1.404741e+02 
1.404741e+02 
1.404741e+02 
1.404741e+02 
1.404741e+02 
1.404741e+02 
1.404741e+02 
1.404741e+02 
1.404741e+02 
1.404741e+02 
1.404741e+02 
1.374404e+02 
1.374404e+02 
1.374404e+02 
1.374404e+02 
1.374404e+02 
1.374404e+02 
1.374404e+02 
1.374404e+02 
1.374404e+02 
1.302484e+02 
1.302484e+02 
1.283278e+02 
1.283278e+02 
1.283278e+02 
1.283278e+02 
1.283278e+02 
1.283278e+02 
1.283278e+02 
1.283278e+02 
1.283278e+02 
1.283278e+02 
1.283278e+02 
1.283278e+02 
1.283278e+02 
1.283278e+02 
1.283278e+02 
1.283278e+02 
1.283278e+02 
1.283278e+02 
1.283278e+02 
1.283278e+02 
1.283278e+02 
1.283278e+02 
1.283278e+02 
1.283278e+02 
1.283278e+02 
1.283278e+02 
1.283278e+02 
1.283278e+02 
1.283278e+02 
1.283278e+02 
1.283278e+02 
1.283278e+02 
1.283278e+02 
1.283278e+02 
1.283278e+02 
1.283278e+02 
1.283278e+02 
1.283278e+02 
1.283278e+02 
1.283278e+02 
1.283278e+02 
1.283278e+02 
1.283278e+02 
1.283278e+02 
1.283278e+02 
1.283278e+02 
1.283278e+02 
1.283278e+02 
1.283278e+02 
1.283278e+02 
1.243720e+02 
1.243720e+02 
1.243720e+02 
1.243720e+02 
1.243720e+02 
1.243720e+02 
1.229383e+02 
1.229383e+02 
1.229383e+02 
1.229383e+02 
1.229383e+02 
1.229383e+02 
1.229383e+02 
1.229383e+02 
1.229383e+02 
1.229383e+02 
1.229383e+02 
1.229383e+02 
1.229383e+02 
1.229383e+02 
1.229383e+02 
1.229383e+02 
1.229383e+02 
1.229383e+02 
1.229383e+02 
1.229383e+02 
1.157613e+02 
1.157613e+02 
1.157613e+02 
1.157613e+02 
1.157613e+02 
1.157613e+02 
1.157613e+02 
1.157613e+02 
1.157613e+02 
1.157613e+02 
1.157613e+02 
1.157613e+02 
1.157613e+02 
1.157613e+02 
1.157613e+02 
1.157613e+02 
1.157613e+02 
1.157613e+02 
1.157613e+02 
1.157613e+02 
1.157613e+02 
1.157613e+02 
1.157613e+02 
1.157613e+02 
1.157613e+02 
1.157613e+02 
1.157613e+02 
1.157613e+02 
1.157613e+02 
1.157613e+02 
1.157613e+02 
1.157613e+02 
1.157613e+02 
1.157613e+02 
1.157613e+02 
1.157613e+02 
1.157613e+02 
1.157613e+02 
1.157613e+02 
1.157613e+02 
1.157613e+02 
1.157613e+02 
1.157613e+02 
1.157613e+02 
1.157613e+02 
1.157613e+02 
1.157613e+02 
1.157613e+02 
1.157613e+02 
1.157613e+02 
1.157613e+02 
1.157613e+02 
1.157613e+02 
1.157613e+02 
1.157613e+02 
1.157613e+02 
1.157613e+02 
1.157613e+02 
1.157613e+02 
1.157613e+02 
1.157613e+02 
1.157613e+02 
1.157613e+02 
1.157613e+02 
1.157613e+02 
1.157613e+02 
1.157613e+02 
1.157613e+02 
1.157613e+02 
1.157613e+02 
1.157613e+02 
1.157613e+02 
1.157613e+02 
1.157613e+02 
1.157613e+02 
1.157613e+02 
1.157613e+02 
1.157613e+02 
1.157613e+02 
1.157613e+02 
1.151857e+02 
1.151857e+02 
1.151857e+02 
1.091565e+02 
1.091565e+02 
1.091565e+02 
1.091565e+02 
1.091565e+02 
1.091565e+02 
1.091565e+02 
1.091565e+02 
1.091565e+02 
1.091565e+02 
1.091565e+02 
1.091565e+02 
1.091565e+02 
1.091565e+02 
1.091565e+02 
1.091565e+02 
1.091565e+02 
1.091565e+02 
1.091565e+02 
1.091565e+02 
1.091565e+02 
1.091565e+02 
1.091565e+02 
1.091565e+02 
1.091565e+02 
1.091565e+02 
1.091565e+02 
1.091565e+02 
1.091565e+02 
1.091565e+02 
1.091565e+02 
1.091565e+02 
1.091565e+02 
1.091565e+02 
1.091565e+02 
1.091565e+02 
1.091565e+02 
1.091565e+02 
1.091565e+02 
1.091565e+02 
1.091565e+02 
1.091565e+02 
1.091565e+02 
1.091565e+02 
1.091565e+02 
1.091565e+02 
1.091565e+02 
1.091565e+02 
1.043074e+02 
1.043074e+02 
1.043074e+02 
1.043074e+02 
1.043074e+02 
1.043074e+02 
1.043074e+02 
1.043074e+02 
1.043074e+02 
1.043074e+02 
1.043074e+02 
1.043074e+02 
1.043074e+02 
1.043074e+02 
1.043074e+02 
1.043074e+02 
1.043074e+02 
1.043074e+02 
1.043074e+02 
1.043074e+02 
1.043074e+02 
1.043074e+02 
1.025773e+02 
1.025773e+02 
1.025773e+02 
1.025773e+02 
1.025773e+02 
1.025773e+02 
1.025773e+02 
1.025773e+02 
1.025773e+02 
1.025773e+02 
1.025773e+02 
1.025773e+02 
1.025773e+02 
1.025773e+02 
1.025773e+02 
1.025773e+02 
1.025773e+02 
1.025773e+02 
9.651547e+01 
9.651547e+01 
9.651547e+01 
9.651547e+01 
9.651547e+01 
9.651547e+01 
9.651547e+01 
9.651547e+01 
9.651547e+01 
9.651547e+01 
9.651547e+01 
9.651547e+01 
9.651547e+01 
9.651547e+01 
9.651547e+01 
9.651547e+01 
9.651547e+01 
9.651547e+01 
9.651547e+01 
9.651547e+01 
9.651547e+01 
9.651547e+01 
9.651547e+01 
9.651547e+01 
9.651547e+01 
9.651547e+01 
9.651547e+01 
9.651547e+01 
9.651547e+01 
9.651547e+01 
9.651547e+01 
9.651547e+01 
9.651547e+01 
9.651547e+01 
9.651547e+01 
9.651547e+01 
9.651547e+01 
9.651547e+01 
9.651547e+01 
9.651547e+01 
9.651547e+01 
9.651547e+01 
9.651547e+01 
9.651547e+01 
9.651547e+01 
9.651547e+01 
9.651547e+01 
9.651547e+01 
9.651547e+01 
9.651547e+01 
9.651547e+01 
9.651547e+01 
9.651547e+01 
9.651547e+01 
9.651547e+01 
9.651547e+01 
9.651547e+01 
9.651547e+01 
9.576275e+01 
9.576275e+01 
9.576275e+01 
9.576275e+01 
9.576275e+01 
9.203360e+01 
9.203360e+01 
9.203360e+01 
9.203360e+01 
9.203360e+01 
9.203360e+01 
8.837317e+01 
8.837317e+01 
8.837317e+01 
8.837317e+01 
8.837317e+01 
8.837317e+01 
8.837317e+01 
8.837317e+01 
8.837317e+01 
8.837317e+01 
8.837317e+01 
8.837317e+01 
8.837317e+01 
8.837317e+01 
8.837317e+01 
8.837317e+01 
8.837317e+01 
8.837317e+01 
8.837317e+01 
8.837317e+01 
8.837317e+01 
8.837317e+01 
8.837317e+01 
8.837317e+01 
8.837317e+01 
8.837317e+01 
8.837317e+01 
8.837317e+01 
8.837317e+01 
8.837317e+01 
8.837317e+01 
8.837317e+01 
8.837317e+01 
8.837317e+01 
8.837317e+01 
8.837317e+01 
8.837317e+01 
8.837317e+01 
8.837317e+01 
8.837317e+01 
8.837317e+01 
8.837317e+01 
8.837317e+01 
8.837317e+01 
8.837317e+01 
8.837317e+01 
8.837317e+01 
8.837317e+01 
8.837317e+01 
8.837317e+01 
8.837317e+01 
8.837317e+01 
8.837317e+01 
8.837317e+01 
8.837317e+01 
8.837317e+01 
8.837317e+01 
8.837317e+01 
8.837317e+01 
8.837317e+01 
8.837317e+01 
8.837317e+01 
8.837317e+01 
8.837317e+01 
8.517858e+01 
8.517858e+01 
8.517858e+01 
8.517858e+01 
8.517858e+01 
8.517858e+01 
8.517858e+01 
8.517858e+01 
8.517858e+01 
8.517858e+01 
8.517858e+01 
8.517858e+01 
8.517858e+01 
8.517858e+01 
8.517858e+01 
8.517858e+01 
8.517858e+01 
8.517858e+01 
8.517858e+01 
8.517858e+01 
8.517858e+01 
8.517858e+01 
8.517858e+01 
8.517858e+01 
8.517858e+01 
8.517858e+01 
8.517858e+01 
8.517858e+01 
8.517858e+01 
8.517858e+01 
8.517858e+01 
8.517858e+01 
8.517858e+01 
8.517858e+01 
8.517858e+01 
8.517858e+01 
8.517858e+01 
8.517858e+01 
8.336907e+01 
8.336907e+01 
8.336907e+01 
8.336907e+01 
8.336907e+01 
8.336907e+01 
8.336907e+01 
8.336907e+01 
8.336907e+01 
8.336907e+01 
8.336907e+01 
8.336907e+01 
8.336907e+01 
8.336907e+01 
8.336907e+01 
8.336907e+01 
8.336907e+01 
8.336907e+01 
8.336907e+01 
8.336907e+01 
8.336907e+01 
8.336907e+01 
8.336907e+01 
8.336907e+01 
8.336907e+01 
8.336907e+01 
8.336907e+01 
8.336907e+01 
8.336907e+01 
8.336907e+01 
8.286261e+01 
8.286261e+01 
8.286261e+01 
8.286261e+01 
8.286261e+01 
8.286261e+01 
8.286261e+01 
8.286261e+01 
8.286261e+01 
8.286261e+01 
8.286261e+01 
8.286261e+01 
8.286261e+01 
8.286261e+01 
8.286261e+01 
8.286261e+01 
8.286261e+01 
8.286261e+01 
8.286261e+01 
8.286261e+01 
8.286261e+01 
8.286261e+01 
8.286261e+01 
8.286261e+01 
8.286261e+01 
8.286261e+01 
8.286261e+01 
8.286261e+01 
8.286261e+01 
8.286261e+01 
8.286261e+01 
8.286261e+01 
8.286261e+01 
8.286261e+01 
8.286261e+01 
8.286261e+01 
8.286261e+01 
8.286261e+01 
8.286261e+01 
8.286261e+01 
8.286261e+01 
8.286261e+01 
8.286261e+01 
8.286261e+01 
8.286261e+01 
8.286261e+01 
8.286261e+01 
8.286261e+01 
8.286261e+01 
8.286261e+01 
8.286261e+01 
8.286261e+01 
8.286261e+01 
8.286261e+01 
8.286261e+01 
8.286261e+01 
8.286261e+01 
8.286261e+01 
8.286261e+01 
8.286261e+01 
8.286261e+01 
8.286261e+01 
8.286261e+01 
8.286261e+01 
8.286261e+01 
8.286261e+01 
8.286261e+01 
8.286261e+01 
8.286261e+01 
8.286261e+01 
8.286261e+01 
8.222096e+01 
8.222096e+01 
8.222096e+01 
8.222096e+01 
8.222096e+01 
8.222096e+01 
8.222096e+01 
8.222096e+01 
8.222096e+01 
8.222096e+01 
8.222096e+01 
8.222096e+01 
8.222096e+01 
8.222096e+01 
8.222096e+01 
8.222096e+01 
8.222096e+01 
8.222096e+01 
8.222096e+01 
8.222096e+01 
8.222096e+01 
8.222096e+01 
8.222096e+01 
8.222096e+01 
8.222096e+01 
8.222096e+01 
8.222096e+01 
8.222096e+01 
8.222096e+01 
8.185060e+01 
8.185060e+01 
8.185060e+01 
8.185060e+01 
8.185060e+01 
8.185060e+01 
8.185060e+01 
8.185060e+01 
8.185060e+01 
8.185060e+01 
8.185060e+01 
8.185060e+01 
8.185060e+01 
8.185060e+01 
8.185060e+01 
8.185060e+01 
8.185060e+01 
8.185060e+01 
8.185060e+01 
8.185060e+01 
8.185060e+01 
8.185060e+01 
8.185060e+01 
8.185060e+01 
8.185060e+01 
8.185060e+01 
8.185060e+01 
8.185060e+01 
8.185060e+01 
8.185060e+01 
8.185060e+01 
8.185060e+01 
8.185060e+01 
8.185060e+01 
8.185060e+01 
8.185060e+01 
8.185060e+01 
8.146840e+01 
8.146840e+01 
8.146840e+01 
8.146840e+01 
8.146840e+01 
8.146840e+01 
8.146840e+01 
8.146840e+01 
8.146840e+01 
8.146840e+01 
8.146840e+01 
8.146840e+01 
8.146840e+01 
8.146840e+01 
8.146840e+01 
8.146840e+01 
8.146840e+01 
8.146840e+01 
8.146840e+01 
8.146840e+01 
8.146840e+01 
8.146840e+01 
8.146840e+01 
8.146840e+01 
8.137992e+01 
8.137992e+01 
8.072373e+01 
8.072373e+01 
8.072373e+01 
8.072373e+01 
8.072373e+01 
8.072373e+01 
8.072373e+01 
8.072373e+01 
8.072373e+01 
8.072373e+01 
8.072373e+01 
8.072373e+01 
8.072373e+01 
8.072373e+01 
8.072373e+01 
8.072373e+01 
8.072373e+01 
8.072373e+01 
8.072373e+01 
8.072373e+01 
8.072373e+01 
8.072373e+01 
8.072373e+01 
8.072373e+01 
8.014543e+01 
8.014543e+01 
8.014543e+01 
8.014543e+01 
8.014543e+01 
8.014543e+01 
8.014543e+01 
8.014543e+01 
8.014543e+01 
8.014543e+01 
8.014543e+01 
7.898090e+01 
7.898090e+01 
7.898090e+01 
7.898090e+01 
7.898090e+01 
7.898090e+01 
7.898090e+01 
7.898090e+01 
7.898090e+01 
7.898090e+01 
7.898090e+01 
7.898090e+01 
7.898090e+01 
7.898090e+01 
7.898090e+01 
7.898090e+01 
7.898090e+01 
7.898090e+01 
7.898090e+01 
7.898090e+01 
7.898090e+01 
7.762346e+01 
7.762346e+01 
7.762346e+01 
7.762346e+01 
7.762346e+01 
7.762346e+01 
7.762346e+01 
7.762346e+01 
7.762346e+01 
7.762346e+01 
7.762346e+01 
7.762346e+01 
7.762346e+01 
7.676385e+01 
7.676385e+01 
7.676385e+01 
7.676385e+01 
7.676385e+01 
7.676385e+01 
7.648760e+01 
7.648760e+01 
7.648760e+01 
7.648760e+01 
7.648760e+01 
7.648760e+01 
7.648760e+01 
7.529902e+01 
7.529902e+01 
7.529902e+01 
7.463567e+01 
7.463567e+01 
7.463567e+01 
7.463567e+01 
7.414586e+01 
7.414586e+01 
6.984406e+01 
6.984406e+01 
6.984406e+01 
6.984406e+01 
6.984406e+01 
6.984406e+01 
6.984406e+01 
6.984406e+01 
6.984406e+01 
6.477886e+01 
6.477886e+01 
6.477886e+01 
6.477886e+01 
6.477886e+01 
6.477886e+01 
6.477886e+01 
6.477886e+01 
6.477886e+01 
6.477886e+01 
6.477886e+01 
6.477886e+01 
6.477886e+01 
6.477886e+01 
6.477886e+01 
6.477886e+01 
6.477886e+01 
6.477886e+01 
6.477886e+01 
6.477886e+01 
6.477886e+01 
6.477886e+01 
6.477886e+01 
6.477886e+01 
6.477886e+01 
6.477886e+01 
6.477886e+01 
6.477886e+01 
6.477886e+01 
6.477886e+01 
6.253879e+01 
6.253879e+01 
6.253879e+01 
6.253879e+01 
6.253879e+01 
6.253879e+01 
6.253879e+01 
6.253879e+01 
6.253879e+01 
6.253879e+01 
6.253879e+01 
6.253879e+01 
6.253879e+01 
6.014346e+01 
6.014346e+01 
6.014346e+01 
6.014346e+01 
6.014346e+01 
6.014346e+01 
6.014346e+01 
6.014346e+01 
6.014346e+01 
6.014346e+01 
6.014346e+01 
6.014346e+01 
6.014346e+01 
6.014346e+01 
6.014346e+01 
6.014346e+01 
6.014346e+01 
6.014346e+01 
6.014346e+01 
6.014346e+01 
6.014346e+01 
6.014346e+01 
6.014346e+01 
6.014346e+01 
6.014346e+01 
6.014346e+01 
6.014346e+01 
6.014346e+01 
6.014346e+01 
6.014346e+01 
6.014346e+01 
6.014346e+01 
6.014346e+01 
6.014346e+01 
6.014346e+01 
6.014346e+01 
6.014346e+01 
6.014346e+01 
6.014346e+01 
6.014346e+01 
6.014346e+01 
6.014346e+01 
6.014346e+01 
6.014346e+01 
6.014346e+01 
6.014346e+01 
6.014346e+01 
6.014346e+01 
6.014346e+01 
6.014346e+01 
6.014346e+01 
6.014346e+01 
6.014346e+01 
6.014346e+01 
6.014346e+01 
6.000162e+01 
6.000162e+01 
6.000162e+01 
6.000162e+01 
6.000162e+01 
6.000162e+01 
6.000162e+01 
6.000162e+01 
6.000162e+01 
6.000162e+01 
6.000162e+01 
5.927942e+01 
5.927942e+01 
5.877000e+01 
5.877000e+01 
5.877000e+01 
5.877000e+01 
5.877000e+01 
5.861576e+01 
5.861576e+01 
5.861576e+01 
5.861576e+01 
5.861576e+01 
5.861576e+01 
5.861576e+01 
5.861576e+01 
5.861576e+01 
5.861576e+01 
5.861576e+01 
5.861576e+01 
5.861576e+01 
5.861576e+01 
5.861576e+01 
5.861576e+01 
5.861576e+01 
5.861576e+01 
5.861576e+01 
5.861576e+01 
5.861576e+01 
5.861576e+01 
5.861576e+01 
5.861576e+01 
5.861576e+01 
5.861576e+01 
5.861576e+01 
5.861576e+01 
5.861576e+01 
5.861576e+01 
5.861576e+01 
5.861576e+01 
5.861576e+01 
5.861576e+01 
5.861576e+01 
5.861576e+01 
5.861576e+01 
5.861576e+01 
5.861576e+01 
5.861576e+01 
5.861576e+01 
5.861576e+01 
5.861098e+01 
5.851575e+01 
5.851575e+01 
5.851575e+01 
5.851575e+01 
5.851575e+01 
5.851575e+01 
5.851575e+01 
5.851575e+01 
5.851575e+01 
5.851575e+01 
5.649680e+01 
5.649680e+01 
5.649680e+01 
5.649680e+01 
5.649680e+01 
5.649680e+01 
5.649680e+01 
5.649680e+01 
5.649680e+01 
5.649680e+01 
5.649680e+01 
5.649680e+01 
5.649680e+01 
5.649680e+01 
5.649680e+01 
5.649680e+01 
5.649680e+01 
5.649680e+01 
5.649680e+01 
5.649680e+01 
5.649680e+01 
5.649680e+01 
5.649680e+01 
5.649680e+01 
5.649680e+01 
5.649680e+01 
5.649680e+01 
5.649680e+01 
5.649680e+01 
5.649680e+01 
5.649680e+01 
5.649680e+01 
5.649680e+01 
5.649680e+01 
5.649680e+01 
5.649680e+01 
5.649680e+01 
5.649680e+01 
5.649680e+01 
5.649680e+01 
5.496201e+01 
5.496201e+01 
5.496201e+01 
5.496201e+01 
5.496201e+01 
5.496201e+01 
5.496201e+01 
5.496201e+01 
5.496201e+01 
5.496201e+01 
5.496201e+01 
5.496201e+01 
5.496201e+01 
5.496201e+01 
5.496201e+01 
5.496201e+01 
5.435176e+01 
5.435176e+01 
5.435176e+01 
5.435176e+01 
5.435176e+01 
5.435176e+01 
5.435176e+01 
5.435176e+01 
5.435176e+01 
5.435176e+01 
5.435176e+01 
5.435176e+01 
5.435176e+01 
5.435176e+01 
5.435176e+01 
5.435176e+01 
5.435176e+01 
5.435176e+01 
5.435176e+01 
5.435176e+01 
5.435176e+01 
5.435176e+01 
5.435176e+01 
5.435176e+01 
5.435176e+01 
5.435176e+01 
5.435176e+01 
5.435176e+01 
5.435176e+01 
5.435176e+01 
5.435176e+01 
5.435176e+01 
5.435176e+01 
5.435176e+01 
5.435176e+01 
5.435176e+01 
5.435176e+01 
5.435176e+01 
5.435176e+01 
5.435176e+01 
5.435176e+01 
5.435176e+01 
5.435176e+01 
5.435176e+01 
5.435176e+01 
5.435176e+01 
5.435176e+01 
5.435176e+01 
5.435176e+01 
5.435176e+01 
5.435176e+01 
5.435176e+01 
5.435176e+01 
5.435176e+01 
5.435176e+01 
5.435176e+01 
5.435176e+01 
5.435176e+01 
5.435176e+01 
5.435176e+01 
5.435176e+01 
5.435176e+01 
5.435176e+01 
5.435176e+01 
5.435176e+01 
5.435176e+01 
5.435176e+01 
5.435176e+01 
5.435176e+01 
5.435176e+01 
5.435176e+01 
5.435176e+01 
5.435176e+01 
5.379821e+01 
5.379821e+01 
5.379320e+01 
5.379320e+01 
5.379320e+01 
5.379320e+01 
5.379320e+01 
5.371577e+01 
5.371577e+01 
5.371577e+01 
5.371577e+01 
5.371577e+01 
5.371577e+01 
5.371577e+01 
5.371577e+01 
5.371577e+01 
5.357176e+01 
5.357176e+01 
5.357176e+01 
5.357176e+01 
5.357176e+01 
5.357176e+01 
5.357176e+01 
5.357176e+01 
5.357176e+01 
5.357176e+01 
5.357176e+01 
5.357176e+01 
5.345025e+01 
5.345025e+01 
5.345025e+01 
5.345025e+01 
5.345025e+01 
5.261264e+01 
5.261264e+01 
5.261264e+01 
5.261264e+01 
5.261264e+01 
5.261264e+01 
5.261264e+01 
5.261264e+01 
5.261264e+01 
5.261264e+01 
5.261264e+01 
5.261264e+01 
5.261264e+01 
5.261264e+01 
5.261264e+01 
5.261264e+01 
5.261264e+01 
5.261264e+01 
5.261264e+01 
5.261264e+01 
5.261264e+01 
5.261264e+01 
5.261264e+01 
5.261264e+01 
5.245685e+01 
5.245685e+01 
5.245685e+01 
5.245685e+01 
5.245685e+01 
5.236790e+01 
5.236790e+01 
5.236790e+01 
5.236790e+01 
5.236790e+01 
5.236790e+01 
5.236790e+01 
5.236790e+01 
5.236790e+01 
5.236790e+01 
5.236790e+01 
5.236790e+01 
5.236790e+01 
5.224940e+01 
5.224940e+01 
5.224940e+01 
5.224940e+01 
5.224940e+01 
5.224940e+01 
5.224940e+01 
5.224940e+01 
5.224940e+01 
5.224940e+01 
5.224940e+01 
5.224940e+01 
5.224940e+01 
5.224940e+01 
5.224940e+01 
5.224940e+01 
5.224940e+01 
5.224940e+01 
5.224940e+01 
5.224940e+01 
5.224940e+01 
5.224940e+01 
5.224940e+01 
5.206447e+01 
5.206447e+01 
5.206447e+01 
5.199226e+01 
5.199226e+01 
5.199226e+01 
5.199226e+01 
5.199226e+01 
5.192039e+01 
5.192039e+01 
5.192039e+01 
5.192039e+01 
5.192039e+01 
5.192039e+01 
5.192039e+01 
5.192039e+01 
5.192039e+01 
5.192039e+01 
5.192039e+01 
5.192039e+01 
5.192039e+01 
5.192039e+01 
5.192039e+01 
5.192039e+01 
5.192039e+01 
5.192039e+01 
5.192039e+01 
5.192039e+01 
5.192039e+01 
5.192039e+01 
5.192039e+01 
5.192039e+01 
5.192039e+01 
5.192039e+01 
5.192039e+01 
5.192039e+01 
5.192039e+01 
5.192039e+01 
5.192039e+01 
5.192039e+01 
5.185967e+01 
5.179471e+01 
5.179471e+01 
5.179471e+01 
5.179471e+01 
5.179471e+01 
5.179471e+01 
5.179471e+01 
5.179471e+01 
5.179471e+01 
5.179471e+01 
5.179471e+01 
5.179001e+01 
5.179001e+01 
5.179001e+01 
5.179001e+01 
5.179001e+01 
5.179001e+01 
5.179001e+01 
5.179001e+01 
5.179001e+01 
5.179001e+01 
5.152284e+01 
5.152284e+01 
5.152284e+01 
5.152284e+01 
5.152284e+01 
5.152284e+01 
5.152284e+01 
5.152284e+01 
5.139809e+01 
5.139809e+01 
5.139809e+01 
5.139809e+01 
5.139809e+01 
5.139809e+01 
5.139809e+01 
5.139809e+01 
5.139809e+01 
5.139809e+01 
5.139809e+01 
5.139809e+01 
5.139809e+01 
5.139809e+01 
5.139809e+01 
5.101632e+01 
5.101632e+01 
5.101632e+01 
5.101632e+01 
5.101632e+01 
5.101632e+01 
5.101632e+01 
5.101632e+01 
5.101632e+01 
5.101632e+01 
5.101632e+01 
5.101632e+01 
5.101632e+01 
5.101632e+01 
5.101632e+01 
5.101632e+01 
5.101632e+01 
5.101632e+01 
5.101632e+01 
5.101632e+01 
5.101632e+01 
5.101632e+01 
5.101632e+01 
5.101632e+01 
5.101632e+01 
5.101632e+01 
5.101632e+01 
5.101632e+01 
5.101632e+01 
5.101632e+01 
5.101632e+01 
5.101632e+01 
5.101632e+01 
5.101632e+01 
5.101632e+01 
5.101632e+01 
5.101632e+01 
5.101632e+01 
5.101632e+01 
5.101632e+01 
5.101632e+01 
5.101632e+01 
5.101632e+01 
5.101632e+01 
5.101632e+01 
5.101632e+01 
5.101632e+01 
5.101632e+01 
5.101632e+01 
5.101632e+01 
5.101632e+01 
5.101632e+01 
5.101632e+01 
5.101632e+01 
5.101632e+01 
5.101632e+01 
5.101632e+01 
5.101632e+01 
5.101632e+01 
5.101632e+01 
5.101632e+01 
5.101632e+01 
5.101632e+01 
5.101632e+01 
5.101632e+01 
5.101632e+01 
5.101632e+01 
5.101632e+01 
5.101632e+01 
5.101632e+01 
5.101632e+01 
5.101632e+01 
5.101632e+01 
5.101632e+01 
5.101632e+01 
5.101632e+01 
5.101632e+01 
5.101632e+01 
5.101632e+01 
5.101632e+01 
5.101632e+01 
5.084543e+01 
5.084543e+01 
5.084543e+01 
5.084543e+01 
5.084543e+01 
5.084543e+01 
5.084543e+01 
5.084543e+01 
5.084543e+01 
5.084543e+01 
5.084543e+01 
5.084543e+01 
5.084543e+01 
5.084543e+01 
5.084543e+01 
5.084543e+01 
5.084543e+01 
5.084543e+01 
5.084543e+01 
5.084543e+01 
5.075647e+01 
5.075647e+01 
5.063829e+01 
5.063829e+01 
5.063829e+01 
5.063829e+01 
5.063829e+01 
5.063829e+01 
5.063829e+01 
5.063829e+01 
5.063829e+01 
5.063829e+01 
5.063829e+01 
5.063829e+01 
5.063829e+01 
5.063829e+01 
5.063829e+01 
5.063829e+01 
5.063829e+01 
5.063829e+01 
5.063829e+01 
5.063829e+01 
5.063829e+01 
5.063829e+01 
5.063829e+01 
5.063829e+01 
5.063829e+01 
5.063829e+01 
5.063829e+01 
5.063829e+01 
5.057841e+01 
5.057841e+01 
5.057841e+01 
5.057841e+01 
5.057841e+01 
5.057841e+01 
5.057841e+01 
5.057841e+01 
5.057841e+01 
5.057841e+01 
5.057841e+01 
5.057841e+01 
5.039695e+01 
5.039695e+01 
5.039695e+01 
5.039695e+01 
5.039695e+01 
5.039695e+01 
5.039695e+01 
5.039695e+01 
5.039695e+01 
5.039695e+01 
5.039695e+01 
5.039695e+01 
5.039695e+01 
5.039695e+01 
5.039695e+01 
5.039695e+01 
5.039695e+01 
5.039695e+01 
5.039695e+01 
5.039695e+01 
5.039695e+01 
5.039695e+01 
5.039695e+01 
5.039695e+01 
5.039695e+01 
5.039695e+01 
5.039695e+01 
5.039695e+01 
5.039695e+01 
5.039695e+01 
5.039695e+01 
5.039695e+01 
5.039695e+01 
5.039695e+01 
5.039695e+01 
5.039695e+01 
5.039695e+01 
5.039266e+01 
5.039266e+01 
5.039266e+01 
5.039266e+01 
5.039266e+01 
5.039266e+01 
5.039266e+01 
5.039266e+01 
5.039266e+01 
5.039266e+01 
5.039266e+01 
5.039266e+01 
5.039266e+01 
5.039266e+01 
5.039266e+01 
5.039266e+01 
5.039266e+01 
5.039266e+01 
5.039266e+01 
5.039266e+01 
5.039266e+01 
5.039266e+01 
5.038808e+01 
5.038808e+01 
5.038808e+01 
5.038808e+01 
5.038808e+01 
5.038808e+01 
5.038808e+01 
5.029312e+01 
5.029312e+01 
5.029312e+01 
5.029312e+01 
5.029312e+01 
5.029312e+01 
5.029312e+01 
5.029312e+01 
5.029312e+01 
5.029312e+01 
5.029312e+01 
5.029312e+01 
5.029312e+01 
5.029312e+01 
5.029312e+01 
5.029312e+01 
5.029312e+01 
5.029312e+01 
5.029312e+01 
5.029312e+01 
5.029312e+01 
5.029312e+01 
5.029312e+01 
5.029312e+01 
5.029312e+01 
5.029312e+01 
5.029312e+01 
5.029312e+01 
5.029312e+01 
5.029312e+01 
5.026779e+01 
5.026779e+01 
5.026779e+01 
5.026779e+01 
5.026779e+01 
5.026779e+01 
5.026779e+01 
5.026779e+01 
