1.514711e+03 
1.365255e+03 
1.365255e+03 
1.365255e+03 
1.365255e+03 
1.365255e+03 
1.241647e+03 
9.859115e+02 
6.755763e+02 
6.755763e+02 
6.390600e+02 
6.390600e+02 
6.390600e+02 
6.390600e+02 
6.390600e+02 
5.692994e+02 
5.692994e+02 
5.692994e+02 
5.692994e+02 
5.692994e+02 
5.692994e+02 
5.306491e+02 
5.306491e+02 
5.306491e+02 
5.306491e+02 
5.306491e+02 
4.477013e+02 
4.477013e+02 
4.477013e+02 
4.477013e+02 
4.477013e+02 
4.477013e+02 
4.477013e+02 
4.477013e+02 
4.477013e+02 
4.477013e+02 
4.477013e+02 
4.477013e+02 
4.026478e+02 
4.026478e+02 
4.026478e+02 
4.026478e+02 
4.026478e+02 
4.026478e+02 
3.941907e+02 
3.941907e+02 
3.941907e+02 
3.220491e+02 
3.220491e+02 
3.220491e+02 
3.220491e+02 
3.220491e+02 
3.220491e+02 
3.220491e+02 
3.220491e+02 
3.220491e+02 
3.220491e+02 
3.220491e+02 
3.220491e+02 
3.220491e+02 
3.220491e+02 
3.220491e+02 
3.220491e+02 
3.220491e+02 
3.220491e+02 
3.220491e+02 
3.220491e+02 
3.220491e+02 
3.220491e+02 
3.220491e+02 
3.220491e+02 
3.220491e+02 
3.220491e+02 
3.211920e+02 
3.211920e+02 
3.211920e+02 
3.211920e+02 
3.211920e+02 
3.211920e+02 
3.211920e+02 
3.211920e+02 
3.211920e+02 
3.211920e+02 
3.211920e+02 
2.863593e+02 
2.863593e+02 
2.863593e+02 
2.863593e+02 
2.863593e+02 
2.863593e+02 
2.863593e+02 
2.863593e+02 
2.863593e+02 
2.863593e+02 
2.863593e+02 
2.863593e+02 
2.863593e+02 
2.863593e+02 
2.863593e+02 
2.863593e+02 
2.863593e+02 
2.618891e+02 
2.618891e+02 
2.618891e+02 
2.618891e+02 
2.618891e+02 
2.618891e+02 
2.618891e+02 
2.618891e+02 
2.618891e+02 
2.618891e+02 
2.618891e+02 
2.618891e+02 
2.618891e+02 
2.618891e+02 
2.618891e+02 
2.618891e+02 
2.618891e+02 
2.618891e+02 
2.618891e+02 
2.618891e+02 
2.618891e+02 
2.618891e+02 
2.618891e+02 
2.618891e+02 
2.618891e+02 
2.618891e+02 
2.618891e+02 
2.618891e+02 
2.618891e+02 
2.618891e+02 
2.618891e+02 
2.618891e+02 
2.618891e+02 
2.618891e+02 
2.618891e+02 
2.618891e+02 
2.618891e+02 
2.618891e+02 
2.618891e+02 
2.618891e+02 
2.618891e+02 
2.618891e+02 
2.618891e+02 
2.618891e+02 
2.618891e+02 
2.618891e+02 
2.618891e+02 
2.618891e+02 
2.618891e+02 
2.618891e+02 
2.618891e+02 
2.618891e+02 
2.618891e+02 
2.618891e+02 
2.618891e+02 
2.618891e+02 
2.618891e+02 
2.618891e+02 
2.618891e+02 
2.618891e+02 
2.618891e+02 
2.618891e+02 
2.618891e+02 
2.618891e+02 
2.618891e+02 
2.618891e+02 
2.618891e+02 
2.618891e+02 
2.618891e+02 
2.618891e+02 
2.618891e+02 
2.618891e+02 
2.618891e+02 
2.618891e+02 
2.428115e+02 
2.428115e+02 
2.428115e+02 
2.428115e+02 
2.428115e+02 
2.428115e+02 
2.428115e+02 
2.428115e+02 
2.428115e+02 
2.428115e+02 
2.428115e+02 
2.428115e+02 
2.428115e+02 
2.428115e+02 
2.428115e+02 
2.428115e+02 
2.428115e+02 
2.428115e+02 
2.428115e+02 
2.428115e+02 
2.241543e+02 
2.241543e+02 
2.241543e+02 
2.241543e+02 
2.241543e+02 
2.241543e+02 
2.241543e+02 
2.241543e+02 
2.241543e+02 
2.241543e+02 
2.241543e+02 
2.241543e+02 
2.241543e+02 
2.241543e+02 
2.241543e+02 
2.241543e+02 
2.241543e+02 
2.241543e+02 
2.241543e+02 
2.241543e+02 
2.241543e+02 
2.241543e+02 
2.241543e+02 
2.241543e+02 
2.241543e+02 
2.241543e+02 
2.241543e+02 
2.241543e+02 
2.241543e+02 
2.241543e+02 
2.241543e+02 
2.241543e+02 
2.241543e+02 
2.241543e+02 
2.241543e+02 
2.241543e+02 
2.241543e+02 
2.241543e+02 
2.241543e+02 
2.241543e+02 
2.241543e+02 
2.241543e+02 
2.241543e+02 
2.241543e+02 
2.241543e+02 
2.241543e+02 
2.241543e+02 
2.241543e+02 
2.241543e+02 
2.241543e+02 
2.241543e+02 
2.241543e+02 
2.241543e+02 
2.241543e+02 
2.241543e+02 
2.241543e+02 
2.241543e+02 
2.241543e+02 
2.241543e+02 
2.241543e+02 
2.241543e+02 
2.241543e+02 
2.241543e+02 
2.241543e+02 
2.241543e+02 
2.241543e+02 
2.241543e+02 
2.241543e+02 
2.241543e+02 
2.241543e+02 
2.241543e+02 
2.241543e+02 
2.241543e+02 
2.143571e+02 
2.143571e+02 
2.143571e+02 
2.143571e+02 
2.143571e+02 
2.143571e+02 
2.143571e+02 
2.143571e+02 
2.143571e+02 
2.143571e+02 
2.143571e+02 
2.143571e+02 
2.143571e+02 
2.143571e+02 
2.143571e+02 
2.143571e+02 
2.143571e+02 
2.143571e+02 
2.143571e+02 
2.143571e+02 
2.143571e+02 
2.143571e+02 
2.143571e+02 
2.143571e+02 
2.143571e+02 
2.143571e+02 
2.143571e+02 
2.143571e+02 
2.143571e+02 
2.143571e+02 
2.143571e+02 
2.143571e+02 
2.143571e+02 
2.143571e+02 
2.143571e+02 
2.143571e+02 
2.143571e+02 
2.143571e+02 
2.143571e+02 
2.143571e+02 
2.143571e+02 
2.143571e+02 
2.066825e+02 
2.066825e+02 
2.066825e+02 
2.066825e+02 
2.066825e+02 
2.066825e+02 
2.066825e+02 
2.066825e+02 
2.066825e+02 
2.066825e+02 
2.066825e+02 
2.066825e+02 
2.066825e+02 
2.066825e+02 
2.066825e+02 
2.066825e+02 
2.066825e+02 
2.066825e+02 
2.066825e+02 
2.066825e+02 
2.066825e+02 
2.066825e+02 
2.066825e+02 
2.066825e+02 
2.066825e+02 
2.066825e+02 
2.066825e+02 
2.066825e+02 
2.066825e+02 
2.066825e+02 
2.066825e+02 
2.066825e+02 
2.066825e+02 
2.066825e+02 
2.066825e+02 
2.066825e+02 
2.066825e+02 
2.066825e+02 
2.066825e+02 
2.066825e+02 
2.066825e+02 
2.066825e+02 
2.066825e+02 
2.066825e+02 
2.066825e+02 
2.066825e+02 
2.066825e+02 
2.066825e+02 
2.066825e+02 
2.066825e+02 
2.066825e+02 
2.066825e+02 
2.066825e+02 
2.066825e+02 
2.066825e+02 
2.066825e+02 
2.066825e+02 
2.066825e+02 
2.066825e+02 
2.066825e+02 
2.066825e+02 
2.066825e+02 
2.066825e+02 
2.066825e+02 
2.066825e+02 
2.066825e+02 
2.066825e+02 
2.066825e+02 
2.066825e+02 
2.066825e+02 
2.066825e+02 
2.066825e+02 
2.066825e+02 
2.066825e+02 
2.066825e+02 
2.066825e+02 
2.066825e+02 
2.066825e+02 
2.066825e+02 
2.066825e+02 
2.066825e+02 
2.066825e+02 
2.066825e+02 
2.066825e+02 
2.066825e+02 
2.066825e+02 
2.066825e+02 
2.066825e+02 
2.066825e+02 
2.066825e+02 
2.066825e+02 
2.066825e+02 
2.066825e+02 
2.066825e+02 
2.066825e+02 
2.066825e+02 
2.066825e+02 
2.066825e+02 
2.066825e+02 
2.066825e+02 
2.066825e+02 
2.066825e+02 
2.066825e+02 
2.066825e+02 
2.066825e+02 
2.066825e+02 
2.066825e+02 
2.066825e+02 
2.066825e+02 
2.066825e+02 
2.066825e+02 
2.066825e+02 
2.066825e+02 
2.066825e+02 
2.066825e+02 
2.066825e+02 
2.066825e+02 
2.066825e+02 
2.066825e+02 
2.066825e+02 
2.066825e+02 
2.066825e+02 
2.066825e+02 
2.066825e+02 
2.066825e+02 
2.066825e+02 
2.066825e+02 
2.066825e+02 
2.066825e+02 
2.066825e+02 
2.066825e+02 
2.066825e+02 
2.066825e+02 
2.066825e+02 
2.066825e+02 
2.066825e+02 
2.066825e+02 
2.066825e+02 
2.066825e+02 
2.066825e+02 
2.066825e+02 
2.066825e+02 
2.066825e+02 
2.066825e+02 
2.066825e+02 
2.066825e+02 
2.066825e+02 
2.066825e+02 
2.066825e+02 
2.066825e+02 
2.066825e+02 
2.066825e+02 
2.066825e+02 
2.066825e+02 
2.066825e+02 
2.066825e+02 
2.066825e+02 
2.066825e+02 
2.066825e+02 
2.066825e+02 
2.066825e+02 
2.066825e+02 
2.066825e+02 
2.066825e+02 
2.066825e+02 
2.066825e+02 
2.066825e+02 
2.066825e+02 
2.066825e+02 
2.066825e+02 
2.066825e+02 
2.066825e+02 
2.066825e+02 
2.066825e+02 
2.066825e+02 
2.066825e+02 
2.066825e+02 
2.066825e+02 
2.066825e+02 
2.066825e+02 
2.066825e+02 
2.066825e+02 
2.066825e+02 
2.066825e+02 
2.066825e+02 
2.066825e+02 
2.066825e+02 
2.066825e+02 
2.066825e+02 
2.066825e+02 
2.066825e+02 
2.066825e+02 
2.066825e+02 
2.066825e+02 
2.066825e+02 
2.066825e+02 
2.066825e+02 
2.066825e+02 
2.066825e+02 
2.066825e+02 
2.066825e+02 
2.066825e+02 
2.066825e+02 
2.066825e+02 
2.066825e+02 
2.066825e+02 
2.031835e+02 
2.031835e+02 
2.031835e+02 
2.031835e+02 
2.031835e+02 
2.031835e+02 
2.031835e+02 
2.031835e+02 
2.031835e+02 
2.031835e+02 
2.031835e+02 
2.031835e+02 
2.031835e+02 
2.031835e+02 
2.031835e+02 
2.031835e+02 
2.031835e+02 
2.031835e+02 
2.031835e+02 
2.031835e+02 
2.031835e+02 
2.031835e+02 
2.031835e+02 
2.031835e+02 
2.031835e+02 
2.031835e+02 
2.031835e+02 
2.031835e+02 
2.031835e+02 
2.031835e+02 
2.031835e+02 
2.031835e+02 
1.916595e+02 
1.916595e+02 
1.916595e+02 
1.916595e+02 
1.916595e+02 
1.916595e+02 
1.916595e+02 
1.916595e+02 
1.916595e+02 
1.916595e+02 
1.916595e+02 
1.916595e+02 
1.916595e+02 
1.916595e+02 
1.916595e+02 
1.916595e+02 
1.916595e+02 
1.916595e+02 
1.916595e+02 
1.916595e+02 
1.916595e+02 
1.916595e+02 
1.916595e+02 
1.916595e+02 
1.916595e+02 
1.916595e+02 
1.916595e+02 
1.916595e+02 
1.916595e+02 
1.916595e+02 
1.916595e+02 
1.916595e+02 
1.916123e+02 
1.916123e+02 
1.916123e+02 
1.916123e+02 
1.916123e+02 
1.916123e+02 
1.916123e+02 
1.916123e+02 
1.916123e+02 
1.916123e+02 
1.916123e+02 
1.916123e+02 
1.916123e+02 
1.916123e+02 
1.916123e+02 
1.916123e+02 
1.916123e+02 
1.916123e+02 
1.916123e+02 
1.916123e+02 
1.916123e+02 
1.916123e+02 
1.916123e+02 
1.916123e+02 
1.916123e+02 
1.916123e+02 
1.916123e+02 
1.916123e+02 
1.916123e+02 
1.916123e+02 
1.916123e+02 
1.916123e+02 
1.916123e+02 
1.916123e+02 
1.916123e+02 
1.916123e+02 
1.916123e+02 
1.916123e+02 
1.916123e+02 
1.916123e+02 
1.916123e+02 
1.916123e+02 
1.916123e+02 
1.916123e+02 
1.916123e+02 
1.916123e+02 
1.884993e+02 
1.825968e+02 
1.825968e+02 
1.825968e+02 
1.825968e+02 
1.825968e+02 
1.825968e+02 
1.825968e+02 
1.825968e+02 
1.825968e+02 
1.724952e+02 
1.724952e+02 
1.724952e+02 
1.724952e+02 
1.724952e+02 
1.724952e+02 
1.724952e+02 
1.724952e+02 
1.724952e+02 
1.724952e+02 
1.724952e+02 
1.724952e+02 
1.724952e+02 
1.724952e+02 
1.724952e+02 
1.724952e+02 
1.724952e+02 
1.724952e+02 
1.724952e+02 
1.724952e+02 
1.724952e+02 
1.724952e+02 
1.724952e+02 
1.724952e+02 
1.724952e+02 
1.724952e+02 
1.724952e+02 
1.724952e+02 
1.724952e+02 
1.724952e+02 
1.724952e+02 
1.724952e+02 
1.724952e+02 
1.724952e+02 
1.724952e+02 
1.724952e+02 
1.724952e+02 
1.724952e+02 
1.724952e+02 
1.724952e+02 
1.724952e+02 
1.724952e+02 
1.724952e+02 
1.724952e+02 
1.724952e+02 
1.620780e+02 
1.620780e+02 
1.620780e+02 
1.620780e+02 
1.620780e+02 
1.620780e+02 
1.620780e+02 
1.620780e+02 
1.620780e+02 
1.620780e+02 
1.620780e+02 
1.620780e+02 
1.620780e+02 
1.620780e+02 
1.620780e+02 
1.620780e+02 
1.620780e+02 
1.620780e+02 
1.620780e+02 
1.620780e+02 
1.620780e+02 
1.620780e+02 
1.620780e+02 
1.620780e+02 
1.620780e+02 
1.620780e+02 
1.620780e+02 
1.620780e+02 
1.620780e+02 
1.620780e+02 
1.620780e+02 
1.620780e+02 
1.620780e+02 
1.620780e+02 
1.620780e+02 
1.620780e+02 
1.620780e+02 
1.620780e+02 
1.620780e+02 
1.620780e+02 
1.620780e+02 
1.620780e+02 
1.620780e+02 
1.620780e+02 
1.620780e+02 
1.620780e+02 
1.620780e+02 
1.620780e+02 
1.620780e+02 
1.620780e+02 
1.620780e+02 
1.620780e+02 
1.620780e+02 
1.620780e+02 
1.620780e+02 
1.620780e+02 
1.620780e+02 
1.620780e+02 
1.620780e+02 
1.620780e+02 
1.620780e+02 
1.620780e+02 
1.620780e+02 
1.620780e+02 
1.620780e+02 
1.620780e+02 
1.620780e+02 
1.620780e+02 
1.620780e+02 
1.620780e+02 
1.620780e+02 
1.620780e+02 
1.620780e+02 
1.620780e+02 
1.620780e+02 
1.620780e+02 
1.620780e+02 
1.620780e+02 
1.620780e+02 
1.620780e+02 
1.620780e+02 
1.620780e+02 
1.620780e+02 
1.620780e+02 
1.620780e+02 
1.620780e+02 
1.620780e+02 
1.620780e+02 
1.620780e+02 
1.620780e+02 
1.620780e+02 
1.620780e+02 
1.620780e+02 
1.620780e+02 
1.620780e+02 
1.620780e+02 
1.620780e+02 
1.620780e+02 
1.620780e+02 
1.620780e+02 
1.620780e+02 
1.620780e+02 
1.620780e+02 
1.620780e+02 
1.423909e+02 
1.423909e+02 
1.423909e+02 
1.423909e+02 
1.423909e+02 
1.423909e+02 
1.423909e+02 
1.423909e+02 
1.423909e+02 
1.423909e+02 
1.423909e+02 
1.423909e+02 
1.423909e+02 
1.423909e+02 
1.423909e+02 
1.423909e+02 
1.423909e+02 
1.423909e+02 
1.423909e+02 
1.423909e+02 
1.423909e+02 
1.423909e+02 
1.423909e+02 
1.423909e+02 
1.423909e+02 
1.423909e+02 
1.423909e+02 
1.423909e+02 
1.423909e+02 
1.423909e+02 
1.423909e+02 
1.423909e+02 
1.423909e+02 
1.423909e+02 
1.423909e+02 
1.423909e+02 
1.423909e+02 
1.423909e+02 
1.423909e+02 
1.423909e+02 
1.423909e+02 
1.423909e+02 
1.423909e+02 
1.423909e+02 
1.423909e+02 
1.423909e+02 
1.423909e+02 
1.423909e+02 
1.423909e+02 
1.423909e+02 
1.423909e+02 
1.423909e+02 
1.423909e+02 
1.423909e+02 
1.423909e+02 
1.423909e+02 
1.423909e+02 
1.423909e+02 
1.423909e+02 
1.423909e+02 
1.423909e+02 
1.423909e+02 
1.423909e+02 
1.423909e+02 
1.423909e+02 
1.423909e+02 
1.423909e+02 
1.423909e+02 
1.423909e+02 
1.423909e+02 
1.423909e+02 
1.423909e+02 
1.423909e+02 
1.423909e+02 
1.423909e+02 
1.423909e+02 
1.423909e+02 
1.423909e+02 
1.423909e+02 
1.423909e+02 
1.423909e+02 
1.423909e+02 
1.423909e+02 
1.423909e+02 
1.423909e+02 
1.423909e+02 
1.423909e+02 
1.423909e+02 
1.423909e+02 
1.423909e+02 
1.423909e+02 
1.423909e+02 
1.423909e+02 
1.423909e+02 
1.423909e+02 
1.423909e+02 
1.423909e+02 
1.423909e+02 
1.423909e+02 
1.423909e+02 
1.423909e+02 
1.423909e+02 
1.423909e+02 
1.423909e+02 
1.423909e+02 
1.423909e+02 
1.423909e+02 
1.423909e+02 
1.423909e+02 
1.423909e+02 
1.423909e+02 
1.423909e+02 
1.423909e+02 
1.423909e+02 
1.423909e+02 
1.423909e+02 
1.423909e+02 
1.423909e+02 
1.423909e+02 
1.423909e+02 
1.423909e+02 
1.423909e+02 
1.359409e+02 
1.359409e+02 
1.359409e+02 
1.359409e+02 
1.359409e+02 
1.359409e+02 
1.359409e+02 
1.359409e+02 
1.359409e+02 
1.359409e+02 
1.359409e+02 
1.359409e+02 
1.359409e+02 
1.359409e+02 
1.359409e+02 
1.359409e+02 
1.359409e+02 
1.359409e+02 
1.359409e+02 
1.359409e+02 
1.359409e+02 
1.359409e+02 
1.359409e+02 
1.359409e+02 
1.359409e+02 
1.359409e+02 
1.359409e+02 
1.359409e+02 
1.359409e+02 
1.359409e+02 
1.359409e+02 
1.359409e+02 
1.359409e+02 
1.359409e+02 
1.359409e+02 
1.359409e+02 
1.359409e+02 
1.359409e+02 
1.359409e+02 
1.359409e+02 
1.359409e+02 
1.359409e+02 
1.359409e+02 
1.359409e+02 
1.359409e+02 
1.359409e+02 
1.359409e+02 
1.359409e+02 
1.359409e+02 
1.359409e+02 
1.359409e+02 
1.359409e+02 
1.359409e+02 
1.359409e+02 
1.359409e+02 
1.359409e+02 
1.359409e+02 
1.359409e+02 
1.359409e+02 
1.359409e+02 
1.350787e+02 
1.350787e+02 
1.350787e+02 
1.350787e+02 
1.350787e+02 
1.282527e+02 
1.282527e+02 
1.282527e+02 
1.282527e+02 
1.282527e+02 
1.282527e+02 
1.282527e+02 
1.282527e+02 
1.282527e+02 
1.282527e+02 
1.282527e+02 
1.282527e+02 
1.242145e+02 
1.242145e+02 
1.242145e+02 
1.242145e+02 
1.242145e+02 
1.242145e+02 
1.242145e+02 
1.242145e+02 
1.242145e+02 
1.242145e+02 
1.221377e+02 
1.221377e+02 
1.221377e+02 
1.221377e+02 
1.221377e+02 
1.221377e+02 
1.221377e+02 
1.221377e+02 
1.221377e+02 
1.221377e+02 
1.221377e+02 
1.221377e+02 
1.221377e+02 
1.221377e+02 
1.221377e+02 
1.221377e+02 
1.221377e+02 
1.221377e+02 
1.221377e+02 
1.221377e+02 
1.221377e+02 
1.221377e+02 
1.221377e+02 
1.221377e+02 
1.221377e+02 
1.221377e+02 
1.221377e+02 
1.221377e+02 
1.221377e+02 
1.221377e+02 
1.221377e+02 
1.221377e+02 
1.221377e+02 
1.221377e+02 
1.221377e+02 
1.221377e+02 
1.221377e+02 
1.221377e+02 
1.221377e+02 
1.221377e+02 
1.221377e+02 
1.221377e+02 
1.221377e+02 
1.221377e+02 
1.221377e+02 
1.221377e+02 
1.221377e+02 
1.221377e+02 
1.221377e+02 
1.221377e+02 
1.221377e+02 
1.221377e+02 
1.221377e+02 
1.221377e+02 
1.221377e+02 
1.221377e+02 
1.221377e+02 
1.221377e+02 
1.221377e+02 
1.215943e+02 
1.215943e+02 
1.215943e+02 
1.215943e+02 
1.215943e+02 
1.215943e+02 
1.215943e+02 
1.215943e+02 
1.215943e+02 
1.215943e+02 
1.215943e+02 
1.215943e+02 
1.203131e+02 
1.203131e+02 
1.203131e+02 
1.203131e+02 
1.203131e+02 
1.203131e+02 
1.203131e+02 
1.203131e+02 
1.203131e+02 
1.203131e+02 
1.203131e+02 
1.203131e+02 
1.203131e+02 
1.203131e+02 
1.203131e+02 
1.203131e+02 
1.203131e+02 
1.203131e+02 
1.203131e+02 
1.203131e+02 
1.203131e+02 
1.203131e+02 
1.203131e+02 
1.203131e+02 
1.203131e+02 
1.203131e+02 
1.203131e+02 
1.203131e+02 
1.203131e+02 
1.203131e+02 
1.203131e+02 
1.203131e+02 
1.203131e+02 
1.203131e+02 
1.203131e+02 
1.203131e+02 
1.203131e+02 
1.203131e+02 
1.203131e+02 
1.203131e+02 
1.203131e+02 
1.203131e+02 
1.203131e+02 
1.203131e+02 
1.203131e+02 
1.203131e+02 
1.203131e+02 
1.203131e+02 
1.203131e+02 
1.203131e+02 
1.203131e+02 
1.203131e+02 
1.203131e+02 
1.203131e+02 
1.203131e+02 
1.203131e+02 
1.203131e+02 
1.203131e+02 
1.203131e+02 
1.176066e+02 
1.176066e+02 
1.176066e+02 
1.176066e+02 
1.176066e+02 
1.176066e+02 
1.176066e+02 
1.176066e+02 
1.176066e+02 
1.176066e+02 
1.044737e+02 
1.044737e+02 
1.044737e+02 
1.044737e+02 
1.044737e+02 
1.044737e+02 
1.044737e+02 
1.044737e+02 
1.044737e+02 
1.044737e+02 
1.044737e+02 
1.044737e+02 
1.044737e+02 
1.044737e+02 
1.044737e+02 
1.044737e+02 
1.044737e+02 
1.044737e+02 
1.044737e+02 
1.044737e+02 
1.044737e+02 
1.044737e+02 
1.044737e+02 
1.044737e+02 
1.044737e+02 
1.044737e+02 
1.044737e+02 
1.044737e+02 
1.044737e+02 
1.044737e+02 
1.044737e+02 
1.044737e+02 
1.044737e+02 
1.044737e+02 
1.044737e+02 
1.044737e+02 
1.044737e+02 
1.044737e+02 
1.044737e+02 
1.044737e+02 
1.044737e+02 
1.044737e+02 
1.044737e+02 
1.044737e+02 
1.044737e+02 
1.044737e+02 
9.798064e+01 
9.798064e+01 
9.798064e+01 
9.798064e+01 
9.798064e+01 
9.798064e+01 
9.798064e+01 
9.798064e+01 
9.798064e+01 
9.798064e+01 
9.798064e+01 
9.798064e+01 
9.798064e+01 
9.798064e+01 
9.798064e+01 
9.798064e+01 
9.798064e+01 
9.798064e+01 
9.798064e+01 
9.798064e+01 
9.798064e+01 
9.798064e+01 
9.798064e+01 
9.798064e+01 
9.798064e+01 
9.798064e+01 
9.798064e+01 
9.798064e+01 
9.798064e+01 
9.798064e+01 
9.798064e+01 
9.798064e+01 
9.798064e+01 
9.798064e+01 
9.798064e+01 
9.798064e+01 
9.798064e+01 
9.798064e+01 
9.798064e+01 
9.798064e+01 
9.798064e+01 
9.798064e+01 
9.798064e+01 
9.798064e+01 
9.798064e+01 
9.798064e+01 
9.798064e+01 
9.798064e+01 
9.798064e+01 
9.798064e+01 
9.798064e+01 
9.798064e+01 
9.798064e+01 
9.798064e+01 
9.798064e+01 
9.798064e+01 
9.798064e+01 
9.791511e+01 
9.791511e+01 
9.791511e+01 
9.791511e+01 
9.791511e+01 
9.791511e+01 
9.791511e+01 
9.791511e+01 
9.791511e+01 
9.791511e+01 
9.791511e+01 
9.791511e+01 
9.791511e+01 
9.791511e+01 
9.791511e+01 
9.791511e+01 
9.791511e+01 
9.791511e+01 
9.791511e+01 
9.791511e+01 
9.698587e+01 
9.698587e+01 
9.698587e+01 
9.698587e+01 
9.626099e+01 
9.626099e+01 
9.626099e+01 
9.626099e+01 
9.626099e+01 
9.626099e+01 
9.626099e+01 
9.626099e+01 
9.626099e+01 
9.626099e+01 
9.626099e+01 
9.626099e+01 
9.626099e+01 
9.626099e+01 
9.626099e+01 
9.626099e+01 
9.626099e+01 
9.626099e+01 
9.626099e+01 
9.626099e+01 
9.616487e+01 
9.616487e+01 
9.616487e+01 
9.616487e+01 
9.616487e+01 
9.616487e+01 
9.616487e+01 
9.616487e+01 
9.616487e+01 
9.616487e+01 
9.616487e+01 
9.616487e+01 
9.616487e+01 
9.616487e+01 
9.616487e+01 
9.616487e+01 
9.616487e+01 
9.616487e+01 
9.616487e+01 
9.616487e+01 
9.616487e+01 
9.616487e+01 
9.616487e+01 
9.616487e+01 
9.616487e+01 
9.616487e+01 
9.616487e+01 
9.616487e+01 
9.616487e+01 
9.616487e+01 
9.616487e+01 
9.616487e+01 
9.616487e+01 
9.616487e+01 
9.616487e+01 
9.616487e+01 
9.616487e+01 
9.616487e+01 
9.616487e+01 
9.616487e+01 
9.616487e+01 
9.616487e+01 
9.616487e+01 
9.616487e+01 
9.616487e+01 
9.616487e+01 
9.616487e+01 
9.616487e+01 
9.616487e+01 
9.616487e+01 
9.194665e+01 
9.194665e+01 
9.194665e+01 
9.194665e+01 
9.194665e+01 
9.194665e+01 
9.194665e+01 
9.194665e+01 
9.138676e+01 
9.138676e+01 
9.138676e+01 
9.138676e+01 
9.138676e+01 
9.138676e+01 
9.138676e+01 
9.138676e+01 
9.138676e+01 
9.138676e+01 
9.138676e+01 
9.138676e+01 
9.138676e+01 
9.138676e+01 
9.138676e+01 
9.138676e+01 
9.138676e+01 
9.138676e+01 
9.138676e+01 
9.138676e+01 
9.138676e+01 
9.138676e+01 
9.138676e+01 
9.138676e+01 
8.783699e+01 
8.783699e+01 
8.783699e+01 
8.480586e+01 
8.480586e+01 
8.480586e+01 
8.480586e+01 
8.480586e+01 
8.480586e+01 
8.480586e+01 
8.480586e+01 
8.480586e+01 
8.480586e+01 
8.480586e+01 
8.480586e+01 
8.480586e+01 
8.480586e+01 
8.480586e+01 
8.480586e+01 
8.480586e+01 
8.480586e+01 
8.478584e+01 
8.478584e+01 
8.478584e+01 
8.478584e+01 
8.478584e+01 
8.478584e+01 
8.478584e+01 
8.478584e+01 
8.478584e+01 
8.478584e+01 
8.478584e+01 
8.478584e+01 
8.478584e+01 
8.478584e+01 
8.395776e+01 
8.395776e+01 
8.395776e+01 
8.395776e+01 
8.395776e+01 
8.395776e+01 
8.395776e+01 
8.395776e+01 
8.395776e+01 
8.395776e+01 
8.395776e+01 
8.395776e+01 
8.395776e+01 
8.395776e+01 
8.395776e+01 
8.395776e+01 
8.395776e+01 
8.395776e+01 
8.395776e+01 
8.395776e+01 
8.395776e+01 
8.395776e+01 
8.395776e+01 
8.395776e+01 
8.395776e+01 
8.395776e+01 
8.395776e+01 
8.395776e+01 
8.395776e+01 
8.395776e+01 
8.395776e+01 
8.395776e+01 
8.395776e+01 
8.395776e+01 
8.395776e+01 
8.395776e+01 
8.395776e+01 
8.307690e+01 
8.307690e+01 
8.307690e+01 
8.307690e+01 
8.307690e+01 
8.307690e+01 
8.307690e+01 
8.307690e+01 
8.307690e+01 
8.307690e+01 
8.307690e+01 
8.307690e+01 
8.148267e+01 
8.148267e+01 
8.148267e+01 
8.148267e+01 
8.148267e+01 
8.148267e+01 
8.148267e+01 
8.148267e+01 
8.148267e+01 
8.148267e+01 
8.148267e+01 
8.148267e+01 
8.148267e+01 
8.148267e+01 
8.148267e+01 
8.148267e+01 
8.148267e+01 
8.148267e+01 
8.148267e+01 
8.148267e+01 
8.148267e+01 
8.148267e+01 
8.148267e+01 
8.148267e+01 
8.148267e+01 
8.148267e+01 
8.148267e+01 
8.148267e+01 
8.148267e+01 
8.148267e+01 
8.148267e+01 
8.148267e+01 
8.148267e+01 
8.148267e+01 
8.148267e+01 
8.148267e+01 
8.148267e+01 
8.096583e+01 
8.096583e+01 
8.096583e+01 
8.096583e+01 
8.096583e+01 
8.096583e+01 
8.096583e+01 
8.096583e+01 
8.096583e+01 
8.096583e+01 
8.096583e+01 
8.096583e+01 
8.096583e+01 
8.096583e+01 
8.096583e+01 
8.096583e+01 
8.096583e+01 
8.096583e+01 
8.096583e+01 
7.814956e+01 
7.814956e+01 
7.814956e+01 
7.814956e+01 
7.814956e+01 
7.814956e+01 
7.814956e+01 
7.814956e+01 
7.814956e+01 
7.814956e+01 
7.814956e+01 
7.814956e+01 
7.814956e+01 
7.814956e+01 
7.814956e+01 
7.814956e+01 
7.814956e+01 
7.814956e+01 
7.814956e+01 
7.814956e+01 
7.814956e+01 
7.814956e+01 
7.814956e+01 
7.814956e+01 
7.492690e+01 
7.492690e+01 
7.492690e+01 
7.492690e+01 
7.492690e+01 
7.492690e+01 
7.492690e+01 
7.492690e+01 
7.492690e+01 
7.492690e+01 
7.492690e+01 
7.492690e+01 
7.492690e+01 
7.492690e+01 
7.492690e+01 
7.492690e+01 
7.492690e+01 
7.492690e+01 
7.492690e+01 
7.492690e+01 
7.492690e+01 
7.425094e+01 
7.425094e+01 
7.425094e+01 
7.425094e+01 
7.425094e+01 
7.425094e+01 
7.425094e+01 
7.425094e+01 
7.425094e+01 
7.425094e+01 
7.425094e+01 
7.425094e+01 
7.425094e+01 
7.425094e+01 
7.425094e+01 
7.425094e+01 
7.425094e+01 
7.425094e+01 
7.425094e+01 
7.425094e+01 
7.425094e+01 
7.425094e+01 
7.425094e+01 
7.425094e+01 
7.425094e+01 
7.425094e+01 
7.425094e+01 
7.425094e+01 
7.425094e+01 
7.425094e+01 
7.425094e+01 
7.425094e+01 
7.425094e+01 
7.425094e+01 
7.425094e+01 
7.425094e+01 
7.425094e+01 
7.425094e+01 
7.425094e+01 
7.425094e+01 
7.425094e+01 
7.425094e+01 
7.425094e+01 
7.424626e+01 
7.424626e+01 
7.424626e+01 
7.424626e+01 
7.424626e+01 
7.269346e+01 
6.981472e+01 
6.981472e+01 
6.981472e+01 
6.981472e+01 
6.981472e+01 
6.981472e+01 
6.981472e+01 
6.981472e+01 
6.981472e+01 
6.981472e+01 
6.981472e+01 
6.981472e+01 
6.981472e+01 
6.981472e+01 
6.981472e+01 
6.981472e+01 
6.981472e+01 
6.981472e+01 
6.981472e+01 
6.981472e+01 
6.981472e+01 
6.981472e+01 
6.981472e+01 
6.981472e+01 
6.981472e+01 
6.981472e+01 
6.981472e+01 
6.981472e+01 
6.981472e+01 
6.981472e+01 
6.981472e+01 
6.912198e+01 
6.912198e+01 
6.912198e+01 
6.912198e+01 
6.912198e+01 
6.684674e+01 
6.684674e+01 
6.684674e+01 
6.684674e+01 
6.684674e+01 
6.684674e+01 
6.684674e+01 
6.684674e+01 
6.684674e+01 
6.684674e+01 
6.684674e+01 
6.547385e+01 
6.547385e+01 
6.547385e+01 
6.547385e+01 
6.547385e+01 
6.540771e+01 
6.540771e+01 
6.478724e+01 
6.478724e+01 
6.478724e+01 
6.478724e+01 
6.478724e+01 
6.478724e+01 
6.478724e+01 
6.478724e+01 
6.478724e+01 
6.478724e+01 
6.478724e+01 
6.478724e+01 
6.478724e+01 
6.478724e+01 
6.478724e+01 
6.478724e+01 
