5.291319e+05 
5.288598e+05 
3.288159e+05 
1.430766e+05 
1.430766e+05 
1.430766e+05 
1.430766e+05 
6.417453e+04 
5.655245e+04 
1.015462e+04 
1.015462e+04 
1.015462e+04 
1.015462e+04 
1.015462e+04 
1.015462e+04 
1.015462e+04 
1.015462e+04 
1.015462e+04 
1.015462e+04 
8.314115e+03 
8.314115e+03 
8.314115e+03 
8.314115e+03 
8.314115e+03 
8.314115e+03 
8.314115e+03 
8.314115e+03 
5.768422e+03 
5.768422e+03 
3.807858e+03 
3.807858e+03 
3.807858e+03 
3.807858e+03 
3.807858e+03 
3.687121e+03 
3.374716e+03 
3.374716e+03 
3.374716e+03 
3.374716e+03 
3.374716e+03 
3.374716e+03 
2.173362e+03 
2.173362e+03 
2.173362e+03 
2.173362e+03 
2.173362e+03 
2.173362e+03 
2.173362e+03 
1.739514e+03 
1.739514e+03 
1.118336e+03 
1.118336e+03 
1.118336e+03 
1.118336e+03 
1.118336e+03 
1.118336e+03 
1.118336e+03 
1.118336e+03 
1.118336e+03 
1.118336e+03 
1.118336e+03 
1.118336e+03 
1.118336e+03 
1.118336e+03 
5.476506e+02 
5.476506e+02 
5.476506e+02 
5.476506e+02 
5.476506e+02 
5.476506e+02 
5.476506e+02 
5.476506e+02 
5.476506e+02 
5.476506e+02 
5.476506e+02 
5.476506e+02 
5.476506e+02 
5.476506e+02 
5.476506e+02 
5.476506e+02 
5.476506e+02 
5.476506e+02 
5.476506e+02 
5.476506e+02 
5.476506e+02 
5.476506e+02 
5.476506e+02 
5.476506e+02 
5.476506e+02 
5.476506e+02 
5.476506e+02 
5.476506e+02 
5.476506e+02 
5.476506e+02 
5.476506e+02 
5.476506e+02 
5.476506e+02 
5.476506e+02 
5.476506e+02 
5.476506e+02 
5.476506e+02 
5.476506e+02 
1.090347e+02 
1.090347e+02 
1.090347e+02 
1.090347e+02 
1.090347e+02 
1.090347e+02 
1.090347e+02 
1.090347e+02 
1.090347e+02 
1.090347e+02 
1.090347e+02 
1.090347e+02 
1.090347e+02 
1.090347e+02 
1.090347e+02 
1.090347e+02 
1.090347e+02 
1.090347e+02 
1.090347e+02 
1.090347e+02 
1.090347e+02 
1.090347e+02 
1.090347e+02 
1.090347e+02 
1.090347e+02 
1.090347e+02 
1.090347e+02 
1.090347e+02 
1.090347e+02 
1.090347e+02 
1.090347e+02 
1.090347e+02 
1.090347e+02 
1.090347e+02 
1.090347e+02 
1.090347e+02 
1.090347e+02 
1.090347e+02 
1.090347e+02 
1.090347e+02 
1.090347e+02 
1.090347e+02 
1.090347e+02 
1.090347e+02 
1.090347e+02 
1.090347e+02 
1.090347e+02 
1.090347e+02 
1.090347e+02 
1.090347e+02 
1.090347e+02 
1.090347e+02 
1.090347e+02 
1.090347e+02 
1.090347e+02 
1.090347e+02 
9.751333e+01 
9.751333e+01 
9.751333e+01 
9.751333e+01 
9.751333e+01 
9.751333e+01 
9.751333e+01 
9.751333e+01 
9.751333e+01 
9.751333e+01 
9.751333e+01 
9.751333e+01 
9.751333e+01 
9.751333e+01 
9.751333e+01 
9.751333e+01 
9.751333e+01 
9.751333e+01 
9.751333e+01 
9.751333e+01 
9.751333e+01 
9.751333e+01 
9.751333e+01 
9.751333e+01 
9.751333e+01 
9.751333e+01 
9.751333e+01 
9.751333e+01 
9.751333e+01 
9.751333e+01 
9.751333e+01 
3.949187e+01 
3.949187e+01 
3.949187e+01 
3.949187e+01 
3.949187e+01 
3.949187e+01 
3.949187e+01 
3.949187e+01 
3.949187e+01 
3.949187e+01 
3.949187e+01 
3.949187e+01 
3.949187e+01 
3.949187e+01 
3.949187e+01 
3.949187e+01 
3.949187e+01 
3.949187e+01 
3.949187e+01 
3.949187e+01 
3.949187e+01 
3.949187e+01 
3.949187e+01 
3.949187e+01 
3.949187e+01 
3.949187e+01 
3.949187e+01 
3.949187e+01 
3.949187e+01 
3.949187e+01 
3.949187e+01 
3.949187e+01 
3.949187e+01 
3.949187e+01 
3.949187e+01 
3.949187e+01 
3.949187e+01 
3.949187e+01 
3.949187e+01 
3.949187e+01 
3.949187e+01 
3.949187e+01 
3.949187e+01 
3.949187e+01 
3.949187e+01 
3.949187e+01 
3.949187e+01 
3.949187e+01 
3.949187e+01 
3.949187e+01 
3.428218e+01 
3.428218e+01 
3.428218e+01 
3.428218e+01 
3.428218e+01 
3.428218e+01 
3.428218e+01 
3.428218e+01 
3.428218e+01 
3.428218e+01 
3.428218e+01 
3.428218e+01 
3.428218e+01 
3.428218e+01 
3.428218e+01 
3.428218e+01 
3.428218e+01 
3.428218e+01 
3.195097e+01 
3.195097e+01 
3.195097e+01 
3.195097e+01 
3.195097e+01 
3.195097e+01 
3.195097e+01 
3.195097e+01 
3.195097e+01 
3.195097e+01 
3.195097e+01 
2.763117e+01 
2.763117e+01 
2.763117e+01 
2.763117e+01 
2.763117e+01 
2.763117e+01 
2.763117e+01 
2.763117e+01 
2.763117e+01 
2.763117e+01 
2.763117e+01 
2.763117e+01 
2.763117e+01 
2.763117e+01 
2.763117e+01 
2.763117e+01 
2.763117e+01 
2.763117e+01 
2.763117e+01 
2.763117e+01 
2.763117e+01 
2.763117e+01 
2.763117e+01 
2.763117e+01 
2.763117e+01 
2.763117e+01 
2.763117e+01 
2.763117e+01 
2.763117e+01 
2.763117e+01 
2.763117e+01 
2.763117e+01 
2.763117e+01 
2.763117e+01 
2.763117e+01 
2.763117e+01 
2.763117e+01 
2.763117e+01 
2.763117e+01 
2.763117e+01 
2.763117e+01 
2.763117e+01 
2.763117e+01 
2.763117e+01 
2.763117e+01 
2.763117e+01 
2.763117e+01 
2.763117e+01 
2.763117e+01 
2.763117e+01 
2.763117e+01 
2.763117e+01 
2.763117e+01 
2.763117e+01 
2.763117e+01 
2.763117e+01 
2.763117e+01 
2.763117e+01 
2.763117e+01 
2.763117e+01 
2.763117e+01 
2.763117e+01 
2.763117e+01 
2.763117e+01 
2.763117e+01 
2.763117e+01 
2.763117e+01 
2.763117e+01 
2.763117e+01 
2.763117e+01 
2.763117e+01 
2.763117e+01 
2.763117e+01 
2.763117e+01 
2.763117e+01 
2.763117e+01 
2.763117e+01 
2.763117e+01 
2.763117e+01 
2.763117e+01 
2.763117e+01 
2.607657e+01 
2.607657e+01 
2.607657e+01 
2.607657e+01 
2.607657e+01 
2.607657e+01 
2.607657e+01 
2.607657e+01 
2.607657e+01 
2.607657e+01 
2.607657e+01 
2.607657e+01 
2.607657e+01 
2.607657e+01 
2.607657e+01 
2.607657e+01 
2.556479e+01 
2.556479e+01 
2.556479e+01 
2.556479e+01 
2.556479e+01 
2.556479e+01 
2.556479e+01 
2.556479e+01 
2.556479e+01 
2.556479e+01 
2.556479e+01 
2.556479e+01 
2.556479e+01 
2.556479e+01 
2.556479e+01 
2.556479e+01 
2.556479e+01 
2.556479e+01 
2.556479e+01 
2.556479e+01 
2.556479e+01 
2.341223e+01 
2.341223e+01 
2.341223e+01 
2.341223e+01 
2.341223e+01 
2.341223e+01 
2.341223e+01 
2.341223e+01 
2.341223e+01 
2.341223e+01 
2.341223e+01 
2.341223e+01 
2.341223e+01 
2.341223e+01 
2.341223e+01 
2.341223e+01 
2.341223e+01 
2.341223e+01 
2.341223e+01 
2.341223e+01 
2.341223e+01 
2.341223e+01 
2.341223e+01 
2.341223e+01 
2.341223e+01 
2.341223e+01 
2.341223e+01 
2.341223e+01 
2.341223e+01 
2.341223e+01 
2.341223e+01 
2.341223e+01 
2.341223e+01 
2.341223e+01 
2.341223e+01 
2.341223e+01 
2.341223e+01 
2.341223e+01 
2.341223e+01 
2.341223e+01 
2.341223e+01 
2.341223e+01 
2.341223e+01 
2.341223e+01 
2.341223e+01 
2.341223e+01 
2.341223e+01 
2.341223e+01 
2.341223e+01 
2.341223e+01 
2.341223e+01 
2.341223e+01 
2.341223e+01 
2.341223e+01 
2.341223e+01 
2.341223e+01 
2.341223e+01 
2.341223e+01 
2.341223e+01 
2.341223e+01 
2.341223e+01 
2.341223e+01 
2.341223e+01 
2.341223e+01 
2.341223e+01 
2.341223e+01 
2.341223e+01 
2.341223e+01 
2.194551e+01 
2.194551e+01 
2.194551e+01 
2.194551e+01 
2.194551e+01 
2.194551e+01 
2.194551e+01 
2.194551e+01 
2.194551e+01 
2.194551e+01 
2.194551e+01 
2.194551e+01 
2.194551e+01 
2.194551e+01 
2.194551e+01 
2.194551e+01 
2.194551e+01 
2.194551e+01 
2.194551e+01 
2.194551e+01 
2.194551e+01 
2.194551e+01 
2.194551e+01 
2.194551e+01 
2.194551e+01 
2.194551e+01 
2.194551e+01 
2.194551e+01 
2.194551e+01 
2.194551e+01 
2.194551e+01 
2.194551e+01 
2.194551e+01 
2.194551e+01 
2.194551e+01 
2.194551e+01 
2.194551e+01 
2.194551e+01 
2.194551e+01 
2.194551e+01 
2.194551e+01 
2.194551e+01 
2.194551e+01 
2.194551e+01 
2.194551e+01 
2.194551e+01 
2.194551e+01 
2.194551e+01 
2.194551e+01 
2.194551e+01 
2.194551e+01 
2.194551e+01 
2.194551e+01 
2.194551e+01 
2.194551e+01 
2.194551e+01 
2.194551e+01 
2.175111e+01 
2.175111e+01 
2.175111e+01 
2.175111e+01 
2.175111e+01 
2.175111e+01 
2.175111e+01 
2.175111e+01 
2.175111e+01 
2.175111e+01 
2.175111e+01 
2.054681e+01 
2.054681e+01 
2.054681e+01 
2.054681e+01 
2.054681e+01 
2.054681e+01 
2.054681e+01 
2.054681e+01 
2.054681e+01 
2.054681e+01 
2.054681e+01 
2.054681e+01 
2.054681e+01 
2.054681e+01 
2.054681e+01 
2.054681e+01 
1.993530e+01 
1.993530e+01 
1.993530e+01 
1.993530e+01 
1.993530e+01 
1.993530e+01 
1.993530e+01 
1.993530e+01 
1.993530e+01 
1.993530e+01 
1.993530e+01 
1.993530e+01 
1.993530e+01 
1.993530e+01 
1.993530e+01 
1.993530e+01 
1.993530e+01 
1.993530e+01 
1.993530e+01 
1.993530e+01 
1.993530e+01 
1.993530e+01 
1.993530e+01 
1.993530e+01 
1.993530e+01 
1.993530e+01 
1.993530e+01 
1.993530e+01 
1.993530e+01 
1.993530e+01 
1.993530e+01 
1.993530e+01 
1.993530e+01 
1.993530e+01 
1.993530e+01 
1.993530e+01 
1.993530e+01 
1.993530e+01 
1.993530e+01 
1.993530e+01 
1.993530e+01 
1.993530e+01 
1.993530e+01 
1.993530e+01 
1.993530e+01 
1.993530e+01 
1.993530e+01 
1.993530e+01 
1.993530e+01 
1.993530e+01 
1.993530e+01 
1.993530e+01 
1.993530e+01 
1.993530e+01 
1.993530e+01 
1.993530e+01 
1.993530e+01 
1.993530e+01 
1.993530e+01 
1.993530e+01 
1.993530e+01 
1.993530e+01 
1.993530e+01 
1.993530e+01 
1.993530e+01 
1.993530e+01 
1.993530e+01 
1.993530e+01 
1.993530e+01 
1.993530e+01 
1.993530e+01 
1.993530e+01 
1.993530e+01 
1.993530e+01 
1.993530e+01 
1.993530e+01 
1.993530e+01 
1.993530e+01 
1.993530e+01 
1.993530e+01 
1.993530e+01 
1.993530e+01 
1.993530e+01 
1.993530e+01 
1.993530e+01 
1.993530e+01 
1.993530e+01 
1.993530e+01 
1.993530e+01 
1.990974e+01 
1.990974e+01 
1.990974e+01 
1.990974e+01 
1.990974e+01 
1.981678e+01 
1.928288e+01 
1.928288e+01 
1.928288e+01 
1.928288e+01 
1.928288e+01 
1.928288e+01 
1.867410e+01 
1.867410e+01 
1.867410e+01 
1.867410e+01 
1.867410e+01 
1.867410e+01 
1.867410e+01 
1.867410e+01 
1.867410e+01 
1.867410e+01 
1.867410e+01 
1.867410e+01 
1.867410e+01 
1.867410e+01 
1.867410e+01 
1.867410e+01 
1.867410e+01 
1.867410e+01 
1.867410e+01 
1.867410e+01 
1.867410e+01 
1.867410e+01 
1.867410e+01 
1.867410e+01 
1.867410e+01 
1.867410e+01 
1.867410e+01 
1.867410e+01 
1.867410e+01 
1.867410e+01 
1.867410e+01 
1.867410e+01 
1.867410e+01 
1.867410e+01 
1.867410e+01 
1.867410e+01 
1.867410e+01 
1.867410e+01 
1.660082e+01 
1.660082e+01 
1.660082e+01 
1.660082e+01 
1.660082e+01 
1.660082e+01 
1.660082e+01 
1.660082e+01 
1.660082e+01 
1.660082e+01 
1.660082e+01 
1.660082e+01 
1.660082e+01 
1.660082e+01 
1.660082e+01 
1.660082e+01 
1.660082e+01 
1.660082e+01 
1.660082e+01 
1.660082e+01 
1.660082e+01 
1.660082e+01 
1.660082e+01 
1.660082e+01 
1.660082e+01 
1.660082e+01 
1.660082e+01 
1.660082e+01 
1.660082e+01 
1.660082e+01 
1.660082e+01 
1.660082e+01 
1.660082e+01 
1.660082e+01 
1.660082e+01 
1.660082e+01 
1.660082e+01 
1.660082e+01 
1.660082e+01 
1.660082e+01 
1.660082e+01 
1.660082e+01 
1.660082e+01 
1.660082e+01 
1.660082e+01 
1.660082e+01 
1.660082e+01 
1.660082e+01 
1.660082e+01 
1.660082e+01 
1.660082e+01 
1.660082e+01 
1.660082e+01 
1.660082e+01 
1.660082e+01 
1.660082e+01 
1.660082e+01 
1.660082e+01 
1.660082e+01 
1.660082e+01 
1.660082e+01 
1.660082e+01 
1.660082e+01 
1.660082e+01 
1.660082e+01 
1.660082e+01 
1.660082e+01 
1.660082e+01 
1.660082e+01 
1.660082e+01 
1.660082e+01 
1.660082e+01 
1.660082e+01 
1.660082e+01 
1.660082e+01 
1.660082e+01 
1.660082e+01 
1.660082e+01 
1.660082e+01 
1.660082e+01 
1.660082e+01 
1.660082e+01 
1.660082e+01 
1.660082e+01 
1.660082e+01 
1.660082e+01 
1.660082e+01 
1.660082e+01 
1.660082e+01 
1.660082e+01 
1.660082e+01 
1.660082e+01 
1.660082e+01 
1.660082e+01 
1.660082e+01 
1.660082e+01 
1.660082e+01 
1.660082e+01 
1.660082e+01 
1.660082e+01 
1.660082e+01 
1.660082e+01 
1.660082e+01 
1.660082e+01 
1.660082e+01 
1.660082e+01 
1.660082e+01 
1.660082e+01 
1.660082e+01 
1.660082e+01 
1.660082e+01 
1.645136e+01 
1.645136e+01 
1.645136e+01 
1.645136e+01 
1.645136e+01 
1.645136e+01 
1.645136e+01 
1.645136e+01 
1.645136e+01 
1.424864e+01 
1.424864e+01 
1.424864e+01 
1.424864e+01 
1.424864e+01 
1.424864e+01 
1.424864e+01 
1.424864e+01 
1.424864e+01 
1.424864e+01 
1.424864e+01 
1.424864e+01 
1.424864e+01 
1.424864e+01 
1.424864e+01 
1.424864e+01 
1.424864e+01 
1.403254e+01 
1.403254e+01 
1.403254e+01 
1.403254e+01 
1.403254e+01 
1.403254e+01 
1.403254e+01 
1.403254e+01 
1.403254e+01 
1.403254e+01 
1.403254e+01 
1.403254e+01 
1.403254e+01 
1.403254e+01 
1.403254e+01 
1.403254e+01 
1.403254e+01 
1.403254e+01 
1.403254e+01 
1.403254e+01 
1.403254e+01 
1.403254e+01 
1.403254e+01 
1.403254e+01 
1.403254e+01 
1.202477e+01 
1.202477e+01 
1.202477e+01 
1.202477e+01 
1.202477e+01 
1.202477e+01 
1.202477e+01 
1.202477e+01 
1.202477e+01 
1.202477e+01 
1.202477e+01 
1.202477e+01 
1.202477e+01 
1.202477e+01 
1.202477e+01 
1.202477e+01 
1.202477e+01 
1.202477e+01 
1.202477e+01 
1.202477e+01 
1.202477e+01 
1.202477e+01 
1.202477e+01 
1.202477e+01 
1.202477e+01 
1.202477e+01 
1.202477e+01 
1.202477e+01 
1.202477e+01 
1.202477e+01 
1.202477e+01 
1.202477e+01 
1.202477e+01 
1.202477e+01 
1.202477e+01 
1.202477e+01 
1.202477e+01 
1.202477e+01 
1.202477e+01 
1.202477e+01 
1.202477e+01 
1.202477e+01 
1.202477e+01 
1.202477e+01 
1.202477e+01 
1.202477e+01 
1.202477e+01 
1.202477e+01 
1.202477e+01 
1.202477e+01 
1.202477e+01 
1.202477e+01 
1.202477e+01 
1.202477e+01 
1.202477e+01 
1.202477e+01 
1.202477e+01 
1.202477e+01 
1.202477e+01 
1.202477e+01 
1.202477e+01 
1.202477e+01 
1.202477e+01 
1.202477e+01 
1.202477e+01 
1.202477e+01 
1.202477e+01 
1.202477e+01 
1.202477e+01 
1.202477e+01 
1.202477e+01 
1.202477e+01 
1.202477e+01 
1.202477e+01 
1.202477e+01 
1.202477e+01 
1.202477e+01 
1.202477e+01 
1.202477e+01 
1.202477e+01 
1.202477e+01 
1.202477e+01 
1.202477e+01 
1.202477e+01 
1.202477e+01 
1.202477e+01 
1.202477e+01 
1.202477e+01 
1.202477e+01 
1.202477e+01 
1.202477e+01 
1.202477e+01 
1.202477e+01 
1.202477e+01 
1.202477e+01 
1.202477e+01 
1.202477e+01 
1.202477e+01 
1.202477e+01 
1.202477e+01 
1.202477e+01 
1.202477e+01 
1.202477e+01 
1.202477e+01 
1.202477e+01 
1.202477e+01 
1.202477e+01 
1.202477e+01 
1.202477e+01 
1.135164e+01 
1.135164e+01 
1.135164e+01 
1.135164e+01 
1.135164e+01 
1.135164e+01 
1.135164e+01 
1.135164e+01 
1.135164e+01 
1.135164e+01 
1.135164e+01 
1.135164e+01 
1.135164e+01 
1.135164e+01 
1.135164e+01 
1.135164e+01 
1.135164e+01 
1.135164e+01 
1.135164e+01 
1.135164e+01 
1.135164e+01 
1.135164e+01 
1.135164e+01 
1.135164e+01 
1.135164e+01 
1.135164e+01 
1.135164e+01 
1.135164e+01 
1.135164e+01 
1.135164e+01 
1.135164e+01 
1.135164e+01 
1.135164e+01 
1.135164e+01 
1.135164e+01 
1.135164e+01 
1.135164e+01 
1.135164e+01 
1.135164e+01 
1.135164e+01 
1.135164e+01 
1.135164e+01 
1.135164e+01 
1.135164e+01 
1.135164e+01 
1.135164e+01 
1.135164e+01 
1.135164e+01 
1.135164e+01 
1.135164e+01 
1.135164e+01 
1.135164e+01 
1.135164e+01 
1.135164e+01 
1.135164e+01 
1.135164e+01 
1.135164e+01 
1.135164e+01 
1.135164e+01 
1.135164e+01 
1.135164e+01 
1.135164e+01 
1.135164e+01 
1.135164e+01 
1.135164e+01 
1.135164e+01 
1.135164e+01 
1.135164e+01 
1.135164e+01 
1.135164e+01 
1.135164e+01 
1.135164e+01 
1.135164e+01 
1.135164e+01 
1.135164e+01 
1.130362e+01 
1.130362e+01 
1.130362e+01 
1.130362e+01 
1.130362e+01 
1.130362e+01 
1.130362e+01 
1.130362e+01 
1.130362e+01 
1.130362e+01 
1.130362e+01 
1.130362e+01 
1.130362e+01 
1.130362e+01 
1.130362e+01 
1.130362e+01 
1.130362e+01 
1.130362e+01 
1.130362e+01 
1.130362e+01 
1.130362e+01 
1.130362e+01 
1.130362e+01 
1.130362e+01 
1.130362e+01 
1.130362e+01 
1.130362e+01 
1.130362e+01 
1.130362e+01 
1.130362e+01 
1.130362e+01 
1.130362e+01 
1.130362e+01 
1.130362e+01 
1.130362e+01 
1.130362e+01 
1.130362e+01 
1.130362e+01 
1.130362e+01 
1.130362e+01 
1.130362e+01 
1.130362e+01 
1.130362e+01 
1.130362e+01 
1.130362e+01 
1.130362e+01 
1.130362e+01 
1.130362e+01 
1.130362e+01 
1.130362e+01 
1.130362e+01 
1.130362e+01 
1.130362e+01 
1.130362e+01 
1.130362e+01 
1.130362e+01 
1.025620e+01 
1.025620e+01 
1.025620e+01 
1.025620e+01 
1.025620e+01 
1.025620e+01 
1.025620e+01 
1.025620e+01 
1.025620e+01 
1.025620e+01 
1.025620e+01 
1.025620e+01 
1.025620e+01 
1.025620e+01 
8.271829e+00 
8.271829e+00 
8.271829e+00 
8.271829e+00 
8.271829e+00 
8.271829e+00 
8.271829e+00 
8.271829e+00 
8.271829e+00 
8.271829e+00 
8.271829e+00 
8.271829e+00 
8.271829e+00 
8.271829e+00 
8.271829e+00 
8.271829e+00 
8.271829e+00 
8.271829e+00 
8.271829e+00 
8.271829e+00 
8.271829e+00 
8.271829e+00 
8.271829e+00 
8.271829e+00 
8.271829e+00 
8.271829e+00 
8.271829e+00 
8.271829e+00 
8.271829e+00 
8.271829e+00 
8.271829e+00 
8.271829e+00 
8.271829e+00 
8.271829e+00 
8.271829e+00 
8.271829e+00 
8.271829e+00 
8.271829e+00 
8.271829e+00 
8.271829e+00 
8.271829e+00 
8.271829e+00 
8.271829e+00 
8.271829e+00 
8.271829e+00 
8.271829e+00 
8.271829e+00 
8.271829e+00 
8.271829e+00 
8.271829e+00 
8.271829e+00 
8.271829e+00 
8.271829e+00 
8.271829e+00 
8.271829e+00 
8.271829e+00 
8.271829e+00 
8.271829e+00 
8.271829e+00 
8.271829e+00 
8.271829e+00 
8.271829e+00 
8.271829e+00 
8.271829e+00 
8.271829e+00 
8.271829e+00 
8.271829e+00 
8.271829e+00 
8.271829e+00 
8.271829e+00 
8.271829e+00 
8.271829e+00 
8.271829e+00 
8.271829e+00 
8.271829e+00 
8.271829e+00 
8.271829e+00 
8.271829e+00 
8.271829e+00 
8.271829e+00 
8.271829e+00 
8.271829e+00 
8.271829e+00 
8.271829e+00 
8.271829e+00 
8.271829e+00 
8.271829e+00 
8.271829e+00 
8.271829e+00 
8.271829e+00 
8.271829e+00 
8.271829e+00 
8.271829e+00 
8.271829e+00 
8.271829e+00 
8.271829e+00 
8.271829e+00 
8.271829e+00 
8.239784e+00 
8.239784e+00 
8.239784e+00 
8.239784e+00 
8.239784e+00 
8.239784e+00 
8.239784e+00 
8.239784e+00 
8.239784e+00 
8.239784e+00 
8.239784e+00 
8.239784e+00 
8.239784e+00 
8.239784e+00 
8.239784e+00 
8.239784e+00 
8.239784e+00 
8.239784e+00 
8.239784e+00 
8.239784e+00 
8.239784e+00 
8.239784e+00 
8.239784e+00 
8.239784e+00 
8.239784e+00 
8.239784e+00 
8.239784e+00 
8.239784e+00 
8.239784e+00 
8.239784e+00 
8.239784e+00 
8.239784e+00 
8.239784e+00 
8.239784e+00 
7.542759e+00 
7.542759e+00 
7.542759e+00 
7.468236e+00 
7.468236e+00 
7.468236e+00 
7.468236e+00 
7.468236e+00 
7.468236e+00 
7.468236e+00 
7.468236e+00 
7.468236e+00 
7.468236e+00 
7.468236e+00 
7.468236e+00 
7.468236e+00 
7.468236e+00 
7.468236e+00 
7.468236e+00 
7.468236e+00 
7.468236e+00 
7.468236e+00 
7.468236e+00 
7.468236e+00 
7.468236e+00 
7.468236e+00 
7.468236e+00 
7.468236e+00 
7.468236e+00 
7.468236e+00 
7.468236e+00 
7.468236e+00 
7.468236e+00 
7.468236e+00 
7.468236e+00 
7.468236e+00 
7.468236e+00 
7.468236e+00 
7.468236e+00 
7.468236e+00 
7.468236e+00 
7.468236e+00 
7.468236e+00 
7.468236e+00 
7.468236e+00 
7.468236e+00 
7.468236e+00 
7.468236e+00 
7.468236e+00 
7.468236e+00 
7.468236e+00 
7.468236e+00 
7.468236e+00 
7.468236e+00 
7.375494e+00 
7.375494e+00 
7.375494e+00 
7.375494e+00 
7.375494e+00 
7.375494e+00 
7.375494e+00 
7.375494e+00 
7.375494e+00 
7.375494e+00 
7.375494e+00 
7.375494e+00 
7.375494e+00 
7.375494e+00 
7.375494e+00 
7.375494e+00 
7.375494e+00 
7.375494e+00 
7.375494e+00 
7.375494e+00 
7.375494e+00 
7.375494e+00 
7.375494e+00 
7.375494e+00 
7.375494e+00 
7.375494e+00 
7.375494e+00 
7.375494e+00 
7.375494e+00 
7.375494e+00 
7.375494e+00 
7.375494e+00 
7.375494e+00 
7.375494e+00 
7.375494e+00 
7.375494e+00 
7.375494e+00 
7.375494e+00 
7.375494e+00 
7.375494e+00 
7.375494e+00 
7.375494e+00 
7.375494e+00 
7.375494e+00 
6.668756e+00 
6.668756e+00 
6.668756e+00 
6.668756e+00 
6.668756e+00 
6.668756e+00 
6.668756e+00 
6.668756e+00 
6.668756e+00 
6.668756e+00 
6.668756e+00 
6.668756e+00 
6.668756e+00 
6.668756e+00 
6.668756e+00 
6.668756e+00 
6.668756e+00 
6.668756e+00 
6.668756e+00 
6.668756e+00 
6.668756e+00 
6.668756e+00 
6.668756e+00 
6.668756e+00 
6.668756e+00 
6.668756e+00 
6.668756e+00 
6.668756e+00 
6.668756e+00 
6.668756e+00 
6.668756e+00 
6.668756e+00 
6.668756e+00 
6.668756e+00 
6.668756e+00 
6.668756e+00 
6.668756e+00 
6.668756e+00 
6.668756e+00 
6.668756e+00 
6.442996e+00 
6.442996e+00 
6.442996e+00 
6.442996e+00 
6.442996e+00 
6.442996e+00 
6.442996e+00 
6.442996e+00 
6.442996e+00 
6.442996e+00 
6.442996e+00 
6.442996e+00 
6.442996e+00 
6.442996e+00 
6.442996e+00 
6.442996e+00 
6.442996e+00 
4.855073e+00 
4.855073e+00 
4.855073e+00 
4.855073e+00 
4.855073e+00 
4.855073e+00 
4.855073e+00 
4.855073e+00 
4.855073e+00 
4.855073e+00 
4.855073e+00 
4.855073e+00 
4.855073e+00 
4.855073e+00 
4.855073e+00 
4.855073e+00 
4.855073e+00 
4.855073e+00 
4.855073e+00 
4.855073e+00 
4.855073e+00 
4.855073e+00 
4.855073e+00 
4.855073e+00 
4.855073e+00 
4.855073e+00 
4.855073e+00 
4.855073e+00 
4.855073e+00 
4.855073e+00 
4.855073e+00 
4.855073e+00 
4.855073e+00 
4.855073e+00 
4.855073e+00 
4.855073e+00 
4.747314e+00 
4.747314e+00 
4.747314e+00 
4.747314e+00 
4.747314e+00 
4.747314e+00 
4.062384e+00 
4.062384e+00 
4.062384e+00 
4.062384e+00 
4.062384e+00 
4.062384e+00 
4.062384e+00 
4.062384e+00 
4.062384e+00 
4.062384e+00 
4.062384e+00 
4.062384e+00 
4.062384e+00 
4.062384e+00 
4.062384e+00 
4.062384e+00 
4.062384e+00 
4.062384e+00 
4.062384e+00 
4.062384e+00 
4.062384e+00 
4.062384e+00 
4.062384e+00 
4.062384e+00 
4.062384e+00 
4.062384e+00 
4.062384e+00 
4.062384e+00 
4.062384e+00 
4.062384e+00 
4.062384e+00 
4.062384e+00 
4.062384e+00 
4.062384e+00 
4.062384e+00 
4.062384e+00 
4.062384e+00 
4.062384e+00 
4.062384e+00 
4.062384e+00 
4.062384e+00 
4.062384e+00 
4.062384e+00 
4.062384e+00 
4.062384e+00 
4.062384e+00 
4.062384e+00 
4.062384e+00 
4.062384e+00 
4.062384e+00 
4.062384e+00 
4.062384e+00 
4.062384e+00 
4.062384e+00 
4.062384e+00 
4.062384e+00 
4.062384e+00 
4.062384e+00 
4.062384e+00 
4.062384e+00 
4.062384e+00 
4.062384e+00 
4.062384e+00 
4.062384e+00 
4.062384e+00 
4.062384e+00 
4.062384e+00 
4.062384e+00 
4.062384e+00 
4.062384e+00 
4.062384e+00 
4.062384e+00 
4.062384e+00 
4.062384e+00 
4.062384e+00 
4.062384e+00 
4.062384e+00 
4.062384e+00 
4.062384e+00 
4.062384e+00 
4.062384e+00 
4.062384e+00 
4.062384e+00 
4.062384e+00 
4.062384e+00 
4.062384e+00 
4.062384e+00 
4.062384e+00 
4.062384e+00 
4.062384e+00 
4.062384e+00 
4.062384e+00 
4.062384e+00 
4.062384e+00 
3.909390e+00 
3.909390e+00 
3.909390e+00 
3.909390e+00 
3.909390e+00 
3.909390e+00 
3.909390e+00 
3.909390e+00 
3.909390e+00 
3.771911e+00 
3.739491e+00 
3.739491e+00 
3.739491e+00 
3.739491e+00 
3.654874e+00 
3.654874e+00 
3.654874e+00 
3.654874e+00 
3.654874e+00 
3.654874e+00 
3.654874e+00 
3.654874e+00 
3.444460e+00 
3.444460e+00 
3.444460e+00 
3.444460e+00 
3.444460e+00 
3.444460e+00 
3.444460e+00 
3.444460e+00 
3.444460e+00 
3.444460e+00 
3.444460e+00 
3.444460e+00 
3.444460e+00 
3.444460e+00 
3.444460e+00 
3.444460e+00 
3.444460e+00 
3.444460e+00 
3.444460e+00 
3.444460e+00 
3.444460e+00 
3.444460e+00 
3.444460e+00 
3.444460e+00 
3.444460e+00 
3.444460e+00 
3.444460e+00 
3.444460e+00 
3.444460e+00 
3.444460e+00 
3.409109e+00 
3.409109e+00 
3.409109e+00 
3.409109e+00 
3.409109e+00 
3.409109e+00 
3.409109e+00 
3.409109e+00 
3.409109e+00 
3.378495e+00 
3.378495e+00 
3.378495e+00 
3.378495e+00 
3.378495e+00 
3.378495e+00 
3.378495e+00 
3.378495e+00 
3.378495e+00 
3.378495e+00 
3.378495e+00 
3.378495e+00 
3.378495e+00 
3.378495e+00 
3.378495e+00 
3.378495e+00 
3.378495e+00 
3.378495e+00 
3.378495e+00 
3.359954e+00 
3.359954e+00 
3.359954e+00 
3.359954e+00 
3.359954e+00 
3.359954e+00 
3.359954e+00 
3.359954e+00 
3.359954e+00 
3.359954e+00 
3.359954e+00 
3.359954e+00 
3.359954e+00 
3.359954e+00 
3.359954e+00 
3.359954e+00 
3.359954e+00 
3.359954e+00 
3.359954e+00 
3.359954e+00 
3.359954e+00 
3.359954e+00 
3.359954e+00 
3.331614e+00 
3.331614e+00 
3.331614e+00 
3.331614e+00 
3.331614e+00 
3.331614e+00 
3.331614e+00 
3.331614e+00 
3.331614e+00 
3.331614e+00 
3.331614e+00 
3.331614e+00 
3.331614e+00 
3.331614e+00 
3.331614e+00 
3.331614e+00 
3.331614e+00 
3.331614e+00 
3.331614e+00 
3.331614e+00 
3.331614e+00 
3.331614e+00 
3.331614e+00 
3.331614e+00 
3.331614e+00 
3.331614e+00 
3.331614e+00 
3.331614e+00 
3.331614e+00 
3.331614e+00 
3.331614e+00 
3.331614e+00 
3.331614e+00 
3.331614e+00 
3.331614e+00 
3.331614e+00 
3.331614e+00 
3.291835e+00 
3.291835e+00 
3.291835e+00 
3.291835e+00 
3.291835e+00 
3.239069e+00 
3.145021e+00 
3.145021e+00 
3.145021e+00 
3.145021e+00 
3.145021e+00 
