2.303454e+07 
2.303454e+07 
2.303454e+07 
2.303454e+07 
2.303454e+07 
2.303454e+07 
2.303454e+07 
2.303454e+07 
2.303454e+07 
4.904333e+06 
4.904333e+06 
4.904333e+06 
4.904333e+06 
4.904333e+06 
4.904333e+06 
4.904333e+06 
4.904333e+06 
4.904333e+06 
4.904333e+06 
4.904333e+06 
4.904333e+06 
4.904333e+06 
4.904333e+06 
4.904333e+06 
4.904333e+06 
2.580460e+06 
2.580460e+06 
2.580460e+06 
2.416787e+06 
2.416787e+06 
2.416787e+06 
2.416787e+06 
2.416787e+06 
2.416787e+06 
2.416787e+06 
2.416787e+06 
2.416787e+06 
2.416787e+06 
2.416787e+06 
2.416787e+06 
2.416787e+06 
2.416787e+06 
2.416787e+06 
7.702479e+05 
7.702479e+05 
7.702479e+05 
7.702479e+05 
7.702479e+05 
7.702479e+05 
7.702479e+05 
7.702479e+05 
7.702479e+05 
7.702479e+05 
7.702479e+05 
7.702479e+05 
7.702479e+05 
7.702479e+05 
7.702479e+05 
7.702479e+05 
7.702479e+05 
7.702479e+05 
7.702479e+05 
7.702479e+05 
7.702479e+05 
7.702479e+05 
7.702479e+05 
7.702479e+05 
7.702479e+05 
7.702479e+05 
7.702479e+05 
7.702479e+05 
7.702479e+05 
7.702479e+05 
7.702479e+05 
7.702479e+05 
7.702479e+05 
7.702479e+05 
7.702479e+05 
7.702479e+05 
7.702479e+05 
7.702479e+05 
7.702479e+05 
7.702479e+05 
7.702479e+05 
7.702479e+05 
7.702479e+05 
7.702479e+05 
7.702479e+05 
7.702479e+05 
7.702479e+05 
7.702479e+05 
7.702479e+05 
7.702479e+05 
7.233632e+05 
7.233632e+05 
7.233632e+05 
7.233632e+05 
7.233632e+05 
7.233632e+05 
7.233632e+05 
6.662499e+05 
6.662499e+05 
6.662499e+05 
5.895658e+05 
5.895658e+05 
5.895658e+05 
5.895658e+05 
5.895658e+05 
5.895658e+05 
5.895658e+05 
5.895658e+05 
5.895658e+05 
5.895658e+05 
5.895658e+05 
5.895658e+05 
5.895658e+05 
5.895658e+05 
5.114209e+05 
5.114209e+05 
5.114209e+05 
5.114209e+05 
5.114209e+05 
5.114209e+05 
5.114209e+05 
5.114209e+05 
4.295144e+05 
4.295144e+05 
4.295144e+05 
4.295144e+05 
4.295144e+05 
4.295144e+05 
4.295144e+05 
4.295144e+05 
4.295144e+05 
3.450121e+05 
3.450121e+05 
3.450121e+05 
3.450121e+05 
3.450121e+05 
2.446990e+05 
2.305028e+05 
2.305028e+05 
2.305028e+05 
2.305028e+05 
2.305028e+05 
2.305028e+05 
2.305028e+05 
2.305028e+05 
2.305028e+05 
2.305028e+05 
1.618986e+05 
1.558746e+05 
1.558746e+05 
1.558746e+05 
1.558746e+05 
1.558746e+05 
1.558746e+05 
1.558746e+05 
1.558746e+05 
1.558746e+05 
1.558746e+05 
1.558746e+05 
1.558746e+05 
1.558746e+05 
1.558746e+05 
1.558746e+05 
1.558746e+05 
1.558746e+05 
1.558746e+05 
1.558746e+05 
1.558746e+05 
1.558746e+05 
1.558746e+05 
1.333081e+05 
6.744481e+04 
6.744481e+04 
6.744481e+04 
6.744481e+04 
6.744481e+04 
6.744481e+04 
6.705598e+04 
6.705598e+04 
6.705598e+04 
6.705598e+04 
6.705598e+04 
6.705598e+04 
6.705598e+04 
6.705598e+04 
6.705598e+04 
5.183474e+04 
5.183474e+04 
5.183474e+04 
5.183474e+04 
5.183474e+04 
5.183474e+04 
5.183474e+04 
5.183474e+04 
5.183474e+04 
5.183474e+04 
5.183474e+04 
5.183474e+04 
5.183474e+04 
5.183474e+04 
5.183474e+04 
5.183474e+04 
5.183474e+04 
5.183474e+04 
5.183474e+04 
5.183474e+04 
5.183474e+04 
5.183474e+04 
5.183474e+04 
5.183474e+04 
5.183474e+04 
5.183474e+04 
5.183474e+04 
5.183474e+04 
5.183474e+04 
5.183474e+04 
5.183474e+04 
5.183474e+04 
5.183474e+04 
5.183474e+04 
5.183474e+04 
5.183474e+04 
5.183474e+04 
5.183474e+04 
5.183474e+04 
5.183474e+04 
5.183474e+04 
5.183474e+04 
5.183474e+04 
5.183474e+04 
5.183474e+04 
5.183474e+04 
5.183474e+04 
5.183474e+04 
5.183474e+04 
5.183474e+04 
5.183474e+04 
5.183474e+04 
5.183474e+04 
5.183474e+04 
5.183474e+04 
5.183474e+04 
5.183474e+04 
5.183474e+04 
5.183474e+04 
5.183474e+04 
5.183474e+04 
5.183474e+04 
3.596826e+04 
3.596826e+04 
3.596826e+04 
3.596826e+04 
3.596826e+04 
3.596826e+04 
3.596826e+04 
3.596826e+04 
3.596826e+04 
3.596826e+04 
3.596826e+04 
3.596826e+04 
3.596826e+04 
3.596826e+04 
3.596826e+04 
3.596826e+04 
3.596826e+04 
3.596826e+04 
3.596826e+04 
3.596826e+04 
3.596826e+04 
3.596826e+04 
3.596826e+04 
3.596826e+04 
3.596826e+04 
3.596826e+04 
3.596826e+04 
3.596826e+04 
3.596826e+04 
3.596826e+04 
3.596826e+04 
3.596826e+04 
3.596826e+04 
3.596826e+04 
3.596826e+04 
3.596826e+04 
3.596826e+04 
3.596826e+04 
3.596826e+04 
3.596826e+04 
3.596826e+04 
3.596826e+04 
3.596826e+04 
3.596826e+04 
3.596826e+04 
3.596826e+04 
3.596826e+04 
3.596826e+04 
3.596826e+04 
3.596826e+04 
3.596826e+04 
3.596826e+04 
3.596826e+04 
3.596826e+04 
3.596826e+04 
3.596826e+04 
3.596826e+04 
3.596826e+04 
3.596826e+04 
3.596826e+04 
3.596826e+04 
3.596826e+04 
3.596826e+04 
3.596826e+04 
3.596826e+04 
3.596826e+04 
3.596826e+04 
3.596826e+04 
3.596826e+04 
3.596826e+04 
3.596826e+04 
3.596826e+04 
3.596826e+04 
3.596826e+04 
3.596826e+04 
3.596826e+04 
3.596826e+04 
3.596826e+04 
3.596826e+04 
3.596826e+04 
3.596826e+04 
3.596826e+04 
3.596826e+04 
3.596826e+04 
3.596826e+04 
3.596826e+04 
3.596826e+04 
3.596826e+04 
3.596826e+04 
3.596826e+04 
3.596826e+04 
3.596826e+04 
3.596826e+04 
3.596826e+04 
3.596826e+04 
3.596826e+04 
3.596826e+04 
3.596826e+04 
3.596826e+04 
3.596826e+04 
3.596826e+04 
3.596826e+04 
3.596826e+04 
3.596826e+04 
3.596826e+04 
3.596826e+04 
3.596826e+04 
3.596826e+04 
3.596826e+04 
3.596826e+04 
3.596826e+04 
3.596826e+04 
3.596826e+04 
3.596826e+04 
3.596826e+04 
3.596826e+04 
3.596826e+04 
3.596826e+04 
3.596826e+04 
3.596826e+04 
3.596826e+04 
3.596826e+04 
3.596826e+04 
3.596826e+04 
3.596826e+04 
3.596826e+04 
3.596826e+04 
3.596826e+04 
3.596826e+04 
3.596826e+04 
3.596826e+04 
3.596826e+04 
3.596826e+04 
3.596826e+04 
3.596826e+04 
3.596826e+04 
3.596826e+04 
3.596826e+04 
3.596826e+04 
3.596826e+04 
3.596826e+04 
3.596826e+04 
3.596826e+04 
3.596826e+04 
3.596826e+04 
3.596826e+04 
3.596826e+04 
3.596826e+04 
3.596826e+04 
2.672228e+04 
2.672228e+04 
2.672228e+04 
2.672228e+04 
2.672228e+04 
2.672228e+04 
2.672228e+04 
2.672228e+04 
2.672228e+04 
2.672228e+04 
2.672228e+04 
2.672228e+04 
2.672228e+04 
2.672228e+04 
2.672228e+04 
2.672228e+04 
2.672228e+04 
2.672228e+04 
2.672228e+04 
2.672228e+04 
2.672228e+04 
2.672228e+04 
2.672228e+04 
2.672228e+04 
2.672228e+04 
2.672228e+04 
2.672228e+04 
2.672228e+04 
2.672228e+04 
2.588611e+04 
2.588611e+04 
2.588611e+04 
2.588611e+04 
2.588611e+04 
2.588611e+04 
2.588611e+04 
2.588611e+04 
2.588611e+04 
2.588611e+04 
2.588611e+04 
2.588611e+04 
2.588611e+04 
2.408172e+04 
2.408172e+04 
2.408172e+04 
2.408172e+04 
2.408172e+04 
2.408172e+04 
2.065320e+04 
2.065320e+04 
2.065320e+04 
2.065320e+04 
2.065320e+04 
2.065320e+04 
2.065320e+04 
2.065320e+04 
2.065320e+04 
2.065320e+04 
2.065320e+04 
2.065320e+04 
2.065320e+04 
2.065320e+04 
2.065320e+04 
1.740462e+04 
1.740462e+04 
1.740462e+04 
1.740462e+04 
1.740462e+04 
1.740462e+04 
1.740462e+04 
1.740462e+04 
1.740462e+04 
1.740462e+04 
1.740462e+04 
1.740462e+04 
1.740462e+04 
1.740462e+04 
1.740462e+04 
1.740462e+04 
1.740462e+04 
1.740462e+04 
1.740462e+04 
1.740462e+04 
1.740462e+04 
1.740462e+04 
1.740462e+04 
1.740462e+04 
1.740462e+04 
1.740462e+04 
1.507352e+04 
1.481493e+04 
1.481493e+04 
1.481493e+04 
1.481493e+04 
1.481493e+04 
1.481493e+04 
1.481493e+04 
1.481493e+04 
1.481493e+04 
1.448355e+04 
1.448355e+04 
1.448355e+04 
1.448355e+04 
1.448355e+04 
1.239663e+04 
1.239663e+04 
1.239663e+04 
1.239663e+04 
1.239663e+04 
1.239663e+04 
1.239663e+04 
1.239663e+04 
1.239663e+04 
1.239663e+04 
1.239663e+04 
1.239663e+04 
8.517250e+03 
8.517250e+03 
8.517250e+03 
8.517250e+03 
8.517250e+03 
8.517250e+03 
8.517250e+03 
8.517250e+03 
8.517250e+03 
8.517250e+03 
8.517250e+03 
8.517250e+03 
8.517250e+03 
8.517250e+03 
8.517250e+03 
8.517250e+03 
8.517250e+03 
8.517250e+03 
8.517250e+03 
8.517250e+03 
8.517250e+03 
8.517250e+03 
8.517250e+03 
8.517250e+03 
8.517250e+03 
8.517250e+03 
8.517250e+03 
8.517250e+03 
8.517250e+03 
8.517250e+03 
8.517250e+03 
8.517250e+03 
8.517250e+03 
8.517250e+03 
8.517250e+03 
8.517250e+03 
8.517250e+03 
8.517250e+03 
8.517250e+03 
8.517250e+03 
8.517250e+03 
8.517250e+03 
8.517250e+03 
8.517250e+03 
8.517250e+03 
8.517250e+03 
8.517250e+03 
8.517250e+03 
8.517250e+03 
8.517250e+03 
8.517250e+03 
8.517250e+03 
8.517250e+03 
8.517250e+03 
8.517250e+03 
8.517250e+03 
8.517250e+03 
8.517250e+03 
8.517250e+03 
8.517250e+03 
8.517250e+03 
8.517250e+03 
8.517250e+03 
8.517250e+03 
8.517250e+03 
8.517250e+03 
8.517250e+03 
8.269906e+03 
8.269906e+03 
8.269906e+03 
8.269906e+03 
8.269906e+03 
8.269906e+03 
8.269906e+03 
8.269906e+03 
8.269906e+03 
8.269906e+03 
8.269906e+03 
6.280589e+03 
6.280589e+03 
6.280589e+03 
6.280589e+03 
6.280589e+03 
6.280589e+03 
6.280589e+03 
6.280589e+03 
6.280589e+03 
6.280589e+03 
6.280589e+03 
6.280589e+03 
6.280589e+03 
6.280589e+03 
6.280589e+03 
6.280589e+03 
6.280589e+03 
6.280589e+03 
6.280589e+03 
6.280589e+03 
6.280589e+03 
6.280589e+03 
6.280589e+03 
6.280589e+03 
6.280589e+03 
6.280589e+03 
6.280589e+03 
6.280589e+03 
6.280589e+03 
6.280589e+03 
6.280589e+03 
6.280589e+03 
4.758350e+03 
4.758350e+03 
4.758350e+03 
4.758350e+03 
4.758350e+03 
4.758350e+03 
4.758350e+03 
4.758350e+03 
4.758350e+03 
4.758350e+03 
4.758350e+03 
4.758350e+03 
4.758350e+03 
4.758350e+03 
4.758350e+03 
4.758350e+03 
4.758350e+03 
4.758350e+03 
4.758350e+03 
4.758350e+03 
4.758350e+03 
4.758350e+03 
4.758350e+03 
4.758350e+03 
4.758350e+03 
4.758350e+03 
4.758350e+03 
4.758350e+03 
4.758350e+03 
4.758350e+03 
4.758350e+03 
4.758350e+03 
4.758350e+03 
4.758350e+03 
4.758350e+03 
4.758350e+03 
4.758350e+03 
4.758350e+03 
4.758350e+03 
4.758350e+03 
4.758350e+03 
4.758350e+03 
4.758350e+03 
4.758350e+03 
4.758350e+03 
4.758350e+03 
4.758350e+03 
4.758350e+03 
4.758350e+03 
4.758350e+03 
4.758350e+03 
4.758350e+03 
4.021045e+03 
4.021045e+03 
4.021045e+03 
4.021045e+03 
4.021045e+03 
4.021045e+03 
4.021045e+03 
4.021045e+03 
4.021045e+03 
4.021045e+03 
4.021045e+03 
4.021045e+03 
4.021045e+03 
4.021045e+03 
4.021045e+03 
4.021045e+03 
4.021045e+03 
4.021045e+03 
4.021045e+03 
4.021045e+03 
4.021045e+03 
4.021045e+03 
4.021045e+03 
4.021045e+03 
3.826489e+03 
3.826489e+03 
3.826489e+03 
3.826489e+03 
3.826489e+03 
3.826489e+03 
3.826489e+03 
3.826489e+03 
3.826489e+03 
3.826489e+03 
3.826489e+03 
3.826489e+03 
3.826489e+03 
3.826489e+03 
3.747686e+03 
3.747686e+03 
3.095256e+03 
3.095256e+03 
3.095256e+03 
3.095256e+03 
3.095256e+03 
3.095256e+03 
3.095256e+03 
3.095256e+03 
3.095256e+03 
3.095256e+03 
3.095256e+03 
3.095256e+03 
3.095256e+03 
3.095256e+03 
3.095256e+03 
3.095256e+03 
3.095256e+03 
3.095256e+03 
3.095256e+03 
3.095256e+03 
3.095256e+03 
3.095256e+03 
3.095256e+03 
3.095256e+03 
3.095256e+03 
3.095256e+03 
3.095256e+03 
3.095256e+03 
3.095256e+03 
3.095256e+03 
3.095256e+03 
3.095256e+03 
3.095256e+03 
3.095256e+03 
3.095256e+03 
3.095256e+03 
3.095256e+03 
3.095256e+03 
3.095256e+03 
3.095256e+03 
3.095256e+03 
3.095256e+03 
3.095256e+03 
3.095256e+03 
3.095256e+03 
2.957572e+03 
2.957572e+03 
2.957572e+03 
2.957572e+03 
2.957572e+03 
2.957572e+03 
2.957572e+03 
2.957572e+03 
2.957572e+03 
2.957572e+03 
2.957572e+03 
2.957572e+03 
2.957572e+03 
2.957572e+03 
2.957572e+03 
2.957572e+03 
2.957572e+03 
2.957572e+03 
2.957572e+03 
2.957572e+03 
2.957572e+03 
2.860971e+03 
2.860971e+03 
2.860971e+03 
2.860971e+03 
2.860971e+03 
2.860971e+03 
2.735186e+03 
2.735186e+03 
2.735186e+03 
2.735186e+03 
2.735186e+03 
2.735186e+03 
2.735186e+03 
2.735186e+03 
2.735186e+03 
2.735186e+03 
2.735186e+03 
2.735186e+03 
2.735186e+03 
2.735186e+03 
2.735186e+03 
2.725249e+03 
2.725249e+03 
2.725249e+03 
2.725249e+03 
2.725249e+03 
2.609500e+03 
2.609500e+03 
2.609500e+03 
2.609500e+03 
2.609500e+03 
2.609500e+03 
2.609500e+03 
2.609500e+03 
2.609500e+03 
2.609500e+03 
2.217245e+03 
2.217245e+03 
2.217245e+03 
2.217245e+03 
2.217245e+03 
2.217245e+03 
2.217245e+03 
2.217245e+03 
2.217245e+03 
2.217245e+03 
2.217245e+03 
2.217245e+03 
2.217245e+03 
2.217245e+03 
2.217245e+03 
2.217245e+03 
2.217245e+03 
2.217245e+03 
2.217245e+03 
2.217245e+03 
2.217245e+03 
2.217245e+03 
2.217245e+03 
2.217245e+03 
2.217245e+03 
2.217245e+03 
2.217245e+03 
2.217245e+03 
2.217245e+03 
2.217245e+03 
2.217245e+03 
2.217245e+03 
2.217245e+03 
2.217245e+03 
2.217245e+03 
2.217245e+03 
2.217245e+03 
2.217245e+03 
2.217245e+03 
2.217245e+03 
2.217245e+03 
2.217245e+03 
2.217245e+03 
2.217245e+03 
2.217245e+03 
2.217245e+03 
2.217245e+03 
2.217245e+03 
2.217245e+03 
2.217245e+03 
2.217245e+03 
2.217245e+03 
2.217245e+03 
2.115087e+03 
2.115087e+03 
2.115087e+03 
2.115087e+03 
2.115087e+03 
2.115087e+03 
2.115087e+03 
2.115087e+03 
2.115087e+03 
2.115087e+03 
2.115087e+03 
2.115087e+03 
2.115087e+03 
1.792600e+03 
1.792600e+03 
1.792600e+03 
1.792600e+03 
1.792600e+03 
1.792600e+03 
1.792600e+03 
1.792600e+03 
1.792600e+03 
1.792600e+03 
1.792600e+03 
1.792600e+03 
1.679311e+03 
1.679311e+03 
1.679311e+03 
1.679311e+03 
1.679311e+03 
1.679311e+03 
1.679311e+03 
1.679311e+03 
1.679311e+03 
1.679311e+03 
1.679311e+03 
1.679311e+03 
1.679311e+03 
1.679311e+03 
1.679311e+03 
1.679311e+03 
1.679311e+03 
1.679311e+03 
1.679311e+03 
1.679311e+03 
1.679311e+03 
1.596830e+03 
1.596830e+03 
1.596830e+03 
1.596830e+03 
1.596830e+03 
1.596830e+03 
1.596830e+03 
1.596830e+03 
1.596830e+03 
1.596830e+03 
1.596830e+03 
1.596830e+03 
1.596830e+03 
1.596830e+03 
1.596830e+03 
1.596830e+03 
1.596830e+03 
1.596830e+03 
1.596830e+03 
1.596830e+03 
1.596830e+03 
1.596830e+03 
1.596830e+03 
1.596830e+03 
1.596830e+03 
1.596830e+03 
1.596830e+03 
1.596830e+03 
1.596830e+03 
1.596830e+03 
1.596830e+03 
1.596830e+03 
1.596830e+03 
1.596830e+03 
1.596830e+03 
1.596830e+03 
1.596830e+03 
1.596830e+03 
1.596830e+03 
1.596830e+03 
1.397429e+03 
1.397429e+03 
1.397429e+03 
1.397429e+03 
1.397429e+03 
1.397429e+03 
1.397429e+03 
1.397429e+03 
1.397429e+03 
1.397429e+03 
1.397429e+03 
1.397429e+03 
1.397429e+03 
1.397429e+03 
1.397429e+03 
1.397429e+03 
1.397429e+03 
1.397429e+03 
1.397429e+03 
1.397429e+03 
1.397429e+03 
1.397429e+03 
1.397429e+03 
1.397429e+03 
1.314442e+03 
1.314442e+03 
1.314442e+03 
1.314442e+03 
1.314442e+03 
1.314442e+03 
1.314442e+03 
1.314442e+03 
1.314442e+03 
1.314442e+03 
1.311508e+03 
1.311508e+03 
1.311508e+03 
1.311508e+03 
1.311508e+03 
1.311508e+03 
1.311508e+03 
1.300387e+03 
1.300387e+03 
1.300387e+03 
1.300387e+03 
1.300387e+03 
1.300387e+03 
1.300387e+03 
1.300387e+03 
1.300387e+03 
1.300387e+03 
1.300387e+03 
1.300387e+03 
1.300387e+03 
1.300387e+03 
1.300387e+03 
1.300387e+03 
1.300387e+03 
1.300387e+03 
1.300387e+03 
1.300387e+03 
1.300387e+03 
1.300387e+03 
1.300387e+03 
1.102214e+03 
1.102214e+03 
1.102214e+03 
1.102214e+03 
1.102214e+03 
1.102214e+03 
1.102214e+03 
1.102214e+03 
1.102214e+03 
1.102214e+03 
1.102214e+03 
1.102214e+03 
1.102214e+03 
1.102214e+03 
1.102214e+03 
1.102214e+03 
1.102214e+03 
1.102214e+03 
1.102214e+03 
1.102214e+03 
1.008815e+03 
1.008815e+03 
1.008815e+03 
1.008815e+03 
1.008815e+03 
1.008815e+03 
1.008815e+03 
1.008815e+03 
1.008815e+03 
1.008815e+03 
1.008815e+03 
1.008815e+03 
1.008815e+03 
1.008815e+03 
1.008815e+03 
1.008815e+03 
1.008815e+03 
1.008815e+03 
1.008815e+03 
1.008815e+03 
1.008815e+03 
1.008815e+03 
1.008815e+03 
1.008815e+03 
1.008815e+03 
1.008815e+03 
1.008815e+03 
1.008815e+03 
1.008815e+03 
1.008815e+03 
1.008815e+03 
1.008815e+03 
1.008815e+03 
1.008815e+03 
1.008815e+03 
1.008815e+03 
1.008815e+03 
1.008815e+03 
1.008815e+03 
1.008815e+03 
1.008815e+03 
1.008815e+03 
1.008815e+03 
1.008815e+03 
1.008815e+03 
1.008815e+03 
1.008815e+03 
8.924030e+02 
8.924030e+02 
8.924030e+02 
8.924030e+02 
8.924030e+02 
8.924030e+02 
8.924030e+02 
8.924030e+02 
8.924030e+02 
8.924030e+02 
8.924030e+02 
8.924030e+02 
8.924030e+02 
8.924030e+02 
8.924030e+02 
8.924030e+02 
8.924030e+02 
8.924030e+02 
8.924030e+02 
8.924030e+02 
8.460023e+02 
8.460023e+02 
8.460023e+02 
8.460023e+02 
7.624362e+02 
7.624362e+02 
7.624362e+02 
7.624362e+02 
7.624362e+02 
7.126366e+02 
7.126366e+02 
7.126366e+02 
7.126366e+02 
7.126366e+02 
7.126366e+02 
7.126366e+02 
7.126366e+02 
7.126366e+02 
7.126366e+02 
7.126366e+02 
7.126366e+02 
7.126366e+02 
7.126366e+02 
7.126366e+02 
7.126366e+02 
7.126366e+02 
7.126366e+02 
7.126366e+02 
7.126366e+02 
7.126366e+02 
7.126366e+02 
7.126366e+02 
7.126366e+02 
7.126366e+02 
6.772464e+02 
6.772464e+02 
6.772464e+02 
6.772464e+02 
6.772464e+02 
6.772464e+02 
6.772464e+02 
6.772464e+02 
6.772464e+02 
6.772464e+02 
6.772464e+02 
6.772464e+02 
6.772464e+02 
6.772464e+02 
6.772464e+02 
6.772464e+02 
6.772464e+02 
6.772464e+02 
6.772464e+02 
6.772464e+02 
6.772464e+02 
6.772464e+02 
6.772464e+02 
6.772464e+02 
6.772464e+02 
6.772464e+02 
6.772464e+02 
6.772464e+02 
6.772464e+02 
6.772464e+02 
6.772464e+02 
6.772464e+02 
6.772464e+02 
6.772464e+02 
6.695898e+02 
6.695898e+02 
6.695898e+02 
6.695898e+02 
6.695898e+02 
6.695898e+02 
6.695898e+02 
6.695898e+02 
6.695898e+02 
6.695898e+02 
6.695898e+02 
6.695898e+02 
6.695898e+02 
6.695898e+02 
6.695898e+02 
6.695898e+02 
6.695898e+02 
6.695898e+02 
6.695898e+02 
6.695898e+02 
6.121001e+02 
6.121001e+02 
6.121001e+02 
6.121001e+02 
6.121001e+02 
6.121001e+02 
6.121001e+02 
5.984895e+02 
5.984895e+02 
5.984895e+02 
5.984895e+02 
5.984895e+02 
5.984895e+02 
5.984895e+02 
5.648395e+02 
5.648395e+02 
5.648395e+02 
5.539987e+02 
5.539987e+02 
5.539987e+02 
5.539987e+02 
5.539987e+02 
5.539987e+02 
5.539987e+02 
5.539987e+02 
5.539987e+02 
5.539987e+02 
5.539987e+02 
5.539987e+02 
5.539987e+02 
5.539987e+02 
5.539987e+02 
5.539987e+02 
5.539987e+02 
5.539987e+02 
5.539987e+02 
5.539987e+02 
5.539987e+02 
5.539987e+02 
5.539987e+02 
5.539987e+02 
5.539987e+02 
5.539987e+02 
5.539987e+02 
5.539987e+02 
5.539987e+02 
5.539987e+02 
5.539987e+02 
5.539987e+02 
5.539987e+02 
5.539987e+02 
5.539987e+02 
5.539987e+02 
5.539987e+02 
5.503292e+02 
5.503292e+02 
5.503292e+02 
5.503292e+02 
5.503292e+02 
5.217573e+02 
5.217573e+02 
5.217573e+02 
5.217573e+02 
5.217573e+02 
5.217573e+02 
5.217573e+02 
5.217573e+02 
5.217573e+02 
5.217573e+02 
5.217573e+02 
5.217573e+02 
5.217573e+02 
5.217573e+02 
5.217573e+02 
5.217573e+02 
5.217573e+02 
5.217573e+02 
5.217573e+02 
4.966551e+02 
4.966551e+02 
4.966551e+02 
4.966551e+02 
4.359994e+02 
4.359994e+02 
4.359994e+02 
4.359994e+02 
4.359994e+02 
4.344148e+02 
4.344148e+02 
4.344148e+02 
4.344148e+02 
4.344148e+02 
4.344148e+02 
4.344148e+02 
4.344148e+02 
4.344148e+02 
4.344148e+02 
4.106786e+02 
4.106786e+02 
4.106786e+02 
4.106786e+02 
4.106786e+02 
4.106786e+02 
4.106786e+02 
4.106786e+02 
4.106786e+02 
4.106786e+02 
4.106786e+02 
4.106786e+02 
4.106786e+02 
3.519413e+02 
3.519413e+02 
3.519413e+02 
3.519413e+02 
3.519413e+02 
3.519413e+02 
3.519413e+02 
3.519413e+02 
3.519413e+02 
3.519413e+02 
3.519413e+02 
3.519413e+02 
3.519413e+02 
3.519413e+02 
3.067777e+02 
3.067777e+02 
3.067777e+02 
3.067777e+02 
3.067777e+02 
3.067777e+02 
3.067777e+02 
3.067777e+02 
3.067777e+02 
3.067777e+02 
3.067777e+02 
3.067777e+02 
3.067777e+02 
3.067777e+02 
3.067777e+02 
3.067777e+02 
3.067777e+02 
3.067777e+02 
3.067777e+02 
3.067777e+02 
3.067777e+02 
3.067777e+02 
3.067777e+02 
3.067777e+02 
3.067777e+02 
3.067777e+02 
3.067777e+02 
3.067777e+02 
3.067777e+02 
3.067777e+02 
3.067777e+02 
3.067777e+02 
3.067777e+02 
3.067777e+02 
3.067777e+02 
3.067777e+02 
3.067777e+02 
3.067777e+02 
3.067777e+02 
2.914452e+02 
2.914452e+02 
2.914452e+02 
2.914452e+02 
2.914452e+02 
2.914452e+02 
2.914452e+02 
2.914452e+02 
2.914452e+02 
2.914452e+02 
2.914452e+02 
2.914452e+02 
2.914452e+02 
2.914452e+02 
2.914452e+02 
2.914452e+02 
2.914452e+02 
2.914452e+02 
2.914452e+02 
2.914452e+02 
2.914452e+02 
2.914452e+02 
2.914452e+02 
2.914452e+02 
2.914452e+02 
2.914452e+02 
2.914452e+02 
2.914452e+02 
2.914452e+02 
2.914452e+02 
2.914452e+02 
2.914452e+02 
2.914452e+02 
2.914452e+02 
2.914452e+02 
2.914452e+02 
2.914452e+02 
2.914452e+02 
2.914452e+02 
2.914452e+02 
2.914452e+02 
2.914452e+02 
2.914452e+02 
2.845695e+02 
2.845695e+02 
2.845695e+02 
2.845695e+02 
2.845695e+02 
2.844764e+02 
2.844764e+02 
2.618016e+02 
2.618016e+02 
2.618016e+02 
2.618016e+02 
2.618016e+02 
2.618016e+02 
2.618016e+02 
2.618016e+02 
2.450808e+02 
2.300485e+02 
2.300485e+02 
2.300485e+02 
2.300485e+02 
2.300485e+02 
2.300485e+02 
2.300485e+02 
2.300485e+02 
2.300485e+02 
2.298952e+02 
2.232866e+02 
2.232866e+02 
2.232866e+02 
2.232866e+02 
2.232866e+02 
2.232866e+02 
2.230565e+02 
2.230565e+02 
2.230565e+02 
2.230565e+02 
2.230565e+02 
2.230565e+02 
2.230565e+02 
2.230565e+02 
2.230565e+02 
2.230565e+02 
2.230565e+02 
2.230565e+02 
2.230565e+02 
2.230565e+02 
2.230565e+02 
2.230565e+02 
2.230565e+02 
2.230565e+02 
2.230565e+02 
2.207911e+02 
2.207911e+02 
2.207911e+02 
2.207911e+02 
2.207911e+02 
2.207911e+02 
2.207911e+02 
2.207911e+02 
2.207911e+02 
2.207911e+02 
2.207911e+02 
2.207911e+02 
2.207911e+02 
2.207911e+02 
2.207911e+02 
2.207911e+02 
2.207911e+02 
2.207911e+02 
2.207911e+02 
2.207911e+02 
2.207911e+02 
2.207911e+02 
2.171420e+02 
2.171420e+02 
2.171420e+02 
2.171420e+02 
2.171420e+02 
2.171420e+02 
2.129049e+02 
2.129049e+02 
2.129049e+02 
2.129049e+02 
2.129049e+02 
2.129049e+02 
2.129049e+02 
2.129049e+02 
2.129049e+02 
2.129049e+02 
2.129049e+02 
2.129049e+02 
2.129049e+02 
2.129049e+02 
2.129049e+02 
2.129049e+02 
2.107280e+02 
2.107280e+02 
2.107280e+02 
2.107280e+02 
2.107280e+02 
2.106808e+02 
2.106808e+02 
2.106808e+02 
2.106808e+02 
2.106808e+02 
2.106808e+02 
2.106808e+02 
2.106808e+02 
2.106808e+02 
2.106808e+02 
2.106808e+02 
1.952822e+02 
1.952822e+02 
1.952822e+02 
1.952822e+02 
1.952822e+02 
1.952822e+02 
1.952822e+02 
1.952822e+02 
1.952822e+02 
1.952822e+02 
1.952822e+02 
1.952822e+02 
1.952822e+02 
1.952822e+02 
1.952822e+02 
1.952822e+02 
1.952822e+02 
1.952822e+02 
1.952822e+02 
1.952822e+02 
1.952822e+02 
1.952822e+02 
1.952822e+02 
1.952822e+02 
1.952822e+02 
1.952822e+02 
1.952822e+02 
1.952822e+02 
1.952822e+02 
1.952822e+02 
1.952822e+02 
1.952822e+02 
1.952822e+02 
1.952822e+02 
1.952822e+02 
1.952822e+02 
1.952822e+02 
1.950976e+02 
1.950976e+02 
1.950976e+02 
1.950976e+02 
1.950976e+02 
1.950976e+02 
1.950976e+02 
1.950976e+02 
1.950976e+02 
1.950976e+02 
1.893388e+02 
1.893388e+02 
1.893388e+02 
1.893388e+02 
1.892163e+02 
1.812712e+02 
1.812712e+02 
1.812712e+02 
1.812712e+02 
1.812712e+02 
1.812712e+02 
1.812712e+02 
1.812712e+02 
1.812712e+02 
1.812712e+02 
1.812712e+02 
1.812712e+02 
1.812712e+02 
1.812712e+02 
1.812712e+02 
1.812712e+02 
1.812712e+02 
1.812712e+02 
1.812712e+02 
1.812712e+02 
1.773841e+02 
1.773841e+02 
1.773841e+02 
1.773841e+02 
1.773841e+02 
1.773841e+02 
1.773841e+02 
1.773841e+02 
1.773841e+02 
1.773841e+02 
1.773841e+02 
1.773841e+02 
1.773841e+02 
1.773841e+02 
1.773841e+02 
1.773841e+02 
1.773841e+02 
1.773841e+02 
1.773841e+02 
1.773841e+02 
1.773841e+02 
1.773841e+02 
1.773841e+02 
1.773841e+02 
1.773841e+02 
1.752415e+02 
1.752415e+02 
1.752415e+02 
1.752415e+02 
1.752415e+02 
1.701441e+02 
1.701441e+02 
1.701441e+02 
1.701441e+02 
1.701441e+02 
1.701441e+02 
1.701441e+02 
1.701441e+02 
1.701441e+02 
1.701441e+02 
1.663183e+02 
1.663183e+02 
1.663183e+02 
1.663183e+02 
1.663183e+02 
1.663183e+02 
1.602069e+02 
1.602069e+02 
1.602069e+02 
1.602069e+02 
1.602069e+02 
1.602069e+02 
1.602069e+02 
1.602069e+02 
1.602069e+02 
1.602069e+02 
1.602069e+02 
1.602069e+02 
1.582775e+02 
1.582775e+02 
1.582775e+02 
1.582775e+02 
1.582775e+02 
1.582775e+02 
1.582775e+02 
1.582775e+02 
1.582775e+02 
1.582775e+02 
1.582775e+02 
1.582775e+02 
1.582775e+02 
1.582775e+02 
1.582775e+02 
1.582775e+02 
1.582775e+02 
1.582775e+02 
1.582775e+02 
1.582775e+02 
1.582775e+02 
1.582775e+02 
