2.302216e+03 
1.587452e+03 
1.587452e+03 
1.587452e+03 
1.587452e+03 
1.587452e+03 
1.587452e+03 
1.587452e+03 
1.587452e+03 
1.587452e+03 
1.587452e+03 
1.587452e+03 
1.587452e+03 
1.587452e+03 
1.587452e+03 
1.587452e+03 
1.587452e+03 
1.587452e+03 
1.415936e+03 
1.415936e+03 
1.415936e+03 
1.415936e+03 
1.415936e+03 
1.415936e+03 
1.114283e+03 
1.114283e+03 
1.114283e+03 
9.572042e+02 
9.572042e+02 
9.572042e+02 
9.572042e+02 
9.572042e+02 
9.572042e+02 
9.572042e+02 
9.572042e+02 
9.572042e+02 
9.572042e+02 
9.572042e+02 
9.572042e+02 
9.572042e+02 
9.572042e+02 
9.572042e+02 
9.572042e+02 
9.572042e+02 
9.572042e+02 
9.572042e+02 
9.572042e+02 
9.572042e+02 
9.572042e+02 
9.572042e+02 
9.572042e+02 
9.572042e+02 
9.572042e+02 
9.572042e+02 
9.572042e+02 
9.572042e+02 
9.572042e+02 
9.572042e+02 
9.572042e+02 
9.572042e+02 
6.902415e+02 
6.902415e+02 
6.902415e+02 
6.902415e+02 
6.902415e+02 
6.902415e+02 
6.902415e+02 
6.902415e+02 
6.902415e+02 
6.902415e+02 
6.902415e+02 
6.902415e+02 
6.902415e+02 
6.902415e+02 
6.902415e+02 
6.902415e+02 
6.902415e+02 
6.902415e+02 
6.902415e+02 
6.902415e+02 
6.902415e+02 
6.902415e+02 
6.902415e+02 
6.902415e+02 
6.902415e+02 
6.902415e+02 
6.902415e+02 
6.902415e+02 
6.902415e+02 
6.902415e+02 
6.902415e+02 
6.902415e+02 
6.902415e+02 
6.902415e+02 
6.902415e+02 
6.902415e+02 
6.902415e+02 
6.902415e+02 
6.902415e+02 
6.902415e+02 
6.902415e+02 
6.902415e+02 
6.902415e+02 
6.902415e+02 
6.902415e+02 
6.902415e+02 
6.902415e+02 
6.902415e+02 
6.667244e+02 
6.667244e+02 
6.667244e+02 
6.667244e+02 
6.667244e+02 
6.667244e+02 
6.667244e+02 
6.667244e+02 
6.667244e+02 
6.667244e+02 
6.667244e+02 
6.667244e+02 
6.667244e+02 
6.667244e+02 
6.667244e+02 
6.667244e+02 
6.667244e+02 
6.667244e+02 
6.667244e+02 
6.667244e+02 
6.667244e+02 
6.255744e+02 
6.255744e+02 
6.255744e+02 
6.255744e+02 
6.255744e+02 
6.255744e+02 
6.255744e+02 
6.255744e+02 
6.255744e+02 
6.255744e+02 
6.255744e+02 
6.255744e+02 
6.255744e+02 
6.255744e+02 
6.255744e+02 
6.255744e+02 
6.255744e+02 
6.255744e+02 
6.255744e+02 
6.255744e+02 
6.255744e+02 
6.255744e+02 
6.255744e+02 
6.255744e+02 
6.255744e+02 
6.255744e+02 
6.255744e+02 
6.255744e+02 
6.255744e+02 
6.255744e+02 
6.255744e+02 
6.170927e+02 
6.170927e+02 
6.170927e+02 
6.170927e+02 
6.170927e+02 
6.170927e+02 
6.170927e+02 
6.170927e+02 
6.170927e+02 
6.170927e+02 
6.170927e+02 
6.170927e+02 
6.170927e+02 
6.170927e+02 
6.170927e+02 
6.170927e+02 
6.170927e+02 
5.711237e+02 
5.711237e+02 
5.711237e+02 
5.711237e+02 
5.711237e+02 
5.711237e+02 
5.711237e+02 
5.711237e+02 
5.711237e+02 
5.711237e+02 
5.711237e+02 
5.711237e+02 
5.711237e+02 
5.711237e+02 
5.711237e+02 
5.711237e+02 
5.711237e+02 
5.711237e+02 
5.711237e+02 
5.711237e+02 
5.711237e+02 
5.711237e+02 
5.711237e+02 
5.711237e+02 
5.711237e+02 
5.711237e+02 
5.711237e+02 
5.711237e+02 
5.711237e+02 
5.711237e+02 
5.711237e+02 
5.711237e+02 
5.711237e+02 
5.711237e+02 
5.711237e+02 
5.711237e+02 
5.711237e+02 
5.711237e+02 
5.711237e+02 
5.711237e+02 
5.711237e+02 
5.268094e+02 
5.268094e+02 
5.268094e+02 
5.268094e+02 
5.268094e+02 
5.268094e+02 
5.268094e+02 
5.268094e+02 
5.268094e+02 
5.268094e+02 
5.268094e+02 
5.268094e+02 
5.268094e+02 
5.268094e+02 
5.268094e+02 
5.268094e+02 
5.268094e+02 
5.268094e+02 
5.268094e+02 
5.268094e+02 
5.268094e+02 
5.268094e+02 
5.268094e+02 
5.268094e+02 
5.268094e+02 
5.268094e+02 
5.268094e+02 
5.268094e+02 
5.268094e+02 
5.268094e+02 
5.268094e+02 
5.268094e+02 
5.268094e+02 
5.268094e+02 
5.268094e+02 
5.268094e+02 
5.268094e+02 
5.268094e+02 
5.268094e+02 
5.268094e+02 
5.268094e+02 
5.268094e+02 
5.268094e+02 
5.268094e+02 
5.268094e+02 
5.268094e+02 
5.268094e+02 
5.268094e+02 
5.268094e+02 
5.268094e+02 
5.268094e+02 
5.268094e+02 
5.268094e+02 
5.268094e+02 
5.268094e+02 
5.268094e+02 
5.268094e+02 
5.268094e+02 
5.268094e+02 
5.268094e+02 
5.268094e+02 
5.268094e+02 
5.268094e+02 
5.268094e+02 
5.268094e+02 
5.268094e+02 
5.268094e+02 
5.268094e+02 
5.268094e+02 
5.268094e+02 
5.268094e+02 
5.268094e+02 
5.268094e+02 
5.268094e+02 
5.268094e+02 
5.268094e+02 
5.268094e+02 
4.906434e+02 
4.906434e+02 
4.906434e+02 
4.906434e+02 
4.906434e+02 
4.906434e+02 
4.906434e+02 
4.906434e+02 
4.906434e+02 
4.906434e+02 
4.906434e+02 
4.906434e+02 
4.830279e+02 
4.830279e+02 
4.830279e+02 
4.830279e+02 
4.830279e+02 
4.830279e+02 
4.830279e+02 
4.830279e+02 
4.830279e+02 
4.830279e+02 
4.830279e+02 
4.830279e+02 
4.830279e+02 
4.830279e+02 
4.830279e+02 
4.830279e+02 
4.830279e+02 
4.830279e+02 
4.830279e+02 
4.830279e+02 
4.830279e+02 
4.830279e+02 
4.830279e+02 
4.830279e+02 
4.556830e+02 
4.556830e+02 
4.556830e+02 
4.556830e+02 
4.556830e+02 
4.556830e+02 
4.556830e+02 
4.556830e+02 
4.556830e+02 
4.556830e+02 
4.556830e+02 
4.556830e+02 
4.556830e+02 
4.478499e+02 
4.478499e+02 
4.478499e+02 
4.478499e+02 
4.478499e+02 
4.478499e+02 
4.478499e+02 
4.478499e+02 
4.478499e+02 
4.478499e+02 
4.478499e+02 
4.478499e+02 
4.478499e+02 
4.478499e+02 
4.478499e+02 
4.478499e+02 
4.478499e+02 
4.478499e+02 
4.478499e+02 
4.478499e+02 
4.478499e+02 
4.478499e+02 
4.478499e+02 
4.478499e+02 
4.478499e+02 
4.478499e+02 
4.478499e+02 
4.478499e+02 
4.478499e+02 
4.478499e+02 
4.478499e+02 
4.478499e+02 
4.313996e+02 
4.313996e+02 
4.313996e+02 
4.313996e+02 
4.313996e+02 
4.313996e+02 
4.313996e+02 
4.313996e+02 
4.313996e+02 
4.313996e+02 
4.313996e+02 
4.313996e+02 
4.257777e+02 
4.257777e+02 
4.257777e+02 
4.257777e+02 
4.257777e+02 
4.257777e+02 
4.257777e+02 
4.257777e+02 
3.997430e+02 
3.997430e+02 
3.997430e+02 
3.997430e+02 
3.997430e+02 
3.997430e+02 
3.997430e+02 
3.997430e+02 
3.997430e+02 
3.997430e+02 
3.997430e+02 
3.997430e+02 
3.997430e+02 
3.997430e+02 
3.997430e+02 
3.997430e+02 
3.997430e+02 
3.997430e+02 
3.997430e+02 
3.997430e+02 
3.997430e+02 
3.997430e+02 
3.997430e+02 
3.997430e+02 
3.997430e+02 
3.997430e+02 
3.997430e+02 
3.997430e+02 
3.997430e+02 
3.997430e+02 
3.997430e+02 
3.997430e+02 
3.997430e+02 
3.997430e+02 
3.997430e+02 
3.997430e+02 
3.997430e+02 
3.951933e+02 
3.951933e+02 
3.951933e+02 
3.951933e+02 
3.951933e+02 
3.951933e+02 
3.951933e+02 
3.951933e+02 
3.951933e+02 
3.951933e+02 
3.951933e+02 
3.951933e+02 
3.951933e+02 
3.951933e+02 
3.951933e+02 
3.951933e+02 
3.951933e+02 
3.951933e+02 
3.951933e+02 
3.951933e+02 
3.951933e+02 
3.951933e+02 
3.951933e+02 
3.760800e+02 
3.760800e+02 
3.760800e+02 
3.760800e+02 
3.760800e+02 
3.760800e+02 
3.760800e+02 
3.760800e+02 
3.760800e+02 
3.760800e+02 
3.760800e+02 
3.760800e+02 
3.760800e+02 
3.760800e+02 
3.760800e+02 
3.760800e+02 
3.760800e+02 
3.760800e+02 
3.760800e+02 
3.760800e+02 
3.760800e+02 
3.760800e+02 
3.760800e+02 
3.760800e+02 
3.760800e+02 
3.760800e+02 
3.760800e+02 
3.760800e+02 
3.760800e+02 
3.760800e+02 
3.760800e+02 
3.760800e+02 
3.760800e+02 
3.760800e+02 
3.760800e+02 
3.760800e+02 
3.760800e+02 
3.760800e+02 
3.760800e+02 
3.760800e+02 
3.760800e+02 
3.760800e+02 
3.760800e+02 
3.641633e+02 
3.641633e+02 
3.641633e+02 
3.641633e+02 
3.641633e+02 
3.641633e+02 
3.641633e+02 
3.641633e+02 
3.641633e+02 
3.641633e+02 
3.641633e+02 
3.641633e+02 
3.641633e+02 
3.641633e+02 
3.641633e+02 
3.641633e+02 
3.641633e+02 
3.641633e+02 
3.641633e+02 
3.554830e+02 
3.554830e+02 
3.554830e+02 
3.554830e+02 
3.554830e+02 
3.554830e+02 
3.554830e+02 
3.554830e+02 
3.554830e+02 
3.554830e+02 
3.554830e+02 
3.554830e+02 
3.554830e+02 
3.554830e+02 
3.554830e+02 
3.554830e+02 
3.554830e+02 
3.554830e+02 
3.554830e+02 
3.554830e+02 
3.554830e+02 
3.554830e+02 
3.554830e+02 
3.554830e+02 
3.554830e+02 
3.554830e+02 
3.554830e+02 
3.554830e+02 
3.554830e+02 
3.554830e+02 
3.554830e+02 
3.554830e+02 
3.554830e+02 
3.554830e+02 
3.554830e+02 
3.554830e+02 
3.554830e+02 
3.554830e+02 
3.554830e+02 
3.554830e+02 
3.554830e+02 
3.431487e+02 
3.431487e+02 
3.431487e+02 
3.431487e+02 
3.431487e+02 
3.431487e+02 
3.418528e+02 
3.418528e+02 
3.418528e+02 
3.418528e+02 
3.418528e+02 
3.418528e+02 
3.418528e+02 
3.418528e+02 
3.418528e+02 
3.418528e+02 
3.418528e+02 
3.198542e+02 
3.198542e+02 
3.198542e+02 
3.198542e+02 
3.198542e+02 
3.198542e+02 
3.198542e+02 
3.198542e+02 
3.127706e+02 
3.127706e+02 
3.127706e+02 
3.127706e+02 
3.127706e+02 
3.127706e+02 
3.127706e+02 
3.127706e+02 
3.026128e+02 
3.026128e+02 
3.026128e+02 
3.026128e+02 
3.026128e+02 
3.026128e+02 
3.018587e+02 
3.018587e+02 
3.018587e+02 
3.018587e+02 
3.018587e+02 
3.018587e+02 
3.018587e+02 
3.018587e+02 
3.018587e+02 
3.018587e+02 
3.018587e+02 
3.018587e+02 
3.018587e+02 
3.018587e+02 
2.998082e+02 
2.998082e+02 
2.998082e+02 
2.998082e+02 
2.998082e+02 
2.998082e+02 
2.998082e+02 
2.998082e+02 
2.998082e+02 
2.998082e+02 
2.998082e+02 
2.998082e+02 
2.998082e+02 
2.998082e+02 
2.998082e+02 
2.998082e+02 
2.998082e+02 
2.998082e+02 
2.998082e+02 
2.998082e+02 
2.998082e+02 
2.998082e+02 
2.998082e+02 
2.998082e+02 
2.998082e+02 
2.998082e+02 
2.998082e+02 
2.998082e+02 
2.998082e+02 
2.998082e+02 
2.998082e+02 
2.998082e+02 
2.998082e+02 
2.998082e+02 
2.998082e+02 
2.998082e+02 
2.998082e+02 
2.988412e+02 
2.988412e+02 
2.988412e+02 
2.988412e+02 
2.988412e+02 
2.988412e+02 
2.988412e+02 
2.988412e+02 
2.988412e+02 
2.988412e+02 
2.988412e+02 
2.988412e+02 
2.988412e+02 
2.988412e+02 
2.988412e+02 
2.988412e+02 
2.988412e+02 
2.988412e+02 
2.988412e+02 
2.988412e+02 
2.964593e+02 
2.964593e+02 
2.964593e+02 
2.964593e+02 
2.964593e+02 
2.964593e+02 
2.964593e+02 
2.964593e+02 
2.964593e+02 
2.964593e+02 
2.964593e+02 
2.964593e+02 
2.964593e+02 
2.964593e+02 
2.964593e+02 
2.964593e+02 
2.964593e+02 
2.964593e+02 
2.964593e+02 
2.964593e+02 
2.964593e+02 
2.964593e+02 
2.964593e+02 
2.964593e+02 
2.964593e+02 
2.964593e+02 
2.964593e+02 
2.964593e+02 
2.964593e+02 
2.964593e+02 
2.964593e+02 
2.964593e+02 
2.964593e+02 
2.964593e+02 
2.964593e+02 
2.964593e+02 
2.964593e+02 
2.964593e+02 
2.964593e+02 
2.964593e+02 
2.964593e+02 
2.964593e+02 
2.964593e+02 
2.964593e+02 
2.964593e+02 
2.949716e+02 
2.949716e+02 
2.949716e+02 
2.949716e+02 
2.949716e+02 
2.949716e+02 
2.949716e+02 
2.949716e+02 
2.949716e+02 
2.949716e+02 
2.949716e+02 
2.949716e+02 
2.949716e+02 
2.949716e+02 
2.949716e+02 
2.949716e+02 
2.949716e+02 
2.949716e+02 
2.949716e+02 
2.949716e+02 
2.949716e+02 
2.949716e+02 
2.949716e+02 
2.949716e+02 
2.949716e+02 
2.949716e+02 
2.949716e+02 
2.949716e+02 
2.883522e+02 
2.883522e+02 
2.883522e+02 
2.883522e+02 
2.883522e+02 
2.883522e+02 
2.883522e+02 
2.883522e+02 
2.883522e+02 
2.883522e+02 
2.883522e+02 
2.883522e+02 
2.883522e+02 
2.883522e+02 
2.883522e+02 
2.883522e+02 
2.883522e+02 
2.883522e+02 
2.883522e+02 
2.883522e+02 
2.883522e+02 
2.883522e+02 
2.883522e+02 
2.883522e+02 
2.883522e+02 
2.883522e+02 
2.883522e+02 
2.883522e+02 
2.883522e+02 
2.883522e+02 
2.883522e+02 
2.883522e+02 
2.883522e+02 
2.883522e+02 
2.883522e+02 
2.883522e+02 
2.883522e+02 
2.883522e+02 
2.883522e+02 
2.877173e+02 
2.787580e+02 
2.787580e+02 
2.787580e+02 
2.787580e+02 
2.787580e+02 
2.787580e+02 
2.787580e+02 
2.787580e+02 
2.787580e+02 
2.787580e+02 
2.787580e+02 
2.787580e+02 
2.787580e+02 
2.787580e+02 
2.787580e+02 
2.787580e+02 
2.787580e+02 
2.787580e+02 
2.787580e+02 
2.787580e+02 
2.787580e+02 
2.787580e+02 
2.787580e+02 
2.787580e+02 
2.787580e+02 
2.787580e+02 
2.787580e+02 
2.787580e+02 
2.633573e+02 
2.633573e+02 
2.633573e+02 
2.633573e+02 
2.633573e+02 
2.633573e+02 
2.633573e+02 
2.633573e+02 
2.633573e+02 
2.633573e+02 
2.633573e+02 
2.633573e+02 
2.633573e+02 
2.633573e+02 
2.633573e+02 
2.633573e+02 
2.633573e+02 
2.633573e+02 
2.633573e+02 
2.633573e+02 
2.633573e+02 
2.609591e+02 
2.609591e+02 
2.609591e+02 
2.609591e+02 
2.609591e+02 
2.609591e+02 
2.609591e+02 
2.609591e+02 
2.609591e+02 
2.609591e+02 
2.609591e+02 
2.609591e+02 
2.609591e+02 
2.609591e+02 
2.609591e+02 
2.609591e+02 
2.604739e+02 
2.604739e+02 
2.604739e+02 
2.604739e+02 
2.596359e+02 
2.596359e+02 
2.596359e+02 
2.596359e+02 
2.596359e+02 
2.596359e+02 
2.596359e+02 
2.587448e+02 
2.587448e+02 
2.587448e+02 
2.587448e+02 
2.587448e+02 
2.587448e+02 
2.587448e+02 
2.581150e+02 
2.581150e+02 
2.581150e+02 
2.581150e+02 
2.581150e+02 
2.581150e+02 
2.565511e+02 
2.565511e+02 
2.565511e+02 
2.565511e+02 
2.565511e+02 
2.565511e+02 
2.565511e+02 
2.565511e+02 
2.565511e+02 
2.565511e+02 
2.565511e+02 
2.565511e+02 
2.565511e+02 
2.565511e+02 
2.565511e+02 
2.565511e+02 
2.565511e+02 
2.565511e+02 
2.565511e+02 
2.565511e+02 
2.565511e+02 
2.565511e+02 
2.565511e+02 
2.565511e+02 
2.565511e+02 
2.565511e+02 
2.565511e+02 
2.565511e+02 
2.565511e+02 
2.565511e+02 
2.565511e+02 
2.565511e+02 
2.565511e+02 
2.565511e+02 
2.565511e+02 
2.565511e+02 
2.565511e+02 
2.565511e+02 
2.565511e+02 
2.565511e+02 
2.565511e+02 
2.565511e+02 
2.565511e+02 
2.565511e+02 
2.565511e+02 
2.565511e+02 
2.565511e+02 
2.565511e+02 
2.565511e+02 
2.565511e+02 
2.565511e+02 
2.565511e+02 
2.565511e+02 
2.565511e+02 
2.565511e+02 
2.565511e+02 
2.565511e+02 
2.565511e+02 
2.565511e+02 
2.565511e+02 
2.565511e+02 
2.565511e+02 
2.565511e+02 
2.565511e+02 
2.565511e+02 
2.565511e+02 
2.565511e+02 
2.565511e+02 
2.565511e+02 
2.565511e+02 
2.565511e+02 
2.565511e+02 
2.565511e+02 
2.565511e+02 
2.565511e+02 
2.565511e+02 
2.565511e+02 
2.565511e+02 
2.565511e+02 
2.565511e+02 
2.565511e+02 
2.565511e+02 
2.556033e+02 
2.556033e+02 
2.556033e+02 
2.556033e+02 
2.556033e+02 
2.556033e+02 
2.537171e+02 
2.537171e+02 
2.537171e+02 
2.537171e+02 
2.537171e+02 
2.537171e+02 
2.537171e+02 
2.537171e+02 
2.537171e+02 
2.537171e+02 
2.537171e+02 
2.537171e+02 
2.537171e+02 
2.537171e+02 
2.537171e+02 
2.537171e+02 
2.537171e+02 
2.537171e+02 
2.537171e+02 
2.537171e+02 
2.537171e+02 
2.537171e+02 
2.537171e+02 
2.537171e+02 
2.537171e+02 
2.537171e+02 
2.537171e+02 
2.537171e+02 
2.537171e+02 
2.537171e+02 
2.537171e+02 
2.537171e+02 
2.537171e+02 
2.537171e+02 
2.537171e+02 
2.537171e+02 
2.537171e+02 
2.528312e+02 
2.528312e+02 
2.528312e+02 
2.528312e+02 
2.528312e+02 
2.528312e+02 
2.528312e+02 
2.528312e+02 
2.528312e+02 
2.528312e+02 
2.528312e+02 
2.528312e+02 
2.528312e+02 
2.528312e+02 
2.528312e+02 
2.528312e+02 
2.528312e+02 
2.528312e+02 
2.528312e+02 
2.528312e+02 
2.528312e+02 
2.528312e+02 
2.528312e+02 
2.528312e+02 
2.523037e+02 
2.523037e+02 
2.523037e+02 
2.523037e+02 
2.523037e+02 
2.523037e+02 
2.523037e+02 
2.523037e+02 
2.523037e+02 
2.523037e+02 
2.523037e+02 
2.523037e+02 
2.523037e+02 
2.523037e+02 
2.523037e+02 
2.523037e+02 
2.523037e+02 
2.523037e+02 
2.523037e+02 
2.522799e+02 
2.522799e+02 
2.522799e+02 
2.522799e+02 
2.522799e+02 
2.522799e+02 
2.522799e+02 
2.522799e+02 
2.522799e+02 
2.522799e+02 
2.522799e+02 
2.522799e+02 
2.522799e+02 
2.522799e+02 
2.522799e+02 
2.522799e+02 
2.522799e+02 
2.522799e+02 
2.522799e+02 
2.522799e+02 
2.522799e+02 
2.522799e+02 
2.522799e+02 
2.522799e+02 
2.522799e+02 
2.522799e+02 
2.522799e+02 
2.522799e+02 
2.522799e+02 
2.522799e+02 
2.522799e+02 
2.522799e+02 
2.522799e+02 
2.522799e+02 
2.522799e+02 
2.522799e+02 
2.522799e+02 
2.522799e+02 
2.522799e+02 
2.522799e+02 
2.522799e+02 
2.522799e+02 
2.522799e+02 
2.522799e+02 
2.522799e+02 
2.522799e+02 
2.522799e+02 
2.522799e+02 
2.522799e+02 
2.520098e+02 
2.520098e+02 
2.520098e+02 
2.520098e+02 
2.520098e+02 
2.520098e+02 
2.520098e+02 
2.520098e+02 
2.520098e+02 
2.520098e+02 
2.520098e+02 
2.514235e+02 
2.514235e+02 
2.514235e+02 
2.514235e+02 
2.514235e+02 
2.514235e+02 
2.513894e+02 
2.513894e+02 
2.513894e+02 
2.513894e+02 
2.513894e+02 
2.513894e+02 
2.513894e+02 
2.513894e+02 
2.513894e+02 
2.513894e+02 
2.513894e+02 
2.513894e+02 
2.513894e+02 
2.513894e+02 
2.511037e+02 
2.511037e+02 
2.511037e+02 
2.511037e+02 
2.511037e+02 
2.511037e+02 
2.511037e+02 
2.511037e+02 
2.511037e+02 
2.511037e+02 
2.511037e+02 
2.511037e+02 
2.511037e+02 
2.511037e+02 
2.511037e+02 
2.511037e+02 
2.511037e+02 
2.511037e+02 
2.511037e+02 
2.511037e+02 
2.511037e+02 
2.511037e+02 
2.511037e+02 
2.511037e+02 
2.511037e+02 
2.511037e+02 
2.511037e+02 
2.511037e+02 
2.511037e+02 
2.511037e+02 
2.511037e+02 
2.511037e+02 
2.508612e+02 
2.508612e+02 
2.508612e+02 
2.508612e+02 
2.508612e+02 
2.508612e+02 
2.508612e+02 
2.508612e+02 
2.508612e+02 
2.508612e+02 
2.508612e+02 
2.508612e+02 
2.508612e+02 
2.508612e+02 
2.508612e+02 
2.508612e+02 
2.508612e+02 
2.508612e+02 
2.508612e+02 
2.508612e+02 
2.508612e+02 
2.508612e+02 
2.508612e+02 
2.508612e+02 
2.508612e+02 
2.508612e+02 
2.508612e+02 
2.505987e+02 
2.505987e+02 
2.505987e+02 
2.505987e+02 
2.505987e+02 
2.505987e+02 
2.505987e+02 
2.505987e+02 
2.505987e+02 
2.505987e+02 
2.505987e+02 
2.504578e+02 
2.504578e+02 
2.504578e+02 
2.504578e+02 
2.504578e+02 
2.504578e+02 
2.504578e+02 
2.504578e+02 
2.498026e+02 
2.498026e+02 
2.498026e+02 
2.498026e+02 
2.498026e+02 
2.498026e+02 
2.498026e+02 
2.498026e+02 
2.498026e+02 
2.498026e+02 
2.498026e+02 
2.498026e+02 
2.498026e+02 
2.498026e+02 
2.498026e+02 
2.498026e+02 
2.498026e+02 
2.498026e+02 
2.498026e+02 
2.498026e+02 
2.498026e+02 
2.498026e+02 
2.498026e+02 
2.498026e+02 
2.498026e+02 
2.498026e+02 
2.498026e+02 
2.498026e+02 
2.498026e+02 
2.498026e+02 
2.498026e+02 
2.498026e+02 
2.498026e+02 
2.498026e+02 
2.498026e+02 
2.498026e+02 
2.498026e+02 
2.497943e+02 
2.497943e+02 
2.497943e+02 
2.497943e+02 
2.497090e+02 
2.497090e+02 
2.497090e+02 
2.497090e+02 
2.497090e+02 
2.497090e+02 
2.497090e+02 
2.497090e+02 
2.497090e+02 
2.497090e+02 
2.497090e+02 
2.497090e+02 
2.497090e+02 
2.497090e+02 
2.497090e+02 
2.497090e+02 
2.497090e+02 
2.497090e+02 
2.497090e+02 
2.496488e+02 
2.496488e+02 
2.496488e+02 
2.496488e+02 
2.496488e+02 
2.496488e+02 
2.496488e+02 
2.496488e+02 
2.496488e+02 
2.496488e+02 
2.496488e+02 
2.496488e+02 
2.496488e+02 
2.496488e+02 
2.496488e+02 
2.496488e+02 
2.496488e+02 
2.496488e+02 
2.496488e+02 
2.496488e+02 
2.496488e+02 
2.496488e+02 
2.496488e+02 
2.496488e+02 
2.494429e+02 
2.494427e+02 
2.494427e+02 
2.494427e+02 
2.494427e+02 
2.494427e+02 
2.494427e+02 
2.494427e+02 
2.494427e+02 
2.494427e+02 
2.491875e+02 
2.491875e+02 
2.491875e+02 
2.491875e+02 
2.491875e+02 
2.491875e+02 
2.491875e+02 
2.491875e+02 
2.491875e+02 
2.491080e+02 
2.491080e+02 
2.491080e+02 
2.491080e+02 
2.491080e+02 
2.491080e+02 
2.491080e+02 
2.491080e+02 
2.491080e+02 
2.491080e+02 
2.491080e+02 
2.490670e+02 
2.490670e+02 
2.490670e+02 
2.490670e+02 
2.490670e+02 
2.490540e+02 
2.490540e+02 
2.490540e+02 
2.490540e+02 
2.490540e+02 
2.490540e+02 
2.490540e+02 
2.490540e+02 
2.490540e+02 
2.490540e+02 
2.490540e+02 
2.490540e+02 
2.490540e+02 
2.490540e+02 
2.490540e+02 
2.490540e+02 
2.490540e+02 
2.490540e+02 
2.490540e+02 
2.490540e+02 
2.490540e+02 
2.490540e+02 
2.490540e+02 
2.490540e+02 
2.489931e+02 
2.489931e+02 
2.489931e+02 
2.489931e+02 
2.489931e+02 
2.489931e+02 
2.489931e+02 
2.489931e+02 
2.489931e+02 
2.489931e+02 
2.489931e+02 
2.489931e+02 
2.489931e+02 
2.489931e+02 
2.489931e+02 
2.489931e+02 
2.489931e+02 
2.489931e+02 
2.489931e+02 
2.489931e+02 
2.488167e+02 
2.488167e+02 
2.488167e+02 
2.488167e+02 
2.488167e+02 
2.488167e+02 
2.488167e+02 
2.488167e+02 
2.488167e+02 
2.488167e+02 
2.488167e+02 
2.488167e+02 
2.488167e+02 
2.488167e+02 
2.488167e+02 
2.488167e+02 
2.488167e+02 
2.488167e+02 
2.488167e+02 
2.488167e+02 
2.488167e+02 
2.488167e+02 
2.488167e+02 
2.488167e+02 
2.488167e+02 
2.488167e+02 
2.488167e+02 
2.488167e+02 
2.488167e+02 
2.488167e+02 
2.488167e+02 
2.488167e+02 
2.488167e+02 
2.488167e+02 
2.488167e+02 
2.488167e+02 
2.488167e+02 
2.488167e+02 
2.488167e+02 
2.488167e+02 
2.488167e+02 
2.488167e+02 
2.488167e+02 
2.488167e+02 
2.488167e+02 
2.488167e+02 
2.488167e+02 
2.488167e+02 
2.488167e+02 
2.488167e+02 
2.488167e+02 
2.488167e+02 
2.487323e+02 
2.487323e+02 
2.487323e+02 
2.487323e+02 
2.487323e+02 
2.487211e+02 
2.487211e+02 
2.487211e+02 
2.487211e+02 
2.487211e+02 
2.485378e+02 
2.485378e+02 
2.485378e+02 
2.485378e+02 
2.485378e+02 
2.485378e+02 
2.485378e+02 
2.485378e+02 
2.485378e+02 
2.485378e+02 
2.485378e+02 
2.485378e+02 
2.485378e+02 
2.485378e+02 
2.485378e+02 
2.485378e+02 
2.485378e+02 
2.485378e+02 
2.485378e+02 
2.485378e+02 
2.485378e+02 
2.485378e+02 
2.485378e+02 
2.485378e+02 
2.485378e+02 
2.485378e+02 
2.485378e+02 
2.485378e+02 
2.485378e+02 
2.485378e+02 
2.485378e+02 
2.485378e+02 
2.485378e+02 
2.485378e+02 
2.485378e+02 
2.485378e+02 
2.485378e+02 
2.485378e+02 
2.484083e+02 
2.484083e+02 
2.484083e+02 
2.484083e+02 
2.484083e+02 
2.484083e+02 
2.484083e+02 
2.484083e+02 
2.483510e+02 
2.483510e+02 
2.483510e+02 
2.483510e+02 
2.483510e+02 
2.483510e+02 
2.483510e+02 
2.483510e+02 
2.482555e+02 
2.482555e+02 
2.482555e+02 
2.482555e+02 
2.482555e+02 
2.482555e+02 
2.482555e+02 
2.482555e+02 
2.482555e+02 
2.482555e+02 
2.482555e+02 
2.482555e+02 
2.482555e+02 
2.482555e+02 
2.482555e+02 
2.482555e+02 
2.482555e+02 
2.482555e+02 
2.482555e+02 
2.482555e+02 
2.482555e+02 
2.482555e+02 
2.482555e+02 
2.482555e+02 
2.482555e+02 
2.482555e+02 
2.481752e+02 
2.481752e+02 
2.481752e+02 
2.481752e+02 
2.481752e+02 
2.481752e+02 
2.481752e+02 
2.481752e+02 
2.481752e+02 
2.481752e+02 
2.481752e+02 
2.481752e+02 
2.481752e+02 
2.481752e+02 
2.481752e+02 
2.481752e+02 
2.481752e+02 
2.481752e+02 
2.481752e+02 
2.481752e+02 
2.481752e+02 
2.481752e+02 
2.481752e+02 
2.481752e+02 
2.481752e+02 
2.481752e+02 
2.481752e+02 
2.481752e+02 
2.481752e+02 
2.481752e+02 
2.481752e+02 
2.481752e+02 
2.481752e+02 
2.481752e+02 
2.481752e+02 
2.481752e+02 
2.481752e+02 
2.481213e+02 
2.481213e+02 
2.481213e+02 
2.481213e+02 
2.481213e+02 
2.481213e+02 
2.481213e+02 
2.481213e+02 
2.481213e+02 
2.481213e+02 
2.481213e+02 
2.481213e+02 
2.481213e+02 
2.481213e+02 
2.481213e+02 
2.481213e+02 
2.481213e+02 
2.481213e+02 
2.481213e+02 
2.481213e+02 
2.481213e+02 
2.481213e+02 
2.481213e+02 
2.481213e+02 
2.481213e+02 
2.481213e+02 
2.481213e+02 
2.481213e+02 
2.481213e+02 
2.481213e+02 
2.481213e+02 
2.481213e+02 
2.481213e+02 
2.481213e+02 
2.481213e+02 
2.481213e+02 
2.481213e+02 
2.481213e+02 
2.481213e+02 
2.481213e+02 
2.481213e+02 
2.481213e+02 
2.481213e+02 
2.481213e+02 
2.481213e+02 
2.481213e+02 
2.481213e+02 
2.481213e+02 
2.481213e+02 
2.481213e+02 
2.481079e+02 
2.481079e+02 
2.481079e+02 
2.481079e+02 
2.481079e+02 
2.481079e+02 
2.481079e+02 
2.481079e+02 
2.481079e+02 
2.481079e+02 
2.481079e+02 
2.481079e+02 
2.481079e+02 
2.481079e+02 
2.481079e+02 
2.481079e+02 
2.481079e+02 
2.481079e+02 
2.481079e+02 
2.481079e+02 
2.481079e+02 
2.481079e+02 
2.481079e+02 
2.481079e+02 
2.481079e+02 
2.481079e+02 
2.481079e+02 
2.481079e+02 
2.481079e+02 
2.481079e+02 
2.481079e+02 
2.481079e+02 
2.481079e+02 
2.481079e+02 
2.481079e+02 
2.481079e+02 
2.481079e+02 
2.481079e+02 
2.481079e+02 
2.481079e+02 
2.481079e+02 
2.481079e+02 
2.481079e+02 
2.481079e+02 
2.481079e+02 
2.481079e+02 
2.481079e+02 
2.481079e+02 
2.481079e+02 
2.481079e+02 
2.481079e+02 
2.481079e+02 
2.481079e+02 
2.481079e+02 
2.481079e+02 
2.481079e+02 
2.481079e+02 
2.481079e+02 
2.481079e+02 
2.481079e+02 
2.481079e+02 
2.481079e+02 
2.481079e+02 
2.481079e+02 
2.481079e+02 
2.481079e+02 
2.481079e+02 
2.481079e+02 
2.481079e+02 
2.481079e+02 
2.481079e+02 
2.481079e+02 
2.481079e+02 
2.481079e+02 
2.481079e+02 
2.481079e+02 
2.481079e+02 
2.481079e+02 
