5.433345e+03 
5.433345e+03 
5.433345e+03 
5.433345e+03 
4.970334e+03 
4.970334e+03 
4.776903e+03 
4.776903e+03 
4.776903e+03 
4.737407e+03 
4.424833e+03 
4.424833e+03 
4.424833e+03 
4.395104e+03 
4.395104e+03 
4.215324e+03 
4.215324e+03 
4.040628e+03 
4.040628e+03 
3.429374e+03 
3.429374e+03 
3.429374e+03 
3.429374e+03 
3.429374e+03 
3.429374e+03 
3.429374e+03 
3.429374e+03 
3.429374e+03 
3.429374e+03 
3.130868e+03 
3.130868e+03 
3.130868e+03 
3.130868e+03 
3.130868e+03 
3.130868e+03 
3.130868e+03 
3.130868e+03 
3.130868e+03 
3.130868e+03 
3.130868e+03 
3.130868e+03 
3.130868e+03 
3.046165e+03 
3.046165e+03 
3.046165e+03 
3.046165e+03 
3.046165e+03 
2.773745e+03 
2.773745e+03 
2.773745e+03 
2.773745e+03 
2.773745e+03 
2.773745e+03 
2.773745e+03 
2.773745e+03 
2.773745e+03 
2.773745e+03 
2.773745e+03 
2.773745e+03 
2.773745e+03 
2.773745e+03 
2.773745e+03 
2.317318e+03 
2.317318e+03 
2.317318e+03 
2.317318e+03 
2.317318e+03 
2.317318e+03 
2.317318e+03 
2.317318e+03 
2.317318e+03 
2.317318e+03 
2.317318e+03 
2.317318e+03 
2.317318e+03 
2.317318e+03 
2.317318e+03 
2.317318e+03 
2.317318e+03 
2.317318e+03 
2.317318e+03 
2.317318e+03 
2.317318e+03 
2.317318e+03 
2.317318e+03 
2.317318e+03 
2.317318e+03 
2.317318e+03 
2.317318e+03 
2.317318e+03 
2.317318e+03 
2.317318e+03 
2.317318e+03 
2.317318e+03 
2.317318e+03 
2.317318e+03 
2.317318e+03 
2.317318e+03 
2.317318e+03 
2.317318e+03 
2.317318e+03 
2.317318e+03 
2.317318e+03 
2.317318e+03 
2.317318e+03 
2.317318e+03 
2.317318e+03 
2.317318e+03 
2.317318e+03 
2.317318e+03 
2.317318e+03 
2.256225e+03 
2.256225e+03 
2.256225e+03 
2.256225e+03 
2.256225e+03 
2.256225e+03 
2.256225e+03 
2.256225e+03 
2.256225e+03 
2.115506e+03 
2.115506e+03 
2.115506e+03 
2.115506e+03 
2.115506e+03 
2.115506e+03 
2.115506e+03 
2.115506e+03 
2.115506e+03 
2.115506e+03 
2.115506e+03 
2.115506e+03 
2.115506e+03 
2.115506e+03 
2.115506e+03 
2.115506e+03 
2.115506e+03 
2.115506e+03 
2.115506e+03 
2.115506e+03 
2.115506e+03 
2.115506e+03 
2.115506e+03 
2.115506e+03 
2.115506e+03 
2.115506e+03 
2.115506e+03 
2.115506e+03 
2.115506e+03 
2.115506e+03 
2.115506e+03 
2.115506e+03 
2.115506e+03 
2.115506e+03 
2.115506e+03 
2.115506e+03 
2.115506e+03 
2.115506e+03 
2.115506e+03 
2.115506e+03 
2.115506e+03 
2.115506e+03 
2.115506e+03 
2.115506e+03 
2.115506e+03 
2.115506e+03 
2.115506e+03 
2.115506e+03 
2.115506e+03 
2.115506e+03 
2.115506e+03 
2.115506e+03 
2.115506e+03 
2.115506e+03 
2.115506e+03 
2.115506e+03 
2.115506e+03 
2.115506e+03 
2.115506e+03 
2.115506e+03 
2.115506e+03 
2.115506e+03 
2.115506e+03 
2.115506e+03 
2.115506e+03 
2.115506e+03 
2.115506e+03 
2.115506e+03 
2.115506e+03 
2.115506e+03 
2.115506e+03 
2.115506e+03 
2.115506e+03 
2.115506e+03 
2.115506e+03 
2.115506e+03 
2.115506e+03 
2.021687e+03 
2.021687e+03 
2.021687e+03 
2.021687e+03 
2.021687e+03 
2.021687e+03 
2.021687e+03 
2.021687e+03 
2.021687e+03 
2.021687e+03 
2.021687e+03 
2.021687e+03 
2.021687e+03 
2.021687e+03 
2.021687e+03 
2.021687e+03 
2.021687e+03 
2.021687e+03 
2.021687e+03 
2.021687e+03 
2.021687e+03 
2.021687e+03 
2.021687e+03 
2.021687e+03 
2.021687e+03 
2.021687e+03 
2.021687e+03 
2.021687e+03 
2.021687e+03 
2.021687e+03 
2.021687e+03 
2.021687e+03 
2.021687e+03 
2.021687e+03 
2.021687e+03 
2.021687e+03 
2.021687e+03 
1.815847e+03 
1.815847e+03 
1.815847e+03 
1.815847e+03 
1.815847e+03 
1.815847e+03 
1.815847e+03 
1.815847e+03 
1.815847e+03 
1.815847e+03 
1.815847e+03 
1.815847e+03 
1.815847e+03 
1.815847e+03 
1.815847e+03 
1.815847e+03 
1.815847e+03 
1.815847e+03 
1.815847e+03 
1.815847e+03 
1.815847e+03 
1.815847e+03 
1.815847e+03 
1.815847e+03 
1.815847e+03 
1.815847e+03 
1.815847e+03 
1.815847e+03 
1.815847e+03 
1.815847e+03 
1.815847e+03 
1.815847e+03 
1.815847e+03 
1.815847e+03 
1.815847e+03 
1.815847e+03 
1.815847e+03 
1.815847e+03 
1.815847e+03 
1.815847e+03 
1.815847e+03 
1.815847e+03 
1.815847e+03 
1.815847e+03 
1.815847e+03 
1.815847e+03 
1.815847e+03 
1.815847e+03 
1.700475e+03 
1.700475e+03 
1.700475e+03 
1.700475e+03 
1.700475e+03 
1.700475e+03 
1.700475e+03 
1.700475e+03 
1.700475e+03 
1.700475e+03 
1.700475e+03 
1.700475e+03 
1.700475e+03 
1.700475e+03 
1.700475e+03 
1.700475e+03 
1.700475e+03 
1.700475e+03 
1.700475e+03 
1.700475e+03 
1.600857e+03 
1.600857e+03 
1.600857e+03 
1.600857e+03 
1.600857e+03 
1.600857e+03 
1.600857e+03 
1.600857e+03 
1.600857e+03 
1.600857e+03 
1.600857e+03 
1.600857e+03 
1.600857e+03 
1.600857e+03 
1.600857e+03 
1.600857e+03 
1.600857e+03 
1.600857e+03 
1.600857e+03 
1.600857e+03 
1.600857e+03 
1.600857e+03 
1.600857e+03 
1.600857e+03 
1.600857e+03 
1.600857e+03 
1.600857e+03 
1.600857e+03 
1.600857e+03 
1.600857e+03 
1.600857e+03 
1.600857e+03 
1.600857e+03 
1.600857e+03 
1.600857e+03 
1.600857e+03 
1.600857e+03 
1.600857e+03 
1.600857e+03 
1.600857e+03 
1.600857e+03 
1.600857e+03 
1.600857e+03 
1.600857e+03 
1.600857e+03 
1.600857e+03 
1.600857e+03 
1.600857e+03 
1.600857e+03 
1.600857e+03 
1.600857e+03 
1.600857e+03 
1.569162e+03 
1.569162e+03 
1.569162e+03 
1.569162e+03 
1.569162e+03 
1.569162e+03 
1.569162e+03 
1.563925e+03 
1.563925e+03 
1.563925e+03 
1.563925e+03 
1.563925e+03 
1.563925e+03 
1.563925e+03 
1.563925e+03 
1.563925e+03 
1.563925e+03 
1.563925e+03 
1.563925e+03 
1.563925e+03 
1.563925e+03 
1.563925e+03 
1.563925e+03 
1.563925e+03 
1.563925e+03 
1.563925e+03 
1.563925e+03 
1.563925e+03 
1.563925e+03 
1.563925e+03 
1.563925e+03 
1.563925e+03 
1.563925e+03 
1.563925e+03 
1.563925e+03 
1.563925e+03 
1.563925e+03 
1.563925e+03 
1.563925e+03 
1.563925e+03 
1.563925e+03 
1.563925e+03 
1.451420e+03 
1.451420e+03 
1.451420e+03 
1.451420e+03 
1.451420e+03 
1.451420e+03 
1.451420e+03 
1.451420e+03 
1.451420e+03 
1.451420e+03 
1.451420e+03 
1.451420e+03 
1.451420e+03 
1.451420e+03 
1.451420e+03 
1.451420e+03 
1.451420e+03 
1.451420e+03 
1.451420e+03 
1.451420e+03 
1.451420e+03 
1.451420e+03 
1.451420e+03 
1.451420e+03 
1.451420e+03 
1.451420e+03 
1.451420e+03 
1.451420e+03 
1.451420e+03 
1.451420e+03 
1.451420e+03 
1.451420e+03 
1.451420e+03 
1.451420e+03 
1.451420e+03 
1.451420e+03 
1.451420e+03 
1.451420e+03 
1.451420e+03 
1.451420e+03 
1.451420e+03 
1.451420e+03 
1.451420e+03 
1.451420e+03 
1.451420e+03 
1.451420e+03 
1.451420e+03 
1.451420e+03 
1.451420e+03 
1.451420e+03 
1.451420e+03 
1.451420e+03 
1.451420e+03 
1.451420e+03 
1.451420e+03 
1.451420e+03 
1.451420e+03 
1.451420e+03 
1.451420e+03 
1.451420e+03 
1.451420e+03 
1.451420e+03 
1.451420e+03 
1.451420e+03 
1.451420e+03 
1.451420e+03 
1.451420e+03 
1.451420e+03 
1.451420e+03 
1.451420e+03 
1.438933e+03 
1.438933e+03 
1.438933e+03 
1.438933e+03 
1.438933e+03 
1.438933e+03 
1.327465e+03 
1.327465e+03 
1.327465e+03 
1.327465e+03 
1.327465e+03 
1.327465e+03 
1.327465e+03 
1.327465e+03 
1.327465e+03 
1.327465e+03 
1.327465e+03 
1.327465e+03 
8.600979e+02 
8.600979e+02 
8.600979e+02 
8.600979e+02 
8.600979e+02 
8.600979e+02 
8.600979e+02 
8.600979e+02 
8.600979e+02 
8.600979e+02 
8.600979e+02 
8.600979e+02 
8.600979e+02 
8.600979e+02 
8.600979e+02 
8.600979e+02 
8.600979e+02 
8.600979e+02 
8.600979e+02 
8.600979e+02 
8.600979e+02 
8.600979e+02 
8.600979e+02 
8.600979e+02 
8.600979e+02 
8.600979e+02 
8.600979e+02 
8.600979e+02 
8.600979e+02 
8.600979e+02 
8.600979e+02 
8.600979e+02 
8.600979e+02 
8.600979e+02 
8.600979e+02 
8.600979e+02 
8.600979e+02 
8.600979e+02 
8.600979e+02 
8.600979e+02 
8.600979e+02 
8.600979e+02 
8.600979e+02 
8.600979e+02 
8.600979e+02 
8.600979e+02 
8.600979e+02 
8.600979e+02 
8.600979e+02 
8.600979e+02 
8.600979e+02 
8.600979e+02 
8.600979e+02 
8.600979e+02 
8.600979e+02 
8.600979e+02 
8.600979e+02 
8.600979e+02 
8.600979e+02 
8.600979e+02 
8.600979e+02 
8.600979e+02 
8.600979e+02 
8.600979e+02 
8.600979e+02 
8.600979e+02 
8.600979e+02 
8.600979e+02 
8.600979e+02 
8.600979e+02 
8.600979e+02 
8.600979e+02 
8.600979e+02 
8.600979e+02 
8.600979e+02 
8.600979e+02 
8.600979e+02 
8.600979e+02 
8.600979e+02 
8.600979e+02 
8.600979e+02 
8.600979e+02 
8.600979e+02 
8.600979e+02 
8.600979e+02 
8.600979e+02 
8.600979e+02 
8.600979e+02 
8.600979e+02 
8.600979e+02 
8.600979e+02 
8.600979e+02 
8.600979e+02 
8.600979e+02 
8.600979e+02 
8.600979e+02 
8.600979e+02 
8.600979e+02 
8.600979e+02 
8.600979e+02 
8.600979e+02 
8.600979e+02 
8.600979e+02 
8.600979e+02 
8.600979e+02 
8.600979e+02 
8.600979e+02 
8.600979e+02 
8.600979e+02 
8.600979e+02 
8.600979e+02 
8.600979e+02 
8.600979e+02 
8.600979e+02 
8.600979e+02 
8.600979e+02 
8.600979e+02 
8.600979e+02 
8.600979e+02 
8.600979e+02 
8.600979e+02 
8.600979e+02 
8.600979e+02 
8.600979e+02 
8.600979e+02 
8.600979e+02 
8.600979e+02 
8.600979e+02 
8.600979e+02 
8.600979e+02 
8.600979e+02 
8.600979e+02 
8.600979e+02 
8.600979e+02 
8.600979e+02 
8.600979e+02 
8.600979e+02 
8.600979e+02 
8.600979e+02 
8.600979e+02 
8.600979e+02 
8.600979e+02 
8.600979e+02 
8.244764e+02 
8.244764e+02 
8.244764e+02 
8.244764e+02 
8.244764e+02 
8.244764e+02 
8.244764e+02 
8.244764e+02 
8.244764e+02 
8.244764e+02 
8.244764e+02 
8.244764e+02 
8.244764e+02 
8.244764e+02 
8.244764e+02 
8.244764e+02 
8.244764e+02 
8.244764e+02 
8.244764e+02 
8.244764e+02 
8.244764e+02 
8.244764e+02 
8.244764e+02 
8.244764e+02 
8.244764e+02 
8.244764e+02 
8.244764e+02 
8.244764e+02 
8.244764e+02 
8.244764e+02 
8.244764e+02 
8.244764e+02 
8.244764e+02 
8.244764e+02 
8.244764e+02 
8.244764e+02 
8.244764e+02 
8.244764e+02 
8.244764e+02 
8.244764e+02 
8.244764e+02 
8.244764e+02 
8.244764e+02 
8.244764e+02 
8.244764e+02 
8.244764e+02 
8.244764e+02 
8.244764e+02 
8.244764e+02 
8.244764e+02 
8.244764e+02 
8.244764e+02 
8.244764e+02 
8.244764e+02 
8.244764e+02 
8.244764e+02 
8.244764e+02 
8.244764e+02 
8.244764e+02 
8.244764e+02 
8.244764e+02 
8.244764e+02 
8.244764e+02 
8.244764e+02 
8.244764e+02 
8.244764e+02 
8.244764e+02 
8.244764e+02 
8.244764e+02 
8.244764e+02 
8.244764e+02 
8.244764e+02 
8.244764e+02 
8.244764e+02 
8.244764e+02 
8.244764e+02 
8.244764e+02 
8.244764e+02 
8.244764e+02 
8.244764e+02 
8.244764e+02 
8.244764e+02 
8.244764e+02 
8.244764e+02 
8.244764e+02 
8.244764e+02 
8.244764e+02 
8.244764e+02 
8.244764e+02 
8.244764e+02 
8.244764e+02 
8.244764e+02 
8.244764e+02 
8.244764e+02 
8.244764e+02 
8.244764e+02 
8.244764e+02 
8.244764e+02 
8.244764e+02 
8.244764e+02 
8.244764e+02 
8.244764e+02 
8.244764e+02 
8.244764e+02 
8.244764e+02 
8.244764e+02 
8.244764e+02 
8.244764e+02 
8.244764e+02 
8.244764e+02 
8.244764e+02 
8.170947e+02 
8.170947e+02 
8.170947e+02 
8.170947e+02 
8.170947e+02 
8.170947e+02 
8.170947e+02 
8.170947e+02 
8.170947e+02 
8.170947e+02 
8.170947e+02 
8.170947e+02 
8.170947e+02 
8.170947e+02 
8.170947e+02 
8.170947e+02 
8.170947e+02 
7.280896e+02 
7.280896e+02 
7.280896e+02 
7.280896e+02 
7.280896e+02 
7.280896e+02 
7.280896e+02 
7.280896e+02 
7.280896e+02 
7.280896e+02 
7.280896e+02 
7.280896e+02 
7.280896e+02 
7.280896e+02 
7.280896e+02 
7.280896e+02 
7.280896e+02 
7.280896e+02 
7.280896e+02 
7.280896e+02 
7.280896e+02 
7.280896e+02 
7.280896e+02 
7.280896e+02 
7.280896e+02 
7.280896e+02 
7.280896e+02 
7.280896e+02 
7.280896e+02 
7.280896e+02 
7.280896e+02 
7.280896e+02 
7.280896e+02 
7.004084e+02 
7.004084e+02 
7.004084e+02 
7.004084e+02 
7.004084e+02 
7.004084e+02 
7.004084e+02 
7.004084e+02 
7.004084e+02 
7.004084e+02 
7.004084e+02 
7.004084e+02 
7.004084e+02 
7.004084e+02 
7.004084e+02 
7.004084e+02 
7.004084e+02 
7.004084e+02 
7.004084e+02 
7.004084e+02 
7.004084e+02 
7.004084e+02 
7.004084e+02 
7.004084e+02 
7.004084e+02 
7.004084e+02 
7.004084e+02 
7.004084e+02 
7.004084e+02 
7.004084e+02 
7.004084e+02 
7.004084e+02 
7.004084e+02 
7.004084e+02 
7.004084e+02 
7.004084e+02 
7.004084e+02 
7.004084e+02 
7.004084e+02 
7.004084e+02 
7.004084e+02 
7.004084e+02 
7.004084e+02 
7.004084e+02 
7.004084e+02 
7.004084e+02 
7.004084e+02 
7.004084e+02 
7.004084e+02 
7.004084e+02 
7.004084e+02 
7.004084e+02 
7.004084e+02 
7.004084e+02 
7.004084e+02 
7.004084e+02 
7.004084e+02 
7.004084e+02 
7.004084e+02 
7.004084e+02 
7.004084e+02 
7.004084e+02 
7.004084e+02 
7.004084e+02 
7.004084e+02 
7.004084e+02 
7.004084e+02 
7.004084e+02 
7.004084e+02 
7.004084e+02 
7.004084e+02 
7.004084e+02 
7.004084e+02 
7.004084e+02 
7.004084e+02 
7.004084e+02 
7.004084e+02 
7.004084e+02 
7.004084e+02 
7.004084e+02 
7.004084e+02 
7.004084e+02 
6.732105e+02 
6.732105e+02 
6.732105e+02 
6.732105e+02 
6.732105e+02 
6.732105e+02 
6.732105e+02 
6.732105e+02 
6.732105e+02 
6.732105e+02 
6.732105e+02 
6.518726e+02 
6.518726e+02 
6.518726e+02 
6.518726e+02 
6.518726e+02 
6.518726e+02 
6.518726e+02 
6.518726e+02 
6.518726e+02 
6.006492e+02 
6.006492e+02 
6.006492e+02 
6.006492e+02 
6.006492e+02 
6.006492e+02 
6.006492e+02 
6.006492e+02 
6.006492e+02 
6.006492e+02 
6.006492e+02 
6.006492e+02 
6.006492e+02 
6.006492e+02 
6.006492e+02 
6.006492e+02 
6.006492e+02 
6.006492e+02 
6.006492e+02 
6.006492e+02 
6.006492e+02 
6.006492e+02 
6.006492e+02 
6.006492e+02 
6.006492e+02 
6.006492e+02 
6.006492e+02 
6.006492e+02 
6.006492e+02 
6.006492e+02 
6.006492e+02 
6.006492e+02 
6.006492e+02 
6.006492e+02 
6.006492e+02 
6.006492e+02 
6.006492e+02 
6.006492e+02 
6.006492e+02 
6.006492e+02 
6.006492e+02 
4.559064e+02 
4.559064e+02 
4.559064e+02 
4.559064e+02 
4.559064e+02 
4.559064e+02 
4.559064e+02 
4.559064e+02 
4.559064e+02 
4.559064e+02 
4.559064e+02 
4.559064e+02 
4.559064e+02 
4.559064e+02 
4.559064e+02 
4.559064e+02 
4.559064e+02 
4.559064e+02 
4.559064e+02 
4.559064e+02 
4.559064e+02 
4.559064e+02 
4.559064e+02 
4.559064e+02 
4.559064e+02 
4.559064e+02 
4.559064e+02 
4.275519e+02 
4.275519e+02 
4.275519e+02 
4.275519e+02 
4.275519e+02 
4.275519e+02 
4.238072e+02 
4.238072e+02 
4.238072e+02 
4.238072e+02 
4.238072e+02 
4.238072e+02 
4.238072e+02 
4.238072e+02 
4.238072e+02 
4.238072e+02 
4.238072e+02 
4.238072e+02 
4.238072e+02 
4.238072e+02 
4.238072e+02 
4.238072e+02 
4.238072e+02 
4.238072e+02 
4.238072e+02 
4.238072e+02 
4.238072e+02 
4.238072e+02 
4.238072e+02 
4.238072e+02 
4.238072e+02 
4.238072e+02 
4.238072e+02 
4.238072e+02 
4.238072e+02 
4.238072e+02 
4.238072e+02 
4.238072e+02 
4.238072e+02 
4.238072e+02 
4.238072e+02 
4.238072e+02 
4.238072e+02 
4.238072e+02 
4.238072e+02 
4.238072e+02 
4.238072e+02 
4.238072e+02 
4.238072e+02 
4.238072e+02 
4.238072e+02 
4.238072e+02 
4.238072e+02 
4.238072e+02 
4.238072e+02 
3.322925e+02 
3.322925e+02 
3.322925e+02 
3.322925e+02 
3.322925e+02 
3.322925e+02 
3.322925e+02 
3.322925e+02 
3.322925e+02 
3.322925e+02 
3.322925e+02 
2.970123e+02 
2.970123e+02 
2.970123e+02 
2.970123e+02 
2.970123e+02 
2.970123e+02 
2.970123e+02 
2.970123e+02 
2.970123e+02 
2.970123e+02 
2.970123e+02 
2.970123e+02 
2.970123e+02 
2.970123e+02 
2.970123e+02 
2.970123e+02 
2.970123e+02 
2.970123e+02 
2.970123e+02 
2.970123e+02 
2.970123e+02 
2.970123e+02 
2.970123e+02 
2.970123e+02 
2.970123e+02 
2.970123e+02 
2.970123e+02 
2.970123e+02 
2.970123e+02 
2.970123e+02 
2.970123e+02 
2.970123e+02 
2.970123e+02 
2.970123e+02 
2.970123e+02 
2.728381e+02 
2.728381e+02 
2.728381e+02 
2.728381e+02 
2.728381e+02 
2.728381e+02 
2.728381e+02 
2.728381e+02 
2.728381e+02 
2.728381e+02 
2.728381e+02 
2.728381e+02 
2.728381e+02 
2.728381e+02 
2.728381e+02 
2.728381e+02 
2.728381e+02 
2.728381e+02 
2.728381e+02 
2.728381e+02 
2.728381e+02 
2.728381e+02 
2.728381e+02 
2.728381e+02 
2.728381e+02 
2.728381e+02 
2.728381e+02 
2.728381e+02 
2.728381e+02 
2.728381e+02 
2.728381e+02 
2.728381e+02 
2.728381e+02 
2.728381e+02 
2.728381e+02 
2.728381e+02 
2.728381e+02 
2.728381e+02 
2.728381e+02 
2.728381e+02 
2.728381e+02 
2.728381e+02 
2.728381e+02 
2.728381e+02 
2.728381e+02 
2.728381e+02 
2.728381e+02 
2.728381e+02 
2.728381e+02 
2.728381e+02 
2.357783e+02 
2.357783e+02 
2.357783e+02 
2.357783e+02 
2.357783e+02 
2.357783e+02 
2.357783e+02 
2.357783e+02 
2.357783e+02 
2.357783e+02 
2.357783e+02 
2.357783e+02 
2.357783e+02 
2.357783e+02 
2.357783e+02 
2.357783e+02 
2.357783e+02 
2.357783e+02 
2.357783e+02 
2.357783e+02 
2.357783e+02 
2.357783e+02 
2.249492e+02 
2.249492e+02 
2.249492e+02 
2.249492e+02 
2.249492e+02 
2.249492e+02 
2.249492e+02 
2.249492e+02 
2.249492e+02 
2.249492e+02 
2.249492e+02 
2.249492e+02 
2.249492e+02 
2.249492e+02 
2.249492e+02 
2.249492e+02 
2.249492e+02 
1.753647e+02 
1.753647e+02 
1.753647e+02 
1.753647e+02 
1.753647e+02 
1.753647e+02 
1.753647e+02 
1.753647e+02 
1.753647e+02 
1.753647e+02 
1.753647e+02 
1.753647e+02 
1.753647e+02 
1.753647e+02 
1.753647e+02 
1.753647e+02 
1.753647e+02 
1.753647e+02 
1.753647e+02 
1.753647e+02 
1.753647e+02 
1.753647e+02 
1.753647e+02 
1.753647e+02 
1.753647e+02 
1.753647e+02 
1.753647e+02 
1.753647e+02 
1.753647e+02 
1.753647e+02 
1.753647e+02 
1.753647e+02 
1.753647e+02 
1.753647e+02 
1.753647e+02 
1.753647e+02 
1.753647e+02 
1.753647e+02 
1.753647e+02 
1.753647e+02 
1.753647e+02 
1.753647e+02 
1.753647e+02 
1.750078e+02 
1.750078e+02 
1.750078e+02 
1.750078e+02 
1.750078e+02 
1.750078e+02 
1.750078e+02 
1.750078e+02 
1.750078e+02 
1.750078e+02 
1.750078e+02 
1.750078e+02 
1.750078e+02 
1.750078e+02 
1.750078e+02 
1.750078e+02 
1.750078e+02 
1.750078e+02 
1.750078e+02 
1.750078e+02 
1.750078e+02 
1.567243e+02 
1.567243e+02 
1.567243e+02 
1.567243e+02 
1.567243e+02 
1.567243e+02 
1.567243e+02 
1.567243e+02 
1.567243e+02 
1.567243e+02 
1.567243e+02 
1.567243e+02 
1.567243e+02 
1.567243e+02 
1.567243e+02 
1.567243e+02 
1.567243e+02 
1.567243e+02 
1.567243e+02 
1.567243e+02 
1.517492e+02 
1.517492e+02 
1.517492e+02 
1.517492e+02 
1.517492e+02 
1.517492e+02 
1.517492e+02 
1.517492e+02 
1.517492e+02 
1.517492e+02 
1.517492e+02 
1.517492e+02 
1.517492e+02 
1.517492e+02 
1.517492e+02 
1.517492e+02 
1.517492e+02 
1.517492e+02 
1.517492e+02 
1.517492e+02 
1.517492e+02 
1.517492e+02 
1.517492e+02 
1.517492e+02 
1.517492e+02 
1.517492e+02 
1.517492e+02 
1.517492e+02 
1.506732e+02 
1.506732e+02 
1.506732e+02 
1.506732e+02 
1.506732e+02 
1.506732e+02 
1.506732e+02 
1.506732e+02 
1.288477e+02 
1.288477e+02 
1.288477e+02 
1.288477e+02 
1.288477e+02 
1.288477e+02 
1.288477e+02 
1.288477e+02 
1.288477e+02 
1.288477e+02 
1.288477e+02 
1.288477e+02 
1.288477e+02 
1.288477e+02 
1.288477e+02 
1.288477e+02 
1.288477e+02 
1.288477e+02 
1.288477e+02 
1.288477e+02 
1.288477e+02 
1.288477e+02 
1.288477e+02 
1.288477e+02 
1.288477e+02 
1.207842e+02 
1.207842e+02 
1.207842e+02 
1.207842e+02 
1.181453e+02 
1.181453e+02 
1.181453e+02 
1.181453e+02 
1.181453e+02 
1.181453e+02 
1.181453e+02 
1.181453e+02 
1.181053e+02 
1.181053e+02 
1.181053e+02 
1.181053e+02 
1.181053e+02 
1.181053e+02 
1.181053e+02 
1.181053e+02 
1.181053e+02 
1.078836e+02 
1.078836e+02 
1.078836e+02 
1.078836e+02 
1.078836e+02 
1.078836e+02 
1.078836e+02 
1.078836e+02 
1.078836e+02 
1.078836e+02 
1.078836e+02 
1.072536e+02 
1.072536e+02 
1.072536e+02 
1.072536e+02 
9.984730e+01 
9.984730e+01 
9.984730e+01 
9.984730e+01 
9.984730e+01 
9.984730e+01 
9.984730e+01 
9.984730e+01 
9.984730e+01 
9.984730e+01 
9.984730e+01 
9.984730e+01 
9.984730e+01 
9.984730e+01 
9.984730e+01 
9.984730e+01 
9.984730e+01 
9.984730e+01 
9.984730e+01 
9.757227e+01 
9.757227e+01 
9.757227e+01 
9.757227e+01 
9.757227e+01 
9.757227e+01 
9.757227e+01 
9.647905e+01 
9.647905e+01 
9.647905e+01 
9.647905e+01 
9.647905e+01 
9.647905e+01 
9.647905e+01 
9.647905e+01 
9.647905e+01 
9.647905e+01 
9.647905e+01 
9.647905e+01 
9.647905e+01 
9.647905e+01 
9.647905e+01 
9.647905e+01 
9.647905e+01 
9.647905e+01 
9.647905e+01 
9.647905e+01 
8.975934e+01 
8.223201e+01 
8.223201e+01 
8.223201e+01 
8.223201e+01 
8.223201e+01 
8.223201e+01 
8.223201e+01 
8.223201e+01 
8.223201e+01 
8.223201e+01 
8.223201e+01 
8.223201e+01 
8.223201e+01 
8.223201e+01 
8.223201e+01 
8.223201e+01 
8.223201e+01 
8.223201e+01 
8.223201e+01 
8.223201e+01 
8.223201e+01 
8.223201e+01 
8.223201e+01 
8.223201e+01 
8.223201e+01 
8.223201e+01 
8.223201e+01 
8.165528e+01 
8.165528e+01 
8.165528e+01 
8.165528e+01 
8.165528e+01 
8.165528e+01 
8.165528e+01 
7.822863e+01 
7.822863e+01 
7.822863e+01 
7.822863e+01 
7.822863e+01 
7.822863e+01 
7.822863e+01 
7.822863e+01 
7.822863e+01 
7.822863e+01 
7.696810e+01 
7.696810e+01 
7.696810e+01 
7.696810e+01 
7.696810e+01 
7.696810e+01 
7.696810e+01 
7.696810e+01 
7.696810e+01 
7.696810e+01 
7.696810e+01 
7.696810e+01 
7.696810e+01 
7.696810e+01 
7.696810e+01 
7.696810e+01 
7.696810e+01 
7.696810e+01 
7.696810e+01 
7.696810e+01 
7.696810e+01 
7.696810e+01 
7.696810e+01 
7.696810e+01 
7.696810e+01 
7.677754e+01 
7.677754e+01 
7.677754e+01 
7.677754e+01 
7.677754e+01 
7.562347e+01 
7.562347e+01 
7.562347e+01 
7.562347e+01 
7.562347e+01 
7.340053e+01 
7.340053e+01 
7.340053e+01 
7.340053e+01 
7.340053e+01 
7.340053e+01 
7.340053e+01 
7.340053e+01 
7.340053e+01 
7.340053e+01 
7.340053e+01 
7.340053e+01 
7.250584e+01 
7.250584e+01 
7.250584e+01 
7.250584e+01 
7.250584e+01 
7.250584e+01 
7.250584e+01 
7.250584e+01 
7.250584e+01 
7.250584e+01 
7.250584e+01 
7.250584e+01 
7.250584e+01 
7.250584e+01 
7.250584e+01 
7.250584e+01 
7.250584e+01 
7.250584e+01 
7.250584e+01 
7.250584e+01 
7.250584e+01 
7.250584e+01 
6.844091e+01 
6.844091e+01 
6.844091e+01 
6.844091e+01 
6.844091e+01 
6.844091e+01 
6.844091e+01 
6.844091e+01 
6.780607e+01 
6.780607e+01 
6.780607e+01 
6.780607e+01 
6.780607e+01 
6.780607e+01 
6.741148e+01 
6.741148e+01 
6.741148e+01 
6.741148e+01 
6.741148e+01 
6.550469e+01 
6.550469e+01 
6.550469e+01 
6.550469e+01 
6.550469e+01 
6.550469e+01 
6.550469e+01 
6.550469e+01 
6.550469e+01 
6.550469e+01 
6.550469e+01 
6.550469e+01 
6.550469e+01 
6.550469e+01 
6.550469e+01 
6.550469e+01 
6.442181e+01 
6.442181e+01 
6.442181e+01 
6.442181e+01 
6.306283e+01 
6.306283e+01 
6.306283e+01 
6.306283e+01 
6.306283e+01 
6.306283e+01 
6.252055e+01 
6.252055e+01 
6.252055e+01 
6.252055e+01 
6.252055e+01 
6.252055e+01 
6.252055e+01 
6.252055e+01 
6.252055e+01 
6.252055e+01 
6.252055e+01 
6.252055e+01 
6.252055e+01 
6.252055e+01 
6.252055e+01 
6.252055e+01 
6.252055e+01 
6.227781e+01 
6.227781e+01 
6.227781e+01 
6.227781e+01 
6.227781e+01 
6.227781e+01 
6.227781e+01 
6.227781e+01 
6.227781e+01 
6.227781e+01 
6.116307e+01 
6.116307e+01 
6.116307e+01 
6.116307e+01 
6.116307e+01 
6.116307e+01 
6.066021e+01 
6.066021e+01 
6.066021e+01 
6.066021e+01 
6.066021e+01 
6.066021e+01 
6.066021e+01 
6.066021e+01 
6.066021e+01 
6.066021e+01 
6.066021e+01 
6.066021e+01 
6.066021e+01 
6.036939e+01 
6.036939e+01 
6.036939e+01 
6.036939e+01 
6.036939e+01 
6.036939e+01 
6.036939e+01 
6.036939e+01 
6.036939e+01 
6.036939e+01 
6.036939e+01 
6.036939e+01 
6.036939e+01 
6.036939e+01 
6.036939e+01 
6.036939e+01 
6.031546e+01 
6.031546e+01 
6.031546e+01 
6.031546e+01 
6.031546e+01 
6.031546e+01 
6.031546e+01 
6.031546e+01 
6.031546e+01 
6.031546e+01 
6.031546e+01 
6.031546e+01 
6.031546e+01 
6.031546e+01 
6.031546e+01 
6.031546e+01 
5.993019e+01 
5.993019e+01 
5.906864e+01 
5.906864e+01 
5.906864e+01 
5.906864e+01 
5.906864e+01 
5.906864e+01 
5.700796e+01 
5.700796e+01 
5.700796e+01 
5.700796e+01 
5.700796e+01 
5.700796e+01 
5.700796e+01 
5.700796e+01 
5.700796e+01 
5.700796e+01 
5.700796e+01 
5.700796e+01 
5.700796e+01 
5.700796e+01 
5.700796e+01 
5.700796e+01 
5.700796e+01 
5.700796e+01 
5.700796e+01 
5.700796e+01 
5.700796e+01 
5.504540e+01 
5.504540e+01 
5.504540e+01 
5.504540e+01 
5.504540e+01 
5.504540e+01 
5.504540e+01 
5.504540e+01 
5.504540e+01 
5.504540e+01 
5.504540e+01 
5.504540e+01 
5.504540e+01 
5.504540e+01 
5.504540e+01 
5.504540e+01 
5.504540e+01 
5.504540e+01 
5.504540e+01 
5.504540e+01 
5.504540e+01 
5.504540e+01 
5.504540e+01 
5.504540e+01 
5.504540e+01 
5.504540e+01 
