1.854044e+03 
1.312146e+03 
1.312146e+03 
9.183121e+02 
9.183121e+02 
9.183121e+02 
9.183121e+02 
9.183121e+02 
9.183121e+02 
9.183121e+02 
9.183121e+02 
9.183121e+02 
9.183121e+02 
9.183121e+02 
9.183121e+02 
7.716287e+02 
7.716287e+02 
7.716287e+02 
7.716287e+02 
7.716287e+02 
7.716287e+02 
7.716287e+02 
7.716287e+02 
7.716287e+02 
7.716287e+02 
7.716287e+02 
7.716287e+02 
7.716287e+02 
7.716287e+02 
7.716287e+02 
7.716287e+02 
7.716287e+02 
7.716287e+02 
7.716287e+02 
7.716287e+02 
6.532853e+02 
6.532853e+02 
6.532853e+02 
6.532853e+02 
6.532853e+02 
6.532853e+02 
6.532853e+02 
6.532853e+02 
6.532853e+02 
6.532853e+02 
6.532853e+02 
6.532853e+02 
6.532853e+02 
6.190977e+02 
6.190977e+02 
6.190977e+02 
6.190977e+02 
6.190977e+02 
6.092917e+02 
6.092917e+02 
6.092917e+02 
6.092917e+02 
6.092917e+02 
6.092917e+02 
6.092917e+02 
6.092917e+02 
6.092917e+02 
6.092917e+02 
6.092917e+02 
6.092917e+02 
6.092917e+02 
6.092917e+02 
6.092917e+02 
6.092917e+02 
6.092917e+02 
6.092917e+02 
6.092917e+02 
6.092917e+02 
6.092917e+02 
6.092917e+02 
6.092917e+02 
6.092917e+02 
6.092917e+02 
6.092917e+02 
6.092917e+02 
6.092917e+02 
6.092917e+02 
6.092917e+02 
6.092917e+02 
6.092917e+02 
6.092917e+02 
6.092917e+02 
6.092917e+02 
6.092917e+02 
6.092917e+02 
6.092917e+02 
6.092917e+02 
6.092917e+02 
6.092917e+02 
6.092917e+02 
6.092917e+02 
6.092917e+02 
6.092917e+02 
6.092917e+02 
6.092917e+02 
6.092917e+02 
6.092917e+02 
6.092917e+02 
6.092917e+02 
6.092917e+02 
6.092917e+02 
6.092917e+02 
6.092917e+02 
6.092917e+02 
6.092917e+02 
6.092917e+02 
6.092917e+02 
6.092917e+02 
6.092917e+02 
6.092917e+02 
6.092917e+02 
6.092917e+02 
6.092917e+02 
6.092917e+02 
6.092917e+02 
6.092917e+02 
6.092917e+02 
6.092917e+02 
6.092917e+02 
6.092917e+02 
6.092917e+02 
6.092917e+02 
6.092917e+02 
6.092917e+02 
6.092917e+02 
4.750847e+02 
4.750847e+02 
4.750847e+02 
4.750847e+02 
4.750847e+02 
4.750847e+02 
4.750847e+02 
4.750847e+02 
4.750847e+02 
4.750847e+02 
4.750847e+02 
4.750847e+02 
4.750847e+02 
4.750847e+02 
4.750847e+02 
4.750847e+02 
4.750847e+02 
4.750847e+02 
4.750847e+02 
4.750847e+02 
4.750847e+02 
4.750847e+02 
4.750847e+02 
4.750847e+02 
4.750847e+02 
4.750847e+02 
4.750847e+02 
4.750847e+02 
4.750847e+02 
4.750847e+02 
4.750847e+02 
4.750847e+02 
4.750847e+02 
4.750847e+02 
4.750847e+02 
4.750847e+02 
4.750847e+02 
4.750847e+02 
4.750847e+02 
4.750847e+02 
4.750847e+02 
4.750847e+02 
4.750847e+02 
4.750847e+02 
4.750847e+02 
4.750847e+02 
4.750847e+02 
4.750847e+02 
4.750847e+02 
4.750847e+02 
4.750847e+02 
4.750847e+02 
4.750847e+02 
4.750847e+02 
4.750847e+02 
4.750847e+02 
4.750847e+02 
4.750847e+02 
4.750847e+02 
4.750847e+02 
4.750847e+02 
4.750847e+02 
4.198615e+02 
4.198615e+02 
4.198615e+02 
4.198615e+02 
4.198615e+02 
4.198615e+02 
4.198615e+02 
4.198615e+02 
4.198615e+02 
4.198615e+02 
4.198615e+02 
4.198615e+02 
4.198615e+02 
4.198615e+02 
4.198615e+02 
4.198615e+02 
4.198615e+02 
4.198615e+02 
4.198615e+02 
4.198615e+02 
4.198615e+02 
4.198615e+02 
4.198615e+02 
4.198615e+02 
4.198615e+02 
4.198615e+02 
4.198615e+02 
4.198615e+02 
4.198615e+02 
4.198615e+02 
4.198615e+02 
4.198615e+02 
4.198615e+02 
4.198615e+02 
4.198615e+02 
4.198615e+02 
4.198615e+02 
4.198615e+02 
4.198615e+02 
4.198615e+02 
4.198615e+02 
4.198615e+02 
4.198615e+02 
4.198615e+02 
4.198615e+02 
4.198615e+02 
4.198615e+02 
4.198615e+02 
4.198615e+02 
4.198615e+02 
4.198615e+02 
4.198615e+02 
4.198615e+02 
4.198615e+02 
4.198615e+02 
4.198615e+02 
4.198615e+02 
4.198615e+02 
4.198615e+02 
4.198615e+02 
4.198615e+02 
4.198615e+02 
4.198615e+02 
4.198615e+02 
4.198615e+02 
4.198615e+02 
4.198615e+02 
4.198615e+02 
4.198615e+02 
4.198615e+02 
4.198615e+02 
4.198615e+02 
4.198615e+02 
4.198615e+02 
4.198615e+02 
4.198615e+02 
4.198615e+02 
4.198615e+02 
4.198615e+02 
4.198615e+02 
4.198615e+02 
4.198615e+02 
4.198615e+02 
4.198615e+02 
4.198615e+02 
4.198615e+02 
4.198615e+02 
4.198615e+02 
4.198615e+02 
4.198615e+02 
4.198615e+02 
4.198615e+02 
4.198615e+02 
4.198615e+02 
4.198615e+02 
4.198615e+02 
4.198615e+02 
4.198615e+02 
4.198615e+02 
4.198615e+02 
4.198615e+02 
4.198615e+02 
4.198615e+02 
4.198615e+02 
4.198615e+02 
4.198615e+02 
4.198615e+02 
4.198615e+02 
4.198615e+02 
4.198615e+02 
4.198615e+02 
4.198615e+02 
4.198615e+02 
4.198615e+02 
4.198615e+02 
4.198615e+02 
4.198615e+02 
4.198615e+02 
4.198615e+02 
4.198615e+02 
4.198615e+02 
4.198615e+02 
4.198615e+02 
4.198615e+02 
4.198615e+02 
4.198615e+02 
4.198615e+02 
4.198615e+02 
4.198615e+02 
4.198615e+02 
4.198615e+02 
4.198615e+02 
4.198615e+02 
4.198615e+02 
4.198615e+02 
4.198615e+02 
4.198615e+02 
4.198615e+02 
4.198615e+02 
4.198615e+02 
4.198615e+02 
4.198615e+02 
4.198615e+02 
4.198615e+02 
4.198615e+02 
4.198615e+02 
4.198615e+02 
4.198615e+02 
4.198615e+02 
4.198615e+02 
4.198615e+02 
4.198615e+02 
4.198615e+02 
4.198615e+02 
4.198615e+02 
4.198615e+02 
4.198615e+02 
4.198615e+02 
4.198615e+02 
4.198615e+02 
4.198615e+02 
4.198615e+02 
4.198615e+02 
4.198615e+02 
4.198615e+02 
4.198615e+02 
4.198615e+02 
4.198615e+02 
4.198615e+02 
4.198615e+02 
4.198615e+02 
3.263806e+02 
3.263806e+02 
3.263806e+02 
3.263806e+02 
3.263806e+02 
3.263806e+02 
3.263806e+02 
3.263806e+02 
3.263806e+02 
3.263806e+02 
3.263806e+02 
3.263806e+02 
3.263806e+02 
3.263806e+02 
3.263806e+02 
3.263806e+02 
3.263806e+02 
3.263806e+02 
3.263806e+02 
3.263806e+02 
3.263806e+02 
3.263806e+02 
3.263806e+02 
3.263806e+02 
3.263806e+02 
3.263806e+02 
3.263806e+02 
3.263806e+02 
3.263806e+02 
3.263806e+02 
3.263806e+02 
3.263806e+02 
3.263806e+02 
3.263806e+02 
3.263806e+02 
3.263806e+02 
3.263806e+02 
3.263806e+02 
3.263806e+02 
3.263806e+02 
3.263806e+02 
3.263806e+02 
3.263806e+02 
3.263806e+02 
3.263806e+02 
3.263806e+02 
3.263806e+02 
3.263806e+02 
3.263806e+02 
3.263806e+02 
3.263806e+02 
3.263806e+02 
3.263806e+02 
3.263806e+02 
3.263806e+02 
3.263806e+02 
3.263806e+02 
3.263806e+02 
3.263806e+02 
3.263806e+02 
3.263806e+02 
3.263806e+02 
3.263806e+02 
3.263806e+02 
3.263806e+02 
3.263806e+02 
3.263806e+02 
3.263806e+02 
3.263806e+02 
3.263806e+02 
3.263806e+02 
3.263806e+02 
3.263806e+02 
3.263806e+02 
3.263806e+02 
3.263806e+02 
3.263806e+02 
3.263806e+02 
3.263806e+02 
3.263806e+02 
3.263806e+02 
3.263806e+02 
3.263806e+02 
3.263806e+02 
3.263806e+02 
3.263806e+02 
3.263806e+02 
3.263806e+02 
3.263806e+02 
3.263806e+02 
3.263806e+02 
3.263806e+02 
3.263806e+02 
3.263806e+02 
3.263806e+02 
3.263806e+02 
3.263806e+02 
3.263806e+02 
3.263806e+02 
3.263806e+02 
3.263806e+02 
3.263806e+02 
3.263806e+02 
3.263806e+02 
3.263806e+02 
3.263806e+02 
3.263806e+02 
3.263806e+02 
3.263806e+02 
3.263806e+02 
3.263806e+02 
3.263806e+02 
3.263806e+02 
3.263806e+02 
3.263806e+02 
3.263806e+02 
3.263806e+02 
3.263806e+02 
3.263806e+02 
3.263806e+02 
3.263806e+02 
3.263806e+02 
3.263806e+02 
3.263806e+02 
3.263806e+02 
3.263806e+02 
3.263806e+02 
3.263806e+02 
3.263806e+02 
3.263806e+02 
3.263806e+02 
3.263806e+02 
3.263806e+02 
3.263806e+02 
3.263806e+02 
3.263806e+02 
3.263806e+02 
3.263806e+02 
3.263806e+02 
3.263806e+02 
3.263806e+02 
3.263806e+02 
3.263806e+02 
3.263806e+02 
3.263806e+02 
3.263806e+02 
3.263806e+02 
3.263806e+02 
3.263806e+02 
3.263806e+02 
3.263806e+02 
3.263806e+02 
3.263806e+02 
3.263806e+02 
3.263806e+02 
3.263806e+02 
3.263806e+02 
3.263806e+02 
3.263806e+02 
3.263806e+02 
3.263806e+02 
3.263806e+02 
3.263806e+02 
3.263806e+02 
3.263806e+02 
3.263806e+02 
3.263806e+02 
3.263806e+02 
3.263806e+02 
3.263806e+02 
3.263806e+02 
3.263806e+02 
3.263806e+02 
3.263806e+02 
3.263806e+02 
3.263806e+02 
3.263806e+02 
3.263806e+02 
3.263806e+02 
3.263806e+02 
3.263806e+02 
3.263806e+02 
3.263806e+02 
3.263806e+02 
3.263806e+02 
3.263806e+02 
3.263806e+02 
3.263806e+02 
3.263806e+02 
3.263806e+02 
3.263806e+02 
3.263806e+02 
3.263806e+02 
3.263806e+02 
3.263806e+02 
3.263806e+02 
3.263806e+02 
3.263806e+02 
3.263806e+02 
3.263806e+02 
3.263806e+02 
3.263806e+02 
3.263806e+02 
3.263806e+02 
3.263806e+02 
3.263806e+02 
3.263806e+02 
3.263806e+02 
3.263806e+02 
3.263806e+02 
3.263806e+02 
3.263806e+02 
3.263806e+02 
3.263806e+02 
3.263806e+02 
3.263806e+02 
3.263806e+02 
3.263806e+02 
3.263806e+02 
3.263806e+02 
3.263806e+02 
3.263806e+02 
3.263806e+02 
3.263806e+02 
3.263806e+02 
3.263806e+02 
3.263806e+02 
3.263806e+02 
3.263806e+02 
3.263806e+02 
3.263806e+02 
3.263806e+02 
3.263806e+02 
3.263806e+02 
3.263806e+02 
3.263806e+02 
3.263806e+02 
3.263806e+02 
3.263806e+02 
3.263806e+02 
3.263806e+02 
3.263806e+02 
3.263806e+02 
3.263806e+02 
3.263806e+02 
3.263806e+02 
3.263806e+02 
3.263806e+02 
3.263806e+02 
3.263806e+02 
3.263806e+02 
3.263806e+02 
3.263806e+02 
3.263806e+02 
3.263806e+02 
3.263806e+02 
3.263806e+02 
3.263806e+02 
3.263806e+02 
3.263806e+02 
3.263806e+02 
3.263806e+02 
3.263806e+02 
3.263806e+02 
3.263806e+02 
3.263806e+02 
3.263806e+02 
3.263806e+02 
3.263806e+02 
3.263806e+02 
3.263806e+02 
3.263806e+02 
3.263806e+02 
3.263806e+02 
3.263806e+02 
3.263806e+02 
3.263806e+02 
3.263806e+02 
3.263806e+02 
3.263806e+02 
3.263806e+02 
3.263806e+02 
3.263806e+02 
3.263806e+02 
3.263806e+02 
3.263806e+02 
3.263806e+02 
3.263806e+02 
3.263806e+02 
3.263806e+02 
3.263806e+02 
3.263806e+02 
3.263806e+02 
3.263806e+02 
3.263806e+02 
3.263806e+02 
3.263806e+02 
3.263806e+02 
3.263806e+02 
3.263806e+02 
3.263806e+02 
3.263806e+02 
3.263806e+02 
3.263806e+02 
3.263806e+02 
3.263806e+02 
3.263806e+02 
3.263806e+02 
3.263806e+02 
3.263806e+02 
3.263806e+02 
3.263806e+02 
3.263806e+02 
3.263806e+02 
3.263806e+02 
3.263806e+02 
3.263806e+02 
3.263806e+02 
3.263806e+02 
3.263806e+02 
3.263806e+02 
3.263806e+02 
3.263806e+02 
3.263806e+02 
3.263806e+02 
3.263806e+02 
3.263806e+02 
3.263806e+02 
3.263806e+02 
3.263806e+02 
3.263806e+02 
3.263806e+02 
3.263806e+02 
3.263806e+02 
3.263806e+02 
3.263806e+02 
3.263806e+02 
3.263806e+02 
3.263806e+02 
3.263806e+02 
3.263806e+02 
3.263806e+02 
3.263806e+02 
3.263806e+02 
3.263806e+02 
3.263806e+02 
3.263806e+02 
3.263806e+02 
3.263806e+02 
3.263806e+02 
3.263806e+02 
3.263806e+02 
3.263806e+02 
3.263806e+02 
3.263806e+02 
3.263806e+02 
3.263806e+02 
3.263806e+02 
3.263806e+02 
3.263806e+02 
3.263806e+02 
3.263806e+02 
3.263806e+02 
3.263806e+02 
3.263806e+02 
3.263806e+02 
3.263806e+02 
3.263806e+02 
3.263806e+02 
3.263806e+02 
3.263806e+02 
3.263806e+02 
3.263806e+02 
3.263806e+02 
3.263806e+02 
3.263806e+02 
3.263806e+02 
3.263806e+02 
3.263806e+02 
3.263806e+02 
3.263806e+02 
3.263806e+02 
3.263806e+02 
3.263806e+02 
3.263806e+02 
3.263806e+02 
3.263806e+02 
3.123274e+02 
3.123274e+02 
3.123274e+02 
3.123274e+02 
3.123274e+02 
3.123274e+02 
3.123274e+02 
3.123274e+02 
3.123274e+02 
3.123274e+02 
3.123274e+02 
3.123274e+02 
3.123274e+02 
3.123274e+02 
3.123274e+02 
3.123274e+02 
3.123274e+02 
3.123274e+02 
3.123274e+02 
3.123274e+02 
3.123274e+02 
3.123274e+02 
3.123274e+02 
3.123274e+02 
3.123274e+02 
3.123274e+02 
3.123274e+02 
3.123274e+02 
3.123274e+02 
3.123274e+02 
3.123274e+02 
3.123274e+02 
3.123274e+02 
3.123274e+02 
3.123274e+02 
3.123274e+02 
3.123274e+02 
3.123274e+02 
3.123274e+02 
3.123274e+02 
3.123274e+02 
3.123274e+02 
3.123274e+02 
3.123274e+02 
3.123274e+02 
3.123274e+02 
3.123274e+02 
3.123274e+02 
3.123274e+02 
3.123274e+02 
3.123274e+02 
3.123274e+02 
3.123274e+02 
3.123274e+02 
3.123274e+02 
3.123274e+02 
3.123274e+02 
3.123274e+02 
3.123274e+02 
3.123274e+02 
3.123274e+02 
3.123274e+02 
3.123274e+02 
3.123274e+02 
3.123274e+02 
3.123274e+02 
3.123274e+02 
3.123274e+02 
3.123274e+02 
3.123274e+02 
3.123274e+02 
3.123274e+02 
3.123274e+02 
3.123274e+02 
3.123274e+02 
3.123274e+02 
3.123274e+02 
3.123274e+02 
3.123274e+02 
3.123274e+02 
3.123274e+02 
3.123274e+02 
3.123274e+02 
3.123274e+02 
3.123274e+02 
3.123274e+02 
3.123274e+02 
3.123274e+02 
3.088912e+02 
3.088912e+02 
3.088912e+02 
2.085488e+02 
2.085488e+02 
2.085488e+02 
2.085488e+02 
2.085488e+02 
2.085488e+02 
2.085488e+02 
2.085488e+02 
2.085488e+02 
2.085488e+02 
2.085488e+02 
2.085488e+02 
1.801980e+02 
1.751846e+02 
1.751846e+02 
1.134537e+02 
1.134537e+02 
1.134537e+02 
1.134537e+02 
1.134537e+02 
1.134537e+02 
1.134537e+02 
1.134537e+02 
1.134537e+02 
1.134537e+02 
1.134537e+02 
1.134537e+02 
1.134537e+02 
1.134537e+02 
1.134537e+02 
1.134537e+02 
1.134537e+02 
1.134537e+02 
1.134537e+02 
1.134537e+02 
1.134537e+02 
1.134537e+02 
1.134537e+02 
1.134537e+02 
1.134537e+02 
1.134537e+02 
1.134537e+02 
1.134537e+02 
1.134537e+02 
1.134537e+02 
1.134537e+02 
1.134537e+02 
1.134537e+02 
8.713381e+01 
8.713381e+01 
8.713381e+01 
8.713381e+01 
8.713381e+01 
8.713381e+01 
8.713381e+01 
8.713381e+01 
8.713381e+01 
8.713381e+01 
8.713381e+01 
8.713381e+01 
8.713381e+01 
8.713381e+01 
8.713381e+01 
8.713381e+01 
8.713381e+01 
8.713381e+01 
8.713381e+01 
8.713381e+01 
8.713381e+01 
8.713381e+01 
8.713381e+01 
8.713381e+01 
8.713381e+01 
8.713381e+01 
8.713381e+01 
8.713381e+01 
8.713381e+01 
8.713381e+01 
8.713381e+01 
8.713381e+01 
8.713381e+01 
8.713381e+01 
8.713381e+01 
8.713381e+01 
8.713381e+01 
8.713381e+01 
8.713381e+01 
8.713381e+01 
8.713381e+01 
8.713381e+01 
8.713381e+01 
8.713381e+01 
8.713381e+01 
8.713381e+01 
8.713381e+01 
8.713381e+01 
8.713381e+01 
8.713381e+01 
8.713381e+01 
8.713381e+01 
8.713381e+01 
8.713381e+01 
8.713381e+01 
8.713381e+01 
8.713381e+01 
8.713381e+01 
8.713381e+01 
8.713381e+01 
8.713381e+01 
8.713381e+01 
8.713381e+01 
8.713381e+01 
8.713381e+01 
8.713381e+01 
8.713381e+01 
8.713381e+01 
8.713381e+01 
8.713381e+01 
8.713381e+01 
8.713381e+01 
8.713381e+01 
8.713381e+01 
8.713381e+01 
8.713381e+01 
8.713381e+01 
8.713381e+01 
8.713381e+01 
8.713381e+01 
8.713381e+01 
8.713381e+01 
8.713381e+01 
8.713381e+01 
8.713381e+01 
8.713381e+01 
8.713381e+01 
8.713381e+01 
8.713381e+01 
8.713381e+01 
8.713381e+01 
8.713381e+01 
8.713381e+01 
8.713381e+01 
8.713381e+01 
8.713381e+01 
8.713381e+01 
8.713381e+01 
8.713381e+01 
8.713381e+01 
8.713381e+01 
8.713381e+01 
8.713381e+01 
8.713381e+01 
8.713381e+01 
8.713381e+01 
8.713381e+01 
8.713381e+01 
8.713381e+01 
8.713381e+01 
8.713381e+01 
8.713381e+01 
8.713381e+01 
8.713381e+01 
8.713381e+01 
8.713381e+01 
8.713381e+01 
8.713381e+01 
8.713381e+01 
8.713381e+01 
8.713381e+01 
8.713381e+01 
8.713381e+01 
8.713381e+01 
8.713381e+01 
8.713381e+01 
8.713381e+01 
8.713381e+01 
8.713381e+01 
8.713381e+01 
8.713381e+01 
8.713381e+01 
8.713381e+01 
8.713381e+01 
8.713381e+01 
8.713381e+01 
8.713381e+01 
8.713381e+01 
8.713381e+01 
8.713381e+01 
8.713381e+01 
8.713381e+01 
8.713381e+01 
8.713381e+01 
8.713381e+01 
8.713381e+01 
8.713381e+01 
8.713381e+01 
8.713381e+01 
8.713381e+01 
8.713381e+01 
8.713381e+01 
8.713381e+01 
8.713381e+01 
8.713381e+01 
8.713381e+01 
8.713381e+01 
8.713381e+01 
8.713381e+01 
8.713381e+01 
8.713381e+01 
8.713381e+01 
8.713381e+01 
8.713381e+01 
8.713381e+01 
8.713381e+01 
8.713381e+01 
8.713381e+01 
8.713381e+01 
8.713381e+01 
8.713381e+01 
8.713381e+01 
8.713381e+01 
8.713381e+01 
8.713381e+01 
8.713381e+01 
8.713381e+01 
8.713381e+01 
8.713381e+01 
8.713381e+01 
8.713381e+01 
8.713381e+01 
8.713381e+01 
8.713381e+01 
8.713381e+01 
8.713381e+01 
8.713381e+01 
8.713381e+01 
8.713381e+01 
8.713381e+01 
8.713381e+01 
8.713381e+01 
8.713381e+01 
8.713381e+01 
8.713381e+01 
8.713381e+01 
8.713381e+01 
8.713381e+01 
8.713381e+01 
8.713381e+01 
8.713381e+01 
8.713381e+01 
8.713381e+01 
8.713381e+01 
8.713381e+01 
8.713381e+01 
8.713381e+01 
8.713381e+01 
8.713381e+01 
8.713381e+01 
8.713381e+01 
8.713381e+01 
8.713381e+01 
8.713381e+01 
8.713381e+01 
8.713381e+01 
8.713381e+01 
8.713381e+01 
8.713381e+01 
8.713381e+01 
8.713381e+01 
8.713381e+01 
8.713381e+01 
8.713381e+01 
8.713381e+01 
8.713381e+01 
8.713381e+01 
8.713381e+01 
8.713381e+01 
8.713381e+01 
8.713381e+01 
8.713381e+01 
8.713381e+01 
8.713381e+01 
8.713381e+01 
8.713381e+01 
8.713381e+01 
8.713381e+01 
8.713381e+01 
8.713381e+01 
8.713381e+01 
8.713381e+01 
8.713381e+01 
8.713381e+01 
8.713381e+01 
8.713381e+01 
8.713381e+01 
8.713381e+01 
8.713381e+01 
8.713381e+01 
8.713381e+01 
8.713381e+01 
8.713381e+01 
8.713381e+01 
8.713381e+01 
8.713381e+01 
8.713381e+01 
8.713381e+01 
8.713381e+01 
8.713381e+01 
8.713381e+01 
8.713381e+01 
8.713381e+01 
8.713381e+01 
8.713381e+01 
8.713381e+01 
8.713381e+01 
8.713381e+01 
8.713381e+01 
8.713381e+01 
8.713381e+01 
8.713381e+01 
8.713381e+01 
8.713381e+01 
8.713381e+01 
8.713381e+01 
8.713381e+01 
8.713381e+01 
8.713381e+01 
8.713381e+01 
8.713381e+01 
8.713381e+01 
8.713381e+01 
8.713381e+01 
8.713381e+01 
8.713381e+01 
8.713381e+01 
8.713381e+01 
8.713381e+01 
8.713381e+01 
8.713381e+01 
8.713381e+01 
8.713381e+01 
8.713381e+01 
8.713381e+01 
8.713381e+01 
8.713381e+01 
8.713381e+01 
8.713381e+01 
8.713381e+01 
8.713381e+01 
8.713381e+01 
8.713381e+01 
8.713381e+01 
8.713381e+01 
8.713381e+01 
8.713381e+01 
8.713381e+01 
8.713381e+01 
8.713381e+01 
8.713381e+01 
8.713381e+01 
8.713381e+01 
8.713381e+01 
8.713381e+01 
8.713381e+01 
8.713381e+01 
8.713381e+01 
8.713381e+01 
8.713381e+01 
8.713381e+01 
8.713381e+01 
8.713381e+01 
8.713381e+01 
8.713381e+01 
8.713381e+01 
8.713381e+01 
8.713381e+01 
8.713381e+01 
8.713381e+01 
8.713381e+01 
8.713381e+01 
8.713381e+01 
8.713381e+01 
8.713381e+01 
8.713381e+01 
8.713381e+01 
8.713381e+01 
8.713381e+01 
8.713381e+01 
8.713381e+01 
8.713381e+01 
8.713381e+01 
8.713381e+01 
8.713381e+01 
8.713381e+01 
8.713381e+01 
8.713381e+01 
8.713381e+01 
8.713381e+01 
8.713381e+01 
8.713381e+01 
8.713381e+01 
8.713381e+01 
8.713381e+01 
8.713381e+01 
8.713381e+01 
8.713381e+01 
8.713381e+01 
8.713381e+01 
8.713381e+01 
8.713381e+01 
8.713381e+01 
8.713381e+01 
8.713381e+01 
8.713381e+01 
8.713381e+01 
8.713381e+01 
8.713381e+01 
8.713381e+01 
8.713381e+01 
8.713381e+01 
8.713381e+01 
8.713381e+01 
8.713381e+01 
8.713381e+01 
8.713381e+01 
8.713381e+01 
8.713381e+01 
8.713381e+01 
8.713381e+01 
8.713381e+01 
8.713381e+01 
8.713381e+01 
8.713381e+01 
8.713381e+01 
8.713381e+01 
8.713381e+01 
8.713381e+01 
8.713381e+01 
8.713381e+01 
8.713381e+01 
8.713381e+01 
8.713381e+01 
8.713381e+01 
8.713381e+01 
8.713381e+01 
8.713381e+01 
8.713381e+01 
8.713381e+01 
8.713381e+01 
8.713381e+01 
8.713381e+01 
8.713381e+01 
8.713381e+01 
8.713381e+01 
8.713381e+01 
8.713381e+01 
8.713381e+01 
8.713381e+01 
8.713381e+01 
8.713381e+01 
8.713381e+01 
8.713381e+01 
8.713381e+01 
8.713381e+01 
8.713381e+01 
8.713381e+01 
8.713381e+01 
8.713381e+01 
8.713381e+01 
8.713381e+01 
8.713381e+01 
8.713381e+01 
8.713381e+01 
8.713381e+01 
8.713381e+01 
8.713381e+01 
8.713381e+01 
8.713381e+01 
8.713381e+01 
8.713381e+01 
8.713381e+01 
8.713381e+01 
8.713381e+01 
8.713381e+01 
8.713381e+01 
8.713381e+01 
8.713381e+01 
8.713381e+01 
8.713381e+01 
8.713381e+01 
8.713381e+01 
8.713381e+01 
8.713381e+01 
8.713381e+01 
8.713381e+01 
8.713381e+01 
8.713381e+01 
8.713381e+01 
8.713381e+01 
8.713381e+01 
8.713381e+01 
8.713381e+01 
8.713381e+01 
8.713381e+01 
8.713381e+01 
8.713381e+01 
8.713381e+01 
8.713381e+01 
8.713381e+01 
8.713381e+01 
8.713381e+01 
8.713381e+01 
8.713381e+01 
8.713381e+01 
8.713381e+01 
8.713381e+01 
8.713381e+01 
8.713381e+01 
8.713381e+01 
8.713381e+01 
8.713381e+01 
8.713381e+01 
8.713381e+01 
8.713381e+01 
8.713381e+01 
8.713381e+01 
8.713381e+01 
8.713381e+01 
8.713381e+01 
8.713381e+01 
8.713381e+01 
8.713381e+01 
8.713381e+01 
8.713381e+01 
8.713381e+01 
8.713381e+01 
8.713381e+01 
8.713381e+01 
8.713381e+01 
8.713381e+01 
8.713381e+01 
8.713381e+01 
8.713381e+01 
8.713381e+01 
8.713381e+01 
8.713381e+01 
8.713381e+01 
8.713381e+01 
8.713381e+01 
8.713381e+01 
8.713381e+01 
8.713381e+01 
8.713381e+01 
8.713381e+01 
8.713381e+01 
8.713381e+01 
8.713381e+01 
8.713381e+01 
8.713381e+01 
8.713381e+01 
8.713381e+01 
8.713381e+01 
8.713381e+01 
8.713381e+01 
8.713381e+01 
8.713381e+01 
8.713381e+01 
8.713381e+01 
8.713381e+01 
8.713381e+01 
8.713381e+01 
8.713381e+01 
8.713381e+01 
8.713381e+01 
8.713381e+01 
8.713381e+01 
8.713381e+01 
8.713381e+01 
8.713381e+01 
8.713381e+01 
8.713381e+01 
8.713381e+01 
8.713381e+01 
8.713381e+01 
8.713381e+01 
8.713381e+01 
8.713381e+01 
8.713381e+01 
8.713381e+01 
8.713381e+01 
8.713381e+01 
8.713381e+01 
8.713381e+01 
8.713381e+01 
8.713381e+01 
8.713381e+01 
8.713381e+01 
8.713381e+01 
8.713381e+01 
8.713381e+01 
8.713381e+01 
8.713381e+01 
8.713381e+01 
8.713381e+01 
8.713381e+01 
8.713381e+01 
8.713381e+01 
8.713381e+01 
8.713381e+01 
8.713381e+01 
8.713381e+01 
8.713381e+01 
8.713381e+01 
8.713381e+01 
8.713381e+01 
8.713381e+01 
8.713381e+01 
8.713381e+01 
8.713381e+01 
8.713381e+01 
8.713381e+01 
8.713381e+01 
8.713381e+01 
8.713381e+01 
8.713381e+01 
8.713381e+01 
8.713381e+01 
8.713381e+01 
8.713381e+01 
8.713381e+01 
8.713381e+01 
8.713381e+01 
8.713381e+01 
8.713381e+01 
8.713381e+01 
8.713381e+01 
8.713381e+01 
8.713381e+01 
8.713381e+01 
8.713381e+01 
8.713381e+01 
8.713381e+01 
8.713381e+01 
8.713381e+01 
8.713381e+01 
8.713381e+01 
8.713381e+01 
8.713381e+01 
8.713381e+01 
8.713381e+01 
8.713381e+01 
8.713381e+01 
8.713381e+01 
8.713381e+01 
8.713381e+01 
8.713381e+01 
8.713381e+01 
8.713381e+01 
8.713381e+01 
8.713381e+01 
8.713381e+01 
8.713381e+01 
8.713381e+01 
8.713381e+01 
8.713381e+01 
8.713381e+01 
8.713381e+01 
8.713381e+01 
8.713381e+01 
8.713381e+01 
8.713381e+01 
8.713381e+01 
8.713381e+01 
8.713381e+01 
8.713381e+01 
8.713381e+01 
8.713381e+01 
8.713381e+01 
8.713381e+01 
8.713381e+01 
8.713381e+01 
8.713381e+01 
8.713381e+01 
8.713381e+01 
8.713381e+01 
8.713381e+01 
8.713381e+01 
8.713381e+01 
8.713381e+01 
8.713381e+01 
8.713381e+01 
8.713381e+01 
8.713381e+01 
8.713381e+01 
8.713381e+01 
8.713381e+01 
8.713381e+01 
8.713381e+01 
8.713381e+01 
8.713381e+01 
8.713381e+01 
8.713381e+01 
8.713381e+01 
8.713381e+01 
8.713381e+01 
8.713381e+01 
8.713381e+01 
8.713381e+01 
8.713381e+01 
8.713381e+01 
8.713381e+01 
8.713381e+01 
8.713381e+01 
8.713381e+01 
8.713381e+01 
8.713381e+01 
8.713381e+01 
8.713381e+01 
8.713381e+01 
8.713381e+01 
8.713381e+01 
8.713381e+01 
8.713381e+01 
8.713381e+01 
8.713381e+01 
8.713381e+01 
8.713381e+01 
8.713381e+01 
8.713381e+01 
8.713381e+01 
8.713381e+01 
8.713381e+01 
8.713381e+01 
8.713381e+01 
8.713381e+01 
8.713381e+01 
8.713381e+01 
8.713381e+01 
8.713381e+01 
8.713381e+01 
8.713381e+01 
8.713381e+01 
8.713381e+01 
8.713381e+01 
8.713381e+01 
8.713381e+01 
8.713381e+01 
8.713381e+01 
8.713381e+01 
8.713381e+01 
8.713381e+01 
8.713381e+01 
8.713381e+01 
8.713381e+01 
8.713381e+01 
8.713381e+01 
8.713381e+01 
8.713381e+01 
8.713381e+01 
8.713381e+01 
8.713381e+01 
8.713381e+01 
8.713381e+01 
8.713381e+01 
8.713381e+01 
8.713381e+01 
8.713381e+01 
8.713381e+01 
8.713381e+01 
8.713381e+01 
8.713381e+01 
8.713381e+01 
8.713381e+01 
8.713381e+01 
8.713381e+01 
8.713381e+01 
8.713381e+01 
8.713381e+01 
8.713381e+01 
8.713381e+01 
8.713381e+01 
8.713381e+01 
8.713381e+01 
8.713381e+01 
8.713381e+01 
8.713381e+01 
8.713381e+01 
8.713381e+01 
8.713381e+01 
8.713381e+01 
8.713381e+01 
8.713381e+01 
8.713381e+01 
8.713381e+01 
8.713381e+01 
8.713381e+01 
8.713381e+01 
8.713381e+01 
8.713381e+01 
8.713381e+01 
8.713381e+01 
8.713381e+01 
8.713381e+01 
8.713381e+01 
8.713381e+01 
8.713381e+01 
8.713381e+01 
8.136289e+01 
8.136289e+01 
8.136289e+01 
8.136289e+01 
8.136289e+01 
8.136289e+01 
8.136289e+01 
8.136289e+01 
8.136289e+01 
8.136289e+01 
8.136289e+01 
8.136289e+01 
8.136289e+01 
8.136289e+01 
8.136289e+01 
8.136289e+01 
8.136289e+01 
7.853418e+01 
7.853418e+01 
7.853418e+01 
7.853418e+01 
7.853418e+01 
7.853418e+01 
7.853418e+01 
7.853418e+01 
7.853418e+01 
7.853418e+01 
7.853418e+01 
7.853418e+01 
7.853418e+01 
7.853418e+01 
7.853418e+01 
7.853418e+01 
7.853418e+01 
7.853418e+01 
7.853418e+01 
7.853418e+01 
7.853418e+01 
7.853418e+01 
7.853418e+01 
7.853418e+01 
7.853418e+01 
7.853418e+01 
7.853418e+01 
7.853418e+01 
7.853418e+01 
7.853418e+01 
7.853418e+01 
7.853418e+01 
7.853418e+01 
7.853418e+01 
7.853418e+01 
7.853418e+01 
7.853418e+01 
7.853418e+01 
7.853418e+01 
7.853418e+01 
7.853418e+01 
7.853418e+01 
7.853418e+01 
7.853418e+01 
7.853418e+01 
7.853418e+01 
7.853418e+01 
7.853418e+01 
7.853418e+01 
7.853418e+01 
7.853418e+01 
7.853418e+01 
7.853418e+01 
7.853418e+01 
7.853418e+01 
7.853418e+01 
7.853418e+01 
7.853418e+01 
7.853418e+01 
7.853418e+01 
7.853418e+01 
7.853418e+01 
7.853418e+01 
7.853418e+01 
7.853418e+01 
7.853418e+01 
7.853418e+01 
7.853418e+01 
7.853418e+01 
7.853418e+01 
7.853418e+01 
7.853418e+01 
7.853418e+01 
7.853418e+01 
7.853418e+01 
7.853418e+01 
7.853418e+01 
7.853418e+01 
7.853418e+01 
7.853418e+01 
7.853418e+01 
7.853418e+01 
7.853418e+01 
7.853418e+01 
7.853418e+01 
7.853418e+01 
7.853418e+01 
7.853418e+01 
7.853418e+01 
7.853418e+01 
7.853418e+01 
7.853418e+01 
7.853418e+01 
7.853418e+01 
7.853418e+01 
7.853418e+01 
7.853418e+01 
7.853418e+01 
7.853418e+01 
7.853418e+01 
7.853418e+01 
7.853418e+01 
7.853418e+01 
7.853418e+01 
7.853418e+01 
7.853418e+01 
7.853418e+01 
7.853418e+01 
7.853418e+01 
7.853418e+01 
7.853418e+01 
7.853418e+01 
7.853418e+01 
7.853418e+01 
7.853418e+01 
7.853418e+01 
7.853418e+01 
7.853418e+01 
7.853418e+01 
7.853418e+01 
7.853418e+01 
7.541459e+01 
7.541459e+01 
7.541459e+01 
7.541459e+01 
7.541459e+01 
7.541459e+01 
7.541459e+01 
7.541459e+01 
7.541459e+01 
7.541459e+01 
7.541459e+01 
7.541459e+01 
7.541459e+01 
7.541459e+01 
7.541459e+01 
7.541459e+01 
7.541459e+01 
7.541459e+01 
7.541459e+01 
7.541459e+01 
7.541459e+01 
7.541459e+01 
7.541459e+01 
7.541459e+01 
7.541459e+01 
7.541459e+01 
7.541459e+01 
7.541459e+01 
7.541459e+01 
7.541459e+01 
7.541459e+01 
7.541459e+01 
7.541459e+01 
7.541459e+01 
7.541459e+01 
7.541459e+01 
7.541459e+01 
7.541459e+01 
7.541459e+01 
7.541459e+01 
7.541459e+01 
7.541459e+01 
7.541459e+01 
7.541459e+01 
7.541459e+01 
7.541459e+01 
7.541459e+01 
7.541459e+01 
7.541459e+01 
7.541459e+01 
7.541459e+01 
7.541459e+01 
7.541459e+01 
7.541459e+01 
7.541459e+01 
7.541459e+01 
7.541459e+01 
7.541459e+01 
7.541459e+01 
7.541459e+01 
7.541459e+01 
7.541459e+01 
7.541459e+01 
7.541459e+01 
7.541459e+01 
7.541459e+01 
7.541459e+01 
7.541459e+01 
7.541459e+01 
7.541459e+01 
7.541459e+01 
7.541459e+01 
7.541459e+01 
7.541459e+01 
7.541459e+01 
7.541459e+01 
7.541459e+01 
7.541459e+01 
7.541459e+01 
7.541459e+01 
7.541459e+01 
7.541459e+01 
7.541459e+01 
7.541459e+01 
7.541459e+01 
7.541459e+01 
7.541459e+01 
7.541459e+01 
7.541459e+01 
7.541459e+01 
7.541459e+01 
7.541459e+01 
7.541459e+01 
7.541459e+01 
7.541459e+01 
7.541459e+01 
7.541459e+01 
7.541459e+01 
7.541459e+01 
7.541459e+01 
7.541459e+01 
7.541459e+01 
7.541459e+01 
7.541459e+01 
7.541459e+01 
7.541459e+01 
7.541459e+01 
7.541459e+01 
7.541459e+01 
7.541459e+01 
7.541459e+01 
7.541459e+01 
7.541459e+01 
7.541459e+01 
7.541459e+01 
7.541459e+01 
7.541459e+01 
7.541459e+01 
7.541459e+01 
7.541459e+01 
7.541459e+01 
7.541459e+01 
7.541459e+01 
7.541459e+01 
7.541459e+01 
7.541459e+01 
7.541459e+01 
7.541459e+01 
7.541459e+01 
7.541459e+01 
7.541459e+01 
7.541459e+01 
7.541459e+01 
7.541459e+01 
7.541459e+01 
7.541459e+01 
7.541459e+01 
7.541459e+01 
7.541459e+01 
7.541459e+01 
7.541459e+01 
7.541459e+01 
7.541459e+01 
7.541459e+01 
7.541459e+01 
7.541459e+01 
7.541459e+01 
7.541459e+01 
7.541459e+01 
7.541459e+01 
7.541459e+01 
7.541459e+01 
7.541459e+01 
7.541459e+01 
7.541459e+01 
7.541459e+01 
7.541459e+01 
7.541459e+01 
7.541459e+01 
7.541459e+01 
7.541459e+01 
7.541459e+01 
7.541459e+01 
7.541459e+01 
7.541459e+01 
7.541459e+01 
7.541459e+01 
7.541459e+01 
7.541459e+01 
7.541459e+01 
7.541459e+01 
7.541459e+01 
7.541459e+01 
7.541459e+01 
7.541459e+01 
7.541459e+01 
7.541459e+01 
7.541459e+01 
7.541459e+01 
7.541459e+01 
7.541459e+01 
7.541459e+01 
7.541459e+01 
7.541459e+01 
7.541459e+01 
7.541459e+01 
7.541459e+01 
7.541459e+01 
7.541459e+01 
7.541459e+01 
7.541459e+01 
7.541459e+01 
7.541459e+01 
7.515881e+01 
7.515881e+01 
7.515881e+01 
7.515881e+01 
7.515881e+01 
7.515881e+01 
7.127232e+01 
6.682099e+01 
6.682099e+01 
6.682099e+01 
4.974296e+01 
4.974296e+01 
4.974296e+01 
4.974296e+01 
4.974296e+01 
4.974296e+01 
4.974296e+01 
4.974296e+01 
4.974296e+01 
4.974296e+01 
4.974296e+01 
4.974296e+01 
4.974296e+01 
4.974296e+01 
4.974296e+01 
4.974296e+01 
4.974296e+01 
4.974296e+01 
4.974296e+01 
4.974296e+01 
4.974296e+01 
4.974296e+01 
4.974296e+01 
4.974296e+01 
4.974296e+01 
4.974296e+01 
4.974296e+01 
4.974296e+01 
4.974296e+01 
4.974296e+01 
4.974296e+01 
4.974296e+01 
4.974296e+01 
4.974296e+01 
4.974296e+01 
4.974296e+01 
4.974296e+01 
4.974296e+01 
4.974296e+01 
4.974296e+01 
4.974296e+01 
4.974296e+01 
4.974296e+01 
4.974296e+01 
4.974296e+01 
4.188333e+01 
4.188333e+01 
4.188333e+01 
4.188333e+01 
4.188333e+01 
4.188333e+01 
4.188333e+01 
4.188333e+01 
3.905822e+01 
3.905822e+01 
3.905822e+01 
3.666691e+01 
3.666691e+01 
3.549616e+01 
3.549616e+01 
3.549616e+01 
3.549616e+01 
3.549616e+01 
3.549616e+01 
3.549616e+01 
3.549616e+01 
3.549616e+01 
3.549616e+01 
3.549616e+01 
3.549616e+01 
3.549616e+01 
3.549616e+01 
3.497152e+01 
3.497152e+01 
3.497152e+01 
3.401163e+01 
3.401163e+01 
3.401163e+01 
3.401163e+01 
3.112310e+01 
3.112310e+01 
3.112310e+01 
3.112310e+01 
3.112310e+01 
3.112310e+01 
3.067923e+01 
3.067923e+01 
3.067923e+01 
3.067923e+01 
3.067923e+01 
3.067923e+01 
3.067923e+01 
3.067923e+01 
3.067923e+01 
3.067923e+01 
3.067923e+01 
3.060818e+01 
3.050119e+01 
3.050119e+01 
3.041460e+01 
3.041460e+01 
3.040161e+01 
3.040161e+01 
3.040161e+01 
3.040161e+01 
3.040161e+01 
3.040161e+01 
3.040161e+01 
3.040161e+01 
3.040161e+01 
3.040161e+01 
3.039980e+01 
3.039980e+01 
3.039980e+01 
3.039980e+01 
3.033860e+01 
3.033860e+01 
3.033860e+01 
3.033860e+01 
3.033860e+01 
3.033860e+01 
3.033860e+01 
3.033860e+01 
3.033860e+01 
3.030558e+01 
3.027291e+01 
3.027291e+01 
3.027291e+01 
3.027291e+01 
3.026547e+01 
3.026300e+01 
3.026300e+01 
3.026300e+01 
3.021419e+01 
3.015186e+01 
3.010398e+01 
3.006699e+01 
3.003829e+01 
3.001592e+01 
2.999842e+01 
2.998471e+01 
2.997393e+01 
2.996544e+01 
2.995875e+01 
2.995346e+01 
2.994929e+01 
2.994599e+01 
2.994337e+01 
2.994131e+01 
2.993967e+01 
2.993837e+01 
2.993734e+01 
2.993653e+01 
2.993589e+01 
2.993537e+01 
2.993497e+01 
2.993465e+01 
2.993439e+01 
2.993419e+01 
2.993403e+01 
2.993391e+01 
2.993381e+01 
2.993373e+01 
2.993366e+01 
2.993361e+01 
2.993357e+01 
2.993354e+01 
2.993352e+01 
2.993350e+01 
2.993348e+01 
2.993347e+01 
2.993346e+01 
2.993345e+01 
2.993345e+01 
2.993344e+01 
2.993344e+01 
2.993343e+01 
2.993343e+01 
2.993343e+01 
2.993343e+01 
2.536244e+01 
2.536244e+01 
2.536244e+01 
2.536244e+01 
2.536244e+01 
2.400081e+01 
2.400081e+01 
2.400081e+01 
2.400081e+01 
2.400081e+01 
2.400081e+01 
2.400081e+01 
2.203807e+01 
2.203807e+01 
2.203807e+01 
2.203807e+01 
2.203807e+01 
2.203807e+01 
2.203807e+01 
2.203807e+01 
2.203807e+01 
2.203807e+01 
2.203807e+01 
2.203807e+01 
2.203807e+01 
2.203807e+01 
2.203807e+01 
2.203807e+01 
2.203807e+01 
2.203807e+01 
2.203807e+01 
2.203807e+01 
2.203807e+01 
2.203807e+01 
2.203807e+01 
2.203807e+01 
1.593567e+01 
1.593567e+01 
1.593567e+01 
1.593567e+01 
1.593567e+01 
1.593567e+01 
1.593567e+01 
1.593567e+01 
1.593567e+01 
1.593567e+01 
1.593567e+01 
1.593567e+01 
1.593567e+01 
1.593567e+01 
1.593567e+01 
1.593567e+01 
1.593567e+01 
1.593567e+01 
1.593567e+01 
1.593567e+01 
1.593567e+01 
1.593567e+01 
1.593567e+01 
1.593567e+01 
1.593567e+01 
1.593567e+01 
1.593567e+01 
1.593567e+01 
1.593567e+01 
1.593567e+01 
1.593567e+01 
1.593567e+01 
1.593567e+01 
1.593567e+01 
1.593567e+01 
1.593567e+01 
1.593567e+01 
1.593567e+01 
1.593567e+01 
1.593567e+01 
1.593567e+01 
1.593567e+01 
1.593567e+01 
1.593567e+01 
1.593567e+01 
1.593567e+01 
1.593567e+01 
1.593567e+01 
1.593567e+01 
1.593567e+01 
1.593567e+01 
1.593567e+01 
1.593567e+01 
1.593567e+01 
1.593567e+01 
1.593567e+01 
1.593567e+01 
1.593567e+01 
1.593567e+01 
1.593567e+01 
1.593567e+01 
1.593567e+01 
1.593567e+01 
1.593567e+01 
1.593567e+01 
1.593567e+01 
1.593567e+01 
1.593567e+01 
1.593567e+01 
1.593567e+01 
1.593567e+01 
1.593567e+01 
1.593567e+01 
1.593567e+01 
1.593567e+01 
1.593567e+01 
1.593567e+01 
1.593567e+01 
1.593567e+01 
1.593567e+01 
1.593567e+01 
1.593567e+01 
1.593567e+01 
1.593567e+01 
1.593567e+01 
1.593567e+01 
1.593567e+01 
1.593567e+01 
1.593567e+01 
1.593567e+01 
1.593567e+01 
1.593567e+01 
1.593567e+01 
1.593567e+01 
1.593567e+01 
1.593567e+01 
1.593567e+01 
1.593567e+01 
1.593567e+01 
1.593567e+01 
1.593567e+01 
1.593567e+01 
1.593567e+01 
1.593567e+01 
1.593567e+01 
1.593567e+01 
1.593567e+01 
1.593567e+01 
1.593567e+01 
1.593567e+01 
1.593567e+01 
1.593567e+01 
1.593567e+01 
1.593567e+01 
1.593567e+01 
1.593567e+01 
1.593567e+01 
1.593567e+01 
1.593567e+01 
1.593567e+01 
1.593567e+01 
1.593567e+01 
1.593567e+01 
1.593567e+01 
1.593567e+01 
1.593567e+01 
1.593567e+01 
1.593567e+01 
1.593567e+01 
1.593567e+01 
1.593567e+01 
1.593567e+01 
1.593567e+01 
1.593567e+01 
1.593567e+01 
1.593567e+01 
1.593567e+01 
1.593567e+01 
1.593567e+01 
1.593567e+01 
1.593567e+01 
1.593567e+01 
1.593567e+01 
1.593567e+01 
1.593567e+01 
1.593567e+01 
1.593567e+01 
1.593567e+01 
1.593567e+01 
1.593567e+01 
1.593567e+01 
1.593567e+01 
1.593567e+01 
1.593567e+01 
1.593567e+01 
1.593567e+01 
1.593567e+01 
1.593567e+01 
1.593567e+01 
1.593567e+01 
1.593567e+01 
1.593567e+01 
1.593567e+01 
1.593567e+01 
1.593567e+01 
1.593567e+01 
1.593567e+01 
1.593567e+01 
1.593567e+01 
1.593567e+01 
1.593567e+01 
1.593567e+01 
1.593567e+01 
1.593567e+01 
1.593567e+01 
1.593567e+01 
1.593567e+01 
1.593567e+01 
1.593567e+01 
1.593567e+01 
1.593567e+01 
1.593567e+01 
1.593567e+01 
1.593567e+01 
1.593567e+01 
1.593567e+01 
1.593567e+01 
1.593567e+01 
1.593567e+01 
1.593567e+01 
1.593567e+01 
1.593567e+01 
1.593567e+01 
1.593567e+01 
1.593567e+01 
1.593567e+01 
1.593567e+01 
1.593567e+01 
1.593567e+01 
1.593567e+01 
1.593567e+01 
1.593567e+01 
1.593567e+01 
1.593567e+01 
1.593567e+01 
1.593567e+01 
1.593567e+01 
1.593567e+01 
1.593567e+01 
1.593567e+01 
1.593567e+01 
1.593567e+01 
1.593567e+01 
1.593567e+01 
1.593567e+01 
1.593567e+01 
1.593567e+01 
1.593567e+01 
1.593567e+01 
1.593567e+01 
1.593567e+01 
1.593567e+01 
1.593567e+01 
1.593567e+01 
1.593567e+01 
1.593567e+01 
1.593567e+01 
1.593567e+01 
1.593567e+01 
1.593567e+01 
1.593567e+01 
1.593567e+01 
1.593567e+01 
1.593567e+01 
1.593567e+01 
1.593567e+01 
1.593567e+01 
1.593567e+01 
1.593567e+01 
1.593567e+01 
1.593567e+01 
1.593567e+01 
1.589937e+01 
1.589937e+01 
1.589937e+01 
1.589937e+01 
1.589937e+01 
1.589937e+01 
1.589937e+01 
1.589937e+01 
1.589937e+01 
1.589937e+01 
1.589937e+01 
1.589937e+01 
1.589937e+01 
1.589937e+01 
1.589937e+01 
1.589937e+01 
1.589937e+01 
1.589937e+01 
1.589937e+01 
1.589937e+01 
1.589937e+01 
1.589937e+01 
1.589937e+01 
1.589937e+01 
1.589937e+01 
1.589937e+01 
1.589937e+01 
1.589937e+01 
1.589937e+01 
1.589937e+01 
1.589937e+01 
1.589937e+01 
1.589937e+01 
1.589937e+01 
1.589937e+01 
1.589937e+01 
1.589937e+01 
1.589937e+01 
1.589937e+01 
1.589937e+01 
1.589937e+01 
1.589937e+01 
1.589937e+01 
1.589937e+01 
1.589937e+01 
1.589937e+01 
1.589937e+01 
1.589937e+01 
1.589937e+01 
1.589937e+01 
1.589937e+01 
1.589937e+01 
1.589937e+01 
1.589937e+01 
1.589937e+01 
1.589937e+01 
1.589937e+01 
1.589937e+01 
1.589937e+01 
1.589937e+01 
1.589937e+01 
1.589937e+01 
1.589937e+01 
1.589937e+01 
1.589937e+01 
1.589937e+01 
1.589937e+01 
1.589937e+01 
1.589937e+01 
1.589937e+01 
1.589937e+01 
1.589937e+01 
1.589937e+01 
1.589937e+01 
1.589937e+01 
1.589937e+01 
1.589937e+01 
1.589937e+01 
1.589937e+01 
1.589937e+01 
1.589937e+01 
1.589937e+01 
1.589937e+01 
1.589937e+01 
1.589937e+01 
1.589937e+01 
1.589937e+01 
1.589937e+01 
1.589937e+01 
1.589937e+01 
1.589937e+01 
1.589937e+01 
1.589937e+01 
1.589937e+01 
1.589937e+01 
1.589937e+01 
1.589937e+01 
1.589937e+01 
1.589937e+01 
1.589937e+01 
1.589937e+01 
1.589937e+01 
1.589937e+01 
1.589937e+01 
1.589937e+01 
1.589937e+01 
1.589937e+01 
1.589937e+01 
1.589937e+01 
1.589937e+01 
1.589937e+01 
1.589937e+01 
1.589937e+01 
1.589937e+01 
1.589937e+01 
1.589937e+01 
1.589937e+01 
1.589937e+01 
1.589937e+01 
1.589937e+01 
1.589937e+01 
1.589937e+01 
1.589937e+01 
1.589937e+01 
1.589937e+01 
1.589937e+01 
1.589937e+01 
1.589937e+01 
1.589937e+01 
1.589937e+01 
1.589937e+01 
1.589937e+01 
1.589937e+01 
1.589937e+01 
1.589937e+01 
1.589937e+01 
1.589937e+01 
1.589937e+01 
1.589937e+01 
1.589937e+01 
1.589937e+01 
1.589937e+01 
1.589937e+01 
1.589937e+01 
1.589937e+01 
1.589937e+01 
1.589937e+01 
1.589937e+01 
1.589937e+01 
1.589937e+01 
1.589937e+01 
1.589937e+01 
1.589937e+01 
1.589937e+01 
1.589937e+01 
1.589937e+01 
1.589937e+01 
1.589937e+01 
1.589937e+01 
1.589937e+01 
1.589937e+01 
1.589937e+01 
1.589937e+01 
1.589937e+01 
1.589937e+01 
1.589937e+01 
1.589937e+01 
1.589937e+01 
1.589937e+01 
1.589937e+01 
1.589937e+01 
1.589937e+01 
1.589937e+01 
1.177327e+01 
1.177327e+01 
1.177327e+01 
1.177327e+01 
1.177327e+01 
1.039936e+01 
1.039936e+01 
1.039936e+01 
1.039936e+01 
1.039936e+01 
1.039936e+01 
1.039936e+01 
1.039936e+01 
1.039936e+01 
1.039936e+01 
1.039936e+01 
1.039936e+01 
1.039936e+01 
1.039936e+01 
1.039936e+01 
1.039936e+01 
1.039936e+01 
9.054406e+00 
9.054406e+00 
7.326593e+00 
7.326593e+00 
7.326593e+00 
7.326593e+00 
7.326593e+00 
7.326593e+00 
7.326593e+00 
7.326593e+00 
7.326593e+00 
7.326593e+00 
7.326593e+00 
7.326593e+00 
7.326593e+00 
7.326593e+00 
7.326593e+00 
7.326593e+00 
6.980368e+00 
6.980368e+00 
6.980368e+00 
6.980368e+00 
6.980368e+00 
6.980368e+00 
6.980368e+00 
6.980368e+00 
6.980368e+00 
6.980368e+00 
6.980368e+00 
6.980368e+00 
6.980368e+00 
6.980368e+00 
6.980368e+00 
6.980368e+00 
6.980368e+00 
6.980368e+00 
6.980368e+00 
6.980368e+00 
6.980368e+00 
6.980368e+00 
6.980368e+00 
6.980368e+00 
6.980368e+00 
6.980368e+00 
6.980368e+00 
6.980368e+00 
6.980368e+00 
6.980368e+00 
6.980368e+00 
6.980368e+00 
6.980368e+00 
6.980368e+00 
6.980368e+00 
6.980368e+00 
6.980368e+00 
6.980368e+00 
6.980368e+00 
6.980368e+00 
6.980368e+00 
6.980368e+00 
6.980368e+00 
6.980368e+00 
6.980368e+00 
6.980368e+00 
6.980368e+00 
6.980368e+00 
6.980368e+00 
6.980368e+00 
6.980368e+00 
6.980368e+00 
6.980368e+00 
6.980368e+00 
6.980368e+00 
6.980368e+00 
6.980368e+00 
6.980368e+00 
6.980368e+00 
6.980368e+00 
6.980368e+00 
6.980368e+00 
6.980368e+00 
6.980368e+00 
6.980368e+00 
6.980368e+00 
6.980368e+00 
6.980368e+00 
6.980368e+00 
6.980368e+00 
6.980368e+00 
6.980368e+00 
6.980368e+00 
6.980368e+00 
6.980368e+00 
6.980368e+00 
6.980368e+00 
6.980368e+00 
6.980368e+00 
6.980368e+00 
6.980368e+00 
6.980368e+00 
6.980368e+00 
6.980368e+00 
6.980368e+00 
6.980368e+00 
6.980368e+00 
6.980368e+00 
6.980368e+00 
6.980368e+00 
6.980368e+00 
6.980368e+00 
6.980368e+00 
6.980368e+00 
6.980368e+00 
6.980368e+00 
6.980368e+00 
6.980368e+00 
6.980368e+00 
6.980368e+00 
6.980368e+00 
6.980368e+00 
6.980368e+00 
6.980368e+00 
6.980368e+00 
6.980368e+00 
6.980368e+00 
6.980368e+00 
6.980368e+00 
6.980368e+00 
6.980368e+00 
6.980368e+00 
6.980368e+00 
6.980368e+00 
6.980368e+00 
6.980368e+00 
6.980368e+00 
6.980368e+00 
6.980368e+00 
6.980368e+00 
6.980368e+00 
6.980368e+00 
6.980368e+00 
6.980368e+00 
6.980368e+00 
6.893159e+00 
6.893159e+00 
6.561968e+00 
6.561968e+00 
6.561968e+00 
6.561968e+00 
6.561968e+00 
6.561968e+00 
6.561968e+00 
6.561968e+00 
6.561968e+00 
6.561968e+00 
6.561968e+00 
6.561968e+00 
6.561968e+00 
6.561968e+00 
6.561968e+00 
6.544692e+00 
6.544692e+00 
6.544692e+00 
6.538660e+00 
6.538660e+00 
6.538660e+00 
6.538660e+00 
6.538660e+00 
6.538660e+00 
6.538660e+00 
6.538660e+00 
6.538660e+00 
6.538660e+00 
6.538660e+00 
6.538660e+00 
6.538660e+00 
6.538660e+00 
6.538660e+00 
6.538660e+00 
6.538660e+00 
6.538660e+00 
6.538660e+00 
6.538660e+00 
6.538660e+00 
6.538660e+00 
6.538660e+00 
6.538660e+00 
6.475897e+00 
6.385864e+00 
6.385864e+00 
6.385864e+00 
6.367806e+00 
6.335700e+00 
6.330860e+00 
6.330860e+00 
6.316793e+00 
6.316793e+00 
6.316793e+00 
6.310357e+00 
6.297156e+00 
6.290100e+00 
6.286462e+00 
6.284694e+00 
5.819647e+00 
5.710650e+00 
5.710650e+00 
5.710650e+00 
5.710650e+00 
5.710650e+00 
5.710650e+00 
5.710650e+00 
5.710650e+00 
5.710650e+00 
5.710650e+00 
5.710650e+00 
5.670885e+00 
5.670885e+00 
5.670885e+00 
5.670885e+00 
5.578358e+00 
5.578358e+00 
5.578358e+00 
5.578358e+00 
5.578358e+00 
5.578358e+00 
5.578358e+00 
5.578358e+00 
5.578358e+00 
5.578358e+00 
5.578358e+00 
5.578358e+00 
5.578358e+00 
4.565518e+00 
4.565518e+00 
4.565518e+00 
4.565518e+00 
4.408642e+00 
4.408642e+00 
4.359087e+00 
4.359087e+00 
4.359087e+00 
4.359087e+00 
4.359087e+00 
4.359087e+00 
4.359087e+00 
4.359087e+00 
4.359087e+00 
4.359087e+00 
4.359087e+00 
4.359087e+00 
4.359087e+00 
4.359087e+00 
4.359087e+00 
4.359087e+00 
4.359087e+00 
4.359087e+00 
4.359087e+00 
4.359087e+00 
4.359087e+00 
4.359087e+00 
4.359087e+00 
4.359087e+00 
3.609703e+00 
3.609703e+00 
3.609703e+00 
3.609703e+00 
3.609703e+00 
3.609703e+00 
3.609703e+00 
3.609703e+00 
3.609703e+00 
3.609703e+00 
3.609703e+00 
2.529685e+00 
2.529685e+00 
2.529685e+00 
2.529685e+00 
2.529685e+00 
2.529685e+00 
2.529685e+00 
2.529685e+00 
2.529685e+00 
2.529685e+00 
2.529685e+00 
2.529685e+00 
2.529685e+00 
2.529685e+00 
2.529685e+00 
2.529685e+00 
2.529685e+00 
2.529685e+00 
2.529685e+00 
2.529685e+00 
2.529685e+00 
2.529685e+00 
2.529685e+00 
2.529685e+00 
2.529685e+00 
2.475659e+00 
2.475659e+00 
1.933394e+00 
1.933394e+00 
1.933394e+00 
1.933394e+00 
1.933394e+00 
1.933394e+00 
1.933394e+00 
1.933394e+00 
1.933394e+00 
1.933394e+00 
1.933394e+00 
1.933394e+00 
1.933394e+00 
1.933394e+00 
1.933394e+00 
1.933394e+00 
1.933394e+00 
1.933394e+00 
1.933394e+00 
1.933394e+00 
1.933394e+00 
1.933394e+00 
1.933394e+00 
1.933394e+00 
1.933394e+00 
1.933394e+00 
1.933394e+00 
1.933394e+00 
1.933394e+00 
1.933394e+00 
1.933394e+00 
1.933394e+00 
1.933394e+00 
1.933394e+00 
1.933394e+00 
1.933394e+00 
1.933394e+00 
1.933394e+00 
1.933394e+00 
1.933394e+00 
1.933394e+00 
1.815078e+00 
1.815078e+00 
1.654344e+00 
1.654344e+00 
1.654344e+00 
1.654344e+00 
1.654344e+00 
1.654344e+00 
1.654344e+00 
1.644858e+00 
1.644858e+00 
1.644858e+00 
1.632822e+00 
1.623775e+00 
1.619042e+00 
1.616650e+00 
1.615509e+00 
1.615021e+00 
1.614862e+00 
1.069304e+00 
9.461155e-01 
9.461155e-01 
9.461155e-01 
9.461155e-01 
8.903196e-01 
8.903196e-01 
8.903196e-01 
8.547266e-01 
8.084401e-01 
7.962574e-01 
7.962574e-01 
7.962574e-01 
7.962574e-01 
7.962574e-01 
7.656521e-01 
7.322356e-01 
7.116152e-01 
6.986631e-01 
6.903672e-01 
6.849445e-01 
6.813276e-01 
6.788685e-01 
6.771670e-01 
6.759716e-01 
6.751205e-01 
6.745081e-01 
6.740635e-01 
6.737385e-01 
6.734995e-01 
6.733231e-01 
6.731925e-01 
6.730955e-01 
6.730233e-01 
5.639094e-01 
5.639094e-01 
5.537394e-01 
5.537394e-01 
5.537394e-01 
5.343566e-01 
5.343566e-01 
5.343566e-01 
5.343566e-01 
5.343566e-01 
5.343566e-01 
5.343566e-01 
5.343566e-01 
5.343566e-01 
5.343566e-01 
5.343566e-01 
5.343566e-01 
5.343566e-01 
5.071063e-01 
5.071063e-01 
5.071063e-01 
5.070668e-01 
4.517323e-01 
4.517323e-01 
4.160878e-01 
4.160878e-01 
4.160878e-01 
4.160878e-01 
3.780751e-01 
3.780751e-01 
3.780751e-01 
3.780751e-01 
3.774835e-01 
3.774835e-01 
3.771336e-01 
3.771336e-01 
3.710001e-01 
3.710001e-01 
3.710001e-01 
3.710001e-01 
3.710001e-01 
3.710001e-01 
3.710001e-01 
3.710001e-01 
3.610370e-01 
3.610370e-01 
3.610370e-01 
3.610370e-01 
3.610370e-01 
3.604753e-01 
3.596399e-01 
3.591392e-01 
3.588338e-01 
3.586439e-01 
3.585233e-01 
3.584451e-01 
3.583933e-01 
3.583583e-01 
3.583342e-01 
3.583173e-01 
3.583054e-01 
3.582969e-01 
3.582907e-01 
3.582862e-01 
3.582829e-01 
3.582805e-01 
3.582787e-01 
3.582774e-01 
3.582764e-01 
3.582757e-01 
3.582751e-01 
3.582747e-01 
3.582744e-01 
3.582742e-01 
3.582740e-01 
3.582739e-01 
3.582738e-01 
3.582738e-01 
3.582737e-01 
3.582737e-01 
3.582736e-01 
3.582736e-01 
3.582736e-01 
3.582736e-01 
3.582736e-01 
3.582736e-01 
3.582736e-01 
3.582736e-01 
3.582736e-01 
3.582736e-01 
3.582736e-01 
3.582736e-01 
3.582736e-01 
3.582736e-01 
3.582736e-01 
3.582736e-01 
3.582736e-01 
3.582736e-01 
3.502551e-01 
3.502551e-01 
3.465891e-01 
3.465891e-01 
3.465891e-01 
3.465891e-01 
3.465891e-01 
3.465891e-01 
3.465891e-01 
3.465891e-01 
3.465891e-01 
3.465891e-01 
3.465891e-01 
3.465891e-01 
3.465891e-01 
3.465891e-01 
3.465891e-01 
3.465891e-01 
3.465891e-01 
3.465891e-01 
3.123705e-01 
3.123705e-01 
2.817296e-01 
2.817296e-01 
2.817296e-01 
2.817296e-01 
2.817296e-01 
2.817296e-01 
2.817296e-01 
2.817296e-01 
2.817296e-01 
2.817296e-01 
2.817296e-01 
2.817296e-01 
2.817296e-01 
2.817296e-01 
2.817296e-01 
2.817296e-01 
2.817296e-01 
2.817296e-01 
2.817296e-01 
2.817296e-01 
2.817296e-01 
2.817296e-01 
2.817296e-01 
2.817296e-01 
2.817296e-01 
2.817296e-01 
2.817296e-01 
2.817296e-01 
2.817296e-01 
2.817296e-01 
2.817296e-01 
2.619953e-01 
2.619953e-01 
2.619953e-01 
2.619953e-01 
2.619953e-01 
2.619953e-01 
2.619953e-01 
2.619953e-01 
2.619953e-01 
2.619953e-01 
2.619953e-01 
2.619953e-01 
2.619953e-01 
2.619953e-01 
2.619953e-01 
2.619953e-01 
2.619953e-01 
2.619953e-01 
2.619953e-01 
2.619953e-01 
2.619953e-01 
2.619953e-01 
2.619953e-01 
2.619953e-01 
2.619953e-01 
2.619953e-01 
2.619953e-01 
2.619953e-01 
2.619953e-01 
2.619953e-01 
2.619953e-01 
2.095751e-01 
2.095751e-01 
2.095751e-01 
1.817039e-01 
1.817039e-01 
1.817039e-01 
1.817039e-01 
1.817039e-01 
1.817039e-01 
1.817039e-01 
1.817039e-01 
1.817039e-01 
1.817039e-01 
1.817039e-01 
1.817039e-01 
1.817039e-01 
1.817039e-01 
1.817039e-01 
1.817039e-01 
1.817039e-01 
1.817039e-01 
1.817039e-01 
1.817039e-01 
1.817039e-01 
1.817039e-01 
1.817039e-01 
1.817039e-01 
1.817039e-01 
1.817039e-01 
1.817039e-01 
1.806058e-01 
1.806058e-01 
1.806058e-01 
1.806058e-01 
1.806058e-01 
1.806058e-01 
1.806058e-01 
1.806058e-01 
1.806058e-01 
1.806058e-01 
1.806058e-01 
1.806058e-01 
1.806058e-01 
1.806058e-01 
1.806058e-01 
1.806058e-01 
1.806058e-01 
1.806058e-01 
1.806058e-01 
1.806058e-01 
1.806058e-01 
1.806058e-01 
1.806058e-01 
1.806058e-01 
1.806058e-01 
1.806058e-01 
1.806058e-01 
1.806058e-01 
1.806058e-01 
1.806058e-01 
1.806058e-01 
1.806058e-01 
1.806058e-01 
1.806058e-01 
1.806058e-01 
1.806058e-01 
1.806058e-01 
1.806058e-01 
1.806058e-01 
1.806058e-01 
1.806058e-01 
1.806058e-01 
1.806058e-01 
1.712766e-01 
1.712766e-01 
1.626986e-01 
1.626986e-01 
1.626986e-01 
1.626986e-01 
1.626986e-01 
1.626986e-01 
1.626986e-01 
1.565987e-01 
1.565987e-01 
1.565987e-01 
1.565987e-01 
1.565987e-01 
1.565987e-01 
1.565987e-01 
1.565987e-01 
1.565987e-01 
1.565987e-01 
1.565987e-01 
1.565987e-01 
1.565987e-01 
1.565987e-01 
1.565987e-01 
1.565987e-01 
1.565987e-01 
1.565987e-01 
1.565987e-01 
1.565987e-01 
1.565987e-01 
1.565987e-01 
1.565987e-01 
1.565987e-01 
1.565987e-01 
1.565987e-01 
1.565987e-01 
1.565987e-01 
1.565987e-01 
1.565987e-01 
1.565987e-01 
1.565987e-01 
1.565987e-01 
1.565987e-01 
1.565987e-01 
1.565987e-01 
1.565987e-01 
9.182562e-02 
9.182562e-02 
9.182562e-02 
9.182562e-02 
9.182562e-02 
9.182562e-02 
9.182562e-02 
9.182562e-02 
9.182562e-02 
9.182562e-02 
9.182562e-02 
9.182562e-02 
9.182562e-02 
9.182562e-02 
9.182562e-02 
9.182562e-02 
9.182562e-02 
9.182562e-02 
9.182562e-02 
9.182562e-02 
9.182562e-02 
9.182562e-02 
9.182562e-02 
9.182562e-02 
9.182562e-02 
9.182562e-02 
9.182562e-02 
9.182562e-02 
9.182562e-02 
9.182562e-02 
9.182562e-02 
9.182562e-02 
9.182562e-02 
9.182562e-02 
9.182562e-02 
9.182562e-02 
9.182562e-02 
9.182562e-02 
9.182562e-02 
9.182562e-02 
9.182562e-02 
9.182562e-02 
9.182562e-02 
9.182562e-02 
9.182562e-02 
9.182562e-02 
9.182562e-02 
9.182562e-02 
9.182562e-02 
9.182562e-02 
9.182562e-02 
9.182562e-02 
9.182562e-02 
9.182562e-02 
9.182562e-02 
9.182562e-02 
9.182562e-02 
9.182562e-02 
9.182562e-02 
9.182562e-02 
9.182562e-02 
9.182562e-02 
9.182562e-02 
9.182562e-02 
9.182562e-02 
9.182562e-02 
9.182562e-02 
9.182562e-02 
9.182562e-02 
9.182562e-02 
9.182562e-02 
9.182562e-02 
9.182562e-02 
8.599644e-02 
8.599644e-02 
8.599644e-02 
8.599644e-02 
8.599644e-02 
8.599644e-02 
6.731773e-02 
6.731773e-02 
6.731773e-02 
6.633424e-02 
6.633424e-02 
4.638451e-02 
4.638451e-02 
4.638451e-02 
4.638451e-02 
4.638451e-02 
4.638451e-02 
4.638451e-02 
4.638451e-02 
4.638451e-02 
4.638451e-02 
4.638451e-02 
4.638451e-02 
4.638451e-02 
4.638451e-02 
4.638451e-02 
4.638451e-02 
4.638451e-02 
4.638451e-02 
4.638451e-02 
4.638451e-02 
4.638451e-02 
4.638451e-02 
4.638451e-02 
4.638451e-02 
4.638451e-02 
4.638451e-02 
4.087870e-02 
4.087870e-02 
4.087870e-02 
4.087870e-02 
4.087870e-02 
4.087870e-02 
4.087870e-02 
4.087870e-02 
4.087870e-02 
4.087870e-02 
4.087870e-02 
4.087870e-02 
4.087870e-02 
4.087870e-02 
4.087870e-02 
4.087870e-02 
4.087870e-02 
4.087870e-02 
4.087870e-02 
4.087870e-02 
4.087870e-02 
4.087870e-02 
4.087870e-02 
4.087870e-02 
4.087870e-02 
4.087870e-02 
4.087870e-02 
4.087870e-02 
4.087870e-02 
4.087870e-02 
4.087870e-02 
4.087870e-02 
4.087870e-02 
4.087870e-02 
4.087870e-02 
4.087870e-02 
4.087870e-02 
4.087870e-02 
4.087870e-02 
4.087870e-02 
4.087870e-02 
4.087870e-02 
4.087870e-02 
4.087870e-02 
3.695316e-02 
3.695316e-02 
3.695316e-02 
3.695316e-02 
3.695316e-02 
3.695316e-02 
3.695316e-02 
3.695316e-02 
3.695316e-02 
3.695316e-02 
3.695316e-02 
3.695316e-02 
3.695316e-02 
3.695316e-02 
3.586688e-02 
3.497345e-02 
3.481407e-02 
3.481407e-02 
3.481407e-02 
3.443423e-02 
3.407023e-02 
3.383486e-02 
3.367923e-02 
3.357430e-02 
3.350239e-02 
3.345246e-02 
3.341743e-02 
3.339265e-02 
3.337502e-02 
3.336242e-02 
3.335338e-02 
3.334688e-02 
3.334220e-02 
3.333883e-02 
3.333639e-02 
3.333463e-02 
3.333336e-02 
3.333244e-02 
3.333177e-02 
3.333129e-02 
3.333095e-02 
3.333069e-02 
3.333051e-02 
3.333038e-02 
3.333029e-02 
3.333022e-02 
3.333017e-02 
3.333013e-02 
3.333010e-02 
3.333009e-02 
3.333007e-02 
3.333006e-02 
3.333006e-02 
3.333005e-02 
3.333005e-02 
3.333004e-02 
2.189241e-02 
2.189241e-02 
1.860070e-02 
1.860070e-02 
1.860070e-02 
1.860070e-02 
1.860070e-02 
1.860070e-02 
1.860070e-02 
1.860070e-02 
1.860070e-02 
1.860070e-02 
1.860070e-02 
1.860070e-02 
1.860070e-02 
1.860070e-02 
1.860070e-02 
1.860070e-02 
1.860070e-02 
1.860070e-02 
1.860070e-02 
1.860070e-02 
1.860070e-02 
1.860070e-02 
1.860070e-02 
1.860070e-02 
1.860070e-02 
1.860070e-02 
1.860070e-02 
1.860070e-02 
1.860070e-02 
1.860070e-02 
1.860070e-02 
1.860070e-02 
1.860070e-02 
1.860070e-02 
1.860070e-02 
1.860070e-02 
1.860070e-02 
1.860070e-02 
1.860070e-02 
1.860070e-02 
1.860070e-02 
1.860070e-02 
1.860070e-02 
1.860070e-02 
1.860070e-02 
1.860070e-02 
1.610697e-02 
1.610697e-02 
1.610697e-02 
1.610697e-02 
1.610697e-02 
1.610697e-02 
1.610697e-02 
1.610697e-02 
1.610697e-02 
1.610697e-02 
1.610697e-02 
1.610697e-02 
8.164380e-03 
8.164380e-03 
8.164380e-03 
8.164380e-03 
8.164380e-03 
8.164380e-03 
8.164380e-03 
8.164380e-03 
8.164380e-03 
8.164380e-03 
8.164380e-03 
8.164380e-03 
8.164380e-03 
8.164380e-03 
8.164380e-03 
8.164380e-03 
8.164380e-03 
8.164380e-03 
8.164380e-03 
8.164380e-03 
8.164380e-03 
8.164380e-03 
8.164380e-03 
8.164380e-03 
8.164380e-03 
8.164380e-03 
8.164380e-03 
8.164380e-03 
8.164380e-03 
8.164380e-03 
7.948270e-03 
7.948270e-03 
7.948270e-03 
7.948270e-03 
7.948270e-03 
7.948270e-03 
7.948270e-03 
7.948270e-03 
7.948270e-03 
7.948270e-03 
7.948270e-03 
7.948270e-03 
7.948270e-03 
7.948270e-03 
6.606635e-03 
6.606635e-03 
6.471457e-03 
6.471457e-03 
6.462468e-03 
6.091605e-03 
5.353851e-03 
4.534496e-03 
4.534496e-03 
4.534496e-03 
4.534496e-03 
4.227079e-03 
4.227079e-03 
4.115231e-03 
4.115231e-03 
4.115231e-03 
4.115231e-03 
3.305127e-03 
3.164143e-03 
3.164143e-03 
3.164143e-03 
3.164143e-03 
3.164143e-03 
3.164143e-03 
3.164143e-03 
3.164143e-03 
3.164143e-03 
3.164143e-03 
3.164143e-03 
3.164143e-03 
3.164143e-03 
3.164143e-03 
3.164143e-03 
3.164143e-03 
3.164143e-03 
3.113153e-03 
3.113153e-03 
3.113153e-03 
2.909381e-03 
2.909381e-03 
2.909381e-03 
2.909381e-03 
2.909381e-03 
2.909381e-03 
2.888866e-03 
2.888866e-03 
2.888866e-03 
2.888866e-03 
2.888866e-03 
2.813038e-03 
2.813038e-03 
2.780974e-03 
2.780974e-03 
2.780974e-03 
2.780974e-03 
2.780974e-03 
2.780974e-03 
2.780974e-03 
2.780974e-03 
2.780974e-03 
2.780974e-03 
2.780974e-03 
2.758711e-03 
2.758711e-03 
2.758711e-03 
2.662776e-03 
1.658072e-03 
1.658072e-03 
1.658072e-03 
1.658072e-03 
1.658072e-03 
1.658072e-03 
1.658072e-03 
1.658072e-03 
1.658072e-03 
1.658072e-03 
1.431426e-03 
1.427981e-03 
1.427981e-03 
1.427981e-03 
1.427981e-03 
1.427981e-03 
1.427981e-03 
1.427981e-03 
1.427981e-03 
1.427981e-03 
1.427981e-03 
1.427981e-03 
1.427981e-03 
1.427981e-03 
1.427981e-03 
1.427981e-03 
1.427981e-03 
1.427981e-03 
1.427981e-03 
1.085993e-03 
1.000526e-03 
1.000526e-03 
7.086359e-04 
7.086359e-04 
7.086359e-04 
7.086359e-04 
7.086359e-04 
7.086359e-04 
7.086359e-04 
7.086359e-04 
7.086359e-04 
7.086359e-04 
7.086359e-04 
7.086359e-04 
7.086359e-04 
7.086359e-04 
7.086359e-04 
7.086359e-04 
7.086359e-04 
7.086359e-04 
7.086359e-04 
7.086359e-04 
7.086359e-04 
6.689246e-04 
6.156582e-04 
6.156582e-04 
6.156582e-04 
6.156582e-04 
6.156582e-04 
6.156582e-04 
6.156582e-04 
6.156582e-04 
5.345138e-04 
5.345138e-04 
5.124749e-04 
5.124749e-04 
5.124749e-04 
5.124749e-04 
5.124749e-04 
4.891078e-04 
4.891078e-04 
3.011638e-04 
3.011638e-04 
3.011638e-04 
3.011638e-04 
3.011638e-04 
3.011638e-04 
3.011638e-04 
2.891324e-04 
2.891324e-04 
2.891324e-04 
2.342214e-04 
1.679805e-04 
1.348271e-04 
1.182850e-04 
1.100672e-04 
1.060102e-04 
1.040257e-04 
1.030681e-04 
1.026155e-04 
1.024088e-04 
1.023197e-04 
1.022855e-04 
1.022758e-04 
1.022758e-04 
1.022126e-04 
1.021735e-04 
1.021489e-04 
1.021330e-04 
1.021225e-04 
1.021154e-04 
1.021106e-04 
1.021073e-04 
1.021050e-04 
1.021034e-04 
1.021023e-04 
1.021015e-04 
1.021010e-04 
1.021006e-04 
1.021003e-04 
1.021001e-04 
1.021000e-04 
1.020999e-04 
1.020998e-04 
1.020997e-04 
1.020997e-04 
1.020997e-04 
1.020997e-04 
1.020997e-04 
1.020996e-04 
1.020996e-04 
1.020996e-04 
1.020996e-04 
1.020996e-04 
1.020996e-04 
1.020996e-04 
1.020996e-04 
1.020996e-04 
1.020996e-04 
8.160953e-05 
8.160953e-05 
7.706931e-05 
7.706931e-05 
7.706931e-05 
7.706931e-05 
7.706931e-05 
6.252594e-05 
6.252594e-05 
4.401158e-05 
4.401158e-05 
4.401158e-05 
4.401158e-05 
4.401158e-05 
4.401158e-05 
4.401158e-05 
4.401158e-05 
4.401158e-05 
4.401158e-05 
4.401158e-05 
4.401158e-05 
4.401158e-05 
4.401158e-05 
4.401158e-05 
4.401158e-05 
4.401158e-05 
4.401158e-05 
4.401158e-05 
4.401158e-05 
4.401158e-05 
4.401158e-05 
4.401158e-05 
4.401158e-05 
4.401158e-05 
4.401158e-05 
4.401158e-05 
4.401158e-05 
4.401158e-05 
4.401158e-05 
4.401158e-05 
4.401158e-05 
4.401158e-05 
4.401158e-05 
4.401158e-05 
4.068368e-05 
4.068368e-05 
3.524356e-05 
3.524356e-05 
3.524356e-05 
3.162434e-05 
2.120501e-05 
2.120501e-05 
2.120501e-05 
2.120501e-05 
2.120501e-05 
2.120501e-05 
2.120501e-05 
2.120501e-05 
2.120501e-05 
2.120501e-05 
1.900554e-05 
1.900554e-05 
1.900554e-05 
1.819066e-05 
1.819066e-05 
1.819066e-05 
1.819066e-05 
1.819066e-05 
1.819066e-05 
1.819066e-05 
1.807759e-05 
1.807759e-05 
1.794844e-05 
1.794844e-05 
1.794844e-05 
1.794844e-05 
1.794844e-05 
1.794844e-05 
1.789679e-05 
1.789679e-05 
1.789679e-05 
1.789679e-05 
1.789679e-05 
1.789679e-05 
1.789679e-05 
1.789679e-05 
1.450544e-05 
1.450544e-05 
1.450544e-05 
1.450544e-05 
8.906314e-06 
8.906314e-06 
8.906314e-06 
8.906314e-06 
8.906314e-06 
8.906314e-06 
8.906314e-06 
8.906314e-06 
8.906314e-06 
7.514718e-06 
7.514718e-06 
5.882523e-06 
5.882523e-06 
5.882523e-06 
5.120237e-06 
4.897244e-06 
4.897244e-06 
4.031389e-06 
4.031389e-06 
3.134559e-06 
2.717684e-06 
2.717684e-06 
2.717684e-06 
2.717684e-06 
2.717684e-06 
2.717684e-06 
2.684433e-06 
2.684433e-06 
2.684433e-06 
2.684433e-06 
2.684433e-06 
2.684433e-06 
2.682511e-06 
2.682511e-06 
2.682511e-06 
2.643132e-06 
2.643132e-06 
2.643132e-06 
2.643132e-06 
2.643132e-06 
2.625275e-06 
2.624110e-06 
2.624110e-06 
2.610976e-06 
2.605233e-06 
2.605233e-06 
2.605233e-06 
2.605233e-06 
2.605233e-06 
2.604750e-06 
2.604345e-06 
2.604345e-06 
2.604163e-06 
2.604163e-06 
2.604163e-06 
2.604163e-06 
2.604163e-06 
2.604163e-06 
2.604163e-06 
2.604163e-06 
2.604163e-06 
2.604163e-06 
2.604163e-06 
2.604163e-06 
2.603848e-06 
2.603848e-06 
2.603848e-06 
2.603848e-06 
2.603848e-06 
2.603848e-06 
2.603848e-06 
2.603472e-06 
2.603047e-06 
2.602750e-06 
2.602543e-06 
2.602398e-06 
2.602296e-06 
2.602225e-06 
2.602176e-06 
2.602142e-06 
2.602117e-06 
2.602100e-06 
2.602088e-06 
2.602080e-06 
2.602075e-06 
2.602071e-06 
2.602068e-06 
2.602066e-06 
2.602064e-06 
2.602063e-06 
2.602063e-06 
2.602062e-06 
2.602062e-06 
2.602061e-06 
2.602061e-06 
2.602061e-06 
2.602061e-06 
2.602061e-06 
2.602061e-06 
2.602061e-06 
2.602061e-06 
2.602061e-06 
2.602061e-06 
2.602061e-06 
2.602061e-06 
2.602061e-06 
2.602061e-06 
1.845223e-06 
1.827624e-06 
1.827624e-06 
1.827624e-06 
1.631918e-06 
1.631918e-06 
1.489102e-06 
1.489102e-06 
1.489102e-06 
1.489102e-06 
1.489102e-06 
1.489102e-06 
1.489102e-06 
1.489102e-06 
1.218387e-06 
1.218387e-06 
1.218387e-06 
1.218387e-06 
1.218387e-06 
1.218387e-06 
1.218387e-06 
1.218387e-06 
1.218387e-06 
1.218387e-06 
1.218387e-06 
1.218387e-06 
1.218387e-06 
1.218387e-06 
1.218387e-06 
1.218387e-06 
1.218387e-06 
1.218387e-06 
7.286711e-07 
7.286711e-07 
7.286711e-07 
7.286711e-07 
6.460017e-07 
6.460017e-07 
6.460017e-07 
5.708935e-07 
5.708935e-07 
5.708935e-07 
5.243560e-07 
5.243560e-07 
5.243560e-07 
5.243560e-07 
5.243560e-07 
5.243560e-07 
4.254720e-07 
4.254720e-07 
4.254720e-07 
4.254720e-07 
4.254720e-07 
4.254720e-07 
4.254720e-07 
4.254720e-07 
4.254720e-07 
3.667416e-07 
3.667416e-07 
3.475167e-07 
3.475167e-07 
3.475167e-07 
3.475167e-07 
3.475167e-07 
3.475167e-07 
3.376941e-07 
3.376941e-07 
3.376941e-07 
3.303918e-07 
3.287513e-07 
3.287513e-07 
3.287513e-07 
3.277228e-07 
3.277228e-07 
3.273666e-07 
3.273666e-07 
3.242827e-07 
3.237230e-07 
3.237230e-07 
3.237230e-07 
3.231935e-07 
3.231935e-07 
3.231935e-07 
3.231935e-07 
3.231935e-07 
3.211847e-07 
3.183860e-07 
3.168110e-07 
3.158951e-07 
3.153448e-07 
3.150036e-07 
3.147870e-07 
3.146460e-07 
3.145528e-07 
3.144904e-07 
3.144483e-07 
3.144195e-07 
3.143998e-07 
3.143863e-07 
3.143769e-07 
3.143703e-07 
3.143662e-07 
3.143631e-07 
3.143608e-07 
3.143594e-07 
3.143584e-07 
3.143576e-07 
3.143573e-07 
3.143569e-07 
3.143566e-07 
2.962763e-07 
2.962763e-07 
2.962763e-07 
2.962763e-07 
2.962763e-07 
2.962763e-07 
2.962763e-07 
2.962763e-07 
2.226224e-07 
2.226224e-07 
2.226224e-07 
2.226224e-07 
2.226224e-07 
2.226224e-07 
2.226224e-07 
2.226224e-07 
2.226224e-07 
1.900355e-07 
1.900355e-07 
1.900355e-07 
1.900355e-07 
1.900355e-07 
1.900355e-07 
1.741261e-07 
1.741261e-07 
1.741261e-07 
1.741261e-07 
1.603804e-07 
1.478149e-07 
1.478149e-07 
1.478149e-07 
1.404650e-07 
1.322479e-07 
1.121283e-07 
1.121283e-07 
1.121283e-07 
1.027120e-07 
9.848138e-08 
9.848138e-08 
9.393854e-08 
9.166044e-08 
9.166044e-08 
9.166044e-08 
8.952072e-08 
8.259092e-08 
7.972461e-08 
7.865836e-08 
7.835694e-08 
7.835582e-08 
7.835582e-08 
7.835582e-08 
7.835259e-08 
7.833064e-08 
7.832884e-08 
7.832884e-08 
7.830904e-08 
7.829285e-08 
7.828224e-08 
7.827493e-08 
7.827062e-08 
7.826714e-08 
7.826504e-08 
7.826327e-08 
7.826246e-08 
7.826179e-08 
7.826111e-08 
7.826065e-08 
7.826064e-08 
7.826042e-08 
7.826042e-08 
7.826042e-08 
7.825962e-08 
7.825911e-08 
7.825876e-08 
7.825822e-08 
7.825806e-08 
4.378388e-08 
4.378388e-08 
4.378388e-08 
4.378388e-08 
4.378388e-08 
4.378388e-08 
4.378388e-08 
4.378388e-08 
4.378388e-08 
4.378388e-08 
4.378388e-08 
3.971242e-08 
3.971242e-08 
3.971242e-08 
3.497783e-08 
3.497783e-08 
3.497783e-08 
3.497783e-08 
3.497783e-08 
3.497783e-08 
3.497783e-08 
3.497783e-08 
3.104762e-08 
3.104762e-08 
3.104762e-08 
3.104762e-08 
3.080767e-08 
3.080767e-08 
3.066771e-08 
3.066771e-08 
3.062464e-08 
2.840866e-08 
2.840866e-08 
2.306793e-08 
2.306793e-08 
2.306793e-08 
2.017507e-08 
2.017507e-08 
2.017507e-08 
2.017507e-08 
2.017507e-08 
2.017507e-08 
2.017507e-08 
2.017507e-08 
2.017507e-08 
2.017507e-08 
2.017507e-08 
2.017507e-08 
2.017507e-08 
2.017507e-08 
1.872061e-08 
1.872061e-08 
1.872061e-08 
1.475303e-08 
1.475303e-08 
1.475023e-08 
1.475023e-08 
1.475023e-08 
1.230678e-08 
1.230678e-08 
1.230678e-08 
1.170579e-08 
1.139099e-08 
1.093214e-08 
1.093214e-08 
1.093214e-08 
1.093214e-08 
9.536905e-09 
9.536905e-09 
9.536905e-09 
9.536905e-09 
9.536905e-09 
9.044518e-09 
8.600566e-09 
8.600566e-09 
8.184160e-09 
8.184160e-09 
8.184160e-09 
7.766086e-09 
7.503617e-09 
7.503617e-09 
7.301084e-09 
7.301084e-09 
7.301084e-09 
7.301084e-09 
7.301084e-09 
7.256015e-09 
7.256015e-09 
7.256015e-09 
7.256015e-09 
7.256015e-09 
7.256015e-09 
4.557172e-09 
2.871915e-09 
2.871915e-09 
1.654432e-09 
1.654432e-09 
1.654432e-09 
1.604080e-09 
1.604080e-09 
1.604080e-09 
1.604080e-09 
1.604080e-09 
1.604080e-09 
1.604080e-09 
1.568991e-09 
1.568991e-09 
1.568991e-09 
1.568991e-09 
1.568991e-09 
1.568991e-09 
1.568991e-09 
1.568991e-09 
1.568991e-09 
1.568991e-09 
1.268868e-09 
1.198606e-09 
1.198606e-09 
1.056309e-09 
1.015372e-09 
1.015372e-09 
1.015372e-09 
1.015372e-09 
9.313039e-10 
8.333868e-10 
8.333868e-10 
8.333868e-10 
8.333868e-10 
8.333868e-10 
8.333868e-10 
7.734466e-10 
7.734466e-10 
7.166724e-10 
7.091686e-10 
7.091686e-10 
7.091686e-10 
7.004524e-10 
7.004524e-10 
7.004524e-10 
6.734853e-10 
6.502115e-10 
6.432509e-10 
6.428885e-10 
6.428885e-10 
6.368458e-10 
6.368458e-10 
5.966831e-10 
5.966831e-10 
5.063856e-10 
5.063856e-10 
5.063856e-10 
4.951997e-10 
4.951997e-10 
4.777307e-10 
4.418545e-10 
3.835739e-10 
3.835739e-10 
3.835739e-10 
3.835739e-10 
3.751995e-10 
3.751995e-10 
3.751995e-10 
2.771557e-10 
2.771557e-10 
2.574512e-10 
2.574512e-10 
2.574512e-10 
2.062581e-10 
2.062581e-10 
2.062581e-10 
2.062581e-10 
2.062581e-10 
2.062581e-10 
2.062581e-10 
2.062581e-10 
2.062581e-10 
2.062581e-10 
2.062581e-10 
2.062581e-10 
2.062581e-10 
1.159622e-10 
1.159622e-10 
6.207294e-11 
6.207294e-11 
6.207294e-11 
6.207294e-11 
6.207294e-11 
6.207294e-11 
6.207294e-11 
6.207294e-11 
6.207294e-11 
6.207294e-11 
6.207294e-11 
6.207294e-11 
6.207294e-11 
6.207294e-11 
6.207294e-11 
6.207294e-11 
6.207294e-11 
6.094606e-11 
6.094606e-11 
6.094606e-11 
6.094606e-11 
6.094606e-11 
6.094606e-11 
6.094606e-11 
6.094606e-11 
6.094606e-11 
6.094606e-11 
6.094606e-11 
6.094606e-11 
6.048710e-11 
6.048710e-11 
6.048710e-11 
6.048710e-11 
6.048710e-11 
6.048710e-11 
6.048710e-11 
6.048710e-11 
6.048710e-11 
6.048710e-11 
6.048710e-11 
6.048710e-11 
6.048710e-11 
6.048710e-11 
6.048710e-11 
6.048710e-11 
6.048710e-11 
6.048710e-11 
6.048710e-11 
6.048710e-11 
6.048710e-11 
4.787185e-11 
4.787185e-11 
4.312809e-11 
4.312809e-11 
4.312809e-11 
4.312809e-11 
1.480986e-11 
1.480986e-11 
1.480986e-11 
1.480986e-11 
1.480986e-11 
1.480986e-11 
1.480986e-11 
1.480986e-11 
1.480986e-11 
1.480986e-11 
1.480986e-11 
1.480986e-11 
1.480986e-11 
1.480986e-11 
1.480986e-11 
1.480986e-11 
1.363805e-11 
1.363805e-11 
1.341290e-11 
1.341290e-11 
1.330854e-11 
1.330854e-11 
1.216693e-11 
1.216693e-11 
1.216693e-11 
1.216693e-11 
8.739602e-12 
8.739602e-12 
6.852000e-12 
6.852000e-12 
5.191625e-12 
5.191625e-12 
5.191625e-12 
5.191625e-12 
5.191625e-12 
5.191625e-12 
5.191625e-12 
5.191625e-12 
5.191625e-12 
5.191625e-12 
5.191625e-12 
5.191625e-12 
4.688916e-12 
4.688916e-12 
4.688916e-12 
4.688916e-12 
4.688916e-12 
4.688916e-12 
4.688916e-12 
4.688916e-12 
4.688916e-12 
4.688916e-12 
4.688916e-12 
3.630133e-12 
3.252805e-12 
3.252805e-12 
3.252805e-12 
2.556103e-12 
2.556103e-12 
2.005655e-12 
2.005655e-12 
1.992110e-12 
1.992110e-12 
1.992110e-12 
1.992110e-12 
1.992110e-12 
1.992110e-12 
1.992110e-12 
1.992110e-12 
1.992110e-12 
1.992110e-12 
1.992110e-12 
1.992110e-12 
1.981970e-12 
1.550834e-12 
1.550834e-12 
1.550834e-12 
1.347959e-12 
1.347959e-12 
7.280102e-13 
7.280102e-13 
7.280102e-13 
7.280102e-13 
7.280102e-13 
7.280102e-13 
7.280102e-13 
7.280102e-13 
5.830151e-13 
5.830151e-13 
5.830151e-13 
5.575540e-13 
5.575540e-13 
5.489683e-13 
5.489683e-13 
5.489683e-13 
5.489683e-13 
5.489683e-13 
5.489683e-13 
5.489683e-13 
5.489683e-13 
5.282441e-13 
5.282441e-13 
5.282441e-13 
5.282441e-13 
5.282441e-13 
5.282441e-13 
5.282441e-13 
5.282441e-13 
5.282441e-13 
4.617788e-13 
4.617788e-13 
4.497143e-13 
4.497143e-13 
4.313587e-13 
4.313587e-13 
4.313587e-13 
4.313587e-13 
4.313587e-13 
4.313587e-13 
4.313587e-13 
4.313587e-13 
4.313587e-13 
4.313587e-13 
4.313587e-13 
4.313587e-13 
4.313587e-13 
4.313587e-13 
4.313587e-13 
4.313587e-13 
4.313587e-13 
4.313587e-13 
4.313587e-13 
4.313587e-13 
4.313587e-13 
4.313587e-13 
4.313587e-13 
4.313587e-13 
4.189242e-13 
4.189242e-13 
4.075259e-13 
4.075259e-13 
4.075259e-13 
3.835450e-13 
3.700743e-13 
3.700743e-13 
9.111230e-14 
9.111230e-14 
9.111230e-14 
9.111230e-14 
9.111230e-14 
9.111230e-14 
9.111230e-14 
9.111230e-14 
9.111230e-14 
9.111230e-14 
9.111230e-14 
9.111230e-14 
9.111230e-14 
9.111230e-14 
9.111230e-14 
9.111230e-14 
9.111230e-14 
9.111230e-14 
9.111230e-14 
9.111230e-14 
9.111230e-14 
9.111230e-14 
9.111230e-14 
9.111230e-14 
9.111230e-14 
9.111230e-14 
9.111230e-14 
9.111230e-14 
9.111230e-14 
9.111230e-14 
9.111230e-14 
9.111230e-14 
9.111230e-14 
9.111230e-14 
9.111230e-14 
9.111230e-14 
9.111230e-14 
9.111230e-14 
9.111230e-14 
9.111230e-14 
9.111230e-14 
9.111230e-14 
9.111230e-14 
9.111230e-14 
9.111230e-14 
9.111230e-14 
9.111230e-14 
9.111230e-14 
9.111230e-14 
9.111230e-14 
9.111230e-14 
9.111230e-14 
9.111230e-14 
9.111230e-14 
9.111230e-14 
9.111230e-14 
9.111230e-14 
9.111230e-14 
9.111230e-14 
9.111230e-14 
9.111230e-14 
9.111230e-14 
9.111230e-14 
9.111230e-14 
3.663736e-14 
3.663736e-14 
3.663736e-14 
3.663736e-14 
3.663736e-14 
3.663736e-14 
3.515706e-14 
3.515706e-14 
3.515706e-14 
3.515706e-14 
3.515706e-14 
3.515706e-14 
3.515706e-14 
3.515706e-14 
3.515706e-14 
3.515706e-14 
3.034610e-14 
3.034610e-14 
3.034610e-14 
3.034610e-14 
3.034610e-14 
3.034610e-14 
3.034610e-14 
3.034610e-14 
3.034610e-14 
3.034610e-14 
3.034610e-14 
3.034610e-14 
2.997602e-14 
2.997602e-14 
2.997602e-14 
2.997602e-14 
2.997602e-14 
2.997602e-14 
2.997602e-14 
2.997602e-14 
2.997602e-14 
2.997602e-14 
2.997602e-14 
2.997602e-14 
2.997602e-14 
2.997602e-14 
2.997602e-14 
2.997602e-14 
2.997602e-14 
2.997602e-14 
2.997602e-14 
2.997602e-14 
2.997602e-14 
2.997602e-14 
2.997602e-14 
2.997602e-14 
2.997602e-14 
2.997602e-14 
2.997602e-14 
2.997602e-14 
2.997602e-14 
2.908784e-14 
2.908784e-14 
2.908784e-14 
2.908784e-14 
2.908784e-14 
2.331468e-14 
2.331468e-14 
2.331468e-14 
2.331468e-14 
2.331468e-14 
2.331468e-14 
2.331468e-14 
2.331468e-14 
2.331468e-14 
2.331468e-14 
2.331468e-14 
2.331468e-14 
2.331468e-14 
2.331468e-14 
2.331468e-14 
2.331468e-14 
2.331468e-14 
2.331468e-14 
2.331468e-14 
2.331468e-14 
2.331468e-14 
2.331468e-14 
2.331468e-14 
2.331468e-14 
2.331468e-14 
2.331468e-14 
2.331468e-14 
2.331468e-14 
2.331468e-14 
2.331468e-14 
2.331468e-14 
2.331468e-14 
2.331468e-14 
2.294461e-14 
2.294461e-14 
2.294461e-14 
2.294461e-14 
2.294461e-14 
2.294461e-14 
2.294461e-14 
2.294461e-14 
2.294461e-14 
2.294461e-14 
2.294461e-14 
2.294461e-14 
2.294461e-14 
2.294461e-14 
2.294461e-14 
2.294461e-14 
2.294461e-14 
2.294461e-14 
2.294461e-14 
2.294461e-14 
2.294461e-14 
2.294461e-14 
2.294461e-14 
2.294461e-14 
2.294461e-14 
2.294461e-14 
2.294461e-14 
2.294461e-14 
2.294461e-14 
2.294461e-14 
2.294461e-14 
2.294461e-14 
2.294461e-14 
2.294461e-14 
2.294461e-14 
2.109424e-14 
2.109424e-14 
2.109424e-14 
2.109424e-14 
2.109424e-14 
2.035409e-14 
2.035409e-14 
2.035409e-14 
2.035409e-14 
2.035409e-14 
2.035409e-14 
2.035409e-14 
2.035409e-14 
2.035409e-14 
2.035409e-14 
2.035409e-14 
2.035409e-14 
2.035409e-14 
2.035409e-14 
1.961394e-14 
1.961394e-14 
1.961394e-14 
1.961394e-14 
1.961394e-14 
1.961394e-14 
1.961394e-14 
1.961394e-14 
1.961394e-14 
1.961394e-14 
1.961394e-14 
1.961394e-14 
1.961394e-14 
1.961394e-14 
1.961394e-14 
1.961394e-14 
1.961394e-14 
1.961394e-14 
1.961394e-14 
1.961394e-14 
1.961394e-14 
1.961394e-14 
1.961394e-14 
1.961394e-14 
1.961394e-14 
1.961394e-14 
1.887379e-14 
1.887379e-14 
1.887379e-14 
1.887379e-14 
1.887379e-14 
1.887379e-14 
1.887379e-14 
1.887379e-14 
1.887379e-14 
1.887379e-14 
1.887379e-14 
1.887379e-14 
1.887379e-14 
1.887379e-14 
1.887379e-14 
1.850372e-14 
1.850372e-14 
1.850372e-14 
1.850372e-14 
1.850372e-14 
1.850372e-14 
1.850372e-14 
1.850372e-14 
1.850372e-14 
1.850372e-14 
1.850372e-14 
1.850372e-14 
1.850372e-14 
1.850372e-14 
1.850372e-14 
1.850372e-14 
1.850372e-14 
1.850372e-14 
1.850372e-14 
1.850372e-14 
1.850372e-14 
1.702342e-14 
1.702342e-14 
1.702342e-14 
1.702342e-14 
1.702342e-14 
1.702342e-14 
1.702342e-14 
1.702342e-14 
1.369275e-14 
1.369275e-14 
1.369275e-14 
1.369275e-14 
1.369275e-14 
1.369275e-14 
1.369275e-14 
1.369275e-14 
1.369275e-14 
1.369275e-14 
1.369275e-14 
1.369275e-14 
1.369275e-14 
1.369275e-14 
1.369275e-14 
1.369275e-14 
1.369275e-14 
1.369275e-14 
1.369275e-14 
1.369275e-14 
1.369275e-14 
1.369275e-14 
1.369275e-14 
1.369275e-14 
1.369275e-14 
1.369275e-14 
1.369275e-14 
1.369275e-14 
1.369275e-14 
1.369275e-14 
1.369275e-14 
1.369275e-14 
1.369275e-14 
1.369275e-14 
1.369275e-14 
1.369275e-14 
1.369275e-14 
1.369275e-14 
1.369275e-14 
1.369275e-14 
1.221245e-14 
1.221245e-14 
1.221245e-14 
1.221245e-14 
1.221245e-14 
1.221245e-14 
1.221245e-14 
1.221245e-14 
1.221245e-14 
1.221245e-14 
1.221245e-14 
1.221245e-14 
1.221245e-14 
1.221245e-14 
1.221245e-14 
1.221245e-14 
1.221245e-14 
1.221245e-14 
1.221245e-14 
1.221245e-14 
1.221245e-14 
1.221245e-14 
1.221245e-14 
1.221245e-14 
1.221245e-14 
1.221245e-14 
1.221245e-14 
1.221245e-14 
1.221245e-14 
1.221245e-14 
1.221245e-14 
1.221245e-14 
1.221245e-14 
1.221245e-14 
1.221245e-14 
1.221245e-14 
1.221245e-14 
1.221245e-14 
8.881784e-15 
8.881784e-15 
8.881784e-15 
8.881784e-15 
8.881784e-15 
7.401487e-15 
7.401487e-15 
7.401487e-15 
7.401487e-15 
7.401487e-15 
7.401487e-15 
7.401487e-15 
7.401487e-15 
7.401487e-15 
7.401487e-15 
7.401487e-15 
7.401487e-15 
7.401487e-15 
7.401487e-15 
7.401487e-15 
7.401487e-15 
7.401487e-15 
7.401487e-15 
7.401487e-15 
7.401487e-15 
7.401487e-15 
7.401487e-15 
7.401487e-15 
7.401487e-15 
4.440892e-15 
4.440892e-15 
4.440892e-15 
4.440892e-15 
4.440892e-15 
4.440892e-15 
4.440892e-15 
4.440892e-15 
4.440892e-15 
4.440892e-15 
4.440892e-15 
4.440892e-15 
4.440892e-15 
4.440892e-15 
4.440892e-15 
4.440892e-15 
4.440892e-15 
4.440892e-15 
4.440892e-15 
4.440892e-15 
4.440892e-15 
4.440892e-15 
4.440892e-15 
4.440892e-15 
4.440892e-15 
4.440892e-15 
4.440892e-15 
4.440892e-15 
4.440892e-15 
4.440892e-15 
4.440892e-15 
4.440892e-15 
4.440892e-15 
4.440892e-15 
4.440892e-15 
4.440892e-15 
4.440892e-15 
4.440892e-15 
4.440892e-15 
4.440892e-15 
4.440892e-15 
4.440892e-15 
4.440892e-15 
4.440892e-15 
4.440892e-15 
4.440892e-15 
4.440892e-15 
4.440892e-15 
4.440892e-15 
4.440892e-15 
4.440892e-15 
4.440892e-15 
4.440892e-15 
4.440892e-15 
4.440892e-15 
4.440892e-15 
4.440892e-15 
4.440892e-15 
4.070818e-15 
4.070818e-15 
4.070818e-15 
4.070818e-15 
4.070818e-15 
4.070818e-15 
4.070818e-15 
4.070818e-15 
4.070818e-15 
4.070818e-15 
4.070818e-15 
4.070818e-15 
4.070818e-15 
4.070818e-15 
4.070818e-15 
4.070818e-15 
4.070818e-15 
4.070818e-15 
4.070818e-15 
4.070818e-15 
3.700743e-15 
3.700743e-15 
3.700743e-15 
3.700743e-15 
3.700743e-15 
3.700743e-15 
3.700743e-15 
3.700743e-15 
3.700743e-15 
3.700743e-15 
3.700743e-15 
3.700743e-15 
3.700743e-15 
3.700743e-15 
3.700743e-15 
3.700743e-15 
3.700743e-15 
3.700743e-15 
3.330669e-15 
3.330669e-15 
3.330669e-15 
3.330669e-15 
3.330669e-15 
3.330669e-15 
3.330669e-15 
3.330669e-15 
3.330669e-15 
3.330669e-15 
3.330669e-15 
3.330669e-15 
3.330669e-15 
3.330669e-15 
3.330669e-15 
3.330669e-15 
3.330669e-15 
3.330669e-15 
3.330669e-15 
3.330669e-15 
3.330669e-15 
3.330669e-15 
3.330669e-15 
3.330669e-15 
3.330669e-15 
3.330669e-15 
3.330669e-15 
3.330669e-15 
3.330669e-15 
3.330669e-15 
3.330669e-15 
3.330669e-15 
3.330669e-15 
3.330669e-15 
3.330669e-15 
3.330669e-15 
3.330669e-15 
3.330669e-15 
3.330669e-15 
3.330669e-15 
3.330669e-15 
3.330669e-15 
3.330669e-15 
3.330669e-15 
2.220446e-15 
2.220446e-15 
2.220446e-15 
1.110223e-15 
1.110223e-15 
1.110223e-15 
1.110223e-15 
1.110223e-15 
1.110223e-15 
1.110223e-15 
1.110223e-15 
1.110223e-15 
1.110223e-15 
1.110223e-15 
1.110223e-15 
1.110223e-15 
1.110223e-15 
7.401487e-16 
7.401487e-16 
7.401487e-16 
7.401487e-16 
7.401487e-16 
7.401487e-16 
7.401487e-16 
7.401487e-16 
7.401487e-16 
7.401487e-16 
7.401487e-16 
7.401487e-16 
7.401487e-16 
7.401487e-16 
3.700743e-16 
3.700743e-16 
3.700743e-16 
3.700743e-16 
3.700743e-16 
3.700743e-16 
3.700743e-16 
3.700743e-16 
3.700743e-16 
3.700743e-16 
3.700743e-16 
3.700743e-16 
3.700743e-16 
3.700743e-16 
3.700743e-16 
3.700743e-16 
3.700743e-16 
3.700743e-16 
3.700743e-16 
3.700743e-16 
3.700743e-16 
3.700743e-16 
3.700743e-16 
3.700743e-16 
3.700743e-16 
3.700743e-16 
3.700743e-16 
3.700743e-16 
3.700743e-16 
3.700743e-16 
3.700743e-16 
3.700743e-16 
3.700743e-16 
3.700743e-16 
3.700743e-16 
3.700743e-16 
3.700743e-16 
3.700743e-16 
3.700743e-16 
3.700743e-16 
3.700743e-16 
3.700743e-16 
3.700743e-16 
3.700743e-16 
3.700743e-16 
3.700743e-16 
3.700743e-16 
3.700743e-16 
3.700743e-16 
3.700743e-16 
3.700743e-16 
3.700743e-16 
3.700743e-16 
3.700743e-16 
3.700743e-16 
3.700743e-16 
3.700743e-16 
3.700743e-16 
3.700743e-16 
0 
0 
0 
0 
0 
0 
0 
0 
0 
0 
0 
0 
0 
0 
0 
0 
0 
0 
0 
0 
0 
0 
0 
0 
0 
0 
0 
0 
0 
0 
0 
0 
0 
0 
0 
0 
0 
0 
0 
0 
0 
0 
0 
0 
0 
0 
0 
0 
0 
0 
0 
0 
0 
0 
0 
0 
0 
0 
0 
0 
0 
0 
0 
0 
0 
0 
0 
0 
0 
0 
0 
0 
0 
0 
0 
0 
0 
0 
0 
0 
0 
0 
0 
0 
0 
0 
0 
0 
0 
0 
0 
0 
0 
0 
0 
0 
0 
0 
0 
0 
0 
0 
0 
0 
0 
0 
0 
0 
0 
0 
0 
0 
0 
0 
0 
0 
0 
0 
0 
0 
0 
0 
0 
0 
0 
0 
0 
0 
0 
0 
0 
0 
0 
0 
0 
0 
0 
0 
0 
0 
0 
0 
0 
0 
0 
0 
0 
0 
0 
0 
0 
0 
0 
0 
0 
0 
0 
0 
0 
0 
0 
0 
0 
0 
0 
0 
0 
0 
0 
0 
0 
0 
0 
0 
0 
0 
0 
0 
0 
0 
0 
0 
0 
0 
0 
0 
0 
0 
0 
0 
0 
0 
0 
0 
0 
0 
0 
0 
0 
0 
0 
0 
0 
0 
0 
0 
0 
0 
0 
0 
0 
0 
0 
0 
0 
0 
0 
0 
0 
0 
0 
0 
0 
0 
0 
0 
0 
0 
0 
0 
0 
0 
0 
0 
0 
0 
0 
0 
0 
0 
0 
0 
0 
0 
0 
0 
0 
0 
0 
0 
0 
0 
0 
0 
0 
0 
0 
0 
0 
0 
0 
0 
0 
0 
0 
0 
0 
0 
0 
0 
0 
0 
0 
0 
0 
0 
0 
0 
0 
0 
0 
0 
0 
0 
0 
0 
0 
0 
0 
0 
0 
0 
0 
0 
0 
0 
0 
0 
0 
0 
0 
0 
0 
0 
0 
0 
0 
0 
0 
0 
0 
0 
0 
0 
0 
0 
0 
0 
0 
0 
0 
0 
0 
0 
0 
0 
0 
0 
0 
0 
0 
0 
0 
0 
0 
0 
0 
0 
0 
0 
0 
0 
0 
0 
0 
0 
0 
0 
0 
0 
0 
0 
0 
0 
0 
0 
0 
0 
0 
0 
0 
0 
0 
0 
0 
0 
0 
0 
0 
0 
0 
0 
0 
0 
0 
0 
0 
0 
0 
0 
0 
0 
0 
0 
0 
0 
0 
0 
0 
0 
0 
0 
0 
0 
0 
0 
0 
0 
0 
0 
0 
0 
0 
0 
0 
0 
0 
0 
0 
0 
0 
0 
0 
0 
0 
0 
0 
0 
0 
0 
0 
0 
0 
0 
0 
0 
0 
0 
0 
0 
0 
0 
0 
0 
0 
0 
0 
0 
0 
0 
0 
0 
0 
0 
0 
0 
0 
0 
0 
0 
0 
0 
0 
0 
0 
0 
0 
0 
0 
0 
0 
0 
0 
0 
0 
0 
0 
0 
0 
0 
0 
0 
0 
0 
0 
0 
0 
0 
0 
0 
0 
0 
0 
0 
0 
0 
0 
0 
0 
0 
0 
0 
0 
0 
0 
0 
0 
0 
0 
0 
0 
0 
0 
0 
0 
0 
0 
0 
0 
0 
0 
0 
0 
0 
0 
0 
0 
0 
0 
0 
0 
0 
0 
0 
0 
0 
0 
0 
0 
0 
0 
0 
0 
0 
0 
0 
0 
0 
0 
0 
0 
0 
0 
0 
0 
0 
0 
0 
0 
0 
0 
0 
0 
0 
0 
0 
0 
0 
0 
0 
0 
0 
0 
0 
0 
0 
0 
0 
0 
0 
0 
0 
0 
0 
0 
0 
0 
0 
0 
0 
0 
0 
0 
0 
0 
0 
0 
0 
0 
0 
0 
0 
0 
0 
0 
0 
0 
0 
0 
0 
0 
0 
0 
0 
0 
0 
0 
0 
0 
0 
0 
0 
0 
0 
0 
0 
0 
0 
0 
0 
0 
0 
0 
0 
0 
0 
0 
0 
0 
0 
0 
0 
0 
0 
0 
0 
0 
0 
0 
0 
0 
0 
0 
0 
0 
0 
0 
0 
0 
0 
0 
0 
0 
0 
0 
0 
0 
0 
0 
0 
0 
0 
0 
0 
0 
0 
0 
0 
0 
0 
0 
0 
0 
0 
0 
0 
0 
0 
0 
0 
0 
0 
0 
0 
0 
0 
0 
0 
0 
0 
0 
0 
0 
0 
0 
0 
0 
0 
0 
0 
0 
0 
0 
0 
0 
0 
0 
0 
0 
0 
0 
0 
0 
0 
0 
0 
0 
0 
0 
0 
0 
0 
0 
0 
0 
0 
0 
0 
0 
0 
0 
0 
0 
0 
0 
0 
0 
0 
0 
0 
0 
0 
0 
0 
0 
0 
0 
0 
0 
0 
0 
0 
0 
0 
0 
0 
0 
0 
0 
0 
0 
0 
0 
0 
0 
0 
0 
0 
0 
0 
0 
0 
0 
0 
0 
0 
0 
0 
0 
0 
0 
0 
0 
0 
0 
0 
0 
0 
0 
0 
0 
0 
0 
0 
0 
0 
0 
0 
0 
0 
0 
0 
0 
0 
0 
0 
0 
0 
0 
0 
0 
0 
0 
0 
0 
0 
0 
0 
0 
0 
0 
0 
0 
0 
0 
0 
0 
0 
0 
0 
0 
0 
0 
0 
0 
0 
0 
0 
0 
0 
0 
0 
0 
0 
0 
0 
0 
0 
0 
0 
0 
0 
0 
0 
0 
0 
0 
0 
0 
0 
0 
0 
0 
0 
0 
0 
0 
0 
0 
0 
0 
0 
0 
0 
0 
0 
0 
0 
0 
0 
0 
0 
0 
0 
0 
0 
0 
0 
0 
0 
0 
0 
0 
0 
0 
0 
0 
0 
0 
0 
0 
0 
0 
0 
0 
0 
0 
0 
0 
0 
0 
0 
0 
0 
0 
0 
0 
0 
0 
0 
0 
0 
0 
0 
0 
0 
0 
0 
0 
0 
0 
0 
0 
0 
0 
0 
0 
0 
0 
0 
0 
0 
0 
0 
0 
0 
0 
0 
0 
0 
0 
0 
0 
0 
0 
0 
0 
0 
0 
0 
0 
0 
0 
0 
0 
0 
0 
0 
0 
0 
0 
0 
0 
0 
0 
0 
0 
0 
0 
0 
0 
0 
0 
0 
0 
0 
0 
0 
0 
0 
0 
0 
0 
0 
0 
0 
0 
0 
0 
0 
0 
0 
0 
0 
0 
0 
0 
0 
0 
0 
0 
0 
0 
0 
0 
0 
0 
0 
0 
0 
0 
0 
0 
0 
0 
0 
0 
0 
0 
0 
0 
0 
0 
0 
0 
0 
0 
0 
0 
0 
0 
0 
0 
0 
0 
0 
0 
0 
0 
0 
0 
0 
0 
0 
0 
0 
0 
0 
0 
0 
0 
0 
0 
0 
0 
0 
0 
0 
0 
0 
0 
0 
0 
0 
0 
0 
0 
0 
0 
0 
0 
0 
0 
0 
0 
0 
0 
0 
0 
0 
0 
0 
0 
0 
0 
0 
0 
0 
0 
0 
0 
0 
0 
0 
0 
0 
0 
0 
0 
0 
0 
0 
0 
0 
0 
0 
0 
0 
0 
0 
0 
0 
0 
0 
0 
0 
0 
0 
0 
0 
0 
0 
0 
0 
0 
0 
0 
0 
0 
0 
0 
0 
0 
0 
0 
0 
0 
0 
0 
0 
0 
0 
0 
0 
0 
0 
0 
0 
0 
0 
0 
0 
0 
0 
0 
0 
0 
0 
0 
0 
0 
0 
0 
0 
0 
0 
0 
0 
0 
0 
0 
0 
0 
0 
0 
0 
0 
0 
0 
0 
0 
0 
0 
0 
0 
0 
0 
0 
0 
0 
0 
0 
0 
0 
0 
0 
0 
0 
0 
0 
0 
0 
0 
0 
0 
0 
0 
0 
0 
0 
0 
0 
0 
0 
0 
0 
0 
0 
0 
0 
0 
0 
0 
0 
0 
0 
0 
0 
0 
0 
0 
0 
0 
0 
0 
0 
0 
0 
0 
0 
0 
0 
0 
0 
0 
0 
0 
0 
0 
0 
0 
0 
0 
0 
0 
0 
0 
0 
0 
0 
0 
0 
0 
0 
0 
0 
0 
0 
0 
0 
0 
0 
0 
0 
0 
0 
0 
0 
0 
0 
0 
0 
0 
0 
0 
0 
0 
0 
0 
0 
0 
0 
0 
0 
0 
0 
0 
0 
0 
0 
0 
0 
0 
0 
0 
0 
0 
0 
0 
0 
0 
0 
0 
0 
0 
0 
0 
0 
0 
0 
0 
0 
0 
0 
0 
0 
0 
0 
0 
0 
0 
0 
0 
0 
0 
0 
0 
0 
0 
0 
0 
0 
0 
0 
0 
0 
0 
0 
0 
0 
0 
0 
0 
0 
0 
0 
0 
0 
0 
0 
0 
0 
0 
0 
0 
0 
0 
0 
0 
0 
0 
0 
0 
0 
0 
0 
0 
0 
0 
0 
0 
0 
0 
0 
0 
0 
0 
0 
0 
0 
0 
0 
0 
0 
0 
0 
0 
0 
0 
0 
0 
0 
0 
0 
0 
0 
0 
0 
0 
0 
0 
0 
0 
0 
0 
0 
0 
0 
0 
0 
0 
0 
0 
0 
0 
0 
0 
0 
0 
0 
0 
0 
0 
0 
0 
0 
0 
0 
0 
0 
0 
0 
0 
0 
0 
0 
0 
0 
0 
0 
0 
0 
0 
0 
0 
0 
0 
0 
0 
0 
0 
0 
0 
0 
0 
0 
0 
0 
0 
0 
0 
0 
0 
0 
0 
0 
0 
0 
0 
0 
0 
0 
0 
0 
0 
0 
0 
0 
0 
0 
0 
0 
0 
0 
0 
0 
0 
0 
0 
0 
0 
0 
0 
0 
0 
0 
0 
0 
0 
0 
0 
0 
0 
0 
0 
0 
0 
0 
0 
0 
0 
0 
0 
0 
0 
0 
0 
0 
0 
0 
0 
0 
0 
0 
0 
0 
0 
0 
0 
0 
0 
0 
0 
0 
0 
0 
0 
0 
0 
0 
0 
0 
0 
0 
0 
0 
0 
0 
0 
0 
0 
0 
0 
0 
0 
0 
0 
0 
0 
0 
0 
0 
0 
0 
0 
0 
0 
0 
0 
0 
0 
0 
0 
0 
0 
0 
0 
0 
0 
0 
0 
0 
0 
0 
0 
0 
0 
0 
0 
0 
0 
0 
0 
0 
0 
0 
0 
0 
0 
0 
0 
0 
0 
0 
0 
0 
0 
0 
0 
0 
0 
0 
0 
0 
0 
0 
0 
0 
0 
0 
0 
0 
0 
0 
0 
0 
0 
0 
0 
0 
0 
0 
0 
0 
0 
0 
0 
0 
0 
0 
0 
0 
0 
0 
0 
0 
0 
0 
0 
0 
0 
0 
0 
0 
0 
0 
0 
0 
0 
0 
0 
0 
0 
0 
0 
0 
0 
0 
0 
0 
0 
0 
0 
0 
0 
0 
0 
0 
0 
0 
0 
0 
0 
0 
0 
0 
0 
0 
0 
0 
0 
0 
0 
0 
0 
0 
0 
0 
0 
0 
0 
0 
0 
0 
0 
0 
0 
0 
0 
0 
0 
0 
0 
0 
0 
0 
0 
0 
0 
0 
0 
0 
0 
0 
0 
0 
0 
0 
0 
0 
0 
0 
0 
0 
0 
0 
0 
0 
0 
0 
0 
0 
0 
0 
0 
0 
0 
0 
0 
0 
0 
0 
0 
0 
0 
0 
0 
0 
0 
0 
0 
0 
0 
0 
0 
0 
0 
0 
0 
0 
0 
0 
0 
0 
0 
0 
0 
0 
0 
0 
0 
0 
0 
0 
0 
0 
0 
0 
0 
0 
0 
0 
0 
0 
0 
0 
0 
0 
0 
0 
0 
0 
0 
0 
0 
0 
0 
0 
0 
0 
0 
0 
0 
0 
0 
0 
0 
0 
0 
0 
0 
0 
0 
0 
0 
0 
0 
0 
0 
0 
0 
0 
0 
0 
0 
0 
0 
0 
0 
0 
0 
0 
0 
0 
0 
0 
0 
0 
0 
0 
0 
0 
0 
0 
0 
0 
0 
0 
0 
0 
0 
0 
0 
0 
0 
0 
0 
0 
0 
0 
0 
0 
0 
0 
0 
0 
0 
0 
0 
0 
0 
0 
0 
0 
0 
0 
0 
0 
0 
0 
0 
0 
0 
0 
0 
0 
0 
0 
0 
0 
0 
0 
0 
0 
0 
0 
0 
0 
0 
0 
0 
0 
0 
0 
0 
0 
0 
0 
0 
0 
0 
0 
0 
0 
0 
0 
0 
0 
0 
0 
0 
0 
0 
0 
0 
0 
0 
0 
0 
0 
0 
0 
0 
0 
0 
0 
0 
0 
0 
0 
0 
0 
0 
0 
0 
0 
0 
0 
0 
0 
0 
0 
0 
0 
0 
0 
0 
0 
0 
0 
0 
0 
0 
0 
0 
0 
0 
0 
0 
0 
0 
0 
0 
0 
0 
0 
0 
0 
0 
0 
0 
0 
0 
0 
0 
0 
0 
0 
0 
0 
0 
0 
0 
0 
0 
0 
0 
0 
0 
0 
0 
0 
0 
0 
0 
0 
0 
0 
0 
0 
0 
0 
0 
0 
0 
0 
0 
0 
0 
0 
0 
0 
0 
0 
0 
0 
0 
0 
0 
0 
0 
0 
0 
0 
0 
0 
0 
0 
0 
0 
0 
0 
0 
0 
0 
0 
0 
0 
0 
0 
0 
0 
0 
0 
0 
0 
0 
0 
0 
0 
0 
0 
0 
0 
0 
0 
0 
0 
0 
0 
0 
0 
0 
0 
0 
0 
0 
0 
0 
0 
0 
0 
0 
0 
0 
0 
0 
0 
0 
0 
0 
0 
0 
0 
0 
0 
0 
0 
0 
0 
0 
0 
0 
0 
0 
0 
0 
0 
0 
0 
0 
0 
0 
0 
0 
0 
0 
0 
0 
0 
0 
0 
0 
0 
0 
0 
0 
0 
0 
0 
0 
0 
0 
0 
0 
0 
0 
0 
0 
0 
0 
0 
0 
0 
0 
0 
0 
0 
0 
0 
0 
0 
0 
0 
0 
0 
0 
0 
0 
0 
0 
0 
0 
0 
0 
0 
0 
0 
0 
0 
0 
0 
0 
0 
0 
0 
0 
0 
0 
0 
0 
0 
0 
0 
0 
0 
0 
0 
0 
0 
0 
0 
0 
0 
0 
0 
0 
0 
0 
0 
0 
0 
0 
0 
0 
0 
0 
0 
0 
0 
0 
0 
0 
0 
0 
0 
0 
0 
0 
0 
0 
0 
0 
0 
0 
0 
0 
0 
0 
0 
0 
0 
0 
0 
0 
0 
0 
0 
0 
0 
0 
0 
0 
0 
0 
0 
0 
0 
0 
0 
0 
0 
0 
0 
0 
0 
0 
0 
0 
0 
0 
0 
0 
0 
0 
0 
0 
0 
0 
0 
0 
0 
0 
0 
0 
0 
0 
0 
0 
0 
0 
0 
0 
0 
0 
0 
0 
0 
0 
0 
0 
0 
0 
0 
0 
0 
0 
0 
0 
0 
0 
0 
0 
0 
0 
0 
0 
0 
0 
0 
0 
0 
0 
0 
0 
0 
0 
0 
0 
0 
0 
0 
0 
0 
0 
0 
0 
0 
0 
0 
0 
0 
0 
0 
0 
0 
0 
0 
0 
0 
0 
0 
0 
0 
0 
0 
0 
0 
0 
0 
0 
0 
0 
0 
0 
0 
0 
0 
0 
0 
0 
0 
0 
0 
0 
0 
0 
0 
0 
0 
0 
0 
0 
0 
0 
0 
0 
0 
0 
0 
0 
0 
0 
0 
0 
0 
0 
0 
0 
0 
0 
0 
0 
0 
0 
0 
0 
0 
0 
0 
0 
0 
0 
0 
0 
0 
0 
0 
0 
0 
0 
0 
0 
0 
0 
0 
0 
0 
0 
0 
0 
0 
0 
0 
0 
0 
0 
0 
0 
0 
0 
0 
0 
0 
0 
0 
0 
0 
0 
0 
0 
0 
0 
0 
0 
0 
0 
0 
0 
0 
0 
0 
0 
0 
0 
0 
0 
0 
0 
0 
0 
0 
0 
0 
0 
0 
0 
0 
0 
0 
0 
0 
0 
0 
0 
0 
0 
0 
0 
0 
0 
0 
0 
0 
0 
0 
0 
0 
0 
0 
0 
0 
0 
0 
0 
0 
0 
0 
0 
0 
0 
0 
0 
0 
0 
0 
0 
0 
0 
0 
0 
0 
0 
0 
0 
0 
0 
0 
0 
0 
0 
0 
0 
0 
0 
0 
0 
0 
0 
0 
0 
0 
0 
0 
0 
0 
0 
0 
0 
0 
0 
0 
0 
0 
0 
0 
0 
0 
0 
0 
0 
0 
0 
0 
0 
0 
0 
0 
0 
0 
0 
0 
0 
0 
0 
0 
0 
0 
0 
0 
0 
0 
0 
0 
0 
0 
0 
0 
0 
0 
0 
0 
0 
0 
0 
0 
0 
0 
0 
0 
0 
0 
0 
0 
0 
0 
0 
0 
0 
0 
0 
0 
0 
0 
0 
0 
0 
0 
0 
0 
0 
0 
0 
0 
0 
0 
0 
0 
0 
0 
0 
0 
0 
0 
0 
0 
0 
0 
0 
0 
0 
0 
0 
0 
0 
0 
0 
0 
0 
0 
0 
0 
0 
0 
0 
0 
0 
0 
0 
0 
0 
0 
0 
0 
0 
0 
0 
0 
0 
0 
0 
0 
0 
0 
0 
0 
0 
0 
0 
0 
0 
0 
0 
0 
0 
0 
0 
0 
0 
0 
0 
0 
0 
0 
0 
0 
0 
0 
0 
0 
0 
0 
0 
0 
0 
0 
0 
0 
0 
0 
0 
0 
0 
0 
0 
0 
0 
0 
0 
0 
0 
0 
0 
0 
0 
0 
0 
0 
0 
0 
0 
0 
0 
0 
0 
0 
0 
0 
0 
0 
0 
0 
0 
0 
0 
0 
0 
0 
0 
0 
0 
0 
0 
0 
0 
0 
0 
0 
0 
0 
0 
0 
0 
0 
0 
0 
0 
0 
0 
0 
0 
0 
0 
0 
0 
0 
0 
0 
0 
0 
0 
0 
0 
0 
0 
0 
0 
0 
0 
0 
0 
0 
0 
0 
0 
0 
0 
0 
0 
0 
0 
0 
0 
0 
0 
0 
0 
0 
0 
0 
0 
0 
0 
0 
0 
0 
0 
0 
0 
0 
0 
0 
0 
0 
0 
0 
0 
0 
0 
0 
0 
0 
0 
0 
0 
0 
0 
0 
0 
0 
0 
0 
0 
0 
0 
0 
0 
0 
0 
0 
0 
0 
0 
0 
0 
0 
0 
0 
0 
0 
0 
0 
0 
0 
0 
0 
0 
0 
0 
0 
0 
0 
0 
0 
0 
0 
0 
0 
0 
0 
0 
0 
0 
0 
0 
0 
0 
0 
0 
0 
0 
0 
0 
0 
0 
0 
0 
0 
0 
0 
0 
0 
0 
0 
0 
0 
0 
0 
0 
0 
0 
0 
0 
0 
0 
0 
0 
0 
0 
0 
0 
0 
0 
0 
0 
0 
0 
0 
0 
0 
0 
0 
0 
0 
0 
0 
0 
0 
0 
0 
0 
0 
0 
0 
0 
0 
0 
0 
0 
0 
0 
0 
0 
0 
0 
0 
0 
0 
0 
0 
0 
0 
0 
0 
0 
0 
0 
0 
0 
0 
0 
0 
0 
0 
0 
0 
0 
0 
0 
0 
0 
0 
0 
0 
0 
0 
0 
0 
0 
0 
0 
0 
0 
0 
0 
0 
0 
0 
0 
0 
0 
0 
0 
0 
0 
0 
0 
0 
0 
0 
0 
0 
0 
0 
0 
0 
0 
0 
0 
0 
0 
0 
0 
0 
0 
0 
0 
0 
0 
0 
0 
0 
0 
0 
0 
0 
0 
0 
0 
0 
0 
0 
0 
0 
0 
0 
0 
0 
0 
0 
0 
0 
0 
0 
0 
0 
0 
0 
0 
0 
0 
0 
0 
0 
0 
0 
0 
0 
0 
0 
0 
0 
0 
0 
0 
0 
0 
0 
0 
0 
0 
0 
0 
0 
0 
0 
0 
0 
0 
0 
0 
0 
0 
0 
0 
0 
0 
0 
0 
0 
0 
0 
0 
0 
0 
0 
0 
0 
0 
0 
0 
0 
0 
0 
0 
0 
0 
0 
0 
0 
0 
0 
0 
0 
0 
0 
0 
0 
0 
0 
0 
0 
0 
0 
0 
0 
0 
0 
0 
0 
0 
0 
0 
0 
0 
0 
0 
0 
0 
0 
0 
0 
0 
0 
0 
0 
0 
0 
0 
0 
0 
0 
0 
0 
0 
0 
0 
0 
0 
0 
0 
0 
0 
0 
0 
0 
0 
0 
0 
0 
0 
0 
0 
0 
0 
0 
0 
0 
0 
0 
0 
0 
0 
0 
0 
0 
0 
0 
0 
0 
0 
0 
0 
0 
0 
0 
0 
0 
0 
0 
0 
0 
0 
0 
0 
0 
0 
0 
0 
0 
0 
0 
0 
0 
0 
0 
0 
0 
0 
0 
0 
0 
0 
0 
0 
0 
0 
0 
0 
0 
0 
0 
0 
0 
0 
0 
0 
0 
0 
0 
0 
0 
0 
0 
0 
0 
0 
0 
0 
0 
0 
0 
0 
0 
0 
0 
0 
0 
0 
0 
0 
0 
0 
0 
0 
0 
0 
0 
0 
0 
0 
0 
0 
0 
0 
0 
0 
0 
0 
0 
0 
0 
0 
0 
0 
0 
0 
0 
0 
0 
0 
0 
0 
0 
0 
0 
0 
0 
0 
0 
0 
0 
0 
0 
0 
0 
0 
0 
0 
0 
0 
0 
0 
0 
0 
0 
0 
0 
0 
0 
0 
0 
0 
0 
0 
0 
0 
0 
0 
0 
0 
0 
0 
0 
0 
0 
0 
0 
0 
0 
0 
0 
0 
0 
0 
0 
0 
0 
0 
0 
0 
0 
0 
0 
0 
0 
0 
0 
0 
0 
0 
0 
0 
0 
0 
0 
0 
0 
0 
0 
0 
0 
0 
0 
0 
0 
0 
0 
0 
0 
0 
0 
0 
0 
0 
0 
0 
0 
0 
0 
0 
0 
0 
0 
0 
0 
0 
0 
0 
0 
0 
0 
0 
0 
0 
0 
0 
0 
0 
0 
0 
0 
0 
0 
0 
0 
0 
0 
0 
0 
0 
0 
0 
0 
0 
0 
0 
0 
0 
0 
0 
0 
0 
0 
0 
0 
0 
0 
0 
0 
0 
0 
0 
0 
0 
0 
0 
0 
0 
0 
0 
0 
0 
0 
0 
0 
0 
0 
0 
0 
0 
0 
0 
0 
0 
0 
0 
0 
0 
0 
0 
0 
0 
0 
0 
0 
0 
0 
0 
0 
0 
0 
0 
0 
0 
0 
0 
0 
0 
0 
0 
0 
0 
0 
0 
0 
0 
0 
0 
0 
0 
0 
0 
0 
0 
0 
0 
0 
0 
0 
0 
0 
0 
0 
0 
0 
0 
0 
0 
0 
0 
0 
0 
0 
0 
0 
0 
0 
0 
0 
0 
0 
0 
0 
0 
0 
0 
0 
0 
0 
0 
0 
0 
0 
0 
0 
0 
0 
0 
0 
0 
0 
0 
0 
0 
0 
0 
0 
0 
0 
0 
0 
0 
0 
0 
0 
0 
0 
0 
0 
0 
0 
0 
0 
0 
0 
0 
0 
0 
0 
0 
0 
0 
0 
0 
0 
0 
0 
0 
0 
0 
0 
0 
0 
0 
0 
0 
0 
0 
0 
0 
0 
0 
0 
0 
0 
0 
0 
0 
0 
0 
0 
0 
0 
0 
0 
0 
0 
0 
0 
0 
0 
0 
0 
0 
0 
0 
0 
0 
0 
0 
0 
0 
0 
0 
0 
0 
0 
0 
0 
0 
0 
0 
0 
0 
0 
0 
0 
0 
0 
0 
0 
0 
0 
0 
0 
0 
0 
0 
0 
0 
0 
0 
0 
0 
0 
0 
0 
0 
0 
0 
0 
0 
0 
0 
0 
0 
0 
0 
0 
0 
0 
0 
0 
0 
0 
0 
0 
0 
0 
0 
0 
0 
0 
0 
0 
0 
0 
0 
0 
0 
0 
0 
0 
0 
0 
0 
0 
0 
0 
0 
0 
0 
0 
0 
0 
0 
0 
0 
0 
0 
0 
0 
0 
0 
0 
0 
0 
0 
0 
0 
0 
0 
0 
0 
0 
0 
0 
0 
0 
0 
0 
0 
0 
0 
0 
0 
0 
0 
0 
0 
0 
0 
0 
0 
0 
0 
0 
0 
0 
0 
0 
0 
0 
0 
0 
0 
0 
0 
0 
0 
0 
0 
0 
0 
0 
0 
0 
0 
0 
0 
0 
0 
0 
0 
0 
0 
0 
0 
0 
0 
0 
0 
0 
0 
0 
0 
0 
0 
0 
0 
0 
0 
0 
0 
0 
0 
0 
0 
0 
0 
0 
0 
0 
0 
0 
0 
0 
0 
0 
0 
0 
0 
0 
0 
0 
0 
0 
0 
0 
0 
0 
0 
0 
0 
0 
0 
0 
0 
0 
0 
0 
0 
0 
0 
0 
0 
0 
0 
0 
0 
0 
0 
0 
0 
0 
0 
0 
0 
0 
0 
0 
0 
0 
0 
0 
0 
0 
0 
0 
0 
0 
0 
0 
0 
0 
0 
0 
0 
0 
0 
0 
0 
0 
0 
0 
0 
0 
0 
0 
0 
0 
0 
0 
0 
0 
0 
0 
0 
0 
0 
0 
0 
0 
0 
0 
0 
0 
0 
0 
0 
0 
0 
0 
0 
0 
0 
0 
0 
0 
0 
0 
0 
0 
0 
0 
0 
0 
0 
0 
0 
0 
0 
0 
0 
0 
0 
0 
0 
0 
0 
0 
0 
0 
0 
0 
0 
0 
0 
0 
0 
0 
0 
0 
0 
0 
0 
0 
0 
0 
0 
0 
0 
0 
0 
0 
0 
0 
0 
0 
0 
0 
0 
0 
0 
0 
0 
0 
0 
0 
0 
0 
0 
0 
0 
0 
0 
0 
0 
0 
0 
0 
0 
0 
0 
0 
0 
0 
0 
0 
0 
0 
0 
0 
0 
0 
0 
0 
0 
0 
0 
0 
0 
0 
0 
0 
0 
0 
0 
0 
0 
0 
0 
0 
0 
0 
0 
0 
0 
0 
0 
0 
0 
0 
0 
0 
0 
0 
0 
0 
0 
0 
0 
0 
0 
0 
0 
0 
0 
0 
0 
0 
0 
0 
0 
0 
0 
0 
0 
0 
0 
0 
0 
0 
0 
0 
0 
0 
0 
0 
0 
0 
0 
0 
0 
0 
0 
0 
0 
0 
0 
0 
0 
0 
0 
0 
0 
0 
0 
0 
0 
0 
0 
0 
0 
0 
0 
0 
0 
0 
0 
0 
0 
0 
0 
0 
0 
0 
0 
0 
0 
0 
0 
0 
0 
0 
0 
0 
0 
0 
0 
0 
0 
0 
0 
0 
0 
0 
0 
0 
0 
0 
0 
0 
0 
0 
0 
0 
0 
0 
0 
0 
0 
0 
0 
0 
0 
0 
0 
0 
0 
0 
0 
0 
0 
0 
0 
0 
0 
0 
0 
0 
0 
0 
0 
0 
0 
0 
0 
0 
0 
0 
0 
0 
0 
0 
0 
0 
0 
0 
0 
0 
0 
0 
0 
0 
0 
0 
0 
0 
0 
0 
0 
0 
0 
0 
0 
0 
0 
0 
0 
0 
0 
0 
0 
0 
0 
0 
0 
0 
0 
0 
0 
0 
0 
0 
0 
0 
0 
0 
0 
0 
0 
0 
0 
0 
0 
0 
0 
0 
0 
0 
0 
0 
0 
0 
0 
0 
0 
0 
0 
0 
0 
0 
0 
0 
0 
0 
0 
0 
0 
0 
0 
0 
0 
0 
0 
0 
0 
0 
0 
0 
0 
0 
0 
0 
0 
0 
0 
0 
0 
0 
0 
0 
0 
0 
0 
0 
0 
0 
0 
0 
0 
0 
0 
0 
0 
0 
0 
0 
0 
0 
0 
0 
0 
0 
0 
0 
0 
0 
0 
0 
0 
0 
0 
0 
0 
0 
0 
0 
0 
0 
0 
0 
0 
0 
0 
0 
0 
0 
0 
0 
0 
0 
0 
0 
0 
0 
0 
0 
0 
0 
0 
0 
0 
0 
0 
0 
0 
0 
0 
0 
0 
0 
0 
0 
0 
0 
0 
0 
0 
0 
0 
0 
0 
0 
0 
0 
0 
0 
0 
0 
0 
0 
0 
0 
0 
0 
0 
0 
0 
0 
0 
0 
0 
0 
0 
0 
0 
0 
0 
0 
0 
0 
0 
0 
0 
0 
0 
0 
0 
0 
0 
0 
0 
0 
0 
0 
0 
0 
0 
0 
0 
0 
0 
0 
0 
0 
0 
0 
0 
0 
0 
0 
0 
0 
