1.710057e+03 
1.375388e+03 
1.375388e+03 
1.098438e+03 
1.098438e+03 
1.098438e+03 
1.098438e+03 
1.098438e+03 
1.098438e+03 
1.097819e+03 
1.062932e+03 
1.062932e+03 
1.062932e+03 
8.614808e+02 
7.820405e+02 
4.250078e+02 
4.250078e+02 
4.250078e+02 
4.250078e+02 
4.250078e+02 
4.250078e+02 
4.250078e+02 
4.250078e+02 
4.250078e+02 
4.250078e+02 
4.250078e+02 
4.250078e+02 
4.250078e+02 
4.250078e+02 
4.250078e+02 
4.250078e+02 
4.250078e+02 
4.250078e+02 
4.250078e+02 
4.250078e+02 
4.250078e+02 
4.250078e+02 
4.250078e+02 
4.250078e+02 
4.250078e+02 
4.250078e+02 
4.250078e+02 
4.250078e+02 
4.250078e+02 
4.250078e+02 
4.250078e+02 
4.250078e+02 
4.250078e+02 
4.250078e+02 
4.250078e+02 
4.250078e+02 
4.250078e+02 
4.250078e+02 
4.250078e+02 
4.250078e+02 
4.250078e+02 
4.250078e+02 
4.250078e+02 
4.250078e+02 
4.250078e+02 
4.250078e+02 
4.250078e+02 
4.250078e+02 
4.250078e+02 
4.250078e+02 
4.250078e+02 
4.250078e+02 
4.250078e+02 
4.250078e+02 
4.250078e+02 
4.250078e+02 
4.250078e+02 
4.250078e+02 
4.250078e+02 
4.250078e+02 
4.250078e+02 
4.250078e+02 
4.250078e+02 
4.250078e+02 
4.250078e+02 
4.250078e+02 
4.250078e+02 
4.250078e+02 
4.250078e+02 
4.250078e+02 
4.250078e+02 
4.250078e+02 
4.250078e+02 
4.250078e+02 
4.250078e+02 
4.250078e+02 
4.250078e+02 
4.250078e+02 
4.250078e+02 
4.250078e+02 
4.250078e+02 
4.250078e+02 
4.250078e+02 
4.250078e+02 
4.250078e+02 
4.250078e+02 
4.250078e+02 
4.250078e+02 
4.250078e+02 
4.250078e+02 
4.250078e+02 
4.250078e+02 
4.250078e+02 
4.250078e+02 
4.250078e+02 
4.250078e+02 
4.250078e+02 
4.250078e+02 
4.250078e+02 
4.250078e+02 
4.250078e+02 
4.250078e+02 
4.250078e+02 
4.250078e+02 
4.250078e+02 
4.250078e+02 
4.155950e+02 
4.155950e+02 
4.155950e+02 
4.155950e+02 
4.155950e+02 
4.155950e+02 
4.155950e+02 
4.155950e+02 
4.155950e+02 
4.155950e+02 
4.155950e+02 
4.155950e+02 
4.155950e+02 
4.155950e+02 
4.155950e+02 
4.155950e+02 
4.155950e+02 
4.155950e+02 
4.155950e+02 
4.155950e+02 
4.155950e+02 
4.155950e+02 
4.155950e+02 
4.155950e+02 
4.155950e+02 
4.155950e+02 
4.155950e+02 
4.155950e+02 
4.155950e+02 
4.155950e+02 
4.155950e+02 
4.155950e+02 
4.155950e+02 
4.155950e+02 
4.155950e+02 
4.155950e+02 
4.155950e+02 
4.155950e+02 
4.155950e+02 
4.155950e+02 
4.155950e+02 
4.155950e+02 
4.155950e+02 
4.155950e+02 
4.155950e+02 
4.155950e+02 
4.155950e+02 
4.155950e+02 
4.155950e+02 
4.155950e+02 
4.155950e+02 
4.155950e+02 
4.155950e+02 
4.155950e+02 
4.155950e+02 
4.155950e+02 
4.155950e+02 
4.155950e+02 
4.155950e+02 
4.155950e+02 
4.155950e+02 
4.155950e+02 
4.155950e+02 
4.155950e+02 
4.155950e+02 
4.155950e+02 
4.155950e+02 
4.155950e+02 
4.155950e+02 
4.155950e+02 
4.155950e+02 
4.155950e+02 
4.155950e+02 
4.155950e+02 
4.155950e+02 
4.155950e+02 
4.155950e+02 
4.155950e+02 
4.155950e+02 
4.155950e+02 
4.155950e+02 
4.155950e+02 
4.155950e+02 
4.155950e+02 
4.155950e+02 
3.679332e+02 
3.679332e+02 
3.679332e+02 
3.679332e+02 
3.679332e+02 
3.679332e+02 
3.679332e+02 
3.679332e+02 
3.679332e+02 
3.679332e+02 
3.679332e+02 
3.679332e+02 
3.679332e+02 
3.679332e+02 
3.679332e+02 
3.679332e+02 
3.679332e+02 
3.679332e+02 
3.679332e+02 
3.679332e+02 
3.679332e+02 
3.679332e+02 
3.679332e+02 
3.679332e+02 
3.679332e+02 
3.679332e+02 
3.679332e+02 
3.679332e+02 
3.679332e+02 
3.679332e+02 
3.679332e+02 
3.679332e+02 
3.679332e+02 
3.679332e+02 
3.679332e+02 
3.679332e+02 
3.679332e+02 
3.679332e+02 
3.679332e+02 
3.679332e+02 
3.679332e+02 
3.679332e+02 
3.679332e+02 
3.679332e+02 
3.679332e+02 
3.679332e+02 
3.679332e+02 
3.679332e+02 
3.679332e+02 
3.679332e+02 
3.679332e+02 
3.679332e+02 
3.679332e+02 
3.679332e+02 
3.679332e+02 
3.679332e+02 
3.679332e+02 
3.679332e+02 
3.679332e+02 
3.679332e+02 
3.679332e+02 
3.679332e+02 
3.679332e+02 
3.679332e+02 
3.679332e+02 
3.679332e+02 
3.679332e+02 
3.679332e+02 
3.679332e+02 
3.679332e+02 
3.679332e+02 
3.679332e+02 
3.679332e+02 
3.679332e+02 
3.679332e+02 
3.679332e+02 
3.679332e+02 
3.679332e+02 
3.679332e+02 
3.679332e+02 
3.679332e+02 
3.679332e+02 
3.679332e+02 
3.679332e+02 
3.679332e+02 
3.679332e+02 
3.679332e+02 
3.679332e+02 
3.679332e+02 
3.679332e+02 
3.679332e+02 
3.679332e+02 
3.679332e+02 
3.679332e+02 
3.679332e+02 
3.679332e+02 
3.679332e+02 
3.679332e+02 
3.679332e+02 
3.679332e+02 
3.679332e+02 
3.679332e+02 
3.679332e+02 
3.679332e+02 
3.679332e+02 
3.679332e+02 
3.679332e+02 
3.679332e+02 
3.679332e+02 
3.679332e+02 
3.679332e+02 
3.679332e+02 
3.679332e+02 
3.679332e+02 
3.679332e+02 
3.679332e+02 
3.679332e+02 
3.679332e+02 
3.679332e+02 
3.679332e+02 
3.679332e+02 
3.679332e+02 
3.679332e+02 
3.679332e+02 
3.679332e+02 
3.679332e+02 
3.679332e+02 
3.679332e+02 
3.679332e+02 
3.679332e+02 
3.679332e+02 
3.679332e+02 
3.679332e+02 
3.679332e+02 
3.679332e+02 
3.679332e+02 
3.679332e+02 
3.679332e+02 
3.679332e+02 
3.679332e+02 
3.679332e+02 
3.679332e+02 
3.679332e+02 
3.679332e+02 
3.679332e+02 
3.679332e+02 
3.679332e+02 
3.679332e+02 
3.679332e+02 
3.679332e+02 
3.679332e+02 
3.679332e+02 
3.679332e+02 
3.679332e+02 
3.679332e+02 
3.679332e+02 
3.679332e+02 
3.679332e+02 
3.679332e+02 
3.679332e+02 
3.679332e+02 
3.679332e+02 
3.679332e+02 
3.679332e+02 
3.679332e+02 
3.679332e+02 
3.679332e+02 
3.679332e+02 
3.679332e+02 
3.679332e+02 
3.679332e+02 
3.679332e+02 
3.679332e+02 
3.679332e+02 
3.679332e+02 
3.679332e+02 
3.679332e+02 
3.679332e+02 
3.679332e+02 
3.679332e+02 
3.679332e+02 
3.679332e+02 
3.679332e+02 
3.679332e+02 
3.679332e+02 
3.679332e+02 
3.679332e+02 
3.679332e+02 
3.679332e+02 
3.679332e+02 
3.679332e+02 
3.679332e+02 
3.679332e+02 
3.679332e+02 
3.679332e+02 
3.679332e+02 
3.679332e+02 
3.679332e+02 
3.679332e+02 
3.679332e+02 
3.679332e+02 
3.679332e+02 
3.679332e+02 
3.679332e+02 
3.679332e+02 
3.679332e+02 
3.679332e+02 
3.679332e+02 
3.679332e+02 
3.679332e+02 
3.679332e+02 
3.679332e+02 
3.679332e+02 
3.679332e+02 
3.679332e+02 
3.679332e+02 
3.679332e+02 
3.679332e+02 
3.679332e+02 
3.679332e+02 
3.679332e+02 
3.679332e+02 
3.679332e+02 
3.679332e+02 
3.679332e+02 
3.679332e+02 
3.679332e+02 
3.679332e+02 
3.679332e+02 
3.679332e+02 
3.679332e+02 
3.679332e+02 
3.101368e+02 
3.101368e+02 
3.101368e+02 
3.101368e+02 
3.101368e+02 
3.101368e+02 
3.101368e+02 
3.101368e+02 
3.101368e+02 
3.101368e+02 
3.101368e+02 
3.101368e+02 
3.101368e+02 
3.101368e+02 
3.101368e+02 
3.101368e+02 
3.101368e+02 
3.101368e+02 
3.101368e+02 
3.101368e+02 
3.101368e+02 
3.101368e+02 
3.101368e+02 
3.101368e+02 
3.101368e+02 
3.101368e+02 
3.101368e+02 
3.101368e+02 
3.101368e+02 
3.101368e+02 
3.101368e+02 
3.101368e+02 
3.101368e+02 
3.101368e+02 
3.101368e+02 
3.101368e+02 
3.101368e+02 
3.101368e+02 
3.101368e+02 
3.101368e+02 
3.101368e+02 
3.101368e+02 
3.101368e+02 
3.101368e+02 
3.101368e+02 
3.101368e+02 
3.101368e+02 
3.101368e+02 
3.101368e+02 
3.101368e+02 
3.101368e+02 
3.101368e+02 
3.101368e+02 
3.101368e+02 
3.101368e+02 
3.101368e+02 
3.101368e+02 
3.101368e+02 
3.101368e+02 
3.101368e+02 
3.101368e+02 
3.101368e+02 
3.101368e+02 
3.101368e+02 
3.101368e+02 
3.101368e+02 
3.101368e+02 
3.101368e+02 
3.101368e+02 
3.101368e+02 
3.101368e+02 
3.101368e+02 
3.101368e+02 
3.101368e+02 
3.101368e+02 
3.101368e+02 
3.101368e+02 
3.101368e+02 
3.101368e+02 
3.101368e+02 
3.101368e+02 
3.101368e+02 
3.101368e+02 
3.101368e+02 
3.101368e+02 
3.101368e+02 
3.101368e+02 
3.101368e+02 
3.101368e+02 
3.101368e+02 
3.101368e+02 
3.101368e+02 
3.101368e+02 
3.101368e+02 
3.101368e+02 
3.101368e+02 
3.101368e+02 
3.101368e+02 
3.101368e+02 
3.101368e+02 
3.101368e+02 
3.101368e+02 
3.101368e+02 
3.101368e+02 
3.101368e+02 
3.101368e+02 
3.101368e+02 
3.101368e+02 
3.101368e+02 
3.101368e+02 
3.101368e+02 
3.101368e+02 
3.101368e+02 
3.101368e+02 
3.101368e+02 
3.101368e+02 
3.101368e+02 
3.101368e+02 
3.101368e+02 
3.101368e+02 
3.101368e+02 
3.101368e+02 
3.101368e+02 
3.101368e+02 
3.101368e+02 
3.101368e+02 
3.101368e+02 
3.101368e+02 
3.101368e+02 
3.101368e+02 
3.101368e+02 
3.101368e+02 
3.101368e+02 
3.101368e+02 
3.101368e+02 
3.101368e+02 
3.101368e+02 
3.101368e+02 
3.101368e+02 
3.101368e+02 
3.101368e+02 
3.101368e+02 
3.101368e+02 
3.101368e+02 
3.101368e+02 
3.101368e+02 
3.101368e+02 
3.101368e+02 
3.101368e+02 
3.101368e+02 
3.101368e+02 
3.101368e+02 
3.101368e+02 
3.101368e+02 
3.101368e+02 
3.101368e+02 
3.101368e+02 
3.101368e+02 
3.101368e+02 
3.101368e+02 
3.101368e+02 
3.101368e+02 
3.101368e+02 
3.101368e+02 
3.101368e+02 
3.101368e+02 
3.101368e+02 
3.101368e+02 
3.101368e+02 
3.101368e+02 
3.101368e+02 
3.101368e+02 
3.101368e+02 
3.101368e+02 
3.101368e+02 
3.101368e+02 
3.101368e+02 
3.101368e+02 
3.101368e+02 
3.101368e+02 
3.101368e+02 
3.101368e+02 
3.101368e+02 
3.101368e+02 
3.101368e+02 
3.101368e+02 
3.101368e+02 
3.101368e+02 
3.101368e+02 
3.101368e+02 
3.101368e+02 
3.101368e+02 
3.101368e+02 
3.101368e+02 
3.101368e+02 
3.101368e+02 
3.101368e+02 
3.101368e+02 
3.101368e+02 
3.101368e+02 
3.101368e+02 
3.101368e+02 
3.101368e+02 
3.101368e+02 
3.101368e+02 
3.101368e+02 
3.101368e+02 
3.101368e+02 
3.101368e+02 
3.101368e+02 
3.101368e+02 
3.101368e+02 
3.101368e+02 
3.101368e+02 
3.101368e+02 
3.101368e+02 
3.101368e+02 
3.101368e+02 
3.101368e+02 
3.101368e+02 
3.101368e+02 
3.101368e+02 
3.101368e+02 
3.101368e+02 
3.101368e+02 
3.101368e+02 
3.101368e+02 
3.101368e+02 
3.101368e+02 
3.101368e+02 
3.101368e+02 
3.101368e+02 
3.101368e+02 
3.101368e+02 
3.101368e+02 
3.101368e+02 
3.101368e+02 
3.101368e+02 
3.101368e+02 
3.101368e+02 
3.101368e+02 
3.101368e+02 
3.101368e+02 
3.101368e+02 
3.101368e+02 
3.101368e+02 
3.101368e+02 
3.101368e+02 
3.101368e+02 
3.101368e+02 
3.101368e+02 
3.101368e+02 
3.101368e+02 
3.101368e+02 
3.101368e+02 
3.101368e+02 
3.101368e+02 
3.101368e+02 
3.101368e+02 
3.101368e+02 
3.101368e+02 
3.101368e+02 
3.101368e+02 
3.101368e+02 
3.101368e+02 
3.101368e+02 
3.101368e+02 
3.101368e+02 
3.101368e+02 
3.101368e+02 
3.101368e+02 
3.101368e+02 
3.101368e+02 
3.101368e+02 
3.101368e+02 
3.101368e+02 
3.101368e+02 
3.101368e+02 
3.101368e+02 
3.101368e+02 
3.101368e+02 
3.101368e+02 
3.101368e+02 
3.101368e+02 
3.101368e+02 
3.101368e+02 
3.101368e+02 
3.101368e+02 
3.101368e+02 
3.101368e+02 
3.101368e+02 
3.101368e+02 
3.101368e+02 
3.101368e+02 
3.101368e+02 
3.101368e+02 
3.101368e+02 
3.101368e+02 
3.101368e+02 
3.101368e+02 
3.101368e+02 
3.101368e+02 
3.101368e+02 
3.101368e+02 
3.101368e+02 
3.101368e+02 
3.101368e+02 
3.101368e+02 
3.101368e+02 
3.101368e+02 
3.101368e+02 
3.101368e+02 
3.101368e+02 
3.101368e+02 
3.101368e+02 
3.101368e+02 
3.101368e+02 
3.101368e+02 
3.101368e+02 
3.101368e+02 
3.101368e+02 
3.101368e+02 
3.101368e+02 
3.101368e+02 
3.101368e+02 
3.101368e+02 
3.101368e+02 
3.101368e+02 
3.101368e+02 
3.101368e+02 
3.101368e+02 
3.101368e+02 
3.101368e+02 
3.101368e+02 
3.101368e+02 
3.101368e+02 
3.101368e+02 
3.101368e+02 
3.101368e+02 
3.101368e+02 
2.866395e+02 
2.866395e+02 
2.866395e+02 
2.866395e+02 
2.866395e+02 
2.866395e+02 
2.866395e+02 
2.866395e+02 
2.866395e+02 
2.866395e+02 
2.866395e+02 
2.866395e+02 
2.866395e+02 
2.866395e+02 
2.866395e+02 
2.866395e+02 
2.866395e+02 
2.866395e+02 
2.866395e+02 
2.866395e+02 
2.866395e+02 
2.866395e+02 
2.866395e+02 
2.866395e+02 
2.866395e+02 
2.866395e+02 
2.866395e+02 
2.866395e+02 
2.866395e+02 
2.866395e+02 
2.866395e+02 
2.866395e+02 
2.866395e+02 
2.866395e+02 
2.866395e+02 
2.866395e+02 
2.866395e+02 
2.866395e+02 
2.866395e+02 
2.866395e+02 
2.866395e+02 
2.866395e+02 
2.866395e+02 
2.866395e+02 
2.866395e+02 
2.866395e+02 
2.866395e+02 
2.866395e+02 
2.866395e+02 
2.866395e+02 
2.866395e+02 
2.866395e+02 
2.866395e+02 
2.866395e+02 
2.866395e+02 
2.866395e+02 
2.866395e+02 
2.866395e+02 
2.866395e+02 
2.866395e+02 
2.866395e+02 
2.866395e+02 
2.866395e+02 
2.866395e+02 
2.866395e+02 
2.866395e+02 
2.866395e+02 
2.866395e+02 
2.866395e+02 
2.866395e+02 
2.866395e+02 
2.866395e+02 
2.866395e+02 
2.866395e+02 
2.866395e+02 
2.866395e+02 
2.866395e+02 
2.866395e+02 
2.866395e+02 
2.866395e+02 
2.866395e+02 
2.866395e+02 
2.866395e+02 
2.866395e+02 
2.866395e+02 
2.866395e+02 
2.866395e+02 
2.866395e+02 
2.866395e+02 
2.866395e+02 
2.866395e+02 
2.866395e+02 
2.866395e+02 
2.866395e+02 
2.866395e+02 
2.866395e+02 
2.866395e+02 
2.866395e+02 
2.866395e+02 
2.866395e+02 
2.866395e+02 
2.866395e+02 
2.866395e+02 
2.866395e+02 
2.866395e+02 
2.866395e+02 
2.866395e+02 
2.866395e+02 
2.866395e+02 
2.866395e+02 
2.866395e+02 
2.866395e+02 
2.866395e+02 
2.866395e+02 
2.866395e+02 
2.866395e+02 
2.866395e+02 
2.866395e+02 
2.866395e+02 
2.866395e+02 
2.866395e+02 
2.866395e+02 
2.866395e+02 
2.866395e+02 
2.866395e+02 
2.866395e+02 
2.866395e+02 
2.866395e+02 
2.866395e+02 
2.866395e+02 
2.866395e+02 
2.866395e+02 
2.866395e+02 
2.866395e+02 
2.866395e+02 
2.866395e+02 
2.866395e+02 
2.866395e+02 
2.866395e+02 
2.866395e+02 
2.866395e+02 
2.866395e+02 
2.866395e+02 
2.866395e+02 
2.866395e+02 
2.866395e+02 
2.866395e+02 
2.866395e+02 
2.866395e+02 
2.866395e+02 
2.866395e+02 
2.866395e+02 
2.866395e+02 
2.866395e+02 
2.866395e+02 
2.866395e+02 
2.866395e+02 
2.866395e+02 
2.866395e+02 
2.866395e+02 
2.866395e+02 
2.866395e+02 
2.866395e+02 
2.866395e+02 
2.866395e+02 
2.866395e+02 
2.866395e+02 
2.866395e+02 
2.866395e+02 
2.866395e+02 
2.866395e+02 
2.866395e+02 
2.866395e+02 
2.866395e+02 
2.866395e+02 
2.866395e+02 
2.866395e+02 
2.866395e+02 
2.682168e+02 
2.682168e+02 
2.682168e+02 
2.682168e+02 
2.682168e+02 
2.682168e+02 
2.682168e+02 
2.682168e+02 
2.682168e+02 
2.682168e+02 
2.682168e+02 
2.682168e+02 
2.682168e+02 
2.682168e+02 
2.682168e+02 
2.682168e+02 
2.682168e+02 
2.682168e+02 
2.682168e+02 
2.682168e+02 
2.682168e+02 
2.682168e+02 
2.682168e+02 
2.682168e+02 
2.682168e+02 
2.682168e+02 
2.682168e+02 
2.682168e+02 
2.682168e+02 
2.682168e+02 
2.682168e+02 
2.682168e+02 
2.682168e+02 
2.682168e+02 
2.682168e+02 
2.682168e+02 
2.682168e+02 
2.682168e+02 
2.682168e+02 
2.682168e+02 
2.682168e+02 
2.682168e+02 
2.682168e+02 
2.682168e+02 
2.682168e+02 
2.682168e+02 
2.682168e+02 
2.682168e+02 
2.682168e+02 
2.682168e+02 
2.682168e+02 
2.682168e+02 
2.682168e+02 
2.682168e+02 
2.682168e+02 
2.682168e+02 
2.682168e+02 
2.682168e+02 
2.682168e+02 
2.682168e+02 
2.682168e+02 
2.682168e+02 
2.682168e+02 
2.682168e+02 
2.682168e+02 
2.682168e+02 
2.682168e+02 
2.682168e+02 
2.682168e+02 
2.682168e+02 
2.682168e+02 
2.682168e+02 
2.682168e+02 
2.682168e+02 
2.682168e+02 
2.682168e+02 
2.682168e+02 
2.682168e+02 
2.682168e+02 
2.682168e+02 
2.682168e+02 
2.682168e+02 
2.682168e+02 
2.682168e+02 
2.682168e+02 
2.682168e+02 
2.682168e+02 
2.682168e+02 
2.682168e+02 
2.682168e+02 
2.682168e+02 
2.682168e+02 
2.682168e+02 
2.682168e+02 
2.682168e+02 
2.682168e+02 
2.682168e+02 
2.682168e+02 
2.682168e+02 
2.682168e+02 
2.682168e+02 
2.682168e+02 
2.682168e+02 
2.682168e+02 
2.682168e+02 
2.682168e+02 
2.682168e+02 
2.682168e+02 
2.682168e+02 
2.682168e+02 
2.682168e+02 
2.682168e+02 
2.682168e+02 
2.682168e+02 
2.682168e+02 
2.682168e+02 
2.682168e+02 
2.682168e+02 
2.682168e+02 
2.682168e+02 
2.682168e+02 
2.682168e+02 
2.682168e+02 
2.682168e+02 
2.682168e+02 
2.682168e+02 
2.682168e+02 
2.682168e+02 
2.682168e+02 
2.682168e+02 
2.682168e+02 
2.682168e+02 
2.682168e+02 
2.682168e+02 
2.682168e+02 
2.682168e+02 
2.682168e+02 
2.682168e+02 
2.682168e+02 
2.682168e+02 
2.682168e+02 
2.682168e+02 
2.682168e+02 
2.682168e+02 
2.682168e+02 
2.682168e+02 
2.682168e+02 
2.682168e+02 
2.682168e+02 
2.682168e+02 
2.682168e+02 
2.682168e+02 
2.682168e+02 
2.682168e+02 
2.682168e+02 
2.682168e+02 
2.682168e+02 
2.682168e+02 
2.682168e+02 
2.682168e+02 
2.682168e+02 
2.682168e+02 
2.682168e+02 
2.682168e+02 
2.682168e+02 
2.682168e+02 
2.682168e+02 
2.682168e+02 
2.682168e+02 
2.682168e+02 
2.682168e+02 
2.682168e+02 
2.682168e+02 
2.682168e+02 
2.682168e+02 
2.682168e+02 
2.682168e+02 
2.682168e+02 
2.682168e+02 
2.682168e+02 
2.682168e+02 
2.682168e+02 
2.682168e+02 
2.682168e+02 
2.682168e+02 
2.682168e+02 
2.682168e+02 
2.682168e+02 
2.682168e+02 
2.682168e+02 
2.682168e+02 
2.682168e+02 
2.682168e+02 
2.682168e+02 
2.682168e+02 
2.682168e+02 
2.682168e+02 
2.682168e+02 
2.682168e+02 
2.682168e+02 
2.682168e+02 
2.682168e+02 
2.682168e+02 
2.682168e+02 
2.682168e+02 
2.682168e+02 
2.682168e+02 
2.682168e+02 
2.682168e+02 
2.682168e+02 
2.682168e+02 
2.682168e+02 
2.682168e+02 
2.682168e+02 
2.682168e+02 
2.682168e+02 
2.682168e+02 
2.682168e+02 
2.682168e+02 
2.682168e+02 
2.682168e+02 
2.682168e+02 
2.682168e+02 
2.682168e+02 
2.682168e+02 
2.682168e+02 
2.682168e+02 
2.682168e+02 
2.682168e+02 
2.682168e+02 
2.682168e+02 
2.682168e+02 
2.682168e+02 
2.682168e+02 
2.682168e+02 
2.682168e+02 
2.682168e+02 
2.682168e+02 
2.682168e+02 
2.682168e+02 
2.682168e+02 
2.682168e+02 
2.682168e+02 
2.682168e+02 
2.682168e+02 
2.682168e+02 
2.682168e+02 
2.682168e+02 
2.682168e+02 
2.682168e+02 
2.682168e+02 
2.682168e+02 
2.682168e+02 
2.682168e+02 
2.682168e+02 
2.682168e+02 
2.682168e+02 
2.682168e+02 
2.682168e+02 
2.682168e+02 
2.682168e+02 
2.682168e+02 
2.682168e+02 
2.682168e+02 
2.682168e+02 
2.682168e+02 
2.682168e+02 
2.682168e+02 
2.682168e+02 
2.682168e+02 
2.682168e+02 
2.682168e+02 
2.682168e+02 
2.682168e+02 
2.682168e+02 
2.682168e+02 
2.682168e+02 
2.682168e+02 
2.682168e+02 
2.682168e+02 
2.682168e+02 
2.682168e+02 
2.682168e+02 
2.682168e+02 
2.682168e+02 
2.682168e+02 
2.682168e+02 
2.682168e+02 
2.682168e+02 
2.682168e+02 
2.682168e+02 
2.682168e+02 
2.682168e+02 
2.682168e+02 
2.682168e+02 
2.682168e+02 
2.682168e+02 
2.682168e+02 
2.682168e+02 
2.682168e+02 
2.682168e+02 
2.682168e+02 
2.682168e+02 
2.682168e+02 
2.682168e+02 
2.682168e+02 
2.682168e+02 
2.682168e+02 
2.682168e+02 
2.682168e+02 
2.682168e+02 
2.682168e+02 
2.682168e+02 
2.682168e+02 
2.682168e+02 
2.682168e+02 
2.682168e+02 
2.682168e+02 
2.682168e+02 
2.682168e+02 
2.682168e+02 
2.682168e+02 
2.682168e+02 
2.682168e+02 
2.682168e+02 
2.682168e+02 
2.682168e+02 
2.682168e+02 
2.682168e+02 
2.682168e+02 
2.682168e+02 
2.682168e+02 
2.682168e+02 
2.682168e+02 
2.682168e+02 
2.682168e+02 
2.682168e+02 
2.682168e+02 
2.682168e+02 
2.682168e+02 
2.682168e+02 
2.682168e+02 
2.682168e+02 
2.682168e+02 
2.682168e+02 
2.682168e+02 
2.682168e+02 
2.682168e+02 
2.682168e+02 
2.682168e+02 
2.682168e+02 
2.682168e+02 
2.682168e+02 
2.682168e+02 
2.682168e+02 
2.682168e+02 
2.682168e+02 
2.682168e+02 
2.682168e+02 
2.682168e+02 
2.682168e+02 
2.682168e+02 
2.682168e+02 
2.682168e+02 
2.682168e+02 
2.682168e+02 
2.682168e+02 
2.682168e+02 
2.682168e+02 
2.682168e+02 
2.682168e+02 
2.682168e+02 
2.682168e+02 
2.682168e+02 
2.682168e+02 
2.682168e+02 
2.682168e+02 
2.682168e+02 
2.682168e+02 
2.682168e+02 
2.682168e+02 
2.682168e+02 
2.682168e+02 
2.682168e+02 
2.682168e+02 
2.682168e+02 
2.682168e+02 
2.682168e+02 
2.682168e+02 
2.682168e+02 
2.682168e+02 
2.682168e+02 
2.682168e+02 
2.682168e+02 
2.682168e+02 
2.682168e+02 
2.682168e+02 
2.682168e+02 
2.682168e+02 
2.682168e+02 
2.682168e+02 
2.682168e+02 
2.682168e+02 
2.682168e+02 
2.682168e+02 
2.682168e+02 
2.659564e+02 
2.659564e+02 
2.659564e+02 
2.659564e+02 
2.659564e+02 
2.659564e+02 
2.659564e+02 
2.659564e+02 
2.659564e+02 
2.659564e+02 
2.659564e+02 
2.659564e+02 
2.659564e+02 
2.659564e+02 
2.659564e+02 
2.659564e+02 
2.659564e+02 
2.659564e+02 
2.659564e+02 
2.659564e+02 
2.659564e+02 
2.659564e+02 
2.659564e+02 
2.659564e+02 
2.659564e+02 
2.659564e+02 
2.659564e+02 
2.659564e+02 
2.659564e+02 
2.659564e+02 
2.659564e+02 
2.659564e+02 
2.659564e+02 
2.659564e+02 
2.659564e+02 
2.659564e+02 
2.659564e+02 
2.659564e+02 
2.659564e+02 
2.514720e+02 
2.514720e+02 
1.999942e+02 
1.999942e+02 
1.999942e+02 
1.999942e+02 
1.999942e+02 
1.999942e+02 
1.999942e+02 
1.999942e+02 
1.999942e+02 
1.999942e+02 
1.999942e+02 
1.999942e+02 
1.999942e+02 
1.999942e+02 
1.999942e+02 
1.999942e+02 
1.999942e+02 
1.999942e+02 
1.999942e+02 
1.999942e+02 
1.999942e+02 
1.999942e+02 
1.999942e+02 
1.999942e+02 
1.999942e+02 
1.999942e+02 
1.999942e+02 
1.999942e+02 
1.999942e+02 
1.999942e+02 
1.999942e+02 
1.999942e+02 
1.999942e+02 
1.999942e+02 
1.999942e+02 
1.999942e+02 
1.999942e+02 
1.999942e+02 
1.999942e+02 
1.999942e+02 
1.999942e+02 
1.999942e+02 
1.999942e+02 
1.999942e+02 
1.999942e+02 
1.999942e+02 
1.999942e+02 
1.999942e+02 
1.999942e+02 
1.999942e+02 
1.999942e+02 
1.999942e+02 
1.999942e+02 
1.999942e+02 
1.999942e+02 
1.999942e+02 
1.999942e+02 
1.999942e+02 
1.999942e+02 
1.999942e+02 
1.999942e+02 
1.999942e+02 
1.999942e+02 
1.999942e+02 
1.999942e+02 
1.260193e+02 
1.260193e+02 
1.260193e+02 
1.260193e+02 
1.260193e+02 
1.260193e+02 
1.260193e+02 
1.260193e+02 
1.260193e+02 
1.260193e+02 
1.260193e+02 
1.260193e+02 
1.260193e+02 
1.260193e+02 
1.260193e+02 
1.260193e+02 
1.260193e+02 
1.260193e+02 
1.260193e+02 
1.260193e+02 
1.260193e+02 
1.108485e+02 
1.108485e+02 
1.108485e+02 
1.108485e+02 
1.108485e+02 
1.108485e+02 
1.108485e+02 
1.108485e+02 
1.108485e+02 
1.108485e+02 
1.108485e+02 
1.108485e+02 
1.108485e+02 
1.108485e+02 
1.108485e+02 
1.108485e+02 
1.108485e+02 
1.108485e+02 
1.108485e+02 
1.108485e+02 
1.108485e+02 
1.108485e+02 
1.108485e+02 
1.108485e+02 
1.108485e+02 
1.108485e+02 
1.108485e+02 
1.108485e+02 
1.108485e+02 
1.108485e+02 
1.108485e+02 
1.108485e+02 
1.108485e+02 
1.108485e+02 
1.108485e+02 
1.108485e+02 
1.108485e+02 
1.108485e+02 
1.108485e+02 
1.108485e+02 
1.108485e+02 
1.108485e+02 
1.108485e+02 
1.108485e+02 
1.108485e+02 
1.108485e+02 
1.108485e+02 
1.108485e+02 
1.108485e+02 
1.108485e+02 
1.108485e+02 
1.108485e+02 
1.108485e+02 
1.108485e+02 
1.108485e+02 
1.108485e+02 
1.108485e+02 
1.108485e+02 
1.108485e+02 
1.108485e+02 
1.108485e+02 
1.108485e+02 
7.438263e+01 
7.438263e+01 
7.438263e+01 
7.438263e+01 
7.438263e+01 
7.438263e+01 
7.438263e+01 
7.438263e+01 
7.438263e+01 
7.438263e+01 
7.438263e+01 
7.438263e+01 
7.438263e+01 
7.438263e+01 
7.438263e+01 
7.438263e+01 
7.438263e+01 
7.438263e+01 
7.438263e+01 
7.438263e+01 
7.438263e+01 
7.438263e+01 
7.438263e+01 
7.438263e+01 
7.438263e+01 
7.438263e+01 
7.438263e+01 
7.438263e+01 
7.438263e+01 
7.438263e+01 
7.438263e+01 
7.438263e+01 
7.438263e+01 
7.438263e+01 
7.438263e+01 
7.438263e+01 
7.438263e+01 
7.438263e+01 
7.438263e+01 
7.438263e+01 
7.438263e+01 
7.438263e+01 
7.438263e+01 
7.438263e+01 
7.438263e+01 
7.438263e+01 
7.438263e+01 
7.438263e+01 
7.438263e+01 
7.438263e+01 
7.438263e+01 
7.438263e+01 
7.438263e+01 
7.438263e+01 
7.438263e+01 
7.438263e+01 
7.438263e+01 
7.438263e+01 
7.438263e+01 
7.438263e+01 
7.438263e+01 
7.438263e+01 
7.438263e+01 
7.438263e+01 
7.438263e+01 
7.438263e+01 
7.438263e+01 
7.438263e+01 
7.438263e+01 
7.438263e+01 
7.438263e+01 
7.438263e+01 
7.438263e+01 
7.438263e+01 
7.438263e+01 
7.438263e+01 
7.438263e+01 
7.438263e+01 
7.438263e+01 
7.438263e+01 
7.438263e+01 
7.438263e+01 
7.438263e+01 
7.438263e+01 
7.438263e+01 
7.438263e+01 
7.438263e+01 
7.438263e+01 
7.438263e+01 
7.438263e+01 
7.438263e+01 
7.438263e+01 
7.438263e+01 
7.438263e+01 
7.438263e+01 
7.438263e+01 
7.438263e+01 
7.438263e+01 
7.438263e+01 
7.438263e+01 
7.438263e+01 
7.438263e+01 
7.438263e+01 
7.438263e+01 
7.438263e+01 
7.438263e+01 
7.438263e+01 
7.438263e+01 
7.438263e+01 
7.438263e+01 
7.438263e+01 
7.438263e+01 
7.438263e+01 
7.438263e+01 
7.438263e+01 
7.438263e+01 
7.438263e+01 
7.438263e+01 
7.438263e+01 
7.438263e+01 
7.438263e+01 
7.438263e+01 
7.438263e+01 
7.438263e+01 
7.438263e+01 
7.438263e+01 
7.438263e+01 
7.438263e+01 
7.438263e+01 
7.438263e+01 
7.438263e+01 
7.438263e+01 
7.438263e+01 
7.438263e+01 
7.438263e+01 
7.438263e+01 
7.438263e+01 
7.438263e+01 
7.438263e+01 
7.438263e+01 
7.438263e+01 
7.438263e+01 
7.438263e+01 
7.438263e+01 
7.438263e+01 
7.438263e+01 
7.438263e+01 
7.438263e+01 
7.438263e+01 
7.438263e+01 
7.438263e+01 
7.438263e+01 
7.438263e+01 
7.438263e+01 
7.438263e+01 
7.438263e+01 
7.438263e+01 
7.438263e+01 
7.438263e+01 
7.438263e+01 
7.438263e+01 
7.438263e+01 
7.438263e+01 
7.438263e+01 
7.438263e+01 
7.438263e+01 
7.438263e+01 
7.438263e+01 
7.438263e+01 
7.438263e+01 
7.438263e+01 
7.438263e+01 
7.438263e+01 
7.438263e+01 
7.438263e+01 
7.438263e+01 
7.438263e+01 
7.438263e+01 
7.438263e+01 
7.438263e+01 
7.438263e+01 
7.438263e+01 
7.438263e+01 
7.438263e+01 
7.438263e+01 
7.438263e+01 
7.438263e+01 
7.438263e+01 
7.438263e+01 
7.438263e+01 
7.438263e+01 
7.438263e+01 
7.438263e+01 
7.438263e+01 
7.438263e+01 
7.438263e+01 
7.438263e+01 
7.438263e+01 
7.438263e+01 
7.438263e+01 
7.438263e+01 
7.438263e+01 
7.438263e+01 
7.438263e+01 
7.438263e+01 
7.438263e+01 
7.438263e+01 
7.438263e+01 
7.438263e+01 
7.438263e+01 
7.438263e+01 
7.438263e+01 
7.438263e+01 
7.438263e+01 
7.438263e+01 
7.438263e+01 
7.438263e+01 
7.438263e+01 
7.438263e+01 
7.438263e+01 
7.438263e+01 
7.438263e+01 
7.438263e+01 
7.438263e+01 
7.438263e+01 
7.438263e+01 
7.438263e+01 
7.438263e+01 
7.438263e+01 
7.438263e+01 
7.438263e+01 
7.438263e+01 
7.438263e+01 
7.438263e+01 
7.438263e+01 
7.438263e+01 
7.438263e+01 
7.438263e+01 
7.438263e+01 
7.438263e+01 
7.438263e+01 
7.438263e+01 
7.438263e+01 
7.438263e+01 
7.438263e+01 
7.438263e+01 
7.438263e+01 
7.438263e+01 
7.438263e+01 
7.438263e+01 
7.438263e+01 
7.438263e+01 
7.438263e+01 
7.438263e+01 
7.438263e+01 
7.438263e+01 
7.438263e+01 
7.438263e+01 
7.438263e+01 
7.438263e+01 
7.438263e+01 
7.438263e+01 
7.438263e+01 
7.438263e+01 
7.438263e+01 
7.438263e+01 
7.438263e+01 
7.438263e+01 
7.438263e+01 
7.438263e+01 
7.438263e+01 
7.438263e+01 
7.438263e+01 
7.438263e+01 
7.438263e+01 
7.438263e+01 
7.438263e+01 
7.438263e+01 
7.438263e+01 
7.438263e+01 
7.438263e+01 
7.438263e+01 
7.438263e+01 
7.438263e+01 
7.438263e+01 
7.438263e+01 
7.438263e+01 
7.438263e+01 
7.438263e+01 
7.438263e+01 
7.438263e+01 
7.438263e+01 
7.438263e+01 
7.438263e+01 
7.438263e+01 
7.438263e+01 
7.438263e+01 
7.438263e+01 
7.438263e+01 
7.438263e+01 
7.438263e+01 
7.438263e+01 
7.438263e+01 
7.438263e+01 
7.438263e+01 
7.438263e+01 
7.438263e+01 
7.438263e+01 
7.438263e+01 
7.438263e+01 
7.438263e+01 
7.438263e+01 
7.438263e+01 
7.438263e+01 
7.438263e+01 
7.438263e+01 
7.438263e+01 
7.438263e+01 
7.438263e+01 
7.438263e+01 
7.438263e+01 
7.438263e+01 
7.438263e+01 
7.438263e+01 
7.438263e+01 
7.438263e+01 
7.438263e+01 
7.438263e+01 
7.438263e+01 
7.438263e+01 
7.438263e+01 
7.438263e+01 
7.438263e+01 
7.438263e+01 
7.438263e+01 
7.438263e+01 
7.438263e+01 
7.438263e+01 
7.438263e+01 
7.438263e+01 
7.438263e+01 
7.438263e+01 
7.438263e+01 
7.438263e+01 
7.438263e+01 
7.438263e+01 
7.438263e+01 
7.438263e+01 
7.418513e+01 
7.418513e+01 
7.418513e+01 
7.418513e+01 
7.418513e+01 
7.418513e+01 
7.418513e+01 
7.418513e+01 
7.418513e+01 
7.418513e+01 
7.418513e+01 
7.418513e+01 
7.418513e+01 
7.418513e+01 
7.418513e+01 
7.418513e+01 
7.418513e+01 
7.418513e+01 
7.418513e+01 
7.418513e+01 
7.418513e+01 
7.418513e+01 
7.418513e+01 
7.321433e+01 
7.321433e+01 
7.321433e+01 
7.321433e+01 
7.321433e+01 
7.321433e+01 
7.321433e+01 
7.321433e+01 
7.321433e+01 
7.321433e+01 
7.321433e+01 
7.321433e+01 
7.321433e+01 
7.321433e+01 
7.321433e+01 
7.321433e+01 
7.321433e+01 
7.321433e+01 
7.321433e+01 
7.321433e+01 
7.321433e+01 
7.321433e+01 
7.321433e+01 
7.321433e+01 
7.321433e+01 
7.321433e+01 
7.321433e+01 
7.321433e+01 
7.321433e+01 
7.321433e+01 
7.321433e+01 
7.321433e+01 
7.321433e+01 
7.321433e+01 
7.321433e+01 
7.321433e+01 
7.321433e+01 
7.321433e+01 
7.321433e+01 
7.321433e+01 
7.321433e+01 
7.321433e+01 
7.321433e+01 
7.321433e+01 
7.321433e+01 
7.321433e+01 
7.321433e+01 
7.321433e+01 
7.321433e+01 
7.321433e+01 
7.321433e+01 
7.321433e+01 
7.321433e+01 
7.321433e+01 
7.321433e+01 
7.321433e+01 
7.321433e+01 
7.321433e+01 
7.321433e+01 
7.321433e+01 
7.321433e+01 
7.321433e+01 
7.321433e+01 
7.321433e+01 
7.321433e+01 
7.321433e+01 
7.321433e+01 
7.321433e+01 
7.321433e+01 
7.321433e+01 
7.321433e+01 
7.321433e+01 
7.321433e+01 
7.321433e+01 
7.321433e+01 
7.321433e+01 
7.321433e+01 
7.321433e+01 
7.321433e+01 
7.321433e+01 
7.321433e+01 
7.321433e+01 
7.321433e+01 
7.321433e+01 
7.321433e+01 
7.321433e+01 
7.321433e+01 
7.321433e+01 
7.321433e+01 
7.321433e+01 
7.321433e+01 
7.321433e+01 
7.321433e+01 
7.321433e+01 
7.321433e+01 
7.321433e+01 
7.321433e+01 
7.321433e+01 
7.321433e+01 
7.321433e+01 
7.321433e+01 
7.321433e+01 
7.321433e+01 
7.321433e+01 
7.321433e+01 
7.321433e+01 
7.321433e+01 
7.321433e+01 
7.321433e+01 
7.321433e+01 
7.321433e+01 
7.321433e+01 
7.321433e+01 
7.321433e+01 
7.321433e+01 
7.321433e+01 
7.321433e+01 
7.321433e+01 
7.321433e+01 
7.321433e+01 
7.321433e+01 
7.296334e+01 
7.296334e+01 
7.296334e+01 
7.296334e+01 
7.296334e+01 
7.296334e+01 
7.296334e+01 
7.296334e+01 
7.296334e+01 
7.296334e+01 
7.296334e+01 
7.272813e+01 
7.272813e+01 
7.272813e+01 
7.272813e+01 
7.272813e+01 
7.272813e+01 
7.272813e+01 
7.272813e+01 
7.272813e+01 
7.272813e+01 
7.272813e+01 
7.272813e+01 
7.272813e+01 
7.272813e+01 
7.272813e+01 
7.272813e+01 
7.272813e+01 
7.272813e+01 
7.272813e+01 
7.272813e+01 
7.272813e+01 
7.272813e+01 
7.272813e+01 
7.272813e+01 
7.272813e+01 
7.272813e+01 
7.272813e+01 
7.272813e+01 
7.272813e+01 
7.272813e+01 
7.272813e+01 
7.272813e+01 
7.272813e+01 
7.256968e+01 
7.256968e+01 
7.256968e+01 
7.256968e+01 
7.256968e+01 
7.256968e+01 
7.256968e+01 
6.696007e+01 
6.696007e+01 
6.085853e+01 
6.085853e+01 
6.085853e+01 
5.696301e+01 
5.696301e+01 
5.696301e+01 
5.696301e+01 
5.696301e+01 
5.696301e+01 
5.696301e+01 
5.696301e+01 
5.696301e+01 
5.696301e+01 
5.696301e+01 
5.696301e+01 
5.696301e+01 
5.696301e+01 
5.696301e+01 
5.696301e+01 
5.696301e+01 
5.696301e+01 
5.696301e+01 
5.696301e+01 
5.696301e+01 
5.696301e+01 
5.696301e+01 
5.696301e+01 
5.696301e+01 
5.696301e+01 
5.696301e+01 
5.696301e+01 
5.696301e+01 
5.696301e+01 
5.696301e+01 
5.696301e+01 
5.696301e+01 
5.696301e+01 
5.696301e+01 
5.696301e+01 
5.696301e+01 
5.696301e+01 
5.696301e+01 
5.696301e+01 
5.696301e+01 
5.696301e+01 
5.696301e+01 
3.582592e+01 
3.582592e+01 
3.582592e+01 
3.582592e+01 
3.582592e+01 
3.582592e+01 
3.582592e+01 
3.582592e+01 
3.582592e+01 
3.582592e+01 
3.582592e+01 
3.582592e+01 
3.582592e+01 
3.582592e+01 
3.582592e+01 
3.582592e+01 
3.582592e+01 
3.412190e+01 
3.412190e+01 
3.412190e+01 
3.412190e+01 
3.412190e+01 
3.412190e+01 
3.149611e+01 
3.149611e+01 
3.149611e+01 
3.149611e+01 
3.149611e+01 
3.149611e+01 
3.149611e+01 
3.149611e+01 
3.149611e+01 
2.724647e+01 
2.724647e+01 
2.724647e+01 
2.724647e+01 
2.212891e+01 
2.212891e+01 
2.212891e+01 
2.212891e+01 
2.212891e+01 
2.212891e+01 
2.212891e+01 
2.212891e+01 
2.212891e+01 
2.212891e+01 
2.212891e+01 
2.212891e+01 
2.171191e+01 
2.171191e+01 
2.171191e+01 
2.171191e+01 
2.171191e+01 
2.171191e+01 
2.171191e+01 
2.171191e+01 
2.171191e+01 
2.171191e+01 
2.166053e+01 
2.166053e+01 
2.166053e+01 
2.166053e+01 
2.166053e+01 
2.166053e+01 
2.166053e+01 
2.166053e+01 
2.161290e+01 
2.161290e+01 
2.161290e+01 
2.161290e+01 
2.161290e+01 
2.161290e+01 
2.161290e+01 
2.161290e+01 
2.161290e+01 
2.161290e+01 
2.161290e+01 
2.161290e+01 
2.161290e+01 
2.161290e+01 
2.161290e+01 
2.159892e+01 
2.159892e+01 
2.159892e+01 
2.159892e+01 
2.159892e+01 
2.156954e+01 
2.156954e+01 
2.156954e+01 
2.156954e+01 
2.156954e+01 
2.156954e+01 
2.156954e+01 
2.156954e+01 
2.156954e+01 
2.156954e+01 
2.156954e+01 
2.156954e+01 
2.156954e+01 
2.156954e+01 
2.156954e+01 
2.154947e+01 
2.154947e+01 
2.154947e+01 
2.154947e+01 
2.154947e+01 
2.154947e+01 
2.154947e+01 
2.154947e+01 
2.154947e+01 
2.154947e+01 
2.154947e+01 
2.154947e+01 
2.154947e+01 
2.154947e+01 
2.154947e+01 
2.154947e+01 
2.154947e+01 
2.154947e+01 
2.153925e+01 
2.153925e+01 
2.153925e+01 
2.153925e+01 
2.153925e+01 
2.153925e+01 
2.153925e+01 
2.153925e+01 
2.153925e+01 
2.153925e+01 
2.153925e+01 
2.153925e+01 
2.150652e+01 
2.150652e+01 
2.150652e+01 
2.147913e+01 
2.147913e+01 
2.147913e+01 
2.147913e+01 
2.147913e+01 
2.147913e+01 
2.147913e+01 
2.146018e+01 
2.144673e+01 
2.144549e+01 
2.144549e+01 
2.141853e+01 
2.141098e+01 
2.141098e+01 
2.140917e+01 
2.140917e+01 
2.140917e+01 
2.140917e+01 
2.140917e+01 
2.140910e+01 
2.140910e+01 
2.140910e+01 
2.140872e+01 
2.140701e+01 
2.140586e+01 
2.140508e+01 
2.140455e+01 
2.140418e+01 
2.140392e+01 
2.140374e+01 
2.140360e+01 
2.140350e+01 
2.140343e+01 
2.140337e+01 
2.140333e+01 
2.140330e+01 
2.140327e+01 
2.140326e+01 
2.140324e+01 
2.140323e+01 
2.140322e+01 
2.140321e+01 
2.140321e+01 
2.140320e+01 
2.140320e+01 
2.140320e+01 
2.140320e+01 
2.140320e+01 
2.140319e+01 
2.140319e+01 
2.140319e+01 
2.140319e+01 
2.140319e+01 
2.140319e+01 
2.140319e+01 
2.140319e+01 
2.140319e+01 
2.140319e+01 
2.140319e+01 
2.140319e+01 
2.140319e+01 
2.140319e+01 
2.140319e+01 
2.140319e+01 
2.140319e+01 
2.140319e+01 
2.140319e+01 
2.140319e+01 
2.140319e+01 
2.140319e+01 
2.140319e+01 
2.140319e+01 
2.140319e+01 
2.140319e+01 
2.140319e+01 
2.140319e+01 
2.140319e+01 
2.140319e+01 
2.140319e+01 
2.140319e+01 
2.140319e+01 
2.140319e+01 
2.140319e+01 
2.140319e+01 
2.140319e+01 
2.128242e+01 
2.003873e+01 
2.003873e+01 
2.003873e+01 
1.320825e+01 
1.046482e+01 
1.046482e+01 
1.046482e+01 
9.672227e+00 
9.672227e+00 
9.672227e+00 
9.672227e+00 
9.672227e+00 
9.672227e+00 
9.672227e+00 
9.672227e+00 
9.672227e+00 
9.672227e+00 
9.672227e+00 
9.672227e+00 
9.672227e+00 
9.672227e+00 
9.672227e+00 
9.672227e+00 
9.672227e+00 
9.656111e+00 
9.656111e+00 
9.656111e+00 
9.656111e+00 
9.656111e+00 
9.656111e+00 
9.656111e+00 
9.656111e+00 
9.656111e+00 
9.656111e+00 
9.656111e+00 
9.656111e+00 
9.656111e+00 
9.656111e+00 
9.656111e+00 
9.656111e+00 
9.656111e+00 
9.656111e+00 
9.656111e+00 
9.656111e+00 
9.656111e+00 
9.656111e+00 
9.656111e+00 
9.656111e+00 
9.656111e+00 
9.656111e+00 
9.656111e+00 
9.656111e+00 
9.656111e+00 
9.656111e+00 
9.645556e+00 
9.645556e+00 
9.645556e+00 
9.540222e+00 
9.540222e+00 
9.540222e+00 
9.540222e+00 
9.540222e+00 
9.540222e+00 
9.394850e+00 
9.394850e+00 
9.394850e+00 
6.599236e+00 
6.599236e+00 
6.599236e+00 
6.599236e+00 
6.599236e+00 
5.660515e+00 
5.660515e+00 
5.660515e+00 
5.660515e+00 
5.660515e+00 
5.660515e+00 
5.660515e+00 
5.660515e+00 
5.296057e+00 
5.296057e+00 
5.296057e+00 
5.296057e+00 
5.296057e+00 
5.296057e+00 
5.296057e+00 
5.296057e+00 
5.296057e+00 
5.296057e+00 
5.296057e+00 
5.296057e+00 
5.296057e+00 
5.296057e+00 
5.296057e+00 
5.296057e+00 
5.296057e+00 
5.296057e+00 
5.296057e+00 
5.296057e+00 
5.296057e+00 
5.296057e+00 
5.296057e+00 
5.296057e+00 
5.296057e+00 
5.296057e+00 
5.296057e+00 
5.296057e+00 
5.296057e+00 
5.296057e+00 
5.296057e+00 
5.296057e+00 
5.296057e+00 
5.296057e+00 
5.296057e+00 
5.296057e+00 
5.296057e+00 
5.296057e+00 
5.296057e+00 
5.296057e+00 
5.296057e+00 
5.296057e+00 
5.296057e+00 
5.296057e+00 
5.296057e+00 
5.296057e+00 
5.296057e+00 
5.296057e+00 
5.296057e+00 
5.296057e+00 
5.296057e+00 
5.296057e+00 
5.296057e+00 
5.296057e+00 
5.296057e+00 
5.296057e+00 
5.296057e+00 
5.296057e+00 
5.296057e+00 
5.296057e+00 
5.296057e+00 
5.296057e+00 
5.296057e+00 
5.296057e+00 
5.296057e+00 
5.296057e+00 
5.296057e+00 
5.296057e+00 
5.296057e+00 
5.296057e+00 
5.296057e+00 
5.296057e+00 
5.296057e+00 
5.296057e+00 
5.296057e+00 
5.296057e+00 
5.296057e+00 
5.296057e+00 
5.296057e+00 
5.296057e+00 
5.296057e+00 
5.296057e+00 
5.296057e+00 
5.296057e+00 
5.296057e+00 
5.296057e+00 
5.296057e+00 
5.296057e+00 
5.296057e+00 
5.296057e+00 
5.296057e+00 
5.296057e+00 
5.296057e+00 
5.296057e+00 
5.296057e+00 
5.296057e+00 
5.296057e+00 
5.296057e+00 
5.296057e+00 
5.296057e+00 
5.296057e+00 
5.296057e+00 
5.296057e+00 
5.296057e+00 
5.296057e+00 
5.296057e+00 
5.296057e+00 
5.296057e+00 
5.296057e+00 
5.296057e+00 
5.296057e+00 
5.296057e+00 
5.296057e+00 
5.296057e+00 
5.296057e+00 
5.296057e+00 
5.296057e+00 
5.296057e+00 
5.296057e+00 
5.296057e+00 
5.296057e+00 
5.296057e+00 
5.296057e+00 
5.296057e+00 
5.296057e+00 
5.296057e+00 
5.296057e+00 
5.296057e+00 
5.296057e+00 
5.296057e+00 
5.296057e+00 
5.296057e+00 
5.296057e+00 
5.296057e+00 
5.296057e+00 
5.296057e+00 
5.296057e+00 
5.296057e+00 
5.296057e+00 
5.296057e+00 
5.296057e+00 
5.296057e+00 
5.296057e+00 
5.296057e+00 
5.296057e+00 
5.296057e+00 
5.296057e+00 
5.296057e+00 
5.296057e+00 
5.296057e+00 
5.296057e+00 
5.296057e+00 
5.296057e+00 
5.296057e+00 
5.296057e+00 
5.296057e+00 
5.296057e+00 
5.296057e+00 
5.296057e+00 
5.296057e+00 
5.296057e+00 
5.296057e+00 
5.296057e+00 
5.296057e+00 
5.296057e+00 
5.296057e+00 
5.296057e+00 
5.296057e+00 
5.296057e+00 
5.180679e+00 
5.180679e+00 
5.180679e+00 
5.180679e+00 
5.180679e+00 
5.180679e+00 
5.180679e+00 
5.180679e+00 
5.094913e+00 
5.094913e+00 
5.094913e+00 
5.094913e+00 
5.094913e+00 
5.094913e+00 
5.094913e+00 
5.094913e+00 
5.094913e+00 
5.094913e+00 
5.094913e+00 
5.094913e+00 
5.094913e+00 
5.094913e+00 
5.094913e+00 
5.094913e+00 
5.094913e+00 
5.094913e+00 
5.094913e+00 
5.094913e+00 
5.094913e+00 
5.094913e+00 
5.094913e+00 
5.094913e+00 
5.094913e+00 
5.094913e+00 
5.094913e+00 
5.094913e+00 
5.094913e+00 
5.094913e+00 
5.094913e+00 
5.094913e+00 
5.094913e+00 
5.094913e+00 
5.094913e+00 
5.094913e+00 
5.094913e+00 
5.094913e+00 
5.094913e+00 
5.094913e+00 
5.094913e+00 
5.094913e+00 
5.094913e+00 
5.094913e+00 
5.094913e+00 
5.094913e+00 
5.094913e+00 
5.094913e+00 
5.094913e+00 
5.094913e+00 
5.094913e+00 
5.094913e+00 
5.094913e+00 
5.094913e+00 
5.094913e+00 
5.094913e+00 
5.094913e+00 
5.094913e+00 
5.094913e+00 
5.094913e+00 
5.094913e+00 
5.094913e+00 
5.094913e+00 
5.094913e+00 
5.094913e+00 
5.094913e+00 
5.094913e+00 
5.094913e+00 
5.094913e+00 
5.094913e+00 
5.094913e+00 
5.094913e+00 
5.094913e+00 
5.094913e+00 
5.094913e+00 
5.094913e+00 
5.094913e+00 
5.094913e+00 
5.050769e+00 
5.050769e+00 
5.049136e+00 
5.049136e+00 
5.049136e+00 
5.049136e+00 
5.049136e+00 
5.049136e+00 
5.049136e+00 
5.049136e+00 
5.049136e+00 
5.049136e+00 
5.049136e+00 
5.049136e+00 
5.049136e+00 
5.049136e+00 
5.049136e+00 
5.049136e+00 
5.049136e+00 
5.049136e+00 
5.049136e+00 
5.049136e+00 
5.044714e+00 
5.044714e+00 
5.044714e+00 
5.044714e+00 
5.044714e+00 
5.044714e+00 
5.044714e+00 
5.044714e+00 
5.044714e+00 
5.044714e+00 
5.044714e+00 
5.044714e+00 
5.044714e+00 
5.044714e+00 
5.044714e+00 
5.044714e+00 
5.044714e+00 
5.044714e+00 
5.044714e+00 
5.044714e+00 
5.044714e+00 
5.044714e+00 
5.044714e+00 
5.044714e+00 
5.044714e+00 
5.044714e+00 
5.044714e+00 
5.044714e+00 
5.044714e+00 
5.044714e+00 
5.044714e+00 
5.044714e+00 
5.044714e+00 
5.044714e+00 
5.044714e+00 
5.044714e+00 
5.044714e+00 
5.044714e+00 
5.044714e+00 
5.044714e+00 
5.044714e+00 
5.044714e+00 
5.044714e+00 
5.044714e+00 
5.044714e+00 
5.044714e+00 
5.044714e+00 
5.044714e+00 
5.044714e+00 
5.044714e+00 
5.044714e+00 
5.044714e+00 
5.044714e+00 
5.044714e+00 
5.044714e+00 
5.044714e+00 
5.044714e+00 
5.044714e+00 
5.044714e+00 
5.040959e+00 
5.040959e+00 
5.040959e+00 
5.040959e+00 
5.040959e+00 
5.040959e+00 
5.040959e+00 
5.040959e+00 
5.040959e+00 
5.040959e+00 
5.040959e+00 
5.040959e+00 
5.040959e+00 
5.040959e+00 
5.040959e+00 
5.040959e+00 
5.040959e+00 
5.040959e+00 
5.040959e+00 
5.040959e+00 
5.040959e+00 
5.040959e+00 
5.040959e+00 
5.040959e+00 
5.040959e+00 
5.040959e+00 
5.040959e+00 
5.040959e+00 
5.040959e+00 
5.040959e+00 
5.040959e+00 
5.040959e+00 
5.040959e+00 
5.040959e+00 
5.040959e+00 
4.649903e+00 
4.649903e+00 
4.589473e+00 
4.589473e+00 
4.589473e+00 
4.589473e+00 
4.589473e+00 
4.589473e+00 
4.589473e+00 
4.589473e+00 
4.589473e+00 
4.589473e+00 
4.589473e+00 
4.589473e+00 
4.589473e+00 
4.589473e+00 
4.589473e+00 
4.589473e+00 
4.589473e+00 
4.589473e+00 
4.589473e+00 
4.589473e+00 
4.589473e+00 
4.491142e+00 
4.491142e+00 
4.491142e+00 
4.491142e+00 
4.491142e+00 
4.491142e+00 
4.491142e+00 
4.491142e+00 
4.491142e+00 
4.491142e+00 
4.211511e+00 
4.211511e+00 
4.176877e+00 
4.176877e+00 
4.176877e+00 
4.176877e+00 
4.176877e+00 
4.176877e+00 
4.176877e+00 
4.176877e+00 
4.147761e+00 
4.147761e+00 
4.147761e+00 
4.030627e+00 
4.030627e+00 
4.030627e+00 
4.030627e+00 
4.030627e+00 
4.030627e+00 
4.020754e+00 
4.020754e+00 
4.020754e+00 
4.020754e+00 
4.020754e+00 
4.019293e+00 
4.019293e+00 
4.019293e+00 
4.019293e+00 
4.019293e+00 
4.019293e+00 
3.991871e+00 
3.991871e+00 
3.991871e+00 
3.968768e+00 
3.968768e+00 
3.968768e+00 
3.968768e+00 
3.968768e+00 
3.968768e+00 
3.968768e+00 
3.968768e+00 
3.968768e+00 
3.968768e+00 
3.968768e+00 
3.968768e+00 
3.966259e+00 
3.966259e+00 
3.966259e+00 
3.966259e+00 
3.966259e+00 
3.966259e+00 
3.966259e+00 
3.966259e+00 
3.966259e+00 
3.966259e+00 
3.966259e+00 
3.966259e+00 
3.966259e+00 
3.966259e+00 
3.966259e+00 
3.966259e+00 
3.966259e+00 
3.966259e+00 
3.966259e+00 
3.964814e+00 
3.964814e+00 
3.964814e+00 
3.958315e+00 
3.946451e+00 
3.940703e+00 
3.938208e+00 
3.937383e+00 
3.937365e+00 
3.937365e+00 
3.934446e+00 
3.932613e+00 
3.931581e+00 
3.931001e+00 
3.930678e+00 
3.930498e+00 
3.930398e+00 
3.930344e+00 
3.930315e+00 
3.930300e+00 
3.930292e+00 
3.930289e+00 
3.930287e+00 
3.930287e+00 
3.930287e+00 
3.930287e+00 
3.930260e+00 
3.930236e+00 
3.930218e+00 
3.930205e+00 
3.930194e+00 
3.930187e+00 
3.930181e+00 
3.930177e+00 
3.930173e+00 
3.930171e+00 
3.930169e+00 
3.930168e+00 
3.930167e+00 
3.930166e+00 
3.930165e+00 
3.930165e+00 
3.930164e+00 
2.066482e+00 
1.154265e+00 
1.154265e+00 
1.154265e+00 
1.154265e+00 
1.154265e+00 
1.154265e+00 
1.154265e+00 
1.154265e+00 
1.154265e+00 
1.154265e+00 
1.154265e+00 
1.154265e+00 
1.154265e+00 
1.154265e+00 
1.154265e+00 
1.154265e+00 
1.154265e+00 
1.154265e+00 
1.154265e+00 
1.154265e+00 
1.154265e+00 
1.154265e+00 
1.154265e+00 
1.154265e+00 
1.154265e+00 
1.154265e+00 
1.154265e+00 
1.154265e+00 
1.154265e+00 
1.008000e+00 
1.008000e+00 
1.008000e+00 
1.008000e+00 
1.008000e+00 
1.008000e+00 
1.008000e+00 
1.008000e+00 
1.008000e+00 
1.008000e+00 
1.008000e+00 
1.008000e+00 
1.008000e+00 
1.008000e+00 
1.008000e+00 
1.008000e+00 
1.008000e+00 
1.008000e+00 
1.008000e+00 
1.008000e+00 
1.008000e+00 
1.008000e+00 
1.008000e+00 
1.008000e+00 
1.008000e+00 
1.008000e+00 
1.008000e+00 
1.008000e+00 
1.008000e+00 
1.008000e+00 
7.503585e-01 
7.503585e-01 
7.503585e-01 
7.503585e-01 
7.503585e-01 
7.503585e-01 
7.503585e-01 
7.503585e-01 
7.503585e-01 
7.503585e-01 
7.503585e-01 
7.503585e-01 
7.503585e-01 
7.503585e-01 
7.503585e-01 
7.503585e-01 
7.503585e-01 
7.503585e-01 
7.503585e-01 
7.503585e-01 
7.503585e-01 
7.503585e-01 
7.503585e-01 
7.503585e-01 
7.503585e-01 
7.503585e-01 
7.503585e-01 
7.503585e-01 
7.503585e-01 
7.503585e-01 
7.503585e-01 
7.503585e-01 
7.503585e-01 
7.503585e-01 
7.503585e-01 
7.503585e-01 
7.503585e-01 
7.503585e-01 
7.503585e-01 
7.503585e-01 
7.503585e-01 
7.503585e-01 
7.503585e-01 
7.503585e-01 
7.503585e-01 
7.503585e-01 
7.396213e-01 
7.396213e-01 
7.396213e-01 
7.396213e-01 
7.396213e-01 
7.396213e-01 
7.396213e-01 
7.396213e-01 
7.396213e-01 
7.396213e-01 
7.396213e-01 
7.396213e-01 
7.396213e-01 
7.396213e-01 
7.396213e-01 
7.396213e-01 
7.396213e-01 
7.396213e-01 
7.396213e-01 
7.396213e-01 
7.396213e-01 
7.396213e-01 
7.396213e-01 
7.396213e-01 
7.396213e-01 
7.396213e-01 
6.289765e-01 
6.289765e-01 
6.289765e-01 
6.289765e-01 
6.289765e-01 
6.289765e-01 
6.289765e-01 
6.289765e-01 
6.289765e-01 
6.289765e-01 
6.289765e-01 
6.289765e-01 
6.289765e-01 
5.083883e-01 
5.083883e-01 
5.083883e-01 
5.083883e-01 
4.028215e-01 
3.933863e-01 
3.933863e-01 
3.851384e-01 
3.851384e-01 
3.851384e-01 
3.851384e-01 
3.428683e-01 
3.428683e-01 
3.428683e-01 
3.428683e-01 
3.428683e-01 
3.428683e-01 
3.416179e-01 
3.416179e-01 
3.220667e-01 
3.220667e-01 
3.220667e-01 
3.220667e-01 
3.133569e-01 
3.133569e-01 
3.133569e-01 
3.133569e-01 
3.133569e-01 
3.133569e-01 
3.133569e-01 
3.133569e-01 
3.133569e-01 
3.133569e-01 
3.133569e-01 
3.133569e-01 
3.108648e-01 
3.108648e-01 
3.108648e-01 
3.105650e-01 
3.060646e-01 
3.060646e-01 
3.060646e-01 
3.056345e-01 
3.047629e-01 
3.041544e-01 
3.037241e-01 
3.034163e-01 
3.031943e-01 
3.030331e-01 
3.029153e-01 
2.509044e-01 
2.509044e-01 
2.509044e-01 
2.059492e-01 
2.059492e-01 
2.059492e-01 
2.059492e-01 
2.059492e-01 
2.059492e-01 
2.059492e-01 
2.059492e-01 
2.059492e-01 
2.059492e-01 
2.059492e-01 
1.347475e-01 
1.347475e-01 
1.347475e-01 
1.347475e-01 
1.347475e-01 
1.347475e-01 
1.347475e-01 
1.336792e-01 
1.336792e-01 
1.336792e-01 
1.336792e-01 
1.336792e-01 
1.336792e-01 
1.174576e-01 
1.174576e-01 
1.174576e-01 
1.174576e-01 
1.153387e-01 
1.153387e-01 
1.153387e-01 
1.153387e-01 
1.153387e-01 
1.153387e-01 
1.153387e-01 
1.153387e-01 
1.153387e-01 
1.153387e-01 
1.153387e-01 
1.153387e-01 
1.153387e-01 
1.153387e-01 
1.153387e-01 
1.153387e-01 
1.153387e-01 
1.153387e-01 
1.153387e-01 
1.153387e-01 
1.153387e-01 
1.153387e-01 
1.153387e-01 
1.153387e-01 
1.153387e-01 
1.153387e-01 
1.153387e-01 
1.005705e-01 
1.005705e-01 
1.005705e-01 
1.004753e-01 
1.004753e-01 
1.004753e-01 
1.004753e-01 
1.004753e-01 
1.004753e-01 
1.004753e-01 
1.004753e-01 
1.004753e-01 
1.004753e-01 
1.004753e-01 
1.004753e-01 
1.004753e-01 
9.991024e-02 
9.943944e-02 
9.943944e-02 
9.943944e-02 
9.943944e-02 
9.869125e-02 
9.806645e-02 
9.777242e-02 
9.764660e-02 
9.760351e-02 
9.759886e-02 
9.759886e-02 
9.759886e-02 
9.756249e-02 
9.753543e-02 
9.752178e-02 
9.751516e-02 
9.751215e-02 
9.751095e-02 
9.751063e-02 
9.751063e-02 
9.751063e-02 
9.750324e-02 
9.749376e-02 
9.748702e-02 
9.748220e-02 
9.747873e-02 
9.747621e-02 
9.747437e-02 
9.747303e-02 
9.747205e-02 
9.747133e-02 
9.747080e-02 
9.747041e-02 
9.747012e-02 
9.746991e-02 
9.746976e-02 
9.746964e-02 
9.746956e-02 
9.746950e-02 
9.746945e-02 
9.746942e-02 
9.746939e-02 
9.746937e-02 
9.746936e-02 
9.746935e-02 
9.746934e-02 
9.746934e-02 
9.746933e-02 
9.746933e-02 
9.746933e-02 
9.746933e-02 
9.746933e-02 
9.746933e-02 
9.746932e-02 
9.746932e-02 
9.746932e-02 
9.746932e-02 
6.919555e-02 
6.919555e-02 
6.919555e-02 
6.919555e-02 
6.919555e-02 
6.919555e-02 
6.919555e-02 
6.919555e-02 
6.919555e-02 
6.919555e-02 
6.919555e-02 
3.412216e-02 
3.412216e-02 
3.412216e-02 
3.412216e-02 
3.412216e-02 
3.412216e-02 
3.412216e-02 
3.412216e-02 
3.412216e-02 
3.412216e-02 
3.412216e-02 
3.412216e-02 
3.412216e-02 
3.412216e-02 
3.412216e-02 
3.412216e-02 
3.412216e-02 
3.412216e-02 
3.412216e-02 
3.412216e-02 
3.412216e-02 
3.412216e-02 
3.412216e-02 
3.412216e-02 
3.412216e-02 
3.412216e-02 
3.412216e-02 
3.412216e-02 
3.412216e-02 
3.412216e-02 
3.412216e-02 
3.412216e-02 
3.412216e-02 
3.412216e-02 
3.412216e-02 
3.412216e-02 
3.412216e-02 
3.412216e-02 
3.412216e-02 
3.412216e-02 
3.412216e-02 
3.412216e-02 
3.412216e-02 
3.412216e-02 
3.412216e-02 
3.412216e-02 
3.412216e-02 
3.412216e-02 
2.652571e-02 
2.423288e-02 
2.423288e-02 
2.423288e-02 
2.423288e-02 
2.423288e-02 
2.423288e-02 
2.423288e-02 
2.423288e-02 
2.423288e-02 
2.265314e-02 
2.265314e-02 
2.265314e-02 
2.265314e-02 
2.265314e-02 
2.265314e-02 
2.265314e-02 
2.265314e-02 
2.265314e-02 
2.265314e-02 
2.265314e-02 
2.232693e-02 
2.046577e-02 
2.020858e-02 
1.824546e-02 
1.824546e-02 
1.824546e-02 
1.824546e-02 
1.606921e-02 
1.606921e-02 
1.606921e-02 
1.606921e-02 
1.606921e-02 
1.606921e-02 
1.606921e-02 
1.606921e-02 
1.533516e-02 
1.533516e-02 
1.533516e-02 
1.533516e-02 
1.533516e-02 
1.409722e-02 
1.409722e-02 
1.409722e-02 
1.409722e-02 
1.409722e-02 
1.409722e-02 
1.409722e-02 
1.409722e-02 
1.409722e-02 
1.409722e-02 
1.364186e-02 
1.364186e-02 
1.364186e-02 
1.364186e-02 
1.359129e-02 
1.359129e-02 
1.359129e-02 
1.359129e-02 
1.359129e-02 
1.249666e-02 
1.230565e-02 
1.230565e-02 
1.230565e-02 
1.226656e-02 
1.226656e-02 
1.226656e-02 
1.226656e-02 
1.226656e-02 
1.226656e-02 
1.226656e-02 
1.226656e-02 
1.226656e-02 
1.226656e-02 
1.226656e-02 
1.226656e-02 
1.226656e-02 
1.226656e-02 
1.226656e-02 
1.226656e-02 
1.226656e-02 
1.226656e-02 
1.226656e-02 
1.226656e-02 
1.226656e-02 
1.226656e-02 
1.226656e-02 
1.226656e-02 
1.218735e-02 
1.218735e-02 
1.214685e-02 
1.214685e-02 
1.214685e-02 
1.214685e-02 
1.214685e-02 
1.214685e-02 
1.213549e-02 
1.213549e-02 
1.213549e-02 
1.213549e-02 
1.213549e-02 
1.213549e-02 
1.213549e-02 
1.213549e-02 
1.213549e-02 
1.213549e-02 
1.213549e-02 
1.213549e-02 
1.211114e-02 
1.211114e-02 
1.211114e-02 
1.211114e-02 
1.211114e-02 
1.211114e-02 
1.211114e-02 
1.211114e-02 
1.211114e-02 
1.211114e-02 
1.211114e-02 
1.211114e-02 
1.211114e-02 
1.211114e-02 
1.211114e-02 
1.211114e-02 
1.211114e-02 
1.211114e-02 
1.211114e-02 
1.211114e-02 
1.211114e-02 
1.211114e-02 
1.211114e-02 
1.210746e-02 
1.209258e-02 
1.208399e-02 
1.095358e-02 
8.417701e-03 
8.417701e-03 
8.417701e-03 
8.417701e-03 
8.417701e-03 
8.417701e-03 
8.417701e-03 
8.417701e-03 
8.417701e-03 
8.417701e-03 
8.417701e-03 
8.417701e-03 
8.417701e-03 
8.417701e-03 
7.900210e-03 
7.900210e-03 
7.900210e-03 
7.851035e-03 
6.921784e-03 
6.921784e-03 
6.921784e-03 
6.921784e-03 
6.921784e-03 
6.921784e-03 
6.921784e-03 
6.921784e-03 
6.921784e-03 
5.671946e-03 
4.380751e-03 
3.904882e-03 
3.801785e-03 
3.801785e-03 
3.801785e-03 
3.684546e-03 
3.468361e-03 
3.345805e-03 
3.274907e-03 
3.232936e-03 
3.207463e-03 
3.191597e-03 
3.181463e-03 
3.174836e-03 
3.170409e-03 
3.167400e-03 
3.165323e-03 
3.163873e-03 
3.162852e-03 
3.162127e-03 
3.161610e-03 
3.161240e-03 
3.160974e-03 
3.160783e-03 
3.160645e-03 
3.160546e-03 
3.160474e-03 
3.160422e-03 
3.160385e-03 
3.160357e-03 
3.160338e-03 
3.160324e-03 
3.160313e-03 
3.160306e-03 
3.160301e-03 
3.160297e-03 
3.160294e-03 
3.160292e-03 
3.160290e-03 
3.160289e-03 
3.160289e-03 
3.160288e-03 
3.160288e-03 
3.160287e-03 
3.160287e-03 
3.160287e-03 
3.160287e-03 
3.160287e-03 
3.160287e-03 
3.160287e-03 
3.160287e-03 
3.160287e-03 
3.160287e-03 
3.160287e-03 
3.000403e-03 
3.000403e-03 
3.000403e-03 
2.908136e-03 
2.589882e-03 
1.711560e-03 
1.397865e-03 
1.397865e-03 
1.397865e-03 
1.397865e-03 
1.397865e-03 
1.397865e-03 
1.397865e-03 
1.397865e-03 
1.397865e-03 
1.397865e-03 
1.397865e-03 
1.397865e-03 
1.397865e-03 
1.397865e-03 
1.397865e-03 
1.397865e-03 
1.397865e-03 
1.397865e-03 
1.397865e-03 
1.397865e-03 
1.397865e-03 
1.397865e-03 
1.397865e-03 
1.397865e-03 
1.397865e-03 
1.397865e-03 
1.397865e-03 
1.397865e-03 
1.397865e-03 
1.397865e-03 
1.017155e-03 
1.017155e-03 
1.017155e-03 
1.017155e-03 
1.017155e-03 
1.017155e-03 
9.143821e-04 
9.143821e-04 
9.143821e-04 
9.143821e-04 
9.143821e-04 
9.143821e-04 
8.922001e-04 
8.922001e-04 
7.417731e-04 
7.417731e-04 
7.417731e-04 
7.417731e-04 
7.417731e-04 
7.417731e-04 
7.417731e-04 
7.417731e-04 
7.417731e-04 
7.417731e-04 
7.417731e-04 
7.417731e-04 
7.417731e-04 
7.417731e-04 
7.198554e-04 
7.198554e-04 
7.198554e-04 
7.198554e-04 
6.711021e-04 
6.711021e-04 
6.711021e-04 
6.711021e-04 
6.344510e-04 
6.344510e-04 
6.204537e-04 
6.204537e-04 
6.204537e-04 
6.204537e-04 
5.620399e-04 
5.620399e-04 
5.237444e-04 
5.237444e-04 
5.237444e-04 
5.237444e-04 
5.237444e-04 
5.237444e-04 
5.237444e-04 
5.237444e-04 
5.237444e-04 
5.237444e-04 
5.237444e-04 
5.237444e-04 
5.237444e-04 
5.237444e-04 
5.237444e-04 
5.237444e-04 
4.949711e-04 
4.949711e-04 
4.287136e-04 
4.287136e-04 
4.287136e-04 
4.287136e-04 
4.287136e-04 
4.287136e-04 
4.287136e-04 
4.287136e-04 
4.287136e-04 
4.018023e-04 
3.816264e-04 
3.816264e-04 
3.590665e-04 
3.366742e-04 
3.314271e-04 
3.314271e-04 
3.314271e-04 
3.314271e-04 
3.204265e-04 
3.129585e-04 
3.088950e-04 
2.873318e-04 
2.873318e-04 
2.666764e-04 
2.666764e-04 
2.524990e-04 
2.524990e-04 
2.354690e-04 
2.354690e-04 
2.354690e-04 
2.354690e-04 
2.316187e-04 
2.316187e-04 
2.316187e-04 
2.278996e-04 
2.278996e-04 
2.278996e-04 
2.278996e-04 
2.278996e-04 
2.278996e-04 
2.278996e-04 
2.256937e-04 
2.256937e-04 
2.256937e-04 
2.256937e-04 
2.256937e-04 
1.957881e-04 
1.957881e-04 
1.957881e-04 
1.187403e-04 
1.187403e-04 
1.187403e-04 
1.187403e-04 
9.247949e-05 
9.247949e-05 
9.247949e-05 
9.247949e-05 
7.215142e-05 
7.215142e-05 
7.215142e-05 
7.215142e-05 
7.215142e-05 
7.215142e-05 
7.215142e-05 
7.215142e-05 
7.215142e-05 
7.215142e-05 
7.215142e-05 
7.215142e-05 
7.215142e-05 
7.215142e-05 
7.215142e-05 
7.215142e-05 
7.215142e-05 
7.215142e-05 
7.215142e-05 
6.781515e-05 
6.781515e-05 
6.781515e-05 
6.781515e-05 
6.781515e-05 
6.781515e-05 
5.967095e-05 
5.967095e-05 
5.628648e-05 
5.628648e-05 
4.330282e-05 
4.330282e-05 
4.330282e-05 
4.330282e-05 
4.330282e-05 
4.330282e-05 
4.330282e-05 
3.405817e-05 
3.405817e-05 
3.405817e-05 
2.317444e-05 
2.317444e-05 
2.317444e-05 
2.317444e-05 
2.317444e-05 
2.317444e-05 
2.317444e-05 
2.317444e-05 
2.317444e-05 
2.117865e-05 
1.640851e-05 
1.640851e-05 
1.431738e-05 
1.431738e-05 
1.431738e-05 
1.431738e-05 
1.431738e-05 
1.431738e-05 
1.431738e-05 
1.431738e-05 
1.431738e-05 
1.431738e-05 
1.431738e-05 
1.431738e-05 
1.431738e-05 
1.431738e-05 
1.431738e-05 
1.431738e-05 
1.431738e-05 
1.431738e-05 
1.431738e-05 
1.431738e-05 
1.431738e-05 
1.431738e-05 
8.062197e-06 
8.062197e-06 
8.062197e-06 
8.062197e-06 
8.062197e-06 
8.062197e-06 
8.062197e-06 
8.062197e-06 
8.062197e-06 
8.062197e-06 
8.062197e-06 
8.062197e-06 
8.062197e-06 
8.062197e-06 
8.062197e-06 
8.062197e-06 
8.062197e-06 
8.062197e-06 
8.062197e-06 
8.062197e-06 
8.062197e-06 
8.062197e-06 
8.062197e-06 
8.062197e-06 
8.062197e-06 
8.062197e-06 
8.062197e-06 
8.062197e-06 
8.062197e-06 
8.062197e-06 
7.018509e-06 
7.018509e-06 
7.018509e-06 
7.018509e-06 
7.018509e-06 
7.018509e-06 
7.018509e-06 
7.018509e-06 
7.018509e-06 
7.018509e-06 
6.963034e-06 
6.963034e-06 
6.836060e-06 
6.836060e-06 
6.836060e-06 
6.836060e-06 
6.836060e-06 
6.836060e-06 
6.836060e-06 
6.836060e-06 
6.836060e-06 
6.836060e-06 
4.383250e-06 
4.383250e-06 
4.383250e-06 
4.383250e-06 
3.741677e-06 
3.741677e-06 
3.741677e-06 
3.741677e-06 
3.741677e-06 
3.741677e-06 
3.597278e-06 
3.567510e-06 
3.567510e-06 
3.567510e-06 
3.567510e-06 
3.456872e-06 
3.456872e-06 
3.456872e-06 
3.456872e-06 
3.334143e-06 
3.281556e-06 
3.267602e-06 
3.267602e-06 
3.267602e-06 
3.262296e-06 
3.251826e-06 
3.249066e-06 
3.249066e-06 
3.247009e-06 
3.245322e-06 
3.244144e-06 
2.789739e-06 
2.265062e-06 
2.039477e-06 
1.832129e-06 
1.758288e-06 
1.742382e-06 
1.709331e-06 
1.643990e-06 
1.589945e-06 
1.561898e-06 
1.540581e-06 
1.540581e-06 
1.532562e-06 
1.532562e-06 
1.517757e-06 
1.517757e-06 
1.504568e-06 
1.504568e-06 
1.439303e-06 
1.429277e-06 
1.429277e-06 
1.429277e-06 
1.409780e-06 
1.397433e-06 
1.393772e-06 
1.379824e-06 
1.379824e-06 
1.379824e-06 
1.379824e-06 
1.373974e-06 
1.373974e-06 
1.363977e-06 
1.361984e-06 
1.361984e-06 
1.359027e-06 
1.357466e-06 
1.357098e-06 
1.357098e-06 
1.356771e-06 
1.356570e-06 
1.356481e-06 
1.347045e-06 
1.347045e-06 
1.347045e-06 
1.346303e-06 
1.343546e-06 
1.343546e-06 
1.336435e-06 
1.333213e-06 
1.333113e-06 
1.333113e-06 
1.333113e-06 
1.333113e-06 
1.331322e-06 
1.331322e-06 
1.330841e-06 
1.330841e-06 
1.330841e-06 
1.330841e-06 
1.330841e-06 
1.330756e-06 
1.330657e-06 
1.330601e-06 
1.330569e-06 
5.136599e-07 
5.136599e-07 
5.136599e-07 
5.136599e-07 
5.122199e-07 
5.122199e-07 
5.005372e-07 
5.005372e-07 
5.005372e-07 
4.379785e-07 
4.379785e-07 
4.379785e-07 
4.379785e-07 
4.315861e-07 
3.974344e-07 
3.336460e-07 
3.336460e-07 
3.336460e-07 
3.258404e-07 
3.236393e-07 
3.236393e-07 
3.209807e-07 
3.209807e-07 
3.209807e-07 
2.336173e-07 
2.336173e-07 
2.336173e-07 
2.336173e-07 
2.336173e-07 
2.336173e-07 
2.336173e-07 
2.336173e-07 
2.336173e-07 
2.336173e-07 
2.336173e-07 
2.336173e-07 
2.336173e-07 
2.336173e-07 
2.336173e-07 
2.336173e-07 
2.336173e-07 
2.336173e-07 
2.336173e-07 
2.336173e-07 
2.336173e-07 
2.258432e-07 
2.258432e-07 
2.258432e-07 
2.258432e-07 
2.258432e-07 
2.258432e-07 
2.258432e-07 
2.258432e-07 
2.258432e-07 
2.258432e-07 
2.258432e-07 
2.258432e-07 
2.258432e-07 
2.258432e-07 
2.258432e-07 
2.258432e-07 
2.258432e-07 
2.258432e-07 
2.258432e-07 
2.258432e-07 
2.258432e-07 
2.258432e-07 
2.258432e-07 
2.258432e-07 
2.258432e-07 
1.978577e-07 
1.613998e-07 
1.613998e-07 
1.613998e-07 
1.549787e-07 
1.549787e-07 
1.549787e-07 
1.549787e-07 
1.298942e-07 
1.298942e-07 
1.298942e-07 
1.298942e-07 
1.250215e-07 
1.250215e-07 
5.909984e-08 
5.909984e-08 
5.909984e-08 
5.588239e-08 
5.588239e-08 
5.588239e-08 
5.588239e-08 
5.588239e-08 
5.588239e-08 
5.588239e-08 
5.588239e-08 
5.588239e-08 
5.588239e-08 
5.588239e-08 
5.588239e-08 
5.588239e-08 
5.588239e-08 
5.588239e-08 
5.588239e-08 
5.588239e-08 
5.588239e-08 
5.177957e-08 
5.177957e-08 
5.177957e-08 
5.177957e-08 
5.177957e-08 
3.583549e-08 
3.583549e-08 
3.583549e-08 
3.194002e-08 
3.194002e-08 
3.194002e-08 
3.194002e-08 
3.194002e-08 
1.445783e-08 
1.445783e-08 
1.445783e-08 
1.445783e-08 
1.445783e-08 
1.445783e-08 
1.445783e-08 
1.445783e-08 
1.445783e-08 
1.445783e-08 
1.445783e-08 
1.445783e-08 
1.445783e-08 
1.445783e-08 
1.445783e-08 
1.445783e-08 
1.445783e-08 
1.445783e-08 
1.445783e-08 
1.445783e-08 
1.445783e-08 
1.445783e-08 
1.445783e-08 
1.445783e-08 
1.445783e-08 
1.445783e-08 
1.445783e-08 
1.445783e-08 
1.445783e-08 
1.445783e-08 
1.359942e-08 
1.359942e-08 
1.359942e-08 
1.359942e-08 
1.359942e-08 
1.359942e-08 
1.359942e-08 
1.359942e-08 
1.359942e-08 
1.359942e-08 
1.359942e-08 
1.359942e-08 
1.304754e-08 
1.304754e-08 
1.304754e-08 
1.304754e-08 
1.304754e-08 
1.304754e-08 
1.304754e-08 
1.304754e-08 
1.304754e-08 
1.012577e-08 
1.012577e-08 
1.012577e-08 
1.012577e-08 
8.608854e-09 
8.608854e-09 
7.376892e-09 
7.376892e-09 
7.376892e-09 
7.376892e-09 
7.376892e-09 
7.376892e-09 
7.376892e-09 
7.376892e-09 
7.376892e-09 
7.376892e-09 
4.230945e-09 
4.230945e-09 
4.057529e-09 
4.057529e-09 
4.057529e-09 
4.057529e-09 
4.057529e-09 
4.057529e-09 
4.057529e-09 
4.057529e-09 
4.057529e-09 
4.057529e-09 
4.057529e-09 
4.057529e-09 
3.807902e-09 
3.807902e-09 
2.603999e-09 
2.603999e-09 
2.603999e-09 
2.603999e-09 
2.603999e-09 
2.603999e-09 
2.603999e-09 
2.603999e-09 
2.603999e-09 
2.603999e-09 
2.603999e-09 
2.603999e-09 
2.603999e-09 
2.603999e-09 
2.603999e-09 
2.377718e-09 
2.377718e-09 
2.377718e-09 
2.377718e-09 
2.377718e-09 
2.377718e-09 
2.377718e-09 
2.377718e-09 
2.377718e-09 
2.377718e-09 
2.377718e-09 
2.377718e-09 
2.377718e-09 
2.377718e-09 
2.377718e-09 
2.377718e-09 
2.377718e-09 
2.377718e-09 
2.377718e-09 
2.377718e-09 
2.351796e-09 
2.264913e-09 
2.264913e-09 
2.250776e-09 
2.250776e-09 
2.250776e-09 
2.233932e-09 
2.233932e-09 
2.233932e-09 
2.233932e-09 
2.233932e-09 
1.851246e-09 
1.851246e-09 
1.851246e-09 
1.851246e-09 
1.614080e-09 
1.614080e-09 
1.614080e-09 
1.614080e-09 
1.614080e-09 
1.392822e-09 
1.392822e-09 
1.392822e-09 
1.129911e-09 
1.129911e-09 
1.129911e-09 
1.129911e-09 
1.129911e-09 
1.129911e-09 
9.441693e-10 
9.441693e-10 
9.441693e-10 
9.441693e-10 
9.172875e-10 
8.515610e-10 
4.759118e-10 
4.759118e-10 
4.759118e-10 
4.759118e-10 
4.759118e-10 
4.759118e-10 
4.759118e-10 
4.759118e-10 
4.759118e-10 
4.759118e-10 
4.759118e-10 
4.759118e-10 
4.759118e-10 
4.759118e-10 
4.759118e-10 
4.759118e-10 
4.713672e-10 
4.713672e-10 
4.713672e-10 
4.713672e-10 
4.713672e-10 
4.713672e-10 
3.792570e-10 
3.792570e-10 
2.501506e-10 
2.501506e-10 
2.501506e-10 
2.501506e-10 
2.501506e-10 
2.501506e-10 
2.501506e-10 
2.501506e-10 
2.501506e-10 
2.501506e-10 
2.501506e-10 
2.501506e-10 
2.501506e-10 
2.501506e-10 
2.501506e-10 
2.501506e-10 
2.501506e-10 
2.501506e-10 
2.501506e-10 
2.501506e-10 
2.501506e-10 
2.501506e-10 
2.501506e-10 
2.501506e-10 
2.501506e-10 
2.501506e-10 
2.501506e-10 
2.501506e-10 
2.501506e-10 
2.501506e-10 
1.178179e-10 
1.178179e-10 
1.178179e-10 
1.178179e-10 
1.178179e-10 
1.178179e-10 
1.178179e-10 
1.178179e-10 
1.178179e-10 
1.178179e-10 
1.019023e-10 
8.025662e-11 
8.025662e-11 
8.025662e-11 
7.827354e-11 
7.685393e-11 
7.685393e-11 
7.685393e-11 
7.593252e-11 
7.593252e-11 
7.593252e-11 
7.538081e-11 
7.538081e-11 
7.538081e-11 
7.538081e-11 
7.538081e-11 
7.538081e-11 
7.538081e-11 
7.487041e-11 
7.487041e-11 
7.487041e-11 
7.487041e-11 
7.487041e-11 
7.487041e-11 
7.487041e-11 
7.487041e-11 
7.487041e-11 
7.487041e-11 
7.487041e-11 
7.487041e-11 
7.487041e-11 
7.030384e-11 
6.822254e-11 
6.822254e-11 
6.770443e-11 
6.770443e-11 
6.770443e-11 
6.668584e-11 
6.668584e-11 
6.668584e-11 
6.472785e-11 
6.472785e-11 
6.472785e-11 
6.472785e-11 
6.472785e-11 
6.472785e-11 
6.472785e-11 
6.472785e-11 
6.361252e-11 
6.361252e-11 
6.361252e-11 
6.361252e-11 
6.361252e-11 
6.361252e-11 
6.361252e-11 
6.361252e-11 
5.582801e-11 
5.241874e-11 
5.241874e-11 
3.725886e-11 
3.725886e-11 
3.725886e-11 
3.725886e-11 
3.725886e-11 
3.725886e-11 
3.725886e-11 
3.725886e-11 
3.725886e-11 
3.713955e-11 
3.713955e-11 
3.713955e-11 
3.713955e-11 
3.713955e-11 
3.451039e-11 
2.314090e-11 
2.314090e-11 
2.314090e-11 
2.314090e-11 
2.314090e-11 
2.314090e-11 
2.314090e-11 
2.113628e-11 
2.113628e-11 
2.113628e-11 
2.113628e-11 
2.113628e-11 
2.113628e-11 
9.712305e-12 
9.712305e-12 
9.712305e-12 
9.712305e-12 
9.712305e-12 
9.712305e-12 
9.712305e-12 
9.712305e-12 
9.712305e-12 
9.712305e-12 
8.515485e-12 
8.319345e-12 
8.319345e-12 
8.319345e-12 
8.319345e-12 
8.173832e-12 
8.173832e-12 
8.173832e-12 
8.164580e-12 
7.557954e-12 
7.308672e-12 
7.308672e-12 
7.199130e-12 
7.199130e-12 
7.199130e-12 
7.199130e-12 
7.199130e-12 
7.199130e-12 
6.631288e-12 
6.631288e-12 
6.631288e-12 
6.631288e-12 
6.407837e-12 
5.530243e-12 
5.418999e-12 
4.986900e-12 
4.986900e-12 
4.471016e-12 
4.471016e-12 
4.471016e-12 
4.471016e-12 
4.471016e-12 
4.396779e-12 
4.396779e-12 
3.106034e-12 
3.106034e-12 
2.763345e-12 
2.763345e-12 
2.763345e-12 
2.763345e-12 
2.595257e-12 
2.595257e-12 
2.595257e-12 
2.595257e-12 
2.386980e-12 
2.386980e-12 
2.386980e-12 
2.386980e-12 
2.386980e-12 
2.287430e-12 
2.287430e-12 
2.225775e-12 
2.186029e-12 
2.163603e-12 
2.163603e-12 
2.163603e-12 
2.144729e-12 
2.123265e-12 
2.123265e-12 
2.123265e-12 
2.117713e-12 
2.111422e-12 
2.111052e-12 
2.111052e-12 
2.109572e-12 
2.109202e-12 
2.109202e-12 
2.108832e-12 
2.108832e-12 
2.108832e-12 
2.108832e-12 
2.108832e-12 
2.108832e-12 
2.107721e-12 
2.107721e-12 
2.107721e-12 
2.107721e-12 
2.107721e-12 
2.107721e-12 
2.107721e-12 
2.107721e-12 
1.960876e-12 
1.960876e-12 
1.960876e-12 
1.889600e-12 
1.646313e-12 
1.646313e-12 
1.622332e-12 
1.622332e-12 
1.622332e-12 
1.622332e-12 
1.583844e-12 
1.583844e-12 
1.583844e-12 
1.583844e-12 
1.485626e-12 
1.485626e-12 
1.245004e-12 
1.245004e-12 
1.245004e-12 
1.245004e-12 
1.245004e-12 
1.245004e-12 
1.197042e-12 
1.114664e-12 
1.072623e-12 
1.053232e-12 
1.041907e-12 
1.035616e-12 
9.430975e-13 
8.879564e-13 
8.879564e-13 
8.879564e-13 
8.451018e-13 
8.451018e-13 
8.451018e-13 
8.451018e-13 
8.451018e-13 
8.377003e-13 
8.377003e-13 
8.377003e-13 
7.824852e-13 
7.824852e-13 
7.824852e-13 
7.384463e-13 
7.384463e-13 
7.384463e-13 
7.384463e-13 
7.384463e-13 
6.932233e-13 
6.932233e-13 
6.932233e-13 
6.932233e-13 
6.932233e-13 
6.932233e-13 
5.804246e-13 
5.804246e-13 
5.804246e-13 
5.528911e-13 
5.528911e-13 
5.528911e-13 
5.528911e-13 
5.528911e-13 
5.528911e-13 
5.528911e-13 
3.713326e-13 
3.713326e-13 
3.713326e-13 
3.713326e-13 
2.600142e-13 
2.600142e-13 
2.600142e-13 
2.600142e-13 
2.600142e-13 
2.600142e-13 
2.600142e-13 
2.600142e-13 
2.600142e-13 
2.600142e-13 
2.600142e-13 
2.600142e-13 
2.600142e-13 
1.052491e-13 
1.052491e-13 
1.052491e-13 
1.052491e-13 
1.052491e-13 
1.052491e-13 
1.052491e-13 
1.052491e-13 
1.052491e-13 
1.052491e-13 
1.052491e-13 
1.052491e-13 
1.052491e-13 
1.052491e-13 
1.052491e-13 
1.052491e-13 
1.052491e-13 
1.052491e-13 
1.052491e-13 
1.052491e-13 
1.052491e-13 
1.052491e-13 
1.052491e-13 
1.052491e-13 
1.052491e-13 
1.018445e-13 
1.018445e-13 
1.018445e-13 
1.018445e-13 
1.018445e-13 
1.018445e-13 
1.018445e-13 
1.018445e-13 
1.018445e-13 
1.018445e-13 
1.018445e-13 
1.018445e-13 
1.018445e-13 
1.018445e-13 
1.018445e-13 
1.018445e-13 
7.764160e-14 
7.764160e-14 
7.764160e-14 
7.764160e-14 
7.764160e-14 
7.764160e-14 
6.905587e-14 
6.905587e-14 
6.905587e-14 
6.905587e-14 
6.905587e-14 
6.890784e-14 
6.890784e-14 
6.890784e-14 
6.890784e-14 
6.890784e-14 
6.890784e-14 
6.890784e-14 
6.890784e-14 
6.890784e-14 
3.811766e-14 
3.811766e-14 
3.811766e-14 
3.811766e-14 
3.811766e-14 
3.811766e-14 
3.811766e-14 
3.811766e-14 
3.811766e-14 
3.811766e-14 
3.811766e-14 
3.811766e-14 
3.811766e-14 
3.811766e-14 
3.811766e-14 
3.811766e-14 
3.811766e-14 
3.811766e-14 
3.811766e-14 
3.811766e-14 
3.811766e-14 
3.811766e-14 
3.811766e-14 
3.811766e-14 
3.811766e-14 
3.256654e-14 
3.256654e-14 
3.256654e-14 
3.256654e-14 
3.256654e-14 
3.256654e-14 
3.256654e-14 
3.256654e-14 
3.256654e-14 
3.256654e-14 
3.256654e-14 
3.256654e-14 
3.256654e-14 
3.256654e-14 
2.923587e-14 
2.923587e-14 
2.923587e-14 
2.923587e-14 
2.923587e-14 
2.923587e-14 
2.923587e-14 
2.923587e-14 
2.923587e-14 
2.923587e-14 
2.923587e-14 
2.923587e-14 
2.923587e-14 
2.923587e-14 
2.923587e-14 
2.923587e-14 
2.923587e-14 
2.923587e-14 
2.923587e-14 
2.923587e-14 
2.923587e-14 
2.923587e-14 
2.923587e-14 
2.923587e-14 
2.923587e-14 
2.923587e-14 
2.923587e-14 
2.923587e-14 
2.923587e-14 
2.923587e-14 
2.923587e-14 
2.923587e-14 
2.923587e-14 
2.923587e-14 
2.923587e-14 
2.923587e-14 
2.923587e-14 
2.923587e-14 
2.923587e-14 
2.479498e-14 
2.220446e-14 
1.517305e-14 
1.517305e-14 
1.517305e-14 
1.517305e-14 
1.517305e-14 
1.517305e-14 
1.369275e-14 
1.369275e-14 
1.221245e-14 
1.221245e-14 
1.221245e-14 
1.221245e-14 
1.221245e-14 
1.221245e-14 
1.221245e-14 
1.221245e-14 
1.221245e-14 
1.221245e-14 
1.221245e-14 
1.221245e-14 
1.221245e-14 
1.221245e-14 
1.221245e-14 
1.221245e-14 
1.221245e-14 
1.221245e-14 
1.221245e-14 
1.221245e-14 
1.221245e-14 
1.221245e-14 
1.221245e-14 
1.221245e-14 
1.221245e-14 
1.184238e-14 
1.184238e-14 
1.184238e-14 
1.184238e-14 
1.184238e-14 
1.184238e-14 
1.184238e-14 
1.184238e-14 
1.184238e-14 
1.184238e-14 
1.184238e-14 
1.184238e-14 
1.184238e-14 
1.184238e-14 
1.184238e-14 
1.184238e-14 
1.184238e-14 
1.184238e-14 
1.184238e-14 
1.184238e-14 
1.184238e-14 
1.184238e-14 
1.184238e-14 
1.184238e-14 
1.184238e-14 
1.184238e-14 
1.184238e-14 
1.184238e-14 
1.036208e-14 
1.036208e-14 
6.661338e-15 
6.661338e-15 
6.661338e-15 
6.661338e-15 
6.291264e-15 
6.291264e-15 
6.291264e-15 
6.291264e-15 
6.291264e-15 
6.291264e-15 
6.291264e-15 
6.291264e-15 
6.291264e-15 
6.291264e-15 
6.291264e-15 
6.291264e-15 
6.291264e-15 
6.291264e-15 
4.810966e-15 
4.810966e-15 
4.810966e-15 
4.810966e-15 
4.810966e-15 
4.810966e-15 
4.810966e-15 
4.810966e-15 
4.810966e-15 
4.810966e-15 
4.810966e-15 
4.810966e-15 
4.810966e-15 
4.810966e-15 
4.810966e-15 
4.810966e-15 
4.810966e-15 
4.810966e-15 
4.810966e-15 
4.810966e-15 
4.810966e-15 
4.810966e-15 
4.810966e-15 
4.810966e-15 
4.810966e-15 
4.810966e-15 
4.810966e-15 
4.810966e-15 
4.810966e-15 
4.810966e-15 
4.070818e-15 
4.070818e-15 
4.070818e-15 
4.070818e-15 
3.700743e-15 
3.700743e-15 
3.700743e-15 
3.700743e-15 
3.700743e-15 
3.700743e-15 
3.700743e-15 
3.700743e-15 
3.700743e-15 
3.700743e-15 
3.700743e-15 
3.700743e-15 
3.700743e-15 
3.700743e-15 
3.700743e-15 
3.700743e-15 
3.700743e-15 
3.700743e-15 
3.700743e-15 
3.700743e-15 
3.700743e-15 
3.700743e-15 
3.700743e-15 
3.700743e-15 
3.700743e-15 
3.700743e-15 
3.700743e-15 
3.700743e-15 
3.700743e-15 
3.700743e-15 
3.700743e-15 
3.700743e-15 
3.700743e-15 
3.700743e-15 
3.700743e-15 
3.700743e-15 
3.700743e-15 
3.700743e-15 
2.960595e-15 
2.960595e-15 
2.960595e-15 
2.960595e-15 
2.960595e-15 
2.960595e-15 
2.960595e-15 
2.960595e-15 
2.960595e-15 
2.960595e-15 
2.960595e-15 
2.960595e-15 
2.960595e-15 
2.590520e-15 
2.590520e-15 
2.590520e-15 
2.590520e-15 
2.590520e-15 
2.590520e-15 
2.590520e-15 
2.590520e-15 
2.590520e-15 
2.590520e-15 
2.590520e-15 
2.590520e-15 
2.590520e-15 
2.590520e-15 
2.590520e-15 
2.590520e-15 
2.590520e-15 
2.590520e-15 
2.590520e-15 
2.590520e-15 
2.590520e-15 
2.590520e-15 
2.590520e-15 
2.590520e-15 
2.590520e-15 
2.590520e-15 
2.590520e-15 
2.590520e-15 
2.590520e-15 
2.590520e-15 
2.590520e-15 
2.590520e-15 
2.590520e-15 
2.590520e-15 
2.590520e-15 
2.590520e-15 
1.480297e-15 
1.480297e-15 
1.480297e-15 
1.480297e-15 
1.480297e-15 
1.480297e-15 
1.480297e-15 
1.480297e-15 
1.480297e-15 
1.480297e-15 
1.480297e-15 
1.480297e-15 
1.110223e-15 
1.110223e-15 
3.700743e-16 
3.700743e-16 
3.700743e-16 
3.700743e-16 
3.700743e-16 
3.700743e-16 
3.700743e-16 
3.700743e-16 
3.700743e-16 
3.700743e-16 
3.700743e-16 
3.700743e-16 
3.700743e-16 
3.700743e-16 
3.700743e-16 
3.700743e-16 
3.700743e-16 
3.700743e-16 
3.700743e-16 
3.700743e-16 
3.700743e-16 
3.700743e-16 
3.700743e-16 
3.700743e-16 
3.700743e-16 
3.700743e-16 
3.700743e-16 
3.700743e-16 
3.700743e-16 
3.700743e-16 
3.700743e-16 
3.700743e-16 
3.700743e-16 
3.700743e-16 
3.700743e-16 
3.700743e-16 
3.700743e-16 
3.700743e-16 
3.700743e-16 
3.700743e-16 
3.700743e-16 
3.700743e-16 
3.700743e-16 
3.700743e-16 
3.700743e-16 
3.700743e-16 
3.700743e-16 
3.700743e-16 
3.700743e-16 
3.700743e-16 
3.700743e-16 
3.700743e-16 
3.700743e-16 
3.700743e-16 
3.700743e-16 
3.700743e-16 
3.700743e-16 
3.700743e-16 
3.700743e-16 
3.700743e-16 
3.700743e-16 
3.700743e-16 
3.700743e-16 
3.700743e-16 
3.700743e-16 
3.700743e-16 
3.700743e-16 
3.700743e-16 
3.700743e-16 
3.700743e-16 
3.700743e-16 
3.700743e-16 
3.700743e-16 
3.700743e-16 
3.700743e-16 
3.700743e-16 
3.700743e-16 
3.700743e-16 
3.700743e-16 
3.700743e-16 
3.700743e-16 
3.700743e-16 
3.700743e-16 
3.700743e-16 
3.700743e-16 
3.700743e-16 
3.700743e-16 
3.700743e-16 
3.700743e-16 
3.700743e-16 
3.700743e-16 
3.700743e-16 
3.700743e-16 
3.700743e-16 
3.700743e-16 
3.700743e-16 
3.700743e-16 
3.700743e-16 
3.700743e-16 
3.700743e-16 
3.700743e-16 
3.700743e-16 
3.700743e-16 
3.700743e-16 
3.700743e-16 
3.700743e-16 
3.700743e-16 
3.700743e-16 
3.700743e-16 
3.700743e-16 
3.700743e-16 
3.700743e-16 
3.700743e-16 
3.700743e-16 
3.700743e-16 
3.700743e-16 
3.700743e-16 
3.700743e-16 
3.700743e-16 
3.700743e-16 
3.700743e-16 
3.700743e-16 
3.700743e-16 
3.700743e-16 
3.700743e-16 
3.700743e-16 
3.700743e-16 
3.700743e-16 
3.700743e-16 
3.700743e-16 
3.700743e-16 
3.700743e-16 
3.700743e-16 
3.700743e-16 
3.700743e-16 
3.700743e-16 
3.700743e-16 
3.700743e-16 
3.700743e-16 
3.700743e-16 
3.700743e-16 
3.700743e-16 
3.700743e-16 
3.700743e-16 
3.700743e-16 
3.700743e-16 
3.700743e-16 
3.700743e-16 
3.700743e-16 
3.700743e-16 
3.700743e-16 
3.700743e-16 
3.700743e-16 
3.700743e-16 
3.700743e-16 
0 
0 
0 
0 
0 
0 
0 
0 
0 
0 
0 
0 
0 
0 
0 
0 
0 
0 
0 
0 
0 
0 
0 
0 
0 
0 
0 
0 
0 
0 
0 
0 
0 
0 
0 
0 
0 
0 
0 
0 
0 
0 
0 
0 
0 
0 
0 
0 
0 
0 
0 
0 
0 
0 
0 
0 
0 
0 
0 
0 
0 
0 
0 
0 
0 
0 
0 
0 
0 
0 
0 
0 
0 
0 
0 
0 
0 
0 
0 
0 
0 
0 
0 
0 
0 
0 
0 
0 
0 
0 
0 
0 
0 
0 
0 
0 
0 
0 
0 
0 
0 
0 
0 
0 
0 
0 
0 
0 
0 
0 
0 
0 
0 
0 
0 
0 
0 
0 
0 
0 
0 
0 
0 
0 
0 
0 
0 
0 
0 
0 
0 
0 
0 
0 
0 
0 
0 
0 
0 
0 
0 
0 
0 
0 
0 
0 
0 
0 
0 
0 
0 
0 
0 
0 
0 
0 
0 
0 
0 
0 
0 
0 
0 
0 
0 
0 
0 
0 
0 
0 
0 
0 
0 
0 
0 
0 
0 
0 
0 
0 
0 
0 
0 
0 
0 
0 
0 
0 
0 
0 
0 
0 
0 
0 
0 
0 
0 
0 
0 
0 
0 
0 
0 
0 
0 
0 
0 
0 
0 
0 
0 
0 
0 
0 
0 
0 
0 
0 
0 
0 
0 
0 
0 
0 
0 
0 
0 
0 
0 
0 
0 
0 
0 
0 
0 
0 
0 
0 
0 
0 
0 
0 
0 
0 
0 
0 
0 
0 
0 
0 
0 
0 
0 
0 
0 
0 
0 
0 
0 
0 
0 
0 
0 
0 
0 
0 
0 
0 
0 
0 
0 
0 
0 
0 
0 
0 
0 
0 
0 
0 
0 
0 
0 
0 
0 
0 
0 
0 
0 
0 
0 
0 
0 
0 
0 
0 
0 
0 
0 
0 
0 
0 
0 
0 
0 
0 
0 
0 
0 
0 
0 
0 
0 
0 
0 
0 
0 
0 
0 
0 
0 
0 
0 
0 
0 
0 
0 
0 
0 
0 
0 
0 
0 
0 
0 
0 
0 
0 
0 
0 
0 
0 
0 
0 
0 
0 
0 
0 
0 
0 
0 
0 
0 
0 
0 
0 
0 
0 
0 
0 
0 
0 
0 
0 
0 
0 
0 
0 
0 
0 
0 
0 
0 
0 
0 
0 
0 
0 
0 
0 
0 
0 
0 
0 
0 
0 
0 
0 
0 
0 
0 
0 
0 
0 
0 
0 
0 
0 
0 
0 
0 
0 
0 
0 
0 
0 
0 
0 
0 
0 
0 
0 
0 
0 
0 
0 
0 
0 
0 
0 
0 
0 
0 
0 
0 
0 
0 
0 
0 
0 
0 
0 
0 
0 
0 
0 
0 
0 
0 
0 
0 
0 
0 
0 
0 
0 
0 
0 
0 
0 
0 
0 
0 
0 
0 
0 
0 
0 
0 
0 
0 
0 
0 
0 
0 
0 
0 
0 
0 
0 
0 
0 
0 
0 
0 
0 
0 
0 
0 
0 
0 
0 
0 
0 
0 
0 
0 
0 
0 
0 
0 
0 
0 
0 
0 
0 
0 
0 
0 
0 
0 
0 
0 
0 
0 
0 
0 
0 
0 
0 
0 
0 
0 
0 
0 
0 
0 
0 
0 
0 
0 
0 
0 
0 
0 
0 
0 
0 
0 
0 
0 
0 
0 
0 
0 
0 
0 
0 
0 
0 
0 
0 
0 
0 
0 
0 
0 
0 
0 
0 
0 
0 
0 
0 
0 
0 
0 
0 
0 
0 
0 
0 
0 
0 
0 
0 
0 
0 
0 
0 
0 
0 
0 
0 
0 
0 
0 
0 
0 
0 
0 
0 
0 
0 
0 
0 
0 
0 
0 
0 
0 
0 
0 
0 
0 
0 
0 
0 
0 
0 
0 
0 
0 
0 
0 
0 
0 
0 
0 
0 
0 
0 
0 
0 
0 
0 
0 
0 
0 
0 
0 
0 
0 
0 
0 
0 
0 
0 
0 
0 
0 
0 
0 
0 
0 
0 
0 
0 
0 
0 
0 
0 
0 
0 
0 
0 
0 
0 
0 
0 
0 
0 
0 
0 
0 
0 
0 
0 
0 
0 
0 
0 
0 
0 
0 
0 
0 
0 
0 
0 
0 
0 
0 
0 
0 
0 
0 
0 
0 
0 
0 
0 
0 
0 
0 
0 
0 
0 
0 
0 
0 
0 
0 
0 
0 
0 
0 
0 
0 
0 
0 
0 
0 
0 
0 
0 
0 
0 
0 
0 
0 
0 
0 
0 
0 
0 
0 
0 
0 
0 
0 
0 
0 
0 
0 
0 
0 
0 
0 
0 
0 
0 
0 
0 
0 
0 
0 
0 
0 
0 
0 
0 
0 
0 
0 
0 
0 
0 
0 
0 
0 
0 
0 
0 
0 
0 
0 
0 
0 
0 
0 
0 
0 
0 
0 
0 
0 
0 
0 
0 
0 
0 
0 
0 
0 
0 
0 
0 
0 
0 
0 
0 
0 
0 
0 
0 
0 
0 
0 
0 
0 
0 
0 
0 
0 
0 
0 
0 
0 
0 
0 
0 
0 
0 
0 
0 
0 
0 
0 
0 
0 
0 
0 
0 
0 
0 
0 
0 
0 
0 
0 
0 
0 
0 
0 
0 
0 
0 
0 
0 
0 
0 
0 
0 
0 
0 
0 
0 
0 
0 
0 
0 
0 
0 
0 
0 
0 
0 
0 
0 
0 
0 
0 
0 
0 
0 
0 
0 
0 
0 
0 
0 
0 
0 
0 
0 
0 
0 
0 
0 
0 
0 
0 
0 
0 
0 
0 
0 
0 
0 
0 
0 
0 
0 
0 
0 
0 
0 
0 
0 
0 
0 
0 
0 
0 
0 
0 
0 
0 
0 
0 
0 
0 
0 
0 
0 
0 
0 
0 
0 
0 
0 
0 
0 
0 
0 
0 
0 
0 
0 
0 
0 
0 
0 
0 
0 
0 
0 
0 
0 
0 
0 
0 
0 
0 
0 
0 
0 
0 
0 
0 
0 
0 
0 
0 
0 
0 
0 
0 
0 
0 
0 
0 
0 
0 
0 
0 
0 
0 
0 
0 
0 
0 
0 
0 
0 
0 
0 
0 
0 
0 
0 
0 
0 
0 
0 
0 
0 
0 
0 
0 
0 
0 
0 
0 
0 
0 
0 
0 
0 
0 
0 
0 
0 
0 
0 
0 
0 
0 
0 
0 
0 
0 
0 
0 
0 
0 
0 
0 
0 
0 
0 
0 
0 
0 
0 
0 
0 
0 
0 
0 
0 
0 
0 
0 
0 
0 
0 
0 
0 
0 
0 
0 
0 
0 
0 
0 
0 
0 
0 
0 
0 
0 
0 
0 
0 
0 
0 
0 
0 
0 
0 
0 
0 
0 
0 
0 
0 
0 
0 
0 
0 
0 
0 
0 
0 
0 
0 
0 
0 
0 
0 
0 
0 
0 
0 
0 
0 
0 
0 
0 
0 
0 
0 
0 
0 
0 
0 
0 
0 
0 
0 
0 
0 
0 
0 
0 
0 
0 
0 
0 
0 
0 
0 
0 
0 
0 
0 
0 
0 
0 
0 
0 
0 
0 
0 
0 
0 
0 
0 
0 
0 
0 
0 
0 
0 
0 
0 
0 
0 
0 
0 
0 
0 
0 
0 
0 
0 
0 
0 
0 
0 
0 
0 
0 
0 
0 
0 
0 
0 
0 
0 
0 
0 
0 
0 
0 
0 
0 
0 
0 
0 
0 
0 
0 
0 
0 
0 
0 
0 
0 
0 
0 
0 
0 
0 
0 
0 
0 
0 
0 
0 
0 
0 
0 
0 
0 
0 
0 
0 
0 
0 
0 
0 
0 
0 
0 
0 
0 
0 
0 
0 
0 
0 
0 
0 
0 
0 
0 
0 
0 
0 
0 
0 
0 
0 
0 
0 
0 
0 
0 
0 
0 
0 
0 
0 
0 
0 
0 
0 
0 
0 
0 
0 
0 
0 
0 
0 
0 
0 
0 
0 
0 
0 
0 
0 
0 
0 
0 
0 
0 
0 
0 
0 
0 
0 
0 
0 
0 
0 
0 
0 
0 
0 
0 
0 
0 
0 
0 
0 
0 
0 
0 
0 
0 
0 
0 
0 
0 
0 
0 
0 
0 
0 
0 
0 
0 
0 
0 
0 
0 
0 
0 
0 
0 
0 
0 
0 
0 
0 
0 
0 
0 
0 
0 
0 
0 
0 
0 
0 
0 
0 
0 
0 
0 
0 
0 
0 
0 
0 
0 
0 
0 
0 
0 
0 
0 
0 
0 
0 
0 
0 
0 
0 
0 
0 
0 
0 
0 
0 
0 
0 
0 
0 
0 
0 
0 
0 
0 
0 
0 
0 
0 
0 
0 
0 
0 
0 
0 
0 
0 
0 
0 
0 
0 
0 
0 
0 
0 
0 
0 
0 
0 
0 
0 
0 
0 
0 
0 
0 
0 
0 
0 
0 
0 
0 
0 
0 
0 
0 
0 
0 
0 
0 
0 
0 
0 
0 
0 
0 
0 
0 
0 
0 
0 
0 
0 
0 
0 
0 
0 
0 
0 
0 
0 
0 
0 
0 
0 
0 
0 
0 
0 
0 
0 
0 
0 
0 
0 
0 
0 
0 
0 
0 
0 
0 
0 
0 
0 
0 
0 
0 
0 
0 
0 
0 
0 
0 
0 
0 
0 
0 
0 
0 
0 
0 
0 
0 
0 
0 
0 
0 
0 
0 
0 
0 
0 
0 
0 
0 
0 
0 
0 
0 
0 
0 
0 
0 
0 
0 
0 
0 
0 
0 
0 
0 
0 
0 
0 
0 
0 
0 
0 
0 
0 
0 
0 
0 
0 
0 
0 
0 
0 
0 
0 
0 
0 
0 
0 
0 
0 
0 
0 
0 
0 
0 
0 
0 
0 
0 
0 
0 
0 
0 
0 
0 
0 
0 
0 
0 
0 
0 
0 
0 
0 
0 
0 
0 
0 
0 
0 
0 
0 
0 
0 
0 
0 
0 
0 
0 
0 
0 
0 
0 
0 
0 
0 
0 
0 
0 
0 
0 
0 
0 
0 
0 
0 
0 
0 
0 
0 
0 
0 
0 
0 
0 
0 
0 
0 
0 
0 
0 
0 
0 
0 
0 
0 
0 
0 
0 
0 
0 
0 
0 
0 
0 
0 
0 
0 
0 
0 
0 
0 
0 
0 
0 
0 
0 
0 
0 
0 
0 
0 
0 
0 
0 
0 
0 
0 
0 
0 
0 
0 
0 
0 
0 
0 
0 
0 
0 
0 
0 
0 
0 
0 
0 
0 
0 
0 
0 
0 
0 
0 
0 
0 
0 
0 
0 
0 
0 
0 
0 
0 
0 
0 
0 
0 
0 
0 
0 
0 
0 
0 
0 
0 
0 
0 
0 
0 
0 
0 
0 
0 
0 
0 
0 
0 
0 
0 
0 
0 
0 
0 
0 
0 
0 
0 
0 
0 
0 
0 
0 
0 
0 
0 
0 
0 
0 
0 
0 
0 
0 
0 
0 
0 
0 
0 
0 
0 
0 
0 
0 
0 
0 
0 
0 
0 
0 
0 
0 
0 
0 
0 
0 
0 
0 
0 
0 
0 
0 
0 
0 
0 
0 
0 
0 
0 
0 
0 
0 
0 
0 
0 
0 
0 
0 
0 
0 
0 
0 
0 
0 
0 
0 
0 
0 
0 
0 
0 
0 
0 
0 
0 
0 
0 
0 
0 
0 
0 
0 
0 
0 
0 
0 
0 
0 
0 
0 
0 
0 
0 
0 
0 
0 
0 
0 
0 
0 
0 
0 
0 
0 
0 
0 
0 
0 
0 
0 
0 
0 
0 
0 
0 
0 
0 
0 
0 
0 
0 
0 
0 
0 
0 
0 
0 
0 
0 
0 
0 
0 
0 
0 
0 
0 
0 
0 
0 
0 
0 
0 
0 
0 
0 
0 
0 
0 
0 
0 
0 
0 
0 
0 
0 
0 
0 
0 
0 
0 
0 
0 
0 
0 
0 
0 
0 
0 
0 
0 
0 
0 
0 
0 
0 
0 
0 
0 
0 
0 
0 
0 
0 
0 
0 
0 
0 
0 
0 
0 
0 
0 
0 
0 
0 
0 
0 
0 
0 
0 
0 
0 
0 
0 
0 
0 
0 
0 
0 
0 
0 
0 
0 
0 
0 
0 
0 
0 
0 
0 
0 
0 
0 
0 
0 
0 
0 
0 
0 
0 
0 
0 
0 
0 
0 
0 
0 
0 
0 
0 
0 
0 
0 
0 
0 
0 
0 
0 
0 
0 
0 
0 
0 
0 
0 
0 
0 
0 
0 
0 
0 
0 
0 
0 
0 
0 
0 
0 
0 
0 
0 
0 
0 
0 
0 
0 
0 
0 
0 
0 
0 
0 
0 
0 
0 
0 
0 
0 
0 
0 
0 
0 
0 
0 
0 
0 
0 
0 
0 
0 
0 
0 
0 
0 
0 
0 
0 
0 
0 
0 
0 
0 
0 
0 
0 
0 
0 
0 
0 
0 
0 
0 
0 
0 
0 
0 
0 
0 
0 
0 
0 
0 
0 
0 
0 
0 
0 
0 
0 
0 
0 
0 
0 
0 
0 
0 
0 
0 
0 
0 
0 
0 
0 
0 
0 
0 
0 
0 
0 
0 
0 
0 
0 
0 
0 
0 
0 
0 
0 
0 
0 
0 
0 
0 
0 
0 
0 
0 
0 
0 
0 
0 
0 
0 
0 
0 
0 
0 
0 
0 
0 
0 
0 
0 
0 
0 
0 
0 
0 
0 
0 
0 
0 
0 
0 
0 
0 
0 
0 
0 
0 
0 
0 
0 
0 
0 
0 
0 
0 
0 
0 
0 
0 
0 
0 
0 
0 
0 
0 
0 
0 
0 
0 
0 
0 
0 
0 
0 
0 
0 
0 
0 
0 
0 
0 
0 
0 
0 
0 
0 
0 
0 
0 
0 
0 
0 
0 
0 
0 
0 
0 
0 
0 
0 
0 
0 
0 
0 
0 
0 
0 
0 
0 
0 
0 
0 
0 
0 
0 
0 
0 
0 
0 
0 
0 
0 
0 
0 
0 
0 
0 
0 
0 
0 
0 
0 
0 
0 
0 
0 
0 
0 
0 
0 
0 
0 
0 
0 
0 
0 
0 
0 
0 
0 
0 
0 
0 
0 
0 
0 
0 
0 
0 
0 
0 
0 
0 
0 
0 
0 
0 
0 
0 
0 
0 
0 
0 
0 
0 
0 
0 
0 
0 
0 
0 
0 
0 
0 
0 
0 
0 
0 
0 
0 
0 
0 
0 
0 
0 
0 
0 
0 
0 
0 
0 
0 
0 
0 
0 
0 
0 
0 
0 
0 
0 
0 
0 
0 
0 
0 
0 
0 
0 
0 
0 
0 
0 
0 
0 
0 
0 
0 
0 
0 
0 
0 
0 
0 
0 
0 
0 
0 
0 
0 
0 
0 
0 
0 
0 
0 
0 
0 
0 
0 
0 
0 
0 
0 
0 
0 
0 
0 
0 
0 
0 
0 
0 
0 
0 
0 
0 
0 
0 
0 
0 
0 
0 
0 
0 
0 
0 
0 
0 
0 
0 
0 
0 
0 
0 
0 
0 
0 
0 
0 
0 
0 
0 
0 
0 
0 
0 
0 
0 
0 
0 
0 
0 
0 
0 
0 
0 
0 
0 
0 
0 
0 
0 
0 
0 
0 
0 
0 
0 
0 
0 
0 
0 
0 
0 
0 
0 
0 
0 
0 
0 
0 
0 
0 
0 
0 
0 
0 
0 
0 
0 
0 
0 
0 
0 
0 
0 
0 
0 
0 
0 
0 
0 
0 
0 
0 
0 
0 
0 
0 
0 
0 
0 
0 
0 
0 
0 
0 
0 
0 
0 
0 
0 
0 
0 
0 
0 
0 
0 
0 
0 
0 
0 
0 
0 
0 
0 
0 
0 
0 
0 
0 
0 
0 
0 
0 
0 
0 
0 
0 
0 
0 
0 
0 
0 
0 
0 
0 
0 
0 
0 
0 
0 
0 
0 
0 
0 
0 
0 
0 
0 
0 
0 
0 
0 
0 
0 
0 
0 
0 
0 
0 
0 
0 
0 
0 
0 
0 
0 
0 
0 
0 
0 
0 
0 
0 
0 
0 
0 
0 
0 
0 
0 
0 
0 
0 
0 
0 
0 
0 
0 
0 
0 
0 
0 
0 
0 
0 
0 
0 
0 
0 
0 
0 
0 
0 
0 
0 
0 
0 
0 
0 
0 
0 
0 
0 
0 
0 
0 
0 
0 
0 
0 
0 
0 
0 
0 
0 
0 
0 
0 
0 
0 
0 
0 
0 
0 
0 
0 
0 
0 
0 
0 
0 
0 
0 
0 
0 
0 
0 
0 
0 
0 
0 
0 
0 
0 
0 
0 
0 
0 
0 
0 
0 
0 
0 
0 
0 
0 
0 
0 
0 
0 
0 
0 
0 
0 
0 
0 
0 
0 
0 
0 
0 
0 
0 
0 
0 
0 
0 
0 
0 
0 
0 
0 
0 
0 
0 
0 
0 
0 
0 
0 
0 
0 
0 
0 
0 
0 
0 
0 
0 
0 
0 
0 
0 
0 
0 
0 
0 
0 
0 
0 
0 
0 
0 
0 
0 
0 
0 
0 
0 
0 
0 
0 
0 
0 
0 
0 
0 
0 
0 
0 
0 
0 
0 
0 
0 
0 
0 
0 
0 
0 
0 
0 
0 
0 
0 
0 
0 
0 
0 
0 
0 
0 
0 
0 
0 
0 
0 
0 
0 
0 
0 
0 
0 
0 
0 
0 
0 
0 
0 
0 
0 
0 
0 
0 
0 
0 
0 
0 
0 
0 
0 
0 
0 
0 
0 
0 
0 
0 
0 
0 
0 
0 
0 
0 
0 
0 
0 
0 
0 
0 
0 
0 
0 
0 
0 
0 
0 
0 
0 
0 
0 
0 
0 
0 
0 
0 
0 
0 
0 
0 
0 
0 
0 
0 
0 
0 
0 
0 
0 
0 
0 
0 
0 
0 
0 
0 
0 
0 
0 
0 
0 
0 
0 
0 
0 
0 
0 
0 
0 
0 
0 
0 
0 
0 
0 
0 
0 
0 
0 
0 
0 
0 
0 
0 
0 
0 
0 
0 
0 
0 
0 
0 
0 
0 
0 
0 
0 
0 
0 
0 
0 
0 
0 
0 
0 
0 
0 
0 
0 
0 
0 
0 
0 
0 
0 
0 
0 
0 
0 
0 
0 
0 
0 
0 
0 
0 
0 
0 
0 
0 
0 
0 
0 
0 
0 
0 
0 
0 
0 
0 
0 
0 
0 
0 
0 
0 
0 
0 
0 
0 
0 
0 
0 
0 
0 
0 
0 
0 
0 
0 
0 
0 
0 
0 
0 
0 
0 
0 
0 
0 
0 
0 
0 
0 
0 
0 
0 
0 
0 
0 
0 
0 
0 
0 
0 
0 
0 
0 
0 
0 
0 
0 
0 
0 
0 
0 
0 
0 
0 
0 
0 
0 
0 
0 
0 
0 
0 
0 
0 
0 
0 
0 
0 
0 
0 
0 
0 
0 
0 
0 
0 
0 
0 
0 
0 
0 
0 
0 
0 
0 
0 
0 
0 
0 
0 
0 
0 
0 
0 
0 
0 
0 
0 
0 
0 
0 
0 
0 
0 
0 
0 
0 
0 
0 
0 
0 
0 
0 
0 
0 
0 
0 
0 
0 
0 
0 
0 
0 
0 
0 
0 
0 
0 
0 
0 
0 
0 
0 
0 
0 
0 
0 
0 
0 
0 
0 
0 
0 
0 
0 
0 
0 
0 
0 
0 
0 
0 
0 
0 
0 
0 
0 
0 
0 
0 
0 
0 
0 
0 
0 
0 
0 
0 
0 
0 
0 
0 
0 
0 
0 
0 
0 
0 
0 
0 
0 
0 
0 
0 
0 
0 
0 
0 
0 
0 
0 
0 
0 
0 
0 
0 
0 
0 
0 
0 
0 
0 
0 
0 
0 
0 
0 
0 
0 
0 
0 
0 
0 
0 
0 
0 
0 
0 
0 
0 
0 
0 
0 
0 
0 
0 
0 
0 
0 
0 
0 
0 
0 
0 
0 
0 
0 
0 
0 
0 
0 
0 
0 
0 
0 
0 
0 
0 
0 
0 
0 
0 
0 
0 
0 
0 
0 
0 
0 
0 
0 
0 
0 
0 
0 
0 
0 
0 
0 
0 
0 
0 
0 
0 
0 
0 
0 
0 
0 
0 
0 
0 
0 
0 
0 
0 
0 
0 
0 
0 
0 
0 
0 
0 
0 
0 
0 
0 
0 
0 
0 
0 
0 
0 
0 
0 
0 
0 
0 
0 
0 
0 
0 
0 
0 
0 
0 
0 
0 
0 
0 
0 
0 
0 
0 
0 
0 
0 
0 
0 
0 
0 
0 
0 
0 
0 
0 
0 
0 
0 
0 
0 
0 
0 
0 
0 
0 
0 
0 
0 
0 
0 
0 
0 
0 
0 
0 
0 
0 
0 
0 
0 
0 
0 
0 
0 
0 
0 
0 
0 
0 
0 
0 
0 
0 
0 
0 
0 
0 
0 
0 
0 
0 
0 
0 
0 
0 
0 
0 
0 
0 
0 
0 
0 
0 
0 
0 
0 
0 
0 
0 
0 
0 
0 
0 
0 
0 
0 
0 
0 
0 
0 
0 
0 
0 
0 
0 
0 
0 
0 
0 
0 
0 
0 
0 
0 
0 
0 
0 
0 
0 
0 
0 
0 
0 
0 
0 
0 
0 
0 
0 
0 
0 
0 
0 
0 
0 
0 
0 
0 
0 
0 
0 
0 
0 
0 
0 
0 
0 
0 
0 
0 
0 
0 
0 
0 
0 
0 
0 
0 
0 
0 
0 
0 
0 
0 
0 
0 
0 
0 
0 
0 
0 
0 
0 
0 
0 
0 
0 
0 
0 
0 
0 
0 
0 
0 
0 
0 
0 
0 
0 
0 
0 
0 
0 
0 
0 
0 
0 
0 
0 
0 
0 
0 
0 
0 
0 
0 
0 
0 
0 
0 
0 
0 
0 
0 
0 
0 
0 
0 
0 
0 
0 
0 
0 
0 
0 
0 
0 
0 
0 
0 
0 
0 
0 
0 
0 
0 
0 
0 
0 
0 
0 
0 
0 
0 
0 
0 
0 
0 
0 
0 
0 
0 
0 
0 
0 
0 
0 
0 
0 
0 
0 
0 
0 
0 
0 
0 
0 
0 
0 
0 
0 
0 
0 
0 
0 
0 
0 
0 
0 
0 
0 
0 
0 
0 
0 
0 
0 
0 
0 
0 
0 
0 
0 
0 
0 
0 
0 
0 
0 
0 
0 
0 
0 
0 
0 
0 
0 
0 
0 
0 
0 
0 
0 
0 
0 
0 
0 
0 
0 
0 
0 
0 
0 
0 
0 
0 
0 
0 
0 
0 
0 
0 
0 
0 
0 
0 
0 
0 
0 
0 
0 
0 
0 
0 
0 
0 
0 
0 
0 
0 
0 
0 
0 
0 
0 
0 
0 
0 
0 
0 
0 
0 
0 
0 
0 
0 
0 
0 
0 
0 
0 
0 
0 
0 
0 
0 
0 
0 
0 
0 
0 
0 
0 
0 
0 
0 
0 
0 
0 
0 
0 
0 
0 
0 
0 
0 
0 
0 
0 
0 
0 
0 
0 
0 
0 
0 
0 
0 
0 
0 
0 
0 
0 
0 
0 
0 
0 
0 
0 
0 
0 
0 
0 
0 
0 
0 
0 
0 
0 
0 
0 
0 
0 
0 
0 
0 
0 
0 
0 
0 
0 
0 
0 
0 
0 
0 
0 
0 
0 
0 
0 
0 
0 
0 
0 
0 
0 
0 
0 
0 
0 
0 
0 
0 
0 
0 
0 
0 
0 
0 
0 
0 
0 
0 
0 
0 
0 
0 
0 
0 
0 
0 
0 
0 
0 
0 
0 
0 
0 
0 
0 
0 
0 
0 
0 
0 
0 
0 
0 
0 
0 
0 
0 
0 
0 
0 
0 
0 
0 
0 
0 
0 
0 
0 
0 
0 
0 
0 
0 
0 
0 
0 
0 
0 
0 
0 
0 
0 
0 
0 
0 
0 
0 
0 
0 
0 
0 
0 
0 
0 
0 
0 
0 
0 
0 
0 
0 
0 
0 
0 
0 
0 
0 
0 
0 
0 
0 
0 
0 
0 
0 
0 
0 
0 
0 
0 
0 
0 
0 
0 
0 
0 
0 
0 
0 
0 
0 
0 
0 
0 
0 
0 
0 
0 
0 
0 
0 
0 
0 
0 
0 
0 
0 
0 
0 
0 
0 
0 
0 
0 
0 
0 
0 
0 
0 
0 
0 
0 
0 
0 
0 
0 
0 
0 
0 
0 
0 
0 
0 
0 
0 
0 
0 
0 
0 
0 
0 
0 
0 
0 
0 
0 
0 
0 
0 
0 
0 
0 
0 
0 
0 
0 
0 
0 
0 
0 
0 
0 
0 
0 
0 
0 
0 
0 
0 
0 
0 
0 
0 
0 
0 
0 
0 
0 
0 
0 
0 
0 
0 
0 
0 
0 
0 
0 
0 
0 
0 
0 
0 
0 
0 
0 
0 
0 
0 
0 
0 
0 
0 
0 
0 
0 
0 
0 
0 
0 
0 
0 
0 
0 
0 
0 
0 
0 
0 
0 
0 
0 
0 
0 
0 
0 
0 
0 
0 
0 
0 
0 
0 
0 
0 
0 
0 
0 
0 
0 
0 
0 
0 
0 
0 
0 
0 
0 
0 
0 
0 
0 
0 
0 
0 
0 
0 
0 
0 
0 
0 
0 
0 
0 
0 
0 
0 
0 
0 
0 
0 
0 
0 
0 
0 
0 
0 
0 
0 
0 
0 
0 
0 
0 
0 
0 
0 
0 
0 
0 
0 
0 
0 
0 
0 
0 
0 
0 
0 
0 
0 
0 
0 
0 
0 
0 
0 
0 
0 
0 
0 
0 
0 
0 
0 
0 
0 
0 
0 
0 
0 
0 
0 
0 
0 
0 
0 
0 
0 
0 
0 
0 
0 
0 
0 
0 
0 
0 
0 
0 
0 
0 
0 
0 
0 
0 
0 
0 
0 
0 
0 
0 
0 
0 
0 
0 
0 
0 
0 
0 
0 
0 
0 
0 
0 
0 
0 
0 
0 
0 
0 
0 
0 
0 
0 
0 
0 
0 
0 
0 
0 
0 
0 
0 
0 
0 
0 
0 
0 
0 
0 
0 
0 
0 
0 
0 
0 
0 
0 
0 
0 
0 
0 
0 
0 
0 
0 
0 
0 
0 
0 
0 
0 
0 
0 
0 
0 
0 
0 
0 
0 
0 
0 
0 
0 
0 
0 
0 
0 
0 
0 
0 
0 
0 
0 
0 
0 
0 
0 
0 
0 
0 
0 
0 
0 
0 
0 
0 
0 
0 
0 
0 
0 
0 
0 
0 
0 
0 
0 
0 
0 
0 
0 
0 
0 
0 
0 
0 
0 
0 
0 
0 
0 
0 
0 
0 
0 
0 
0 
0 
0 
0 
0 
0 
0 
0 
0 
0 
0 
0 
0 
0 
0 
0 
0 
0 
0 
0 
0 
0 
0 
0 
0 
0 
0 
0 
0 
0 
0 
0 
0 
0 
0 
0 
0 
0 
0 
0 
0 
0 
0 
0 
0 
0 
0 
0 
0 
0 
0 
0 
0 
0 
0 
0 
0 
0 
0 
0 
0 
0 
0 
0 
0 
0 
0 
0 
0 
0 
0 
0 
0 
0 
0 
0 
0 
0 
0 
0 
0 
0 
0 
0 
0 
0 
0 
0 
0 
0 
0 
0 
0 
0 
0 
0 
0 
0 
0 
0 
0 
0 
0 
0 
0 
0 
0 
0 
0 
0 
0 
0 
0 
0 
0 
0 
0 
0 
0 
0 
0 
0 
0 
0 
0 
0 
0 
0 
0 
0 
0 
0 
0 
0 
0 
0 
0 
0 
0 
0 
0 
0 
0 
0 
0 
0 
0 
0 
0 
0 
0 
0 
0 
0 
0 
0 
0 
0 
0 
0 
0 
0 
0 
0 
0 
0 
0 
0 
0 
0 
0 
0 
0 
0 
0 
0 
0 
0 
0 
0 
0 
0 
0 
0 
0 
0 
0 
0 
0 
0 
0 
0 
0 
0 
0 
0 
0 
0 
0 
0 
0 
0 
0 
0 
0 
0 
0 
0 
0 
0 
0 
0 
0 
0 
0 
0 
0 
0 
0 
0 
0 
0 
0 
0 
0 
0 
0 
0 
0 
0 
0 
0 
0 
0 
0 
0 
0 
0 
0 
0 
0 
0 
0 
0 
0 
0 
0 
0 
0 
0 
0 
0 
0 
0 
0 
0 
0 
0 
0 
0 
0 
0 
0 
0 
0 
0 
0 
0 
0 
0 
0 
0 
0 
0 
0 
0 
0 
0 
0 
0 
0 
0 
0 
0 
0 
0 
0 
0 
0 
0 
0 
0 
0 
0 
0 
0 
0 
0 
0 
0 
0 
0 
0 
0 
0 
0 
0 
0 
0 
0 
0 
0 
0 
0 
0 
0 
0 
0 
0 
0 
0 
0 
0 
0 
0 
0 
0 
0 
0 
0 
0 
0 
0 
0 
0 
0 
0 
0 
0 
0 
0 
0 
0 
0 
0 
0 
0 
0 
0 
0 
0 
0 
0 
0 
0 
0 
0 
0 
0 
0 
0 
0 
0 
0 
0 
0 
0 
0 
0 
0 
0 
0 
0 
0 
0 
0 
0 
0 
0 
0 
0 
0 
0 
0 
0 
0 
0 
0 
0 
0 
0 
0 
0 
0 
0 
0 
0 
0 
0 
0 
0 
0 
0 
0 
0 
0 
0 
0 
0 
0 
0 
0 
0 
0 
0 
0 
0 
0 
0 
0 
0 
0 
0 
0 
0 
0 
0 
0 
0 
0 
0 
0 
0 
0 
0 
0 
0 
0 
0 
0 
0 
0 
0 
0 
0 
0 
0 
0 
0 
0 
0 
0 
0 
0 
0 
0 
0 
0 
0 
0 
0 
0 
0 
0 
0 
0 
0 
0 
0 
0 
0 
0 
0 
0 
0 
0 
0 
0 
0 
0 
0 
0 
0 
0 
0 
0 
0 
0 
0 
0 
0 
0 
0 
0 
0 
0 
0 
0 
0 
0 
0 
0 
0 
0 
0 
0 
