2.390923e+03 
9.805811e+02 
9.805811e+02 
9.805811e+02 
9.805811e+02 
9.805811e+02 
9.805811e+02 
9.805811e+02 
9.805811e+02 
9.805811e+02 
9.805811e+02 
9.805811e+02 
9.805811e+02 
9.805811e+02 
9.055267e+02 
9.055267e+02 
9.055267e+02 
9.055267e+02 
9.055267e+02 
6.069205e+02 
6.069205e+02 
6.069205e+02 
6.069205e+02 
6.069205e+02 
6.069205e+02 
6.069205e+02 
6.069205e+02 
6.069205e+02 
6.069205e+02 
6.069205e+02 
6.069205e+02 
6.069205e+02 
6.069205e+02 
6.069205e+02 
6.069205e+02 
6.069205e+02 
6.069205e+02 
6.069205e+02 
6.069205e+02 
6.069205e+02 
6.069205e+02 
6.069205e+02 
6.069205e+02 
6.069205e+02 
6.069205e+02 
6.069205e+02 
6.069205e+02 
5.892141e+02 
5.868242e+02 
5.868242e+02 
5.868242e+02 
5.868242e+02 
5.868242e+02 
5.868242e+02 
5.868242e+02 
5.868242e+02 
5.868242e+02 
5.868242e+02 
5.868242e+02 
5.868242e+02 
5.868242e+02 
5.868242e+02 
5.868242e+02 
5.153938e+02 
5.153938e+02 
5.153938e+02 
5.153938e+02 
5.153938e+02 
5.153938e+02 
5.153938e+02 
5.153938e+02 
5.153938e+02 
5.153938e+02 
5.153938e+02 
5.153938e+02 
5.153938e+02 
5.153938e+02 
5.153938e+02 
5.153938e+02 
5.153938e+02 
5.153938e+02 
5.153938e+02 
5.153938e+02 
5.153938e+02 
5.153938e+02 
5.153938e+02 
5.153938e+02 
5.153938e+02 
5.153938e+02 
5.153938e+02 
5.153938e+02 
5.153938e+02 
5.153938e+02 
5.153938e+02 
5.153938e+02 
5.153938e+02 
5.153938e+02 
5.153938e+02 
5.153938e+02 
5.153938e+02 
5.153938e+02 
5.153938e+02 
5.153938e+02 
5.153938e+02 
5.153938e+02 
5.153938e+02 
5.153938e+02 
5.153938e+02 
5.153938e+02 
5.153938e+02 
5.153938e+02 
5.153938e+02 
5.153938e+02 
5.153938e+02 
5.153938e+02 
5.153938e+02 
5.153938e+02 
5.153938e+02 
5.153938e+02 
5.153938e+02 
5.153938e+02 
5.153938e+02 
5.153938e+02 
5.153938e+02 
5.153938e+02 
5.153938e+02 
5.153938e+02 
5.153938e+02 
5.153938e+02 
5.153938e+02 
5.153938e+02 
5.153938e+02 
5.153938e+02 
5.153938e+02 
5.153938e+02 
5.153938e+02 
5.153938e+02 
5.153938e+02 
5.153938e+02 
5.153938e+02 
5.153938e+02 
5.153938e+02 
5.153938e+02 
5.153938e+02 
5.153938e+02 
5.153938e+02 
5.153938e+02 
5.153938e+02 
5.153938e+02 
5.153938e+02 
5.153938e+02 
5.153938e+02 
5.153938e+02 
5.153938e+02 
5.153938e+02 
5.153938e+02 
5.153938e+02 
5.153938e+02 
5.153938e+02 
5.153938e+02 
5.153938e+02 
5.153938e+02 
5.153938e+02 
5.153938e+02 
5.153938e+02 
5.153938e+02 
5.153938e+02 
5.153938e+02 
5.153938e+02 
5.153938e+02 
5.153938e+02 
5.153938e+02 
5.153938e+02 
5.153938e+02 
5.153938e+02 
5.153938e+02 
5.153938e+02 
5.153938e+02 
4.897270e+02 
4.897270e+02 
4.897270e+02 
4.897270e+02 
4.897270e+02 
4.897270e+02 
4.897270e+02 
4.897270e+02 
4.897270e+02 
4.897270e+02 
4.897270e+02 
4.897270e+02 
4.897270e+02 
4.897270e+02 
4.897270e+02 
4.897270e+02 
4.897270e+02 
3.491196e+02 
3.491196e+02 
3.491196e+02 
3.491196e+02 
3.491196e+02 
3.491196e+02 
3.491196e+02 
3.491196e+02 
3.491196e+02 
3.491196e+02 
3.491196e+02 
3.491196e+02 
3.491196e+02 
3.491196e+02 
3.491196e+02 
3.491196e+02 
3.491196e+02 
3.491196e+02 
3.491196e+02 
3.491196e+02 
3.491196e+02 
3.491196e+02 
3.491196e+02 
3.491196e+02 
3.491196e+02 
3.491196e+02 
3.491196e+02 
3.491196e+02 
3.491196e+02 
3.491196e+02 
3.491196e+02 
3.491196e+02 
3.491196e+02 
3.491196e+02 
3.491196e+02 
3.491196e+02 
3.491196e+02 
3.491196e+02 
3.491196e+02 
3.491196e+02 
3.491196e+02 
3.491196e+02 
3.491196e+02 
3.491196e+02 
3.491196e+02 
3.491196e+02 
3.491196e+02 
3.491196e+02 
3.491196e+02 
3.491196e+02 
3.491196e+02 
3.491196e+02 
3.491196e+02 
3.491196e+02 
3.491196e+02 
3.491196e+02 
3.491196e+02 
3.491196e+02 
3.491196e+02 
3.491196e+02 
3.491196e+02 
3.491196e+02 
3.491196e+02 
3.491196e+02 
3.491196e+02 
3.491196e+02 
3.491196e+02 
3.491196e+02 
3.491196e+02 
3.491196e+02 
3.491196e+02 
3.491196e+02 
3.491196e+02 
3.491196e+02 
3.491196e+02 
3.491196e+02 
3.491196e+02 
3.491196e+02 
3.491196e+02 
3.491196e+02 
3.491196e+02 
3.491196e+02 
3.491196e+02 
3.491196e+02 
3.491196e+02 
3.491196e+02 
3.491196e+02 
3.491196e+02 
3.491196e+02 
3.491196e+02 
3.491196e+02 
3.491196e+02 
3.491196e+02 
3.491196e+02 
3.491196e+02 
3.491196e+02 
3.491196e+02 
3.491196e+02 
3.491196e+02 
3.491196e+02 
3.491196e+02 
3.491196e+02 
3.491196e+02 
3.491196e+02 
3.491196e+02 
3.491196e+02 
3.491196e+02 
3.491196e+02 
3.491196e+02 
3.491196e+02 
3.491196e+02 
3.491196e+02 
3.491196e+02 
3.491196e+02 
3.491196e+02 
3.491196e+02 
3.491196e+02 
3.491196e+02 
3.491196e+02 
3.491196e+02 
3.491196e+02 
3.491196e+02 
3.491196e+02 
3.491196e+02 
3.491196e+02 
3.019589e+02 
3.019589e+02 
3.019589e+02 
3.019589e+02 
3.019589e+02 
3.019589e+02 
3.019589e+02 
3.019589e+02 
3.019589e+02 
3.019589e+02 
3.019589e+02 
3.019589e+02 
3.019589e+02 
3.019589e+02 
3.019589e+02 
3.019589e+02 
3.019589e+02 
3.019589e+02 
3.019589e+02 
3.019589e+02 
3.019589e+02 
3.019589e+02 
3.019589e+02 
3.019589e+02 
3.019589e+02 
3.019589e+02 
3.019589e+02 
3.019589e+02 
3.019589e+02 
3.019589e+02 
3.019589e+02 
3.019589e+02 
3.019589e+02 
3.019589e+02 
3.019589e+02 
3.019589e+02 
3.019589e+02 
3.019589e+02 
3.019589e+02 
3.019589e+02 
3.019589e+02 
3.019589e+02 
3.019589e+02 
3.019589e+02 
3.019589e+02 
3.019589e+02 
3.019589e+02 
3.019589e+02 
3.019589e+02 
3.019589e+02 
3.019589e+02 
3.019589e+02 
3.019589e+02 
3.019589e+02 
3.019589e+02 
3.019589e+02 
3.019589e+02 
3.019589e+02 
3.019589e+02 
3.019589e+02 
3.019589e+02 
3.019589e+02 
3.019589e+02 
3.019589e+02 
3.019589e+02 
3.019589e+02 
3.019589e+02 
3.019589e+02 
3.019589e+02 
3.019589e+02 
3.019589e+02 
3.019589e+02 
3.019589e+02 
3.019589e+02 
3.019589e+02 
3.019589e+02 
3.019589e+02 
3.019589e+02 
3.019589e+02 
3.019589e+02 
3.019589e+02 
3.019589e+02 
3.019589e+02 
3.019589e+02 
3.019589e+02 
3.019589e+02 
3.019589e+02 
3.019589e+02 
3.019589e+02 
3.019589e+02 
3.019589e+02 
3.019589e+02 
3.019589e+02 
3.019589e+02 
3.019589e+02 
3.019589e+02 
3.019589e+02 
3.019589e+02 
3.019589e+02 
3.019589e+02 
3.019589e+02 
3.019589e+02 
3.019589e+02 
3.019589e+02 
3.019589e+02 
3.019589e+02 
3.019589e+02 
3.019589e+02 
3.019589e+02 
3.019589e+02 
3.019589e+02 
3.019589e+02 
3.019589e+02 
3.019589e+02 
3.019589e+02 
3.019589e+02 
3.019589e+02 
3.019589e+02 
3.019589e+02 
3.019589e+02 
3.019589e+02 
3.019589e+02 
3.019589e+02 
3.019589e+02 
3.019589e+02 
3.019589e+02 
3.019589e+02 
3.019589e+02 
3.019589e+02 
3.019589e+02 
3.019589e+02 
3.019589e+02 
3.019589e+02 
3.019589e+02 
3.019589e+02 
3.019589e+02 
3.019589e+02 
3.019589e+02 
3.019589e+02 
3.019589e+02 
3.019589e+02 
3.019589e+02 
3.019589e+02 
3.019589e+02 
3.019589e+02 
3.019589e+02 
3.019589e+02 
3.019589e+02 
3.019589e+02 
3.019589e+02 
3.019589e+02 
3.019589e+02 
3.019589e+02 
3.019589e+02 
3.019589e+02 
3.019589e+02 
3.019589e+02 
3.019589e+02 
3.019589e+02 
3.019589e+02 
3.019589e+02 
3.019589e+02 
3.019589e+02 
3.019589e+02 
3.019589e+02 
3.019589e+02 
3.019589e+02 
3.019589e+02 
3.019589e+02 
3.019589e+02 
3.019589e+02 
3.019589e+02 
3.019589e+02 
3.019589e+02 
3.019589e+02 
3.019589e+02 
3.019589e+02 
3.019589e+02 
3.019589e+02 
3.019589e+02 
3.019589e+02 
3.019589e+02 
3.019589e+02 
3.019589e+02 
3.019589e+02 
3.019589e+02 
3.019589e+02 
3.019589e+02 
3.019589e+02 
3.019589e+02 
3.019589e+02 
3.019589e+02 
3.019589e+02 
3.019589e+02 
3.019589e+02 
3.019589e+02 
3.019589e+02 
3.019589e+02 
3.019589e+02 
3.019589e+02 
3.019589e+02 
3.019589e+02 
3.019589e+02 
3.019589e+02 
3.019589e+02 
3.019589e+02 
3.019589e+02 
3.019589e+02 
3.019589e+02 
3.019589e+02 
3.019589e+02 
3.019589e+02 
3.019589e+02 
3.019589e+02 
3.019589e+02 
3.019589e+02 
3.019589e+02 
3.019589e+02 
3.019589e+02 
3.019589e+02 
3.019589e+02 
3.019589e+02 
3.019589e+02 
3.019589e+02 
3.019589e+02 
3.019589e+02 
3.019589e+02 
3.019589e+02 
3.019589e+02 
3.019589e+02 
3.019589e+02 
3.019589e+02 
3.019589e+02 
3.019589e+02 
3.019589e+02 
3.019589e+02 
3.019589e+02 
3.019589e+02 
3.019589e+02 
3.019589e+02 
3.019589e+02 
3.019589e+02 
3.019589e+02 
3.019589e+02 
3.019589e+02 
3.019589e+02 
3.019589e+02 
3.019589e+02 
3.019589e+02 
3.019589e+02 
3.019589e+02 
3.019589e+02 
3.019589e+02 
3.019589e+02 
3.019589e+02 
3.019589e+02 
3.019589e+02 
3.019589e+02 
3.019589e+02 
3.019589e+02 
3.019589e+02 
3.019589e+02 
3.019589e+02 
3.019589e+02 
3.019589e+02 
3.019589e+02 
3.019589e+02 
3.019589e+02 
3.019589e+02 
3.019589e+02 
3.019589e+02 
3.019589e+02 
3.019589e+02 
3.019589e+02 
3.019589e+02 
3.019589e+02 
3.019589e+02 
3.019589e+02 
3.019589e+02 
3.019589e+02 
3.019589e+02 
3.019589e+02 
3.019589e+02 
3.019589e+02 
3.019589e+02 
3.019589e+02 
3.019589e+02 
3.019589e+02 
3.019589e+02 
3.019589e+02 
3.019589e+02 
3.019589e+02 
3.019589e+02 
3.019589e+02 
3.019589e+02 
3.019589e+02 
3.019589e+02 
3.019589e+02 
3.019589e+02 
3.019589e+02 
3.019589e+02 
3.019589e+02 
3.019589e+02 
3.019589e+02 
3.019589e+02 
3.019589e+02 
3.019589e+02 
3.019589e+02 
3.019589e+02 
3.019589e+02 
3.019589e+02 
3.019589e+02 
3.019589e+02 
3.019589e+02 
3.019589e+02 
3.019589e+02 
3.019589e+02 
3.019589e+02 
3.019589e+02 
3.019589e+02 
3.019589e+02 
3.019589e+02 
3.019589e+02 
3.019589e+02 
3.019589e+02 
3.019589e+02 
3.019589e+02 
3.019589e+02 
3.019589e+02 
3.019589e+02 
3.019589e+02 
3.019589e+02 
3.019589e+02 
3.019589e+02 
3.019589e+02 
3.019589e+02 
3.019589e+02 
3.019589e+02 
3.019589e+02 
3.019589e+02 
3.019589e+02 
3.019589e+02 
3.019589e+02 
3.019589e+02 
3.019589e+02 
3.019589e+02 
3.019589e+02 
3.019589e+02 
3.019589e+02 
3.019589e+02 
3.019589e+02 
3.019589e+02 
3.019589e+02 
3.019589e+02 
3.019589e+02 
3.019589e+02 
3.019589e+02 
3.019589e+02 
3.019589e+02 
3.019589e+02 
3.019589e+02 
3.019589e+02 
3.019589e+02 
3.019589e+02 
3.019589e+02 
3.019589e+02 
3.019589e+02 
3.019589e+02 
3.019589e+02 
3.019589e+02 
3.019589e+02 
3.019589e+02 
3.019589e+02 
3.019589e+02 
3.019589e+02 
3.019589e+02 
3.019589e+02 
3.019589e+02 
3.019589e+02 
3.019589e+02 
3.019589e+02 
3.019589e+02 
3.019589e+02 
3.019589e+02 
3.019589e+02 
3.019589e+02 
3.019589e+02 
3.019589e+02 
3.019589e+02 
3.019589e+02 
3.019589e+02 
3.019589e+02 
3.019589e+02 
3.019589e+02 
3.019589e+02 
3.019589e+02 
3.019589e+02 
3.019589e+02 
3.019589e+02 
3.019589e+02 
3.019589e+02 
3.019589e+02 
3.019589e+02 
3.019589e+02 
3.019589e+02 
3.019589e+02 
3.019589e+02 
3.019589e+02 
3.019589e+02 
3.019589e+02 
3.019589e+02 
3.019589e+02 
3.019589e+02 
3.019589e+02 
3.019589e+02 
3.019589e+02 
3.019589e+02 
3.019589e+02 
3.019589e+02 
3.019589e+02 
3.019589e+02 
3.019589e+02 
3.019589e+02 
3.019589e+02 
3.019589e+02 
3.019589e+02 
3.019589e+02 
3.019589e+02 
3.019589e+02 
3.019589e+02 
3.019589e+02 
3.019589e+02 
3.019589e+02 
3.019589e+02 
3.019589e+02 
3.019589e+02 
3.019589e+02 
3.019589e+02 
3.019589e+02 
3.019589e+02 
3.019589e+02 
3.019589e+02 
3.019589e+02 
3.019589e+02 
3.019589e+02 
3.019589e+02 
3.019589e+02 
3.019589e+02 
3.019589e+02 
3.019589e+02 
3.019589e+02 
3.019589e+02 
3.019589e+02 
3.019589e+02 
3.019589e+02 
3.019589e+02 
3.019589e+02 
3.019589e+02 
3.019589e+02 
3.019589e+02 
3.019589e+02 
3.019589e+02 
3.019589e+02 
3.019589e+02 
3.019589e+02 
3.019589e+02 
3.019589e+02 
3.019589e+02 
3.019589e+02 
3.019589e+02 
3.019589e+02 
3.019589e+02 
3.019589e+02 
3.019589e+02 
3.019589e+02 
3.019589e+02 
3.019589e+02 
3.019589e+02 
3.019589e+02 
3.019589e+02 
3.019589e+02 
3.019589e+02 
3.019589e+02 
3.019589e+02 
3.019589e+02 
3.019589e+02 
3.019589e+02 
3.019589e+02 
3.019589e+02 
3.019589e+02 
3.019589e+02 
3.019589e+02 
3.019589e+02 
3.019589e+02 
3.019589e+02 
3.019589e+02 
3.019589e+02 
3.019589e+02 
3.019589e+02 
3.019589e+02 
3.019589e+02 
3.019589e+02 
3.019589e+02 
3.019589e+02 
3.019589e+02 
3.019589e+02 
3.019589e+02 
3.019589e+02 
3.019589e+02 
3.019589e+02 
3.019589e+02 
3.019589e+02 
3.019589e+02 
3.019589e+02 
3.019589e+02 
3.019589e+02 
3.019589e+02 
3.019589e+02 
3.019589e+02 
3.019589e+02 
3.019589e+02 
3.019589e+02 
3.019589e+02 
3.019589e+02 
3.019589e+02 
3.019589e+02 
3.019589e+02 
3.019589e+02 
3.019589e+02 
3.019589e+02 
3.019589e+02 
3.019589e+02 
3.019589e+02 
3.019589e+02 
3.019589e+02 
3.019589e+02 
3.019589e+02 
3.019589e+02 
3.019589e+02 
3.019589e+02 
3.019589e+02 
3.019589e+02 
3.019589e+02 
3.019589e+02 
3.019589e+02 
3.019589e+02 
3.019589e+02 
3.019589e+02 
3.019589e+02 
3.019589e+02 
3.019589e+02 
3.019589e+02 
3.019589e+02 
3.019589e+02 
3.019589e+02 
3.019589e+02 
3.019589e+02 
3.019589e+02 
3.019589e+02 
3.019589e+02 
3.019589e+02 
3.019589e+02 
3.019589e+02 
3.019589e+02 
3.019589e+02 
3.019589e+02 
3.019589e+02 
3.019589e+02 
3.019589e+02 
3.019589e+02 
3.019589e+02 
3.019589e+02 
3.019589e+02 
3.019589e+02 
3.019589e+02 
3.019589e+02 
3.019589e+02 
3.019589e+02 
3.019589e+02 
3.019589e+02 
3.019589e+02 
3.019589e+02 
3.019589e+02 
3.019589e+02 
3.019589e+02 
3.019589e+02 
3.019589e+02 
3.019589e+02 
3.019589e+02 
3.019589e+02 
3.019589e+02 
3.019589e+02 
3.019589e+02 
3.019589e+02 
3.019589e+02 
3.019589e+02 
3.019589e+02 
3.019589e+02 
3.019589e+02 
3.019589e+02 
3.019589e+02 
3.019589e+02 
3.019589e+02 
3.019589e+02 
3.019589e+02 
3.019589e+02 
3.019589e+02 
3.019589e+02 
3.019589e+02 
3.019589e+02 
3.019589e+02 
3.019589e+02 
3.019589e+02 
3.019589e+02 
3.019589e+02 
3.019589e+02 
3.019589e+02 
3.019589e+02 
3.019589e+02 
3.019589e+02 
3.019589e+02 
3.019589e+02 
3.019589e+02 
3.019589e+02 
3.019589e+02 
3.019589e+02 
3.019589e+02 
3.019589e+02 
3.019589e+02 
3.019589e+02 
3.019589e+02 
3.019589e+02 
3.019589e+02 
3.019589e+02 
3.019589e+02 
3.019589e+02 
3.019589e+02 
3.019589e+02 
3.019589e+02 
3.019589e+02 
3.019589e+02 
3.019589e+02 
3.019589e+02 
3.019589e+02 
3.019589e+02 
3.019589e+02 
3.019589e+02 
3.019589e+02 
3.019589e+02 
3.019589e+02 
3.019589e+02 
3.019589e+02 
3.019589e+02 
3.019589e+02 
3.019589e+02 
3.019589e+02 
3.019589e+02 
3.019589e+02 
3.019589e+02 
3.019589e+02 
3.019589e+02 
3.019589e+02 
3.019589e+02 
3.019589e+02 
3.019589e+02 
3.019589e+02 
3.019589e+02 
3.019589e+02 
3.019589e+02 
3.019589e+02 
3.019589e+02 
3.019589e+02 
3.019589e+02 
3.019589e+02 
3.019589e+02 
3.019589e+02 
3.019589e+02 
3.019589e+02 
3.019589e+02 
3.019589e+02 
3.019589e+02 
3.019589e+02 
3.019589e+02 
3.019589e+02 
3.019589e+02 
3.019589e+02 
3.019589e+02 
3.019589e+02 
3.019589e+02 
3.019589e+02 
3.019589e+02 
3.019589e+02 
3.019589e+02 
3.019589e+02 
3.019589e+02 
3.019589e+02 
3.019589e+02 
3.019589e+02 
3.019589e+02 
3.019589e+02 
3.019589e+02 
3.019589e+02 
3.019589e+02 
3.019589e+02 
3.019589e+02 
3.019589e+02 
3.019589e+02 
3.019589e+02 
3.019589e+02 
3.019589e+02 
3.019589e+02 
3.019589e+02 
3.019589e+02 
3.019589e+02 
3.019589e+02 
3.019589e+02 
3.019589e+02 
3.019589e+02 
3.019589e+02 
3.019589e+02 
3.019589e+02 
3.019589e+02 
3.019589e+02 
3.019589e+02 
3.019589e+02 
3.019589e+02 
3.019589e+02 
3.019589e+02 
3.019589e+02 
3.019589e+02 
3.019589e+02 
3.019589e+02 
3.019589e+02 
3.019589e+02 
3.019589e+02 
3.019589e+02 
3.019589e+02 
3.019589e+02 
3.019589e+02 
3.019589e+02 
3.019589e+02 
3.019589e+02 
3.019589e+02 
3.019589e+02 
3.019589e+02 
3.019589e+02 
3.019589e+02 
3.019589e+02 
3.019589e+02 
3.019589e+02 
3.019589e+02 
3.019589e+02 
3.019589e+02 
3.019589e+02 
3.019589e+02 
3.019589e+02 
3.019589e+02 
3.019589e+02 
3.019589e+02 
3.019589e+02 
3.019589e+02 
3.019589e+02 
3.019589e+02 
3.019589e+02 
3.019589e+02 
3.019589e+02 
3.019589e+02 
3.019589e+02 
3.019589e+02 
3.019589e+02 
3.019589e+02 
3.019589e+02 
3.019589e+02 
3.019589e+02 
3.019589e+02 
3.019589e+02 
3.019589e+02 
3.019589e+02 
3.019589e+02 
3.019589e+02 
3.019589e+02 
3.019589e+02 
3.019589e+02 
3.019589e+02 
3.019589e+02 
3.019589e+02 
3.019589e+02 
3.019589e+02 
3.019589e+02 
3.019589e+02 
3.019589e+02 
3.019589e+02 
3.019589e+02 
3.019589e+02 
3.019589e+02 
3.019589e+02 
3.019589e+02 
3.019589e+02 
3.019589e+02 
3.019589e+02 
3.019589e+02 
3.019589e+02 
3.019589e+02 
3.019589e+02 
3.019589e+02 
3.019589e+02 
3.019589e+02 
3.019589e+02 
3.019589e+02 
3.019589e+02 
3.019589e+02 
3.019589e+02 
3.019589e+02 
3.019589e+02 
3.019589e+02 
3.019589e+02 
3.019589e+02 
3.019589e+02 
3.019589e+02 
3.019589e+02 
3.019589e+02 
3.019589e+02 
3.019589e+02 
3.019589e+02 
3.019589e+02 
3.019589e+02 
3.019589e+02 
3.019589e+02 
3.019589e+02 
3.019589e+02 
3.019589e+02 
3.019589e+02 
3.019589e+02 
3.019589e+02 
3.019589e+02 
3.019589e+02 
3.019589e+02 
3.019589e+02 
3.019589e+02 
3.019589e+02 
3.019589e+02 
3.019589e+02 
3.019589e+02 
3.019589e+02 
3.019589e+02 
3.019589e+02 
3.019589e+02 
3.019589e+02 
3.019589e+02 
3.019589e+02 
3.019589e+02 
3.019589e+02 
3.019589e+02 
3.019589e+02 
3.019589e+02 
2.946052e+02 
2.946052e+02 
2.946052e+02 
2.946052e+02 
2.946052e+02 
2.946052e+02 
2.946052e+02 
2.913804e+02 
2.913804e+02 
2.913804e+02 
2.913804e+02 
2.913804e+02 
2.913804e+02 
2.913804e+02 
2.913804e+02 
2.913804e+02 
2.913804e+02 
2.913804e+02 
2.913804e+02 
2.913804e+02 
2.913804e+02 
2.913804e+02 
2.913804e+02 
2.913804e+02 
2.913804e+02 
2.363683e+02 
2.363683e+02 
2.363683e+02 
2.363683e+02 
2.363683e+02 
2.078286e+02 
2.078286e+02 
2.078286e+02 
2.078286e+02 
2.078286e+02 
2.078286e+02 
1.822462e+02 
1.822462e+02 
1.822462e+02 
1.822462e+02 
1.822462e+02 
1.822462e+02 
1.822462e+02 
1.822462e+02 
1.822462e+02 
1.822462e+02 
1.822462e+02 
1.822462e+02 
1.822462e+02 
1.822462e+02 
1.822462e+02 
1.822462e+02 
1.822462e+02 
1.822462e+02 
1.822462e+02 
1.822462e+02 
1.822462e+02 
1.822462e+02 
1.822462e+02 
1.822462e+02 
1.822462e+02 
1.822462e+02 
1.822462e+02 
1.822462e+02 
1.822462e+02 
1.822462e+02 
1.822462e+02 
1.822462e+02 
1.822462e+02 
1.822462e+02 
1.822462e+02 
1.822462e+02 
1.822462e+02 
1.822462e+02 
1.822462e+02 
1.822462e+02 
1.822462e+02 
1.822462e+02 
1.822462e+02 
1.822462e+02 
1.822462e+02 
1.822462e+02 
1.822462e+02 
1.822462e+02 
1.822462e+02 
1.822462e+02 
1.822462e+02 
1.822462e+02 
1.822462e+02 
1.822462e+02 
1.822462e+02 
1.822462e+02 
1.822462e+02 
1.822462e+02 
1.822462e+02 
1.822462e+02 
1.822462e+02 
1.822462e+02 
1.822462e+02 
1.822462e+02 
1.822462e+02 
1.822462e+02 
1.822462e+02 
1.822462e+02 
1.822462e+02 
1.822462e+02 
1.822462e+02 
1.822462e+02 
1.822462e+02 
1.822462e+02 
1.822462e+02 
1.822462e+02 
1.822462e+02 
1.822462e+02 
1.822462e+02 
1.822462e+02 
1.822462e+02 
1.822462e+02 
1.822462e+02 
1.822462e+02 
1.822462e+02 
1.822462e+02 
1.822462e+02 
1.822462e+02 
1.822462e+02 
1.822462e+02 
1.822462e+02 
1.822462e+02 
1.822462e+02 
1.822462e+02 
1.822462e+02 
1.822462e+02 
1.822462e+02 
1.822462e+02 
1.822462e+02 
1.822462e+02 
1.822462e+02 
1.822462e+02 
1.822462e+02 
1.822462e+02 
1.822462e+02 
1.822462e+02 
1.822462e+02 
1.822462e+02 
1.822462e+02 
1.822462e+02 
1.822462e+02 
1.822462e+02 
1.822462e+02 
1.822462e+02 
1.822462e+02 
1.822462e+02 
1.822462e+02 
1.822462e+02 
1.822462e+02 
1.822462e+02 
1.822462e+02 
1.822462e+02 
1.822462e+02 
1.822462e+02 
1.822462e+02 
1.822462e+02 
1.822462e+02 
1.822462e+02 
1.822462e+02 
1.822462e+02 
1.822462e+02 
1.822462e+02 
1.822462e+02 
1.822462e+02 
1.822462e+02 
1.822462e+02 
1.822462e+02 
1.822462e+02 
1.822462e+02 
1.822462e+02 
1.822462e+02 
1.822462e+02 
1.822462e+02 
1.822462e+02 
1.822462e+02 
1.822462e+02 
1.822462e+02 
1.696277e+02 
1.696277e+02 
1.696277e+02 
1.696277e+02 
1.696277e+02 
1.696277e+02 
1.696277e+02 
1.696277e+02 
1.696277e+02 
1.696277e+02 
1.696277e+02 
1.696277e+02 
1.696277e+02 
1.696277e+02 
1.696277e+02 
1.696277e+02 
1.696277e+02 
1.482733e+02 
1.482733e+02 
1.482733e+02 
1.482733e+02 
1.482733e+02 
1.482733e+02 
1.482733e+02 
1.482733e+02 
1.482733e+02 
1.482733e+02 
1.482733e+02 
1.482733e+02 
1.482733e+02 
1.482733e+02 
1.482733e+02 
1.482733e+02 
1.482733e+02 
1.482733e+02 
1.482733e+02 
1.482733e+02 
1.482733e+02 
1.482733e+02 
1.482733e+02 
1.482733e+02 
1.482733e+02 
1.482733e+02 
1.482733e+02 
1.482733e+02 
1.482733e+02 
1.482733e+02 
1.482733e+02 
1.482733e+02 
1.482733e+02 
1.482733e+02 
1.482733e+02 
1.482733e+02 
1.482733e+02 
1.482733e+02 
1.482733e+02 
1.482733e+02 
1.482733e+02 
1.482733e+02 
1.482733e+02 
1.482733e+02 
1.482733e+02 
1.482733e+02 
1.482733e+02 
1.482733e+02 
1.482733e+02 
1.482733e+02 
1.482733e+02 
1.482733e+02 
1.482733e+02 
1.482733e+02 
1.482733e+02 
1.482733e+02 
1.482733e+02 
1.482733e+02 
1.482733e+02 
1.482733e+02 
1.482733e+02 
1.482733e+02 
1.482733e+02 
1.482733e+02 
1.482733e+02 
1.482733e+02 
1.482733e+02 
1.482733e+02 
1.482733e+02 
1.482733e+02 
1.482733e+02 
1.482733e+02 
1.482733e+02 
1.482733e+02 
1.482733e+02 
1.482733e+02 
1.482733e+02 
1.482733e+02 
1.482733e+02 
1.482733e+02 
1.482733e+02 
1.482733e+02 
1.482733e+02 
1.482733e+02 
1.482733e+02 
1.482733e+02 
1.482733e+02 
1.482733e+02 
1.482733e+02 
1.482733e+02 
1.482733e+02 
1.482733e+02 
1.482733e+02 
1.482733e+02 
1.482733e+02 
1.482733e+02 
1.482733e+02 
1.482733e+02 
1.482733e+02 
1.482733e+02 
1.482733e+02 
1.482733e+02 
1.482733e+02 
1.482733e+02 
1.482733e+02 
1.482733e+02 
1.482733e+02 
1.482733e+02 
1.482733e+02 
1.482733e+02 
1.482733e+02 
1.482733e+02 
1.482733e+02 
1.482733e+02 
1.482733e+02 
1.482733e+02 
1.482733e+02 
1.482733e+02 
1.482733e+02 
1.482733e+02 
1.482733e+02 
1.482733e+02 
1.482733e+02 
1.482733e+02 
1.482733e+02 
1.482733e+02 
1.482733e+02 
1.482733e+02 
1.482733e+02 
1.482733e+02 
1.482733e+02 
1.482733e+02 
1.482733e+02 
1.482733e+02 
1.482733e+02 
1.482733e+02 
1.482733e+02 
1.482733e+02 
1.482733e+02 
1.482733e+02 
1.482733e+02 
1.482733e+02 
1.482733e+02 
1.482733e+02 
1.482733e+02 
1.482733e+02 
1.482733e+02 
1.482733e+02 
1.482733e+02 
1.482733e+02 
1.482733e+02 
1.482733e+02 
1.482733e+02 
1.482733e+02 
1.482733e+02 
1.482733e+02 
1.482733e+02 
1.482733e+02 
1.482733e+02 
1.482733e+02 
1.482733e+02 
1.482733e+02 
1.482733e+02 
1.482733e+02 
1.482733e+02 
1.482733e+02 
1.482733e+02 
1.482733e+02 
1.482733e+02 
1.482733e+02 
1.482733e+02 
1.482733e+02 
1.482733e+02 
1.482733e+02 
1.482733e+02 
1.482733e+02 
1.482733e+02 
1.482733e+02 
1.482733e+02 
1.482733e+02 
1.482733e+02 
1.482733e+02 
1.482733e+02 
1.482733e+02 
1.482733e+02 
1.482733e+02 
1.482733e+02 
1.482733e+02 
1.482733e+02 
1.482733e+02 
1.482733e+02 
1.482733e+02 
1.482733e+02 
1.482733e+02 
1.482733e+02 
1.482733e+02 
1.482733e+02 
1.482733e+02 
1.482733e+02 
1.482733e+02 
1.482733e+02 
1.482733e+02 
1.482733e+02 
1.482733e+02 
1.482733e+02 
1.482733e+02 
1.482733e+02 
1.482733e+02 
1.482733e+02 
1.482733e+02 
1.482733e+02 
1.482733e+02 
1.482733e+02 
1.482733e+02 
1.482733e+02 
1.482733e+02 
1.482733e+02 
1.482733e+02 
1.482733e+02 
1.482733e+02 
1.482733e+02 
1.482733e+02 
1.482733e+02 
1.482733e+02 
1.482733e+02 
1.482733e+02 
1.482733e+02 
1.482733e+02 
1.482733e+02 
1.482733e+02 
1.482733e+02 
1.482733e+02 
1.482733e+02 
1.482733e+02 
1.482733e+02 
1.482733e+02 
1.482733e+02 
1.453615e+02 
1.309394e+02 
1.309394e+02 
1.309394e+02 
1.309394e+02 
1.309394e+02 
1.309394e+02 
1.309394e+02 
1.309394e+02 
1.309394e+02 
1.270757e+02 
1.267958e+02 
1.267958e+02 
1.267958e+02 
1.261731e+02 
1.261731e+02 
1.258125e+02 
1.258125e+02 
1.258125e+02 
1.258125e+02 
1.258125e+02 
1.258125e+02 
1.256663e+02 
1.256663e+02 
1.256663e+02 
1.256663e+02 
1.256663e+02 
1.256663e+02 
1.256663e+02 
1.256663e+02 
1.251398e+02 
1.249870e+02 
1.249870e+02 
1.249870e+02 
1.249870e+02 
1.249870e+02 
1.249870e+02 
1.249870e+02 
1.249870e+02 
1.246610e+02 
1.237380e+02 
1.230844e+02 
1.226304e+02 
1.223117e+02 
1.220824e+02 
1.219129e+02 
1.217847e+02 
1.216857e+02 
1.216083e+02 
1.215472e+02 
1.214985e+02 
1.214595e+02 
1.214281e+02 
1.214028e+02 
1.213824e+02 
1.213658e+02 
1.213524e+02 
1.213415e+02 
1.213326e+02 
1.213254e+02 
1.213195e+02 
1.213148e+02 
1.213109e+02 
1.213077e+02 
1.213051e+02 
1.213030e+02 
1.213013e+02 
1.212999e+02 
1.212987e+02 
1.212978e+02 
1.212970e+02 
1.212964e+02 
1.212959e+02 
1.212955e+02 
1.212952e+02 
1.212949e+02 
1.212947e+02 
1.212945e+02 
1.212943e+02 
1.212942e+02 
1.212941e+02 
1.212940e+02 
1.212940e+02 
1.212939e+02 
1.212939e+02 
1.212938e+02 
1.212938e+02 
1.212938e+02 
1.212938e+02 
1.212937e+02 
1.212937e+02 
1.212937e+02 
1.212937e+02 
1.212937e+02 
1.212937e+02 
1.212937e+02 
1.212937e+02 
1.212937e+02 
1.212937e+02 
1.212937e+02 
1.212937e+02 
1.212937e+02 
1.212937e+02 
1.212937e+02 
1.212937e+02 
1.212937e+02 
1.212937e+02 
1.212937e+02 
1.212937e+02 
1.212937e+02 
1.212937e+02 
1.212937e+02 
1.212937e+02 
1.212937e+02 
1.212937e+02 
1.212937e+02 
1.212937e+02 
1.212937e+02 
1.212937e+02 
1.212937e+02 
1.212937e+02 
1.212937e+02 
9.483119e+01 
9.483119e+01 
9.483119e+01 
9.483119e+01 
9.483119e+01 
9.483119e+01 
9.483119e+01 
7.380889e+01 
7.380889e+01 
7.380889e+01 
7.380889e+01 
7.380889e+01 
7.380889e+01 
7.380889e+01 
7.380889e+01 
7.380889e+01 
7.380889e+01 
7.380889e+01 
7.380889e+01 
7.380889e+01 
7.380889e+01 
7.380889e+01 
7.380889e+01 
7.380889e+01 
7.380889e+01 
7.380889e+01 
7.380889e+01 
7.380889e+01 
7.380889e+01 
7.380889e+01 
7.380889e+01 
7.380889e+01 
7.380889e+01 
7.380889e+01 
7.380889e+01 
7.380889e+01 
7.380889e+01 
7.380889e+01 
7.380889e+01 
7.380889e+01 
7.380889e+01 
7.380889e+01 
7.380889e+01 
7.380889e+01 
7.380889e+01 
7.380889e+01 
7.380889e+01 
7.380889e+01 
7.380889e+01 
7.380889e+01 
7.380889e+01 
7.380889e+01 
7.380889e+01 
7.380889e+01 
7.380889e+01 
7.380889e+01 
7.380889e+01 
7.380889e+01 
7.380889e+01 
7.380889e+01 
7.380889e+01 
7.380889e+01 
7.380889e+01 
7.380889e+01 
7.380889e+01 
7.380889e+01 
7.380889e+01 
7.380889e+01 
7.380889e+01 
7.380889e+01 
7.380889e+01 
7.380889e+01 
7.380889e+01 
7.380889e+01 
7.380889e+01 
7.380889e+01 
7.380889e+01 
7.380889e+01 
7.380889e+01 
7.380889e+01 
7.380889e+01 
7.380889e+01 
7.380889e+01 
7.380889e+01 
7.380889e+01 
7.380889e+01 
7.380889e+01 
7.380889e+01 
7.380889e+01 
7.380889e+01 
7.380889e+01 
7.380889e+01 
7.380889e+01 
7.380889e+01 
7.380889e+01 
7.380889e+01 
7.380889e+01 
7.380889e+01 
7.380889e+01 
7.380889e+01 
7.380889e+01 
7.380889e+01 
7.380889e+01 
7.380889e+01 
7.380889e+01 
7.380889e+01 
7.380889e+01 
7.380889e+01 
7.380889e+01 
7.380889e+01 
7.380889e+01 
7.380889e+01 
7.380889e+01 
7.380889e+01 
7.380889e+01 
7.380889e+01 
7.380889e+01 
7.380889e+01 
7.380889e+01 
7.380889e+01 
7.380889e+01 
7.380889e+01 
7.380889e+01 
7.380889e+01 
7.380889e+01 
6.619743e+01 
6.619743e+01 
6.619743e+01 
6.619743e+01 
6.619743e+01 
6.619743e+01 
6.619743e+01 
6.619743e+01 
6.619743e+01 
6.619743e+01 
6.619743e+01 
6.619743e+01 
6.619743e+01 
6.619743e+01 
6.619743e+01 
6.619743e+01 
6.619743e+01 
6.619743e+01 
6.619743e+01 
6.619743e+01 
6.619743e+01 
6.619743e+01 
6.619743e+01 
6.619743e+01 
6.619743e+01 
6.619743e+01 
6.619743e+01 
6.619743e+01 
6.619743e+01 
6.619743e+01 
6.619743e+01 
6.619743e+01 
6.619743e+01 
6.619743e+01 
6.619743e+01 
6.619743e+01 
6.619743e+01 
6.619743e+01 
6.619743e+01 
6.619743e+01 
6.619743e+01 
6.619743e+01 
6.619743e+01 
6.619743e+01 
6.619743e+01 
6.619743e+01 
6.619743e+01 
6.619743e+01 
6.619743e+01 
6.619743e+01 
6.619743e+01 
6.619743e+01 
6.619743e+01 
6.619743e+01 
6.619743e+01 
6.619743e+01 
6.619743e+01 
6.619743e+01 
6.619743e+01 
6.619743e+01 
6.619743e+01 
6.619743e+01 
6.619743e+01 
6.619743e+01 
6.619743e+01 
6.619743e+01 
6.619743e+01 
6.619743e+01 
6.619743e+01 
6.619743e+01 
6.619743e+01 
6.619743e+01 
6.619743e+01 
6.619743e+01 
6.619743e+01 
6.619743e+01 
6.619743e+01 
6.619743e+01 
6.619743e+01 
6.619743e+01 
6.619743e+01 
6.619743e+01 
6.619743e+01 
6.619743e+01 
6.619743e+01 
6.619743e+01 
6.619743e+01 
6.619743e+01 
6.619743e+01 
6.619743e+01 
6.619743e+01 
6.619743e+01 
6.619743e+01 
6.619743e+01 
6.619743e+01 
6.619743e+01 
6.619743e+01 
6.619743e+01 
6.619743e+01 
6.619743e+01 
6.619743e+01 
6.619743e+01 
6.619743e+01 
6.619743e+01 
6.619743e+01 
6.619743e+01 
6.619743e+01 
6.619743e+01 
6.619743e+01 
6.619743e+01 
6.619743e+01 
6.619743e+01 
6.619743e+01 
6.619743e+01 
6.619743e+01 
6.619743e+01 
6.619743e+01 
6.619743e+01 
6.619743e+01 
6.619743e+01 
6.619743e+01 
6.619743e+01 
6.619743e+01 
6.619743e+01 
6.619743e+01 
6.619743e+01 
6.619743e+01 
6.619743e+01 
6.619743e+01 
6.619743e+01 
6.619743e+01 
6.619743e+01 
6.619743e+01 
6.619743e+01 
6.619743e+01 
6.619743e+01 
6.619743e+01 
6.619743e+01 
6.619743e+01 
6.619743e+01 
6.619743e+01 
6.619743e+01 
6.619743e+01 
6.619743e+01 
6.619743e+01 
6.619743e+01 
6.619743e+01 
6.619743e+01 
6.619743e+01 
6.619743e+01 
6.619743e+01 
6.619743e+01 
6.619743e+01 
6.619743e+01 
6.619743e+01 
6.619743e+01 
6.619743e+01 
6.619743e+01 
6.619743e+01 
6.619743e+01 
6.619743e+01 
6.619743e+01 
6.619743e+01 
6.619743e+01 
6.619743e+01 
6.619743e+01 
6.619743e+01 
6.619743e+01 
6.619743e+01 
6.619743e+01 
6.619743e+01 
6.619743e+01 
6.619743e+01 
6.619743e+01 
6.619743e+01 
6.619743e+01 
6.619743e+01 
6.619743e+01 
6.619743e+01 
6.619743e+01 
6.619743e+01 
6.619743e+01 
6.619743e+01 
6.619743e+01 
6.619743e+01 
6.619743e+01 
6.619743e+01 
6.619743e+01 
6.619743e+01 
6.619743e+01 
6.619743e+01 
6.619743e+01 
6.619743e+01 
6.619743e+01 
6.619743e+01 
6.619743e+01 
6.619743e+01 
6.619743e+01 
6.619743e+01 
6.619743e+01 
6.619743e+01 
6.619743e+01 
6.619743e+01 
6.619743e+01 
6.619743e+01 
6.619743e+01 
6.619743e+01 
6.619743e+01 
6.619743e+01 
6.619743e+01 
6.619743e+01 
6.619743e+01 
6.619743e+01 
6.619743e+01 
6.619743e+01 
6.619743e+01 
6.619743e+01 
6.619743e+01 
6.619743e+01 
6.619743e+01 
6.619743e+01 
6.619743e+01 
6.619743e+01 
6.619743e+01 
6.619743e+01 
6.619743e+01 
6.619743e+01 
6.619743e+01 
6.619743e+01 
6.619743e+01 
6.619743e+01 
6.619743e+01 
6.619743e+01 
6.619743e+01 
6.619743e+01 
6.619743e+01 
6.619743e+01 
6.619743e+01 
6.619743e+01 
6.619743e+01 
6.619743e+01 
6.619743e+01 
6.619743e+01 
6.619743e+01 
6.619743e+01 
6.619743e+01 
6.619743e+01 
6.619743e+01 
6.619743e+01 
6.619743e+01 
6.619743e+01 
6.619743e+01 
6.619743e+01 
6.619743e+01 
6.619743e+01 
6.619743e+01 
6.619743e+01 
6.619743e+01 
6.619743e+01 
6.619743e+01 
6.619743e+01 
6.619743e+01 
6.619743e+01 
6.619743e+01 
6.619743e+01 
6.619743e+01 
6.619743e+01 
6.619743e+01 
6.619743e+01 
6.619743e+01 
6.619743e+01 
6.619743e+01 
6.619743e+01 
6.619743e+01 
6.619743e+01 
6.619743e+01 
6.619743e+01 
6.619743e+01 
6.619743e+01 
6.619743e+01 
6.619743e+01 
6.619743e+01 
6.619743e+01 
6.619743e+01 
6.619743e+01 
6.619743e+01 
6.619743e+01 
6.619743e+01 
6.619743e+01 
6.619743e+01 
6.619743e+01 
6.619743e+01 
6.619743e+01 
6.619743e+01 
6.619743e+01 
6.619743e+01 
6.619743e+01 
6.619743e+01 
6.619743e+01 
6.619743e+01 
6.619743e+01 
6.619743e+01 
6.619743e+01 
6.619743e+01 
6.619743e+01 
6.619743e+01 
6.619743e+01 
6.619743e+01 
6.619743e+01 
6.619743e+01 
6.619743e+01 
6.619743e+01 
6.619743e+01 
6.619743e+01 
6.619743e+01 
6.376575e+01 
6.376575e+01 
6.376575e+01 
6.376575e+01 
6.376575e+01 
6.376575e+01 
6.376575e+01 
6.376575e+01 
6.376575e+01 
6.376575e+01 
6.376575e+01 
6.376575e+01 
6.376575e+01 
6.376575e+01 
6.376575e+01 
6.376575e+01 
6.376575e+01 
6.376575e+01 
6.376575e+01 
6.376575e+01 
6.376575e+01 
6.376575e+01 
6.376575e+01 
6.376575e+01 
6.376575e+01 
6.376575e+01 
6.376575e+01 
6.376575e+01 
6.376575e+01 
6.376575e+01 
6.376575e+01 
6.376575e+01 
6.376575e+01 
6.376575e+01 
6.376575e+01 
6.376575e+01 
6.376575e+01 
6.376575e+01 
6.376575e+01 
6.376575e+01 
6.376575e+01 
6.376575e+01 
6.376575e+01 
6.376575e+01 
6.376575e+01 
6.376575e+01 
6.376575e+01 
6.376575e+01 
6.376575e+01 
6.376575e+01 
6.376575e+01 
6.376575e+01 
6.376575e+01 
6.376575e+01 
6.376575e+01 
6.376575e+01 
6.376575e+01 
6.376575e+01 
6.376575e+01 
6.376575e+01 
6.376575e+01 
6.376575e+01 
6.376575e+01 
6.376575e+01 
6.376575e+01 
6.376575e+01 
6.376575e+01 
6.376575e+01 
6.376575e+01 
6.376575e+01 
6.376575e+01 
6.376575e+01 
6.376575e+01 
6.376575e+01 
6.376575e+01 
6.376575e+01 
6.376575e+01 
6.376575e+01 
6.376575e+01 
6.376575e+01 
6.376575e+01 
6.376575e+01 
6.376575e+01 
6.376575e+01 
6.376575e+01 
6.376575e+01 
6.376575e+01 
6.376575e+01 
6.376575e+01 
6.376575e+01 
6.376575e+01 
6.376575e+01 
6.376575e+01 
6.376575e+01 
6.376575e+01 
6.376575e+01 
6.376575e+01 
6.376575e+01 
6.376575e+01 
6.376575e+01 
6.376575e+01 
6.376575e+01 
6.376575e+01 
6.376575e+01 
6.376575e+01 
6.376575e+01 
6.376575e+01 
6.376575e+01 
6.376575e+01 
6.376575e+01 
6.376575e+01 
6.376575e+01 
6.376575e+01 
6.376575e+01 
6.376575e+01 
6.376575e+01 
6.376575e+01 
6.376575e+01 
6.376575e+01 
6.376575e+01 
6.376575e+01 
6.376575e+01 
6.376575e+01 
6.376575e+01 
6.376575e+01 
6.376575e+01 
6.376575e+01 
6.376575e+01 
6.376575e+01 
6.376575e+01 
6.376575e+01 
6.376575e+01 
6.376575e+01 
6.376575e+01 
6.319241e+01 
6.319241e+01 
6.319241e+01 
6.319241e+01 
6.319241e+01 
6.319241e+01 
5.876705e+01 
5.876705e+01 
5.876705e+01 
5.876705e+01 
5.876705e+01 
5.876705e+01 
5.876705e+01 
5.876705e+01 
5.876705e+01 
5.876705e+01 
5.876705e+01 
5.876705e+01 
5.876705e+01 
5.876705e+01 
5.876705e+01 
5.876705e+01 
5.876705e+01 
5.876705e+01 
5.876705e+01 
5.777867e+01 
5.777867e+01 
5.777867e+01 
5.777867e+01 
5.777867e+01 
5.777867e+01 
5.777867e+01 
5.777867e+01 
5.777867e+01 
5.777867e+01 
5.777867e+01 
5.777867e+01 
5.777867e+01 
5.777867e+01 
5.777867e+01 
5.777867e+01 
5.777867e+01 
5.777867e+01 
5.777867e+01 
5.777867e+01 
5.777867e+01 
5.777867e+01 
5.777867e+01 
5.777867e+01 
5.777867e+01 
5.777867e+01 
5.777867e+01 
5.777867e+01 
5.777867e+01 
5.777867e+01 
5.777867e+01 
5.777867e+01 
5.777867e+01 
5.777867e+01 
5.777867e+01 
5.777867e+01 
5.777867e+01 
5.777867e+01 
5.777867e+01 
5.777867e+01 
5.777867e+01 
5.777867e+01 
5.777867e+01 
5.777867e+01 
5.777867e+01 
5.777867e+01 
5.777867e+01 
5.777867e+01 
5.777867e+01 
5.777867e+01 
5.777867e+01 
5.777867e+01 
5.777867e+01 
5.777867e+01 
5.777867e+01 
5.777867e+01 
5.777867e+01 
5.777867e+01 
5.777867e+01 
5.777867e+01 
5.777867e+01 
5.777867e+01 
5.777867e+01 
5.777867e+01 
5.777867e+01 
5.777867e+01 
5.777867e+01 
5.777867e+01 
5.777867e+01 
5.777867e+01 
5.777867e+01 
5.777867e+01 
5.777867e+01 
5.777867e+01 
5.777867e+01 
5.777867e+01 
5.777867e+01 
5.777867e+01 
4.692354e+01 
4.692354e+01 
4.692354e+01 
4.692354e+01 
4.692354e+01 
4.692354e+01 
4.692354e+01 
4.692354e+01 
4.692354e+01 
4.692354e+01 
4.692354e+01 
4.692354e+01 
4.692354e+01 
4.692354e+01 
4.692354e+01 
4.692354e+01 
4.692354e+01 
4.692354e+01 
4.692354e+01 
4.692354e+01 
4.692354e+01 
4.692354e+01 
4.692354e+01 
4.692354e+01 
4.692354e+01 
4.692354e+01 
4.692354e+01 
4.692354e+01 
4.692354e+01 
4.692354e+01 
4.692354e+01 
4.692354e+01 
4.692354e+01 
4.692354e+01 
4.692354e+01 
4.692354e+01 
4.692354e+01 
4.692354e+01 
4.684099e+01 
4.684099e+01 
4.684099e+01 
4.684099e+01 
4.684099e+01 
4.684099e+01 
4.684099e+01 
4.684099e+01 
4.651290e+01 
4.651290e+01 
4.651290e+01 
4.651290e+01 
4.651290e+01 
4.651290e+01 
4.651290e+01 
4.651290e+01 
4.651290e+01 
4.651290e+01 
4.651290e+01 
4.651290e+01 
4.651290e+01 
4.651290e+01 
4.651290e+01 
4.651290e+01 
4.651290e+01 
4.651290e+01 
4.651290e+01 
4.651290e+01 
4.651290e+01 
4.651290e+01 
4.651290e+01 
4.651290e+01 
4.651290e+01 
4.651290e+01 
4.651290e+01 
4.651290e+01 
4.651290e+01 
4.651290e+01 
4.651290e+01 
4.651290e+01 
4.651290e+01 
4.651290e+01 
4.651290e+01 
4.651290e+01 
4.651290e+01 
4.651290e+01 
4.651290e+01 
4.651290e+01 
4.651290e+01 
4.651290e+01 
4.651290e+01 
4.651290e+01 
4.651290e+01 
4.651290e+01 
4.651290e+01 
4.651290e+01 
4.651290e+01 
4.651290e+01 
4.651290e+01 
4.651290e+01 
4.651290e+01 
4.651290e+01 
4.651290e+01 
4.651290e+01 
4.651290e+01 
4.651290e+01 
4.651290e+01 
4.651290e+01 
4.651290e+01 
4.651290e+01 
4.651290e+01 
4.651290e+01 
4.651290e+01 
4.651290e+01 
4.643896e+01 
4.643896e+01 
4.643896e+01 
4.643896e+01 
4.643896e+01 
4.643896e+01 
4.643896e+01 
4.643896e+01 
4.605780e+01 
4.605780e+01 
4.605780e+01 
4.605780e+01 
4.605780e+01 
4.605780e+01 
4.605780e+01 
4.605780e+01 
4.582524e+01 
4.582524e+01 
4.582524e+01 
4.582524e+01 
4.582524e+01 
4.582524e+01 
4.582524e+01 
4.299015e+01 
4.299015e+01 
4.299015e+01 
4.299015e+01 
4.299015e+01 
4.299015e+01 
4.299015e+01 
4.299015e+01 
4.299015e+01 
4.299015e+01 
4.299015e+01 
4.299015e+01 
4.299015e+01 
4.299015e+01 
4.299015e+01 
4.299015e+01 
4.299015e+01 
4.299015e+01 
4.299015e+01 
4.299015e+01 
4.299015e+01 
4.299015e+01 
4.299015e+01 
4.299015e+01 
4.299015e+01 
4.299015e+01 
4.299015e+01 
4.299015e+01 
4.299015e+01 
4.299015e+01 
4.299015e+01 
4.299015e+01 
4.299015e+01 
4.299015e+01 
4.299015e+01 
4.299015e+01 
4.299015e+01 
4.299015e+01 
4.299015e+01 
4.299015e+01 
4.299015e+01 
4.299015e+01 
4.299015e+01 
4.299015e+01 
4.299015e+01 
4.299015e+01 
4.299015e+01 
4.299015e+01 
4.299015e+01 
4.299015e+01 
4.299015e+01 
4.299015e+01 
4.299015e+01 
4.299015e+01 
4.299015e+01 
4.299015e+01 
4.299015e+01 
4.299015e+01 
4.299015e+01 
4.299015e+01 
4.299015e+01 
4.299015e+01 
4.299015e+01 
4.299015e+01 
4.299015e+01 
4.299015e+01 
4.299015e+01 
4.299015e+01 
4.299015e+01 
4.299015e+01 
4.299015e+01 
4.299015e+01 
4.299015e+01 
4.299015e+01 
4.299015e+01 
4.299015e+01 
4.299015e+01 
4.299015e+01 
4.299015e+01 
4.299015e+01 
4.299015e+01 
4.299015e+01 
4.299015e+01 
4.299015e+01 
4.299015e+01 
4.299015e+01 
4.075254e+01 
4.075254e+01 
4.075254e+01 
4.075254e+01 
4.075254e+01 
4.075254e+01 
4.075254e+01 
4.075254e+01 
4.075254e+01 
4.010499e+01 
4.010499e+01 
3.863493e+01 
3.863493e+01 
3.836858e+01 
3.836858e+01 
3.836858e+01 
3.836858e+01 
3.836858e+01 
3.718841e+01 
3.683091e+01 
3.683091e+01 
3.596513e+01 
3.596513e+01 
3.516174e+01 
3.516174e+01 
3.516174e+01 
3.516174e+01 
3.516174e+01 
3.516174e+01 
3.516174e+01 
3.505150e+01 
3.505150e+01 
3.505150e+01 
3.409056e+01 
3.254007e+01 
3.157074e+01 
3.095787e+01 
3.056518e+01 
3.030970e+01 
3.014068e+01 
3.002690e+01 
2.994895e+01 
2.989465e+01 
2.985623e+01 
2.982866e+01 
2.980863e+01 
2.979394e+01 
2.978306e+01 
2.977494e+01 
2.976886e+01 
2.976427e+01 
2.976081e+01 
2.975818e+01 
2.975618e+01 
2.975466e+01 
2.975350e+01 
2.975262e+01 
2.975195e+01 
2.975143e+01 
2.975104e+01 
2.975074e+01 
2.975051e+01 
2.975033e+01 
2.975019e+01 
2.975009e+01 
2.975001e+01 
2.974995e+01 
2.974991e+01 
2.974987e+01 
2.974984e+01 
2.974982e+01 
2.974981e+01 
2.974980e+01 
2.974979e+01 
2.974978e+01 
2.974977e+01 
2.974977e+01 
2.974977e+01 
2.974976e+01 
2.974976e+01 
2.974976e+01 
2.974976e+01 
2.974976e+01 
2.974976e+01 
2.974976e+01 
2.974976e+01 
2.974976e+01 
2.974976e+01 
2.974976e+01 
2.974976e+01 
2.974976e+01 
2.974976e+01 
2.974976e+01 
2.974976e+01 
2.974976e+01 
2.974976e+01 
2.974976e+01 
2.974976e+01 
2.974976e+01 
2.974976e+01 
2.974976e+01 
2.974976e+01 
2.974976e+01 
2.974976e+01 
2.974976e+01 
2.974976e+01 
2.974976e+01 
2.974976e+01 
2.974976e+01 
2.974976e+01 
2.974976e+01 
2.974976e+01 
2.974976e+01 
2.974976e+01 
2.974976e+01 
2.974976e+01 
2.974976e+01 
2.974976e+01 
2.974976e+01 
2.974976e+01 
2.974976e+01 
2.974976e+01 
2.915718e+01 
2.314084e+01 
2.132194e+01 
1.864453e+01 
1.833074e+01 
1.833074e+01 
1.833074e+01 
1.833074e+01 
1.652194e+01 
1.498488e+01 
1.455280e+01 
1.455280e+01 
1.445649e+01 
1.441628e+01 
1.441628e+01 
1.441628e+01 
1.439442e+01 
1.439442e+01 
1.435698e+01 
1.435698e+01 
1.435698e+01 
1.435698e+01 
1.435698e+01 
1.435698e+01 
1.435698e+01 
1.435698e+01 
1.435698e+01 
1.435698e+01 
1.435698e+01 
1.435698e+01 
1.435698e+01 
1.435698e+01 
1.435698e+01 
1.435698e+01 
1.435698e+01 
1.435698e+01 
1.435698e+01 
1.425374e+01 
1.425374e+01 
1.412109e+01 
1.412109e+01 
1.412109e+01 
1.412109e+01 
1.412109e+01 
1.412109e+01 
1.412109e+01 
1.395057e+01 
1.374264e+01 
1.360729e+01 
1.351752e+01 
1.345686e+01 
1.341512e+01 
1.338593e+01 
1.336520e+01 
1.335028e+01 
1.333944e+01 
1.333148e+01 
1.332559e+01 
1.332121e+01 
1.331794e+01 
1.331549e+01 
1.331365e+01 
1.331226e+01 
1.331121e+01 
1.331041e+01 
1.330981e+01 
1.330936e+01 
1.330901e+01 
1.330875e+01 
1.330856e+01 
1.330841e+01 
1.330829e+01 
1.330821e+01 
1.330814e+01 
1.330809e+01 
1.330805e+01 
1.330802e+01 
1.330800e+01 
1.330799e+01 
1.330797e+01 
1.330796e+01 
1.330796e+01 
1.330795e+01 
1.330795e+01 
1.109266e+01 
1.077596e+01 
1.077596e+01 
1.077596e+01 
1.077596e+01 
9.883628e+00 
9.883628e+00 
9.883628e+00 
9.883628e+00 
9.883628e+00 
9.883628e+00 
9.883628e+00 
9.883628e+00 
9.883628e+00 
9.883628e+00 
9.883628e+00 
9.883628e+00 
9.883628e+00 
9.883628e+00 
9.883628e+00 
9.883628e+00 
9.883628e+00 
9.883628e+00 
9.883628e+00 
9.883628e+00 
9.883628e+00 
9.688548e+00 
9.688548e+00 
9.688548e+00 
9.688548e+00 
9.524998e+00 
9.524998e+00 
9.029804e+00 
9.029804e+00 
8.962799e+00 
8.962799e+00 
8.792223e+00 
8.792223e+00 
8.792223e+00 
8.792223e+00 
8.506806e+00 
8.397182e+00 
8.397182e+00 
8.397182e+00 
8.397182e+00 
8.397182e+00 
8.397182e+00 
8.397182e+00 
8.397182e+00 
8.397182e+00 
8.397182e+00 
8.397182e+00 
8.397182e+00 
8.397182e+00 
8.397182e+00 
8.397182e+00 
8.397182e+00 
8.397182e+00 
8.350435e+00 
8.350435e+00 
8.350435e+00 
8.350435e+00 
8.350435e+00 
8.335456e+00 
8.335456e+00 
8.335456e+00 
8.335456e+00 
8.335456e+00 
8.335456e+00 
8.335456e+00 
8.335456e+00 
8.335456e+00 
8.335456e+00 
8.335456e+00 
8.335456e+00 
8.335456e+00 
8.335456e+00 
8.335456e+00 
8.335456e+00 
8.335456e+00 
8.335456e+00 
8.335456e+00 
8.335456e+00 
8.335456e+00 
8.335456e+00 
8.335456e+00 
8.335456e+00 
8.335456e+00 
8.335456e+00 
8.335456e+00 
8.335456e+00 
8.334129e+00 
8.334129e+00 
8.334129e+00 
8.329968e+00 
8.329968e+00 
8.326593e+00 
8.326593e+00 
8.326593e+00 
8.326593e+00 
8.326593e+00 
8.325519e+00 
8.325519e+00 
8.325519e+00 
8.325519e+00 
8.325519e+00 
8.325519e+00 
8.325519e+00 
8.320981e+00 
8.320981e+00 
8.306720e+00 
8.306720e+00 
8.306720e+00 
8.304155e+00 
8.304155e+00 
8.303612e+00 
8.303612e+00 
8.303612e+00 
8.303379e+00 
8.303379e+00 
8.303379e+00 
8.296430e+00 
8.296430e+00 
8.296430e+00 
8.296430e+00 
8.296430e+00 
8.296430e+00 
8.296430e+00 
8.296430e+00 
8.295062e+00 
8.295062e+00 
8.295062e+00 
8.295062e+00 
8.295062e+00 
8.294981e+00 
8.294981e+00 
8.294981e+00 
8.294981e+00 
8.294981e+00 
8.294981e+00 
8.294981e+00 
8.294981e+00 
8.294981e+00 
8.294981e+00 
8.227702e+00 
8.227702e+00 
8.227702e+00 
7.494502e+00 
7.494502e+00 
7.494502e+00 
7.494502e+00 
7.494502e+00 
6.776867e+00 
6.776867e+00 
6.776867e+00 
6.776867e+00 
6.776867e+00 
6.776867e+00 
6.776867e+00 
6.776867e+00 
6.776867e+00 
6.776867e+00 
6.776867e+00 
6.776867e+00 
6.776867e+00 
6.776867e+00 
6.776867e+00 
6.776867e+00 
6.776867e+00 
6.776867e+00 
6.776867e+00 
6.776867e+00 
6.776867e+00 
6.776867e+00 
6.776867e+00 
6.776867e+00 
6.776867e+00 
6.776867e+00 
6.245700e+00 
6.245700e+00 
6.245700e+00 
6.245700e+00 
6.245700e+00 
6.245700e+00 
6.245700e+00 
6.245700e+00 
6.245700e+00 
6.245700e+00 
6.245700e+00 
6.245700e+00 
6.245700e+00 
6.245700e+00 
6.245700e+00 
6.245700e+00 
6.245700e+00 
6.245700e+00 
6.245700e+00 
6.245700e+00 
6.245700e+00 
6.245700e+00 
6.245700e+00 
6.245700e+00 
6.245700e+00 
6.245700e+00 
6.245700e+00 
6.245700e+00 
6.245700e+00 
6.245700e+00 
6.245700e+00 
6.245700e+00 
6.245700e+00 
6.245700e+00 
6.245700e+00 
6.245700e+00 
6.245700e+00 
6.245700e+00 
6.245700e+00 
6.245700e+00 
6.245700e+00 
6.245700e+00 
6.245700e+00 
6.245700e+00 
6.245700e+00 
6.245700e+00 
6.245700e+00 
6.245700e+00 
6.245700e+00 
6.245700e+00 
6.245700e+00 
6.245700e+00 
6.245700e+00 
6.245700e+00 
6.245700e+00 
6.245700e+00 
6.245700e+00 
6.245700e+00 
6.245700e+00 
6.245700e+00 
6.245700e+00 
6.245700e+00 
6.245700e+00 
6.245700e+00 
6.245700e+00 
6.245700e+00 
6.245700e+00 
6.245700e+00 
6.245700e+00 
6.245700e+00 
6.245700e+00 
6.245700e+00 
6.245700e+00 
6.245700e+00 
6.245700e+00 
6.245700e+00 
6.245700e+00 
6.245700e+00 
6.245700e+00 
6.245700e+00 
6.245700e+00 
6.245700e+00 
6.245700e+00 
6.245700e+00 
6.245700e+00 
6.245700e+00 
6.245700e+00 
6.245700e+00 
6.245700e+00 
6.245700e+00 
6.245700e+00 
6.245700e+00 
6.245700e+00 
6.245700e+00 
6.245700e+00 
6.245700e+00 
6.245700e+00 
6.245700e+00 
6.245700e+00 
6.245700e+00 
6.245700e+00 
6.245700e+00 
6.245700e+00 
6.245700e+00 
6.245700e+00 
6.245700e+00 
6.245700e+00 
6.245700e+00 
5.006586e+00 
5.006586e+00 
5.006586e+00 
5.006586e+00 
5.006586e+00 
5.006586e+00 
5.006586e+00 
5.006586e+00 
5.006586e+00 
5.006586e+00 
5.006586e+00 
5.006586e+00 
5.006586e+00 
5.006586e+00 
5.006586e+00 
5.006586e+00 
5.006586e+00 
5.006586e+00 
5.006586e+00 
5.006586e+00 
5.006586e+00 
5.006586e+00 
5.006586e+00 
5.006586e+00 
5.006586e+00 
5.006586e+00 
5.006586e+00 
5.006586e+00 
4.662169e+00 
4.662169e+00 
4.662169e+00 
4.662169e+00 
4.662169e+00 
4.662169e+00 
4.662169e+00 
4.662169e+00 
4.662169e+00 
4.662169e+00 
4.662169e+00 
4.662169e+00 
4.662169e+00 
4.662169e+00 
4.662169e+00 
4.662169e+00 
4.662169e+00 
4.662169e+00 
4.662169e+00 
4.662169e+00 
4.662169e+00 
4.662169e+00 
4.662169e+00 
4.662169e+00 
4.662169e+00 
4.662169e+00 
4.662169e+00 
4.662169e+00 
4.662169e+00 
4.662169e+00 
4.662169e+00 
4.662169e+00 
4.662169e+00 
4.662169e+00 
4.662169e+00 
4.662169e+00 
4.662169e+00 
4.662169e+00 
4.662169e+00 
4.662169e+00 
4.662169e+00 
4.662169e+00 
4.662169e+00 
4.662169e+00 
4.620158e+00 
4.620158e+00 
4.620158e+00 
4.620158e+00 
4.620158e+00 
4.620158e+00 
4.620158e+00 
4.620158e+00 
4.620158e+00 
4.620158e+00 
4.620158e+00 
4.620158e+00 
4.620158e+00 
4.620158e+00 
4.620158e+00 
4.620158e+00 
4.620158e+00 
4.620158e+00 
4.620158e+00 
4.620158e+00 
4.620158e+00 
4.620158e+00 
4.469266e+00 
4.469266e+00 
4.469266e+00 
4.469266e+00 
4.469266e+00 
4.469266e+00 
4.469266e+00 
4.469266e+00 
4.469266e+00 
4.464395e+00 
4.464395e+00 
4.464395e+00 
4.464395e+00 
4.464395e+00 
4.464395e+00 
4.447263e+00 
4.447263e+00 
4.447263e+00 
4.447263e+00 
4.447263e+00 
4.447263e+00 
4.447263e+00 
4.447263e+00 
4.447263e+00 
4.447263e+00 
4.447263e+00 
4.447263e+00 
4.447263e+00 
4.447263e+00 
4.447263e+00 
4.447263e+00 
4.447263e+00 
4.447263e+00 
4.447263e+00 
4.447263e+00 
4.447263e+00 
4.447263e+00 
4.447263e+00 
4.447263e+00 
4.447263e+00 
4.447263e+00 
4.447263e+00 
4.447263e+00 
4.447263e+00 
4.447263e+00 
4.447263e+00 
4.447263e+00 
4.447263e+00 
4.447263e+00 
3.620040e+00 
3.620040e+00 
2.228844e+00 
2.228844e+00 
2.228844e+00 
2.228844e+00 
2.228844e+00 
2.228844e+00 
8.583252e-01 
8.583252e-01 
8.583252e-01 
8.583252e-01 
8.583252e-01 
8.583252e-01 
8.583252e-01 
8.583252e-01 
8.583252e-01 
8.583252e-01 
8.583252e-01 
8.583252e-01 
8.583252e-01 
8.583252e-01 
8.583252e-01 
8.583252e-01 
8.583252e-01 
8.583252e-01 
8.583252e-01 
8.583252e-01 
8.583252e-01 
8.583252e-01 
8.583252e-01 
8.583252e-01 
6.024701e-01 
6.024701e-01 
6.024701e-01 
6.024701e-01 
6.024701e-01 
6.024701e-01 
5.098161e-01 
5.098161e-01 
4.984954e-01 
4.984954e-01 
4.226082e-01 
4.226082e-01 
4.121090e-01 
4.121090e-01 
4.121090e-01 
4.121090e-01 
4.121090e-01 
4.121090e-01 
4.121090e-01 
3.524491e-01 
3.266586e-01 
3.266586e-01 
3.266586e-01 
3.266586e-01 
3.266586e-01 
3.266586e-01 
3.266586e-01 
3.266586e-01 
3.266586e-01 
2.885683e-01 
1.916279e-01 
1.797611e-01 
1.797611e-01 
1.797611e-01 
1.797611e-01 
1.797611e-01 
1.797611e-01 
1.797611e-01 
1.797611e-01 
1.797611e-01 
1.774747e-01 
1.774747e-01 
1.774747e-01 
1.774747e-01 
1.774747e-01 
1.774747e-01 
1.774747e-01 
1.774747e-01 
1.774747e-01 
1.774747e-01 
1.774747e-01 
1.774747e-01 
1.774747e-01 
1.774747e-01 
1.774747e-01 
1.774747e-01 
1.774747e-01 
1.774747e-01 
1.774747e-01 
1.774747e-01 
1.774747e-01 
1.768120e-01 
1.768120e-01 
1.192133e-01 
1.192133e-01 
1.192133e-01 
1.192133e-01 
1.000883e-01 
1.000883e-01 
1.000883e-01 
8.007681e-02 
8.007681e-02 
8.007681e-02 
8.007681e-02 
7.736837e-02 
7.736837e-02 
7.736837e-02 
7.293939e-02 
7.293939e-02 
7.293939e-02 
7.293939e-02 
7.293939e-02 
7.293939e-02 
7.293939e-02 
7.293939e-02 
7.293939e-02 
7.293939e-02 
7.293939e-02 
7.293939e-02 
7.293939e-02 
7.202735e-02 
7.202735e-02 
7.202735e-02 
7.202735e-02 
7.202735e-02 
6.786175e-02 
6.786175e-02 
6.786175e-02 
6.786175e-02 
6.786175e-02 
6.786175e-02 
6.786175e-02 
6.786175e-02 
6.786175e-02 
6.786175e-02 
6.786175e-02 
6.786175e-02 
6.786175e-02 
6.786175e-02 
6.786175e-02 
6.298561e-02 
6.298561e-02 
6.298561e-02 
6.298561e-02 
5.213681e-02 
5.213681e-02 
5.213681e-02 
5.213681e-02 
5.213681e-02 
4.795360e-02 
4.663245e-02 
4.663245e-02 
4.663245e-02 
4.663245e-02 
4.621546e-02 
4.621546e-02 
4.621546e-02 
4.573208e-02 
4.573208e-02 
4.445490e-02 
4.445490e-02 
4.445490e-02 
4.445490e-02 
4.367584e-02 
4.367584e-02 
4.367584e-02 
4.348255e-02 
4.279479e-02 
4.279479e-02 
4.279479e-02 
4.279479e-02 
4.279479e-02 
4.185046e-02 
4.127497e-02 
4.105270e-02 
4.099509e-02 
4.099509e-02 
4.099509e-02 
4.099509e-02 
4.099509e-02 
4.088491e-02 
4.075172e-02 
4.066805e-02 
4.061419e-02 
4.057871e-02 
4.055486e-02 
4.053856e-02 
4.052724e-02 
4.051931e-02 
4.051369e-02 
4.050969e-02 
4.050682e-02 
4.050476e-02 
4.050327e-02 
4.050220e-02 
4.050142e-02 
4.050086e-02 
4.050045e-02 
4.050015e-02 
4.049994e-02 
4.049978e-02 
4.049967e-02 
4.049959e-02 
4.049953e-02 
4.005208e-02 
4.005208e-02 
4.005208e-02 
4.005208e-02 
4.005208e-02 
4.005208e-02 
4.005208e-02 
4.005208e-02 
3.459127e-02 
3.459127e-02 
3.459127e-02 
3.459127e-02 
3.459127e-02 
3.459127e-02 
3.459127e-02 
3.459127e-02 
3.459127e-02 
3.459127e-02 
3.459127e-02 
3.099866e-02 
3.099866e-02 
3.099866e-02 
3.099866e-02 
3.099866e-02 
3.099866e-02 
3.099866e-02 
3.099866e-02 
3.099866e-02 
3.099866e-02 
3.068038e-02 
3.068038e-02 
3.011010e-02 
3.011010e-02 
3.011010e-02 
3.011010e-02 
3.011010e-02 
3.011010e-02 
3.011010e-02 
3.011010e-02 
3.011010e-02 
2.970045e-02 
2.970045e-02 
2.970045e-02 
2.970045e-02 
2.970045e-02 
2.970045e-02 
2.970045e-02 
2.970045e-02 
2.970045e-02 
2.970045e-02 
2.970045e-02 
2.970045e-02 
2.970045e-02 
2.970045e-02 
2.970045e-02 
2.970045e-02 
2.970045e-02 
2.970045e-02 
2.970045e-02 
2.969068e-02 
2.969068e-02 
2.969068e-02 
8.005096e-03 
8.005096e-03 
8.005096e-03 
8.005096e-03 
8.005096e-03 
8.005096e-03 
8.005096e-03 
8.005096e-03 
8.005096e-03 
8.005096e-03 
8.005096e-03 
8.005096e-03 
7.090549e-03 
7.090549e-03 
7.090549e-03 
7.090549e-03 
7.090549e-03 
7.090549e-03 
7.090549e-03 
7.090549e-03 
7.090549e-03 
7.090549e-03 
7.090549e-03 
7.090549e-03 
6.814628e-03 
6.814628e-03 
6.814628e-03 
6.814628e-03 
6.814628e-03 
6.814628e-03 
6.814628e-03 
6.814628e-03 
6.814628e-03 
6.814628e-03 
6.814628e-03 
6.814628e-03 
6.814628e-03 
6.814628e-03 
6.814628e-03 
6.814628e-03 
6.814628e-03 
6.814628e-03 
6.814628e-03 
6.814628e-03 
6.814628e-03 
6.814628e-03 
6.814628e-03 
6.814628e-03 
6.814628e-03 
6.814628e-03 
4.189881e-03 
4.189881e-03 
4.189881e-03 
4.189881e-03 
4.189881e-03 
4.189881e-03 
4.189881e-03 
4.189881e-03 
4.189881e-03 
4.189881e-03 
4.189881e-03 
4.189881e-03 
4.189881e-03 
4.189881e-03 
4.189881e-03 
4.189881e-03 
4.189881e-03 
4.189881e-03 
4.189881e-03 
4.189881e-03 
4.189881e-03 
4.189881e-03 
4.189881e-03 
4.189881e-03 
4.189881e-03 
4.189881e-03 
4.189881e-03 
4.189881e-03 
4.189881e-03 
4.189881e-03 
4.189881e-03 
4.189881e-03 
4.189881e-03 
4.189881e-03 
4.189881e-03 
4.189881e-03 
4.189881e-03 
4.189881e-03 
4.189881e-03 
4.189881e-03 
4.189881e-03 
3.846788e-03 
3.846788e-03 
3.846788e-03 
3.846788e-03 
2.656832e-03 
2.656832e-03 
2.230944e-03 
2.230944e-03 
2.230944e-03 
2.230944e-03 
2.230944e-03 
2.230944e-03 
2.230944e-03 
2.230944e-03 
2.230944e-03 
2.230944e-03 
2.230944e-03 
2.230944e-03 
2.230944e-03 
2.230944e-03 
2.230944e-03 
2.230944e-03 
2.230944e-03 
2.230944e-03 
2.230944e-03 
2.230944e-03 
2.230944e-03 
2.230944e-03 
2.230944e-03 
2.230944e-03 
2.230944e-03 
2.230944e-03 
2.217943e-03 
2.217943e-03 
2.217943e-03 
2.147469e-03 
2.147469e-03 
2.147469e-03 
2.147469e-03 
2.147469e-03 
2.147469e-03 
2.147469e-03 
2.136378e-03 
2.136378e-03 
1.857668e-03 
1.857668e-03 
1.857668e-03 
1.205380e-03 
1.205380e-03 
1.205380e-03 
1.205380e-03 
1.179457e-03 
1.179457e-03 
1.179457e-03 
1.172186e-03 
1.172186e-03 
1.172186e-03 
1.172186e-03 
1.172186e-03 
1.147421e-03 
1.147421e-03 
1.147421e-03 
1.110897e-03 
1.085681e-03 
1.068889e-03 
1.057514e-03 
1.049704e-03 
1.044284e-03 
1.040493e-03 
1.037826e-03 
1.035940e-03 
1.034603e-03 
1.033653e-03 
1.032977e-03 
1.032495e-03 
1.032151e-03 
1.031905e-03 
1.031730e-03 
1.031605e-03 
1.031516e-03 
1.031452e-03 
1.031406e-03 
1.031374e-03 
1.031350e-03 
1.031334e-03 
1.031322e-03 
1.031313e-03 
1.031307e-03 
1.031303e-03 
1.031300e-03 
1.031298e-03 
1.031296e-03 
1.031295e-03 
1.031294e-03 
1.031293e-03 
1.031293e-03 
1.031293e-03 
1.031293e-03 
1.031292e-03 
1.031292e-03 
1.031292e-03 
1.031292e-03 
1.031292e-03 
1.031292e-03 
1.031292e-03 
1.031292e-03 
1.031292e-03 
1.031292e-03 
1.031292e-03 
9.341931e-04 
8.543650e-04 
6.146539e-04 
6.146539e-04 
6.146539e-04 
6.146539e-04 
6.146539e-04 
6.146539e-04 
5.601547e-04 
5.601547e-04 
5.283350e-04 
3.645733e-04 
3.402501e-04 
3.402501e-04 
3.402501e-04 
2.854238e-04 
2.854238e-04 
2.854238e-04 
2.854238e-04 
2.854238e-04 
2.854238e-04 
2.615802e-04 
2.615802e-04 
2.615802e-04 
2.615802e-04 
2.615802e-04 
2.586358e-04 
2.586358e-04 
2.165667e-04 
2.165667e-04 
2.107278e-04 
2.107278e-04 
2.107278e-04 
2.107278e-04 
2.107278e-04 
2.081237e-04 
2.081237e-04 
2.081031e-04 
2.024619e-04 
2.024619e-04 
2.024619e-04 
2.022603e-04 
2.022603e-04 
2.022603e-04 
2.018440e-04 
2.018440e-04 
2.018440e-04 
2.018440e-04 
2.011272e-04 
2.000486e-04 
1.993564e-04 
1.989021e-04 
1.985983e-04 
1.983919e-04 
1.982502e-04 
1.981519e-04 
1.980833e-04 
1.980352e-04 
1.980013e-04 
1.979774e-04 
1.979606e-04 
1.979486e-04 
1.979401e-04 
1.979341e-04 
1.979299e-04 
1.979269e-04 
1.979247e-04 
1.979232e-04 
1.979221e-04 
1.979214e-04 
1.979208e-04 
1.979204e-04 
1.979201e-04 
1.979200e-04 
1.979198e-04 
1.146365e-04 
1.146365e-04 
1.146365e-04 
1.146365e-04 
1.146365e-04 
1.146365e-04 
1.146365e-04 
1.060187e-04 
1.060187e-04 
1.060187e-04 
1.060187e-04 
1.050028e-04 
1.050028e-04 
1.050028e-04 
1.034359e-04 
1.034359e-04 
1.034359e-04 
9.527043e-05 
9.527043e-05 
9.527043e-05 
9.444521e-05 
6.835160e-05 
6.278302e-05 
4.597511e-05 
4.597511e-05 
4.597511e-05 
3.747386e-05 
2.707270e-05 
2.707270e-05 
2.691593e-05 
2.691593e-05 
2.453754e-05 
2.453754e-05 
2.289341e-05 
2.243064e-05 
2.243064e-05 
2.172305e-05 
2.172305e-05 
2.098811e-05 
2.047672e-05 
2.023283e-05 
2.011931e-05 
2.006855e-05 
2.004742e-05 
2.003987e-05 
2.003822e-05 
2.003822e-05 
2.003822e-05 
2.003822e-05 
2.003822e-05 
2.001694e-05 
2.000074e-05 
1.998947e-05 
1.998161e-05 
1.997609e-05 
1.997222e-05 
1.996949e-05 
1.996757e-05 
1.996622e-05 
1.996526e-05 
1.996459e-05 
1.996411e-05 
1.996378e-05 
1.996354e-05 
1.817565e-05 
1.632021e-05 
1.632021e-05 
1.632021e-05 
1.632021e-05 
1.632021e-05 
1.632021e-05 
1.632021e-05 
1.383929e-05 
1.383929e-05 
1.383929e-05 
1.280120e-05 
1.280120e-05 
1.280120e-05 
1.280120e-05 
1.241578e-05 
1.241578e-05 
1.241578e-05 
1.241578e-05 
1.241578e-05 
1.236437e-05 
1.236437e-05 
1.236437e-05 
1.236437e-05 
1.213614e-05 
1.199171e-05 
1.199171e-05 
1.199171e-05 
1.199171e-05 
1.199171e-05 
1.199171e-05 
1.197787e-05 
1.197787e-05 
1.197787e-05 
1.197787e-05 
1.197787e-05 
1.197787e-05 
1.197787e-05 
1.196938e-05 
1.196608e-05 
1.196608e-05 
1.195653e-05 
1.195653e-05 
1.194963e-05 
1.194963e-05 
1.194963e-05 
1.194963e-05 
1.194963e-05 
1.194480e-05 
1.046753e-05 
1.046753e-05 
9.391263e-06 
8.959202e-06 
4.774192e-06 
4.774192e-06 
4.774192e-06 
4.447581e-06 
4.447581e-06 
4.447581e-06 
4.235116e-06 
4.235116e-06 
4.235116e-06 
4.235116e-06 
4.235116e-06 
4.235116e-06 
4.235116e-06 
2.906745e-06 
2.906745e-06 
2.906745e-06 
2.906745e-06 
2.906745e-06 
2.699061e-06 
2.699061e-06 
2.699061e-06 
2.699061e-06 
2.699061e-06 
2.699061e-06 
2.699061e-06 
2.699061e-06 
2.699061e-06 
2.699061e-06 
2.699061e-06 
2.699061e-06 
2.177197e-06 
2.028978e-06 
2.028978e-06 
1.883712e-06 
1.856732e-06 
1.856732e-06 
1.856732e-06 
1.806459e-06 
1.806459e-06 
1.806459e-06 
1.806459e-06 
1.806459e-06 
1.806459e-06 
1.806459e-06 
1.806459e-06 
1.806459e-06 
1.806459e-06 
1.714283e-06 
1.676712e-06 
1.676712e-06 
1.642673e-06 
1.626669e-06 
1.622847e-06 
1.622847e-06 
1.464876e-06 
1.464876e-06 
1.464876e-06 
1.211393e-06 
1.027350e-06 
1.027350e-06 
1.010670e-06 
1.010670e-06 
1.010670e-06 
1.010670e-06 
8.590106e-07 
8.590106e-07 
8.590106e-07 
6.694100e-07 
5.028630e-07 
4.928351e-07 
4.928351e-07 
4.928351e-07 
4.630055e-07 
4.630055e-07 
4.630055e-07 
4.586949e-07 
4.586949e-07 
4.586949e-07 
4.520398e-07 
4.490498e-07 
4.490498e-07 
4.490498e-07 
4.490498e-07 
4.490498e-07 
4.490498e-07 
4.490498e-07 
4.490498e-07 
4.484455e-07 
4.483174e-07 
4.483174e-07 
4.483174e-07 
4.483174e-07 
4.476761e-07 
4.469916e-07 
4.466434e-07 
4.464640e-07 
4.463697e-07 
4.463185e-07 
4.462905e-07 
4.462743e-07 
4.265739e-07 
3.115770e-07 
3.098885e-07 
3.098885e-07 
2.786149e-07 
2.518071e-07 
2.518071e-07 
2.518071e-07 
2.364496e-07 
2.364496e-07 
2.364496e-07 
2.362487e-07 
2.362487e-07 
2.343271e-07 
2.343271e-07 
2.343271e-07 
2.329490e-07 
2.313233e-07 
2.308162e-07 
2.307671e-07 
2.307671e-07 
2.307671e-07 
2.303540e-07 
2.298036e-07 
2.294554e-07 
2.292297e-07 
2.290807e-07 
2.289810e-07 
2.289132e-07 
2.288673e-07 
2.288355e-07 
2.288138e-07 
2.287987e-07 
2.287881e-07 
2.287806e-07 
2.287758e-07 
2.287723e-07 
2.287698e-07 
2.287680e-07 
2.287669e-07 
2.287661e-07 
2.287653e-07 
2.087088e-07 
2.087088e-07 
2.087088e-07 
2.087088e-07 
2.087088e-07 
2.087088e-07 
1.960657e-07 
1.861832e-07 
1.855949e-07 
1.855949e-07 
1.824110e-07 
1.824110e-07 
1.824110e-07 
1.824110e-07 
1.824110e-07 
1.824110e-07 
1.824110e-07 
1.818916e-07 
1.818916e-07 
1.818916e-07 
1.783026e-07 
1.783026e-07 
1.783026e-07 
1.783026e-07 
1.783026e-07 
1.781397e-07 
1.781397e-07 
1.781397e-07 
1.781397e-07 
1.774634e-07 
1.774634e-07 
1.774634e-07 
1.774634e-07 
1.774634e-07 
1.774634e-07 
1.764866e-07 
1.743636e-07 
1.731995e-07 
1.725409e-07 
1.721556e-07 
1.719227e-07 
1.717780e-07 
1.716858e-07 
1.716254e-07 
1.715853e-07 
1.715586e-07 
1.715403e-07 
1.715279e-07 
1.715192e-07 
1.283620e-07 
9.313541e-08 
9.313541e-08 
9.313541e-08 
8.881352e-08 
8.881352e-08 
8.881352e-08 
8.881352e-08 
8.881352e-08 
5.773921e-08 
5.773921e-08 
4.046881e-08 
4.046881e-08 
4.046881e-08 
4.046881e-08 
4.046881e-08 
4.046881e-08 
4.046881e-08 
4.046881e-08 
4.046881e-08 
4.046881e-08 
4.046881e-08 
4.046881e-08 
4.046881e-08 
4.046881e-08 
4.046881e-08 
3.737156e-08 
1.840546e-08 
1.840546e-08 
1.840546e-08 
1.295747e-08 
1.295747e-08 
1.295747e-08 
1.295747e-08 
1.295747e-08 
1.295747e-08 
1.295747e-08 
1.295747e-08 
1.166941e-08 
1.166941e-08 
1.136034e-08 
1.136034e-08 
9.613800e-09 
9.613800e-09 
8.220370e-09 
4.276879e-09 
4.276879e-09 
4.276879e-09 
2.124143e-09 
2.124143e-09 
2.124143e-09 
2.124143e-09 
2.124143e-09 
2.124143e-09 
2.124143e-09 
2.124143e-09 
1.731110e-09 
1.731110e-09 
1.625269e-09 
1.175387e-09 
1.175387e-09 
1.175387e-09 
1.175387e-09 
1.175387e-09 
1.175387e-09 
1.175387e-09 
1.175387e-09 
1.175387e-09 
1.175387e-09 
1.175387e-09 
1.049094e-09 
1.049094e-09 
1.049094e-09 
1.049094e-09 
1.049094e-09 
1.049094e-09 
1.049094e-09 
6.846400e-10 
6.846400e-10 
6.846400e-10 
6.846400e-10 
6.846400e-10 
6.846400e-10 
6.846400e-10 
6.846400e-10 
6.846400e-10 
6.846400e-10 
6.846400e-10 
6.846400e-10 
6.846400e-10 
6.846400e-10 
6.846400e-10 
6.846400e-10 
6.846400e-10 
6.846400e-10 
6.846400e-10 
6.846400e-10 
6.846400e-10 
6.846400e-10 
6.846400e-10 
6.846400e-10 
6.846400e-10 
6.846400e-10 
6.846400e-10 
6.846400e-10 
6.846400e-10 
6.513651e-10 
6.513651e-10 
6.513651e-10 
6.457909e-10 
3.591813e-10 
3.591813e-10 
3.591813e-10 
3.591813e-10 
3.410492e-10 
3.410492e-10 
2.001326e-10 
2.001326e-10 
2.001326e-10 
2.001326e-10 
2.001326e-10 
2.001326e-10 
2.001326e-10 
2.001326e-10 
2.001326e-10 
2.001326e-10 
2.001326e-10 
2.001326e-10 
1.810617e-10 
1.810617e-10 
1.580300e-10 
1.580300e-10 
1.580300e-10 
1.580300e-10 
1.390278e-10 
1.390278e-10 
1.390278e-10 
1.390278e-10 
1.390278e-10 
1.191742e-10 
1.191742e-10 
1.191742e-10 
1.191742e-10 
1.191742e-10 
1.182208e-10 
1.182208e-10 
1.182208e-10 
1.182208e-10 
1.179263e-10 
1.179263e-10 
1.179263e-10 
1.179263e-10 
1.056325e-10 
1.056325e-10 
1.056325e-10 
1.056325e-10 
1.056325e-10 
1.056325e-10 
1.056325e-10 
1.056325e-10 
1.056325e-10 
1.056325e-10 
1.056325e-10 
1.056325e-10 
1.056325e-10 
1.056325e-10 
1.056325e-10 
9.622236e-11 
6.955888e-11 
6.955888e-11 
6.955888e-11 
6.955888e-11 
6.955888e-11 
6.149074e-11 
6.149074e-11 
6.149074e-11 
6.149074e-11 
6.149074e-11 
6.149074e-11 
6.149074e-11 
5.907933e-11 
5.628549e-11 
5.628549e-11 
5.628549e-11 
5.628549e-11 
5.140703e-11 
5.140703e-11 
4.813986e-11 
4.813986e-11 
4.703371e-11 
4.703371e-11 
4.703371e-11 
4.703371e-11 
4.703371e-11 
4.703371e-11 
4.703371e-11 
4.703371e-11 
4.640547e-11 
4.584570e-11 
4.498742e-11 
4.498742e-11 
4.498742e-11 
3.591645e-11 
3.591645e-11 
3.591645e-11 
3.306200e-11 
3.306200e-11 
3.306200e-11 
3.306200e-11 
2.204007e-11 
1.838085e-11 
1.838085e-11 
1.838085e-11 
1.721504e-11 
1.721504e-11 
1.721504e-11 
1.721504e-11 
1.721504e-11 
1.721504e-11 
1.406342e-11 
1.406342e-11 
1.406342e-11 
1.406342e-11 
1.406342e-11 
1.406342e-11 
1.221090e-11 
1.221090e-11 
1.221090e-11 
1.221090e-11 
1.221090e-11 
1.221090e-11 
1.221090e-11 
1.221090e-11 
7.987315e-12 
7.987315e-12 
7.987315e-12 
7.987315e-12 
7.987315e-12 
7.987315e-12 
7.987315e-12 
7.987315e-12 
7.987315e-12 
7.987315e-12 
7.681115e-12 
7.681115e-12 
7.681115e-12 
3.716287e-12 
3.716287e-12 
3.716287e-12 
3.716287e-12 
3.716287e-12 
3.716287e-12 
3.266498e-12 
3.266498e-12 
3.266498e-12 
3.266498e-12 
3.266498e-12 
3.266498e-12 
3.266498e-12 
3.266498e-12 
3.266498e-12 
3.266498e-12 
3.266498e-12 
3.266498e-12 
3.266498e-12 
3.221941e-12 
3.221941e-12 
3.221941e-12 
3.221941e-12 
3.221941e-12 
3.221941e-12 
3.221941e-12 
2.953785e-12 
2.953785e-12 
2.953785e-12 
2.953785e-12 
2.953785e-12 
2.815156e-12 
2.214895e-12 
2.214895e-12 
2.214895e-12 
1.628697e-12 
1.628697e-12 
1.628697e-12 
1.628697e-12 
1.628697e-12 
1.628697e-12 
1.628697e-12 
1.628697e-12 
1.628697e-12 
1.628697e-12 
1.628697e-12 
1.628697e-12 
1.628697e-12 
1.351511e-12 
1.351511e-12 
1.351511e-12 
1.351511e-12 
7.214229e-13 
7.214229e-13 
7.214229e-13 
7.214229e-13 
7.214229e-13 
5.398644e-13 
5.398644e-13 
5.398644e-13 
5.398644e-13 
5.398644e-13 
5.398644e-13 
4.970839e-13 
4.275839e-13 
4.275839e-13 
4.275839e-13 
4.275839e-13 
4.275839e-13 
4.275839e-13 
4.275839e-13 
4.275839e-13 
4.275839e-13 
4.275839e-13 
4.275839e-13 
4.275839e-13 
4.275839e-13 
4.275839e-13 
4.275839e-13 
1.552092e-13 
1.552092e-13 
1.552092e-13 
1.552092e-13 
1.552092e-13 
1.552092e-13 
1.552092e-13 
1.552092e-13 
1.552092e-13 
1.552092e-13 
1.552092e-13 
1.552092e-13 
1.552092e-13 
1.552092e-13 
1.552092e-13 
1.552092e-13 
1.552092e-13 
1.552092e-13 
1.552092e-13 
1.552092e-13 
1.552092e-13 
1.552092e-13 
1.552092e-13 
9.429494e-14 
9.429494e-14 
9.429494e-14 
9.429494e-14 
9.429494e-14 
9.429494e-14 
8.741156e-14 
8.741156e-14 
8.741156e-14 
8.741156e-14 
8.741156e-14 
8.741156e-14 
8.741156e-14 
8.741156e-14 
8.741156e-14 
8.741156e-14 
8.741156e-14 
8.741156e-14 
8.741156e-14 
8.741156e-14 
8.741156e-14 
8.741156e-14 
8.741156e-14 
8.741156e-14 
6.091424e-14 
6.091424e-14 
5.240253e-14 
5.240253e-14 
5.240253e-14 
5.240253e-14 
5.240253e-14 
5.240253e-14 
5.240253e-14 
5.240253e-14 
5.240253e-14 
5.240253e-14 
5.240253e-14 
5.240253e-14 
5.240253e-14 
5.240253e-14 
5.240253e-14 
5.240253e-14 
5.240253e-14 
5.240253e-14 
5.129230e-14 
5.129230e-14 
5.129230e-14 
5.129230e-14 
5.129230e-14 
5.129230e-14 
5.129230e-14 
5.129230e-14 
5.129230e-14 
5.129230e-14 
5.129230e-14 
5.129230e-14 
5.129230e-14 
5.129230e-14 
5.055216e-14 
5.055216e-14 
5.055216e-14 
5.055216e-14 
5.055216e-14 
5.055216e-14 
5.055216e-14 
5.055216e-14 
5.055216e-14 
5.055216e-14 
5.055216e-14 
5.055216e-14 
5.055216e-14 
5.055216e-14 
5.055216e-14 
5.055216e-14 
5.055216e-14 
5.055216e-14 
5.055216e-14 
5.055216e-14 
5.055216e-14 
5.055216e-14 
4.019007e-14 
4.019007e-14 
4.019007e-14 
4.019007e-14 
4.019007e-14 
4.019007e-14 
4.019007e-14 
4.019007e-14 
4.019007e-14 
4.019007e-14 
4.019007e-14 
4.019007e-14 
4.019007e-14 
4.019007e-14 
2.923587e-14 
2.923587e-14 
2.923587e-14 
2.923587e-14 
2.923587e-14 
2.923587e-14 
2.923587e-14 
2.923587e-14 
2.923587e-14 
2.923587e-14 
2.923587e-14 
2.923587e-14 
2.923587e-14 
2.923587e-14 
2.923587e-14 
2.923587e-14 
2.923587e-14 
2.923587e-14 
2.923587e-14 
2.923587e-14 
2.923587e-14 
2.923587e-14 
2.923587e-14 
2.923587e-14 
2.923587e-14 
2.923587e-14 
2.923587e-14 
2.923587e-14 
2.923587e-14 
2.923587e-14 
2.923587e-14 
2.923587e-14 
2.923587e-14 
2.923587e-14 
2.923587e-14 
2.923587e-14 
2.923587e-14 
2.923587e-14 
2.923587e-14 
2.923587e-14 
2.923587e-14 
2.923587e-14 
2.923587e-14 
2.923587e-14 
2.923587e-14 
2.923587e-14 
2.923587e-14 
2.923587e-14 
2.923587e-14 
2.923587e-14 
2.923587e-14 
2.923587e-14 
2.923587e-14 
2.923587e-14 
2.923587e-14 
2.923587e-14 
2.923587e-14 
2.923587e-14 
2.923587e-14 
2.923587e-14 
2.923587e-14 
2.923587e-14 
2.923587e-14 
2.923587e-14 
2.923587e-14 
2.923587e-14 
2.923587e-14 
2.923587e-14 
2.923587e-14 
2.923587e-14 
2.923587e-14 
2.923587e-14 
2.923587e-14 
2.923587e-14 
2.923587e-14 
2.923587e-14 
2.923587e-14 
2.923587e-14 
2.923587e-14 
2.923587e-14 
2.923587e-14 
2.923587e-14 
2.923587e-14 
2.923587e-14 
2.923587e-14 
2.923587e-14 
2.923587e-14 
2.923587e-14 
2.923587e-14 
2.923587e-14 
2.923587e-14 
2.923587e-14 
2.923587e-14 
2.220446e-14 
2.220446e-14 
2.220446e-14 
1.628327e-14 
1.628327e-14 
1.628327e-14 
1.628327e-14 
1.628327e-14 
1.628327e-14 
1.628327e-14 
1.628327e-14 
1.628327e-14 
1.628327e-14 
1.628327e-14 
1.628327e-14 
1.628327e-14 
1.628327e-14 
1.628327e-14 
1.628327e-14 
1.628327e-14 
1.628327e-14 
1.628327e-14 
1.628327e-14 
1.628327e-14 
1.628327e-14 
1.628327e-14 
1.628327e-14 
1.628327e-14 
1.628327e-14 
1.628327e-14 
1.628327e-14 
1.628327e-14 
1.628327e-14 
1.628327e-14 
1.628327e-14 
1.628327e-14 
1.628327e-14 
1.628327e-14 
1.628327e-14 
1.591320e-14 
1.591320e-14 
1.591320e-14 
1.591320e-14 
1.110223e-14 
1.110223e-14 
1.110223e-14 
1.110223e-14 
1.110223e-14 
1.110223e-14 
1.110223e-14 
1.110223e-14 
1.110223e-14 
1.110223e-14 
1.110223e-14 
1.110223e-14 
1.110223e-14 
1.110223e-14 
1.110223e-14 
8.881784e-15 
8.881784e-15 
8.881784e-15 
8.881784e-15 
8.881784e-15 
8.881784e-15 
8.881784e-15 
8.881784e-15 
8.881784e-15 
8.881784e-15 
8.881784e-15 
8.881784e-15 
8.881784e-15 
8.881784e-15 
8.881784e-15 
8.881784e-15 
4.440892e-15 
4.440892e-15 
4.440892e-15 
4.440892e-15 
4.440892e-15 
4.440892e-15 
4.440892e-15 
4.440892e-15 
4.440892e-15 
4.440892e-15 
4.440892e-15 
4.440892e-15 
4.440892e-15 
4.440892e-15 
4.440892e-15 
4.440892e-15 
4.070818e-15 
4.070818e-15 
4.070818e-15 
4.070818e-15 
3.700743e-15 
3.700743e-15 
3.700743e-15 
3.700743e-15 
3.700743e-15 
3.700743e-15 
3.700743e-15 
3.700743e-15 
3.700743e-15 
3.700743e-15 
3.700743e-15 
3.700743e-15 
3.700743e-15 
3.700743e-15 
3.700743e-15 
3.700743e-15 
3.700743e-15 
3.700743e-15 
3.700743e-15 
3.700743e-15 
3.700743e-15 
3.700743e-15 
2.220446e-15 
2.220446e-15 
2.220446e-15 
2.220446e-15 
2.220446e-15 
2.220446e-15 
2.220446e-15 
2.220446e-15 
2.220446e-15 
2.220446e-15 
2.220446e-15 
2.220446e-15 
2.220446e-15 
2.220446e-15 
2.220446e-15 
2.220446e-15 
2.220446e-15 
2.220446e-15 
2.220446e-15 
2.220446e-15 
2.220446e-15 
2.220446e-15 
2.220446e-15 
2.220446e-15 
2.220446e-15 
2.220446e-15 
2.220446e-15 
2.220446e-15 
2.220446e-15 
2.220446e-15 
2.220446e-15 
2.220446e-15 
2.220446e-15 
2.220446e-15 
2.220446e-15 
2.220446e-15 
2.220446e-15 
2.220446e-15 
2.220446e-15 
2.220446e-15 
2.220446e-15 
2.220446e-15 
2.220446e-15 
2.220446e-15 
2.220446e-15 
2.220446e-15 
2.220446e-15 
2.220446e-15 
2.220446e-15 
2.220446e-15 
2.220446e-15 
2.220446e-15 
2.220446e-15 
2.220446e-15 
2.220446e-15 
2.220446e-15 
2.220446e-15 
2.220446e-15 
2.220446e-15 
2.220446e-15 
2.220446e-15 
2.220446e-15 
2.220446e-15 
2.220446e-15 
2.220446e-15 
2.220446e-15 
2.220446e-15 
2.220446e-15 
2.220446e-15 
2.220446e-15 
2.220446e-15 
2.220446e-15 
2.220446e-15 
2.220446e-15 
2.220446e-15 
2.220446e-15 
2.220446e-15 
2.220446e-15 
2.220446e-15 
2.220446e-15 
2.220446e-15 
2.220446e-15 
2.220446e-15 
2.220446e-15 
2.220446e-15 
2.220446e-15 
2.220446e-15 
2.220446e-15 
2.220446e-15 
2.220446e-15 
2.220446e-15 
2.220446e-15 
2.220446e-15 
2.220446e-15 
2.220446e-15 
2.220446e-15 
2.220446e-15 
2.220446e-15 
2.220446e-15 
2.220446e-15 
2.220446e-15 
2.220446e-15 
2.220446e-15 
2.220446e-15 
2.220446e-15 
2.220446e-15 
2.220446e-15 
2.220446e-15 
2.220446e-15 
2.220446e-15 
2.220446e-15 
2.220446e-15 
2.220446e-15 
2.220446e-15 
2.220446e-15 
2.220446e-15 
2.220446e-15 
2.220446e-15 
2.220446e-15 
2.220446e-15 
2.220446e-15 
2.220446e-15 
2.220446e-15 
2.220446e-15 
2.220446e-15 
2.220446e-15 
2.220446e-15 
2.220446e-15 
2.220446e-15 
2.220446e-15 
2.220446e-15 
2.220446e-15 
2.220446e-15 
2.220446e-15 
2.220446e-15 
2.220446e-15 
2.220446e-15 
2.220446e-15 
2.220446e-15 
2.220446e-15 
2.220446e-15 
2.220446e-15 
2.220446e-15 
2.220446e-15 
2.220446e-15 
2.220446e-15 
2.220446e-15 
2.220446e-15 
2.220446e-15 
2.220446e-15 
2.220446e-15 
2.220446e-15 
2.220446e-15 
2.220446e-15 
2.220446e-15 
2.220446e-15 
2.220446e-15 
2.220446e-15 
2.220446e-15 
2.220446e-15 
2.220446e-15 
2.220446e-15 
2.220446e-15 
2.220446e-15 
2.220446e-15 
2.220446e-15 
1.850372e-15 
1.850372e-15 
1.850372e-15 
1.850372e-15 
1.850372e-15 
1.850372e-15 
1.850372e-15 
1.850372e-15 
1.850372e-15 
1.850372e-15 
1.850372e-15 
1.850372e-15 
1.850372e-15 
1.850372e-15 
1.850372e-15 
1.850372e-15 
1.850372e-15 
1.850372e-15 
1.850372e-15 
1.850372e-15 
1.850372e-15 
1.850372e-15 
1.850372e-15 
1.850372e-15 
1.850372e-15 
1.850372e-15 
1.850372e-15 
1.850372e-15 
1.850372e-15 
7.401487e-16 
7.401487e-16 
7.401487e-16 
7.401487e-16 
7.401487e-16 
7.401487e-16 
7.401487e-16 
7.401487e-16 
7.401487e-16 
7.401487e-16 
7.401487e-16 
7.401487e-16 
7.401487e-16 
7.401487e-16 
7.401487e-16 
7.401487e-16 
7.401487e-16 
7.401487e-16 
7.401487e-16 
7.401487e-16 
7.401487e-16 
7.401487e-16 
7.401487e-16 
7.401487e-16 
7.401487e-16 
7.401487e-16 
7.401487e-16 
7.401487e-16 
7.401487e-16 
7.401487e-16 
7.401487e-16 
7.401487e-16 
7.401487e-16 
7.401487e-16 
7.401487e-16 
7.401487e-16 
7.401487e-16 
7.401487e-16 
7.401487e-16 
7.401487e-16 
7.401487e-16 
7.401487e-16 
7.401487e-16 
7.401487e-16 
7.401487e-16 
7.401487e-16 
7.401487e-16 
7.401487e-16 
3.700743e-16 
3.700743e-16 
3.700743e-16 
3.700743e-16 
3.700743e-16 
3.700743e-16 
3.700743e-16 
3.700743e-16 
3.700743e-16 
3.700743e-16 
3.700743e-16 
3.700743e-16 
3.700743e-16 
3.700743e-16 
3.700743e-16 
3.700743e-16 
3.700743e-16 
3.700743e-16 
3.700743e-16 
3.700743e-16 
3.700743e-16 
3.700743e-16 
3.700743e-16 
3.700743e-16 
3.700743e-16 
3.700743e-16 
3.700743e-16 
3.700743e-16 
3.700743e-16 
3.700743e-16 
3.700743e-16 
3.700743e-16 
3.700743e-16 
3.700743e-16 
3.700743e-16 
3.700743e-16 
3.700743e-16 
3.700743e-16 
3.700743e-16 
3.700743e-16 
3.700743e-16 
3.700743e-16 
3.700743e-16 
3.700743e-16 
3.700743e-16 
3.700743e-16 
3.700743e-16 
3.700743e-16 
3.700743e-16 
3.700743e-16 
3.700743e-16 
3.700743e-16 
3.700743e-16 
3.700743e-16 
3.700743e-16 
3.700743e-16 
3.700743e-16 
3.700743e-16 
3.700743e-16 
3.700743e-16 
3.700743e-16 
3.700743e-16 
3.700743e-16 
3.700743e-16 
3.700743e-16 
3.700743e-16 
3.700743e-16 
3.700743e-16 
3.700743e-16 
3.700743e-16 
3.700743e-16 
3.700743e-16 
3.700743e-16 
3.700743e-16 
3.700743e-16 
3.700743e-16 
3.700743e-16 
3.700743e-16 
3.700743e-16 
3.700743e-16 
3.700743e-16 
3.700743e-16 
3.700743e-16 
3.700743e-16 
3.700743e-16 
3.700743e-16 
3.700743e-16 
3.700743e-16 
3.700743e-16 
3.700743e-16 
3.700743e-16 
3.700743e-16 
0 
0 
0 
0 
0 
0 
0 
0 
0 
0 
0 
0 
0 
0 
0 
0 
0 
0 
0 
0 
0 
0 
0 
0 
0 
0 
0 
0 
0 
0 
0 
0 
0 
0 
0 
0 
0 
0 
0 
0 
0 
0 
0 
0 
0 
0 
0 
0 
0 
0 
0 
0 
0 
0 
0 
0 
0 
0 
0 
0 
0 
0 
0 
0 
0 
0 
0 
0 
0 
0 
0 
0 
0 
0 
0 
0 
0 
0 
0 
0 
0 
0 
0 
0 
0 
0 
0 
0 
0 
0 
0 
0 
0 
0 
0 
0 
0 
0 
0 
0 
0 
0 
0 
0 
0 
0 
0 
0 
0 
0 
0 
0 
0 
0 
0 
0 
0 
0 
0 
0 
0 
0 
0 
0 
0 
0 
0 
0 
0 
0 
0 
0 
0 
0 
0 
0 
0 
0 
0 
0 
0 
0 
0 
0 
0 
0 
0 
0 
0 
0 
0 
0 
0 
0 
0 
0 
0 
0 
0 
0 
0 
0 
0 
0 
0 
0 
0 
0 
0 
0 
0 
0 
0 
0 
0 
0 
0 
0 
0 
0 
0 
0 
0 
0 
0 
0 
0 
0 
0 
0 
0 
0 
0 
0 
0 
0 
0 
0 
0 
0 
0 
0 
0 
0 
0 
0 
0 
0 
0 
0 
0 
0 
0 
0 
0 
0 
0 
0 
0 
0 
0 
0 
0 
0 
0 
0 
0 
0 
0 
0 
0 
0 
0 
0 
0 
0 
0 
0 
0 
0 
0 
0 
0 
0 
0 
0 
0 
0 
0 
0 
0 
0 
0 
0 
0 
0 
0 
0 
0 
0 
0 
0 
0 
0 
0 
0 
0 
0 
0 
0 
0 
0 
0 
0 
0 
0 
0 
0 
0 
0 
0 
0 
0 
0 
0 
0 
0 
0 
0 
0 
0 
0 
0 
0 
0 
0 
0 
0 
0 
0 
0 
0 
0 
0 
0 
0 
0 
0 
0 
0 
0 
0 
0 
0 
0 
0 
0 
0 
0 
0 
0 
0 
0 
0 
0 
0 
0 
0 
0 
0 
0 
0 
0 
0 
0 
0 
0 
0 
0 
0 
0 
0 
0 
0 
0 
0 
0 
0 
0 
0 
0 
0 
0 
0 
0 
0 
0 
0 
0 
0 
0 
0 
0 
0 
0 
0 
0 
0 
0 
0 
0 
0 
0 
0 
0 
0 
0 
0 
0 
0 
0 
0 
0 
0 
0 
0 
0 
0 
0 
0 
0 
0 
0 
0 
0 
0 
0 
0 
0 
0 
0 
0 
0 
0 
0 
0 
0 
0 
0 
0 
0 
0 
0 
0 
0 
0 
0 
0 
0 
0 
0 
0 
0 
0 
0 
0 
0 
0 
0 
0 
0 
0 
0 
0 
0 
0 
0 
0 
0 
0 
0 
0 
0 
0 
0 
0 
0 
0 
0 
0 
0 
0 
0 
0 
0 
0 
0 
0 
0 
0 
0 
0 
0 
0 
0 
0 
0 
0 
0 
0 
0 
0 
0 
0 
0 
0 
0 
0 
0 
0 
0 
0 
0 
0 
0 
0 
0 
0 
0 
0 
0 
0 
0 
0 
0 
0 
0 
0 
0 
0 
0 
0 
0 
0 
0 
0 
0 
0 
0 
0 
0 
0 
0 
0 
0 
0 
0 
0 
0 
0 
0 
0 
0 
0 
0 
0 
0 
0 
0 
0 
0 
0 
0 
0 
0 
0 
0 
0 
0 
0 
0 
0 
0 
0 
0 
0 
0 
0 
0 
0 
0 
0 
0 
0 
0 
0 
0 
0 
0 
0 
0 
0 
0 
0 
0 
0 
0 
0 
0 
0 
0 
0 
0 
0 
0 
0 
0 
0 
0 
0 
0 
0 
0 
0 
0 
0 
0 
0 
0 
0 
0 
0 
0 
0 
0 
0 
0 
0 
0 
0 
0 
0 
0 
0 
0 
0 
0 
0 
0 
0 
0 
0 
0 
0 
0 
0 
0 
0 
0 
0 
0 
0 
0 
0 
0 
0 
0 
0 
0 
0 
0 
0 
0 
0 
0 
0 
0 
0 
0 
0 
0 
0 
0 
0 
0 
0 
0 
0 
0 
0 
0 
0 
0 
0 
0 
0 
0 
0 
0 
0 
0 
0 
0 
0 
0 
0 
0 
0 
0 
0 
0 
0 
0 
0 
0 
0 
0 
0 
0 
0 
0 
0 
0 
0 
0 
0 
0 
0 
0 
0 
0 
0 
0 
0 
0 
0 
0 
0 
0 
0 
0 
0 
0 
0 
0 
0 
0 
0 
0 
0 
0 
0 
0 
0 
0 
0 
0 
0 
0 
0 
0 
0 
0 
0 
0 
0 
0 
0 
0 
0 
0 
0 
0 
0 
0 
0 
0 
0 
0 
0 
0 
0 
0 
0 
0 
0 
0 
0 
0 
0 
0 
0 
0 
0 
0 
0 
0 
0 
0 
0 
0 
0 
0 
0 
0 
0 
0 
0 
0 
0 
0 
0 
0 
0 
0 
0 
0 
0 
0 
0 
0 
0 
0 
0 
0 
0 
0 
0 
0 
0 
0 
0 
0 
0 
0 
0 
0 
0 
0 
0 
0 
0 
0 
0 
0 
0 
0 
0 
0 
0 
0 
0 
0 
0 
0 
0 
0 
0 
0 
0 
0 
0 
0 
0 
0 
0 
0 
0 
0 
0 
0 
0 
0 
0 
0 
0 
0 
0 
0 
0 
0 
0 
0 
0 
0 
0 
0 
0 
0 
0 
0 
0 
0 
0 
0 
0 
0 
0 
0 
0 
0 
0 
0 
0 
0 
0 
0 
0 
0 
0 
0 
0 
0 
0 
0 
0 
0 
0 
0 
0 
0 
0 
0 
0 
0 
0 
0 
0 
0 
0 
0 
0 
0 
0 
0 
0 
0 
0 
0 
0 
0 
0 
0 
0 
0 
0 
0 
0 
0 
0 
0 
0 
0 
0 
0 
0 
0 
0 
0 
0 
0 
0 
0 
0 
0 
0 
0 
0 
0 
0 
0 
0 
0 
0 
0 
0 
0 
0 
0 
0 
0 
0 
0 
0 
0 
0 
0 
0 
0 
0 
0 
0 
0 
0 
0 
0 
0 
0 
0 
0 
0 
0 
0 
0 
0 
0 
0 
0 
0 
0 
0 
0 
0 
0 
0 
0 
0 
0 
0 
0 
0 
0 
0 
0 
0 
0 
0 
0 
0 
0 
0 
0 
0 
0 
0 
0 
0 
0 
0 
0 
0 
0 
0 
0 
0 
0 
0 
0 
0 
0 
0 
0 
0 
0 
0 
0 
0 
0 
0 
0 
0 
0 
0 
0 
0 
0 
0 
0 
0 
0 
0 
0 
0 
0 
0 
0 
0 
0 
0 
0 
0 
0 
0 
0 
0 
0 
0 
0 
0 
0 
0 
0 
0 
0 
0 
0 
0 
0 
0 
0 
0 
0 
0 
0 
0 
0 
0 
0 
0 
0 
0 
0 
0 
0 
0 
0 
0 
0 
0 
0 
0 
0 
0 
0 
0 
0 
0 
0 
0 
0 
0 
0 
0 
0 
0 
0 
0 
0 
0 
0 
0 
0 
0 
0 
0 
0 
0 
0 
0 
0 
0 
0 
0 
0 
0 
0 
0 
0 
0 
0 
0 
0 
0 
0 
0 
0 
0 
0 
0 
0 
0 
0 
0 
0 
0 
0 
0 
0 
0 
0 
0 
0 
0 
0 
0 
0 
0 
0 
0 
0 
0 
0 
0 
0 
0 
0 
0 
0 
0 
0 
0 
0 
0 
0 
0 
0 
0 
0 
0 
0 
0 
0 
0 
0 
0 
0 
0 
0 
0 
0 
0 
0 
0 
0 
0 
0 
0 
0 
0 
0 
0 
0 
0 
0 
0 
0 
0 
0 
0 
0 
0 
0 
0 
0 
0 
0 
0 
0 
0 
0 
0 
0 
0 
0 
0 
0 
0 
0 
0 
0 
0 
0 
0 
0 
0 
0 
0 
0 
0 
0 
0 
0 
0 
0 
0 
0 
0 
0 
0 
0 
0 
0 
0 
0 
0 
0 
0 
0 
0 
0 
0 
0 
0 
0 
0 
0 
0 
0 
0 
0 
0 
0 
0 
0 
0 
0 
0 
0 
0 
0 
0 
0 
0 
0 
0 
0 
0 
0 
0 
0 
0 
0 
0 
0 
0 
0 
0 
0 
0 
0 
0 
0 
0 
0 
0 
0 
0 
0 
0 
0 
0 
0 
0 
0 
0 
0 
0 
0 
0 
0 
0 
0 
0 
0 
0 
0 
0 
0 
0 
0 
0 
0 
0 
0 
0 
0 
0 
0 
0 
0 
0 
0 
0 
0 
0 
0 
0 
0 
0 
0 
0 
0 
0 
0 
0 
0 
0 
0 
0 
0 
0 
0 
0 
0 
0 
0 
0 
0 
0 
0 
0 
0 
0 
0 
0 
0 
0 
0 
0 
0 
0 
0 
0 
0 
0 
0 
0 
0 
0 
0 
0 
0 
0 
0 
0 
0 
0 
0 
0 
0 
0 
0 
0 
0 
0 
0 
0 
0 
0 
0 
0 
0 
0 
0 
0 
0 
0 
0 
0 
0 
0 
0 
0 
0 
0 
0 
0 
0 
0 
0 
0 
0 
0 
0 
0 
0 
0 
0 
0 
0 
0 
0 
0 
0 
0 
0 
0 
0 
0 
0 
0 
0 
0 
0 
0 
0 
0 
0 
0 
0 
0 
0 
0 
0 
0 
0 
0 
0 
0 
0 
0 
0 
0 
0 
0 
0 
0 
0 
0 
0 
0 
0 
0 
0 
0 
0 
0 
0 
0 
0 
0 
0 
0 
0 
0 
0 
0 
0 
0 
0 
0 
0 
0 
0 
0 
0 
0 
0 
0 
0 
0 
0 
0 
0 
0 
0 
0 
0 
0 
0 
0 
0 
0 
0 
0 
0 
0 
0 
0 
0 
0 
0 
0 
0 
0 
0 
0 
0 
0 
0 
0 
0 
0 
0 
0 
0 
0 
0 
0 
0 
0 
0 
0 
0 
0 
0 
0 
0 
0 
0 
0 
0 
0 
0 
0 
0 
0 
0 
0 
0 
0 
0 
0 
0 
0 
0 
0 
0 
0 
0 
0 
0 
0 
0 
0 
0 
0 
0 
0 
0 
0 
0 
0 
0 
0 
0 
0 
0 
0 
0 
0 
0 
0 
0 
0 
0 
0 
0 
0 
0 
0 
0 
0 
0 
0 
0 
0 
0 
0 
0 
0 
0 
0 
0 
0 
0 
0 
0 
0 
0 
0 
0 
0 
0 
0 
0 
0 
0 
0 
0 
0 
0 
0 
0 
0 
0 
0 
0 
0 
0 
0 
0 
0 
0 
0 
0 
0 
0 
0 
0 
0 
0 
0 
0 
0 
0 
0 
0 
0 
0 
0 
0 
0 
0 
0 
0 
0 
0 
0 
0 
0 
0 
0 
0 
0 
0 
0 
0 
0 
0 
0 
0 
0 
0 
0 
0 
0 
0 
0 
0 
0 
0 
0 
0 
0 
0 
0 
0 
0 
0 
0 
0 
0 
0 
0 
0 
0 
0 
0 
0 
0 
0 
0 
0 
0 
0 
0 
0 
0 
0 
0 
0 
0 
0 
0 
0 
0 
0 
0 
0 
0 
0 
0 
0 
0 
0 
0 
0 
0 
0 
0 
0 
0 
0 
0 
0 
0 
0 
0 
0 
0 
0 
0 
0 
0 
0 
0 
0 
0 
0 
0 
0 
0 
0 
0 
0 
0 
0 
0 
0 
0 
0 
0 
0 
0 
0 
0 
0 
0 
0 
0 
0 
0 
0 
0 
0 
0 
0 
0 
0 
0 
0 
0 
0 
0 
0 
0 
0 
0 
0 
0 
0 
0 
0 
0 
0 
0 
0 
0 
0 
0 
0 
0 
0 
0 
0 
0 
0 
0 
0 
0 
0 
0 
0 
0 
0 
0 
0 
0 
0 
0 
0 
0 
0 
0 
0 
0 
0 
0 
0 
0 
0 
0 
0 
0 
0 
0 
0 
0 
0 
0 
0 
0 
0 
0 
0 
0 
0 
0 
0 
0 
0 
0 
0 
0 
0 
0 
0 
0 
0 
0 
0 
0 
0 
0 
0 
0 
0 
0 
0 
0 
0 
0 
0 
0 
0 
0 
0 
0 
0 
0 
0 
0 
0 
0 
0 
0 
0 
0 
0 
0 
0 
0 
0 
0 
0 
0 
0 
0 
0 
0 
0 
0 
0 
0 
0 
0 
0 
0 
0 
0 
0 
0 
0 
0 
0 
0 
0 
0 
0 
0 
0 
0 
0 
0 
0 
0 
0 
0 
0 
0 
0 
0 
0 
0 
0 
0 
0 
0 
0 
0 
0 
0 
0 
0 
0 
0 
0 
0 
0 
0 
0 
0 
0 
0 
0 
0 
0 
0 
0 
0 
0 
0 
0 
0 
0 
0 
0 
0 
0 
0 
0 
0 
0 
0 
0 
0 
0 
0 
0 
0 
0 
0 
0 
0 
0 
0 
0 
0 
0 
0 
0 
0 
0 
0 
0 
0 
0 
0 
0 
0 
0 
0 
0 
0 
0 
0 
0 
0 
0 
0 
0 
0 
0 
0 
0 
0 
0 
0 
0 
0 
0 
0 
0 
0 
0 
0 
0 
0 
0 
0 
0 
0 
0 
0 
0 
0 
0 
0 
0 
0 
0 
0 
0 
0 
0 
0 
0 
0 
0 
0 
0 
0 
0 
0 
0 
0 
0 
0 
0 
0 
0 
0 
0 
0 
0 
0 
0 
0 
0 
0 
0 
0 
0 
0 
0 
0 
0 
0 
0 
0 
0 
0 
0 
0 
0 
0 
0 
0 
0 
0 
0 
0 
0 
0 
0 
0 
0 
0 
0 
0 
0 
0 
0 
0 
0 
0 
0 
0 
0 
0 
0 
0 
0 
0 
0 
0 
0 
0 
0 
0 
0 
0 
0 
0 
0 
0 
0 
0 
0 
0 
0 
0 
0 
0 
0 
0 
0 
0 
0 
0 
0 
0 
0 
0 
0 
0 
0 
0 
0 
0 
0 
0 
0 
0 
0 
0 
0 
0 
0 
0 
0 
0 
0 
0 
0 
0 
0 
0 
0 
0 
0 
0 
0 
0 
0 
0 
0 
0 
0 
0 
0 
0 
0 
0 
0 
0 
0 
0 
0 
0 
0 
0 
0 
0 
0 
0 
0 
0 
0 
0 
0 
0 
0 
0 
0 
0 
0 
0 
0 
0 
0 
0 
0 
0 
0 
0 
0 
0 
0 
0 
0 
0 
0 
0 
0 
0 
0 
0 
0 
0 
0 
0 
0 
0 
0 
0 
0 
0 
0 
0 
0 
0 
0 
0 
0 
0 
0 
0 
0 
0 
0 
0 
0 
0 
0 
0 
0 
0 
0 
0 
0 
0 
0 
0 
0 
0 
0 
0 
0 
0 
0 
0 
0 
0 
0 
0 
0 
0 
0 
0 
0 
0 
0 
0 
0 
0 
0 
0 
0 
0 
0 
0 
0 
0 
0 
0 
0 
0 
0 
0 
0 
0 
0 
0 
0 
0 
0 
0 
0 
0 
0 
0 
0 
0 
0 
0 
0 
0 
0 
0 
0 
0 
0 
0 
0 
0 
0 
0 
0 
0 
0 
0 
0 
0 
0 
0 
0 
0 
0 
0 
0 
0 
0 
0 
0 
0 
0 
0 
0 
0 
0 
0 
0 
0 
0 
0 
0 
0 
0 
0 
0 
0 
0 
0 
0 
0 
0 
0 
0 
0 
0 
0 
0 
0 
0 
0 
0 
0 
0 
0 
0 
0 
0 
0 
0 
0 
0 
0 
0 
0 
0 
0 
0 
0 
0 
0 
0 
0 
0 
0 
0 
0 
0 
0 
0 
0 
0 
0 
0 
0 
0 
0 
0 
0 
0 
0 
0 
0 
0 
0 
0 
0 
0 
0 
0 
0 
0 
0 
0 
0 
0 
0 
0 
0 
0 
0 
0 
0 
0 
0 
0 
0 
0 
0 
0 
0 
0 
0 
0 
0 
0 
0 
0 
0 
0 
0 
0 
0 
0 
0 
0 
0 
0 
0 
0 
0 
0 
0 
0 
0 
0 
0 
0 
0 
0 
0 
0 
0 
0 
0 
0 
0 
0 
0 
0 
0 
0 
0 
0 
0 
0 
0 
0 
0 
0 
0 
0 
0 
0 
0 
0 
0 
0 
0 
0 
0 
0 
0 
0 
0 
0 
0 
0 
0 
0 
0 
0 
0 
0 
0 
0 
0 
0 
0 
0 
0 
0 
0 
0 
0 
0 
0 
0 
0 
0 
0 
0 
0 
0 
0 
0 
0 
0 
0 
0 
0 
0 
0 
0 
0 
0 
0 
0 
0 
0 
0 
0 
0 
0 
0 
0 
0 
0 
0 
0 
0 
0 
0 
0 
0 
0 
0 
0 
0 
0 
0 
0 
0 
0 
0 
0 
0 
0 
0 
0 
0 
0 
0 
0 
0 
0 
0 
0 
0 
0 
0 
0 
0 
0 
0 
0 
0 
0 
0 
0 
0 
0 
0 
0 
0 
0 
0 
0 
0 
0 
0 
0 
0 
0 
0 
0 
0 
0 
0 
0 
0 
0 
0 
0 
0 
0 
0 
0 
0 
0 
0 
0 
0 
0 
0 
0 
0 
0 
0 
0 
0 
0 
0 
0 
0 
0 
0 
0 
0 
0 
0 
0 
0 
0 
0 
0 
0 
0 
0 
0 
0 
0 
0 
0 
0 
0 
0 
0 
0 
0 
0 
0 
0 
0 
0 
0 
0 
0 
0 
0 
0 
0 
0 
0 
0 
0 
0 
0 
0 
0 
0 
0 
0 
0 
0 
0 
0 
0 
0 
0 
0 
0 
0 
0 
0 
0 
0 
0 
0 
0 
0 
0 
0 
0 
0 
0 
0 
0 
0 
0 
0 
0 
0 
0 
0 
0 
0 
0 
0 
0 
0 
0 
0 
0 
0 
0 
0 
0 
0 
0 
0 
0 
0 
0 
0 
0 
0 
0 
0 
0 
0 
0 
0 
0 
0 
0 
0 
0 
0 
0 
0 
0 
0 
0 
0 
0 
0 
0 
0 
0 
0 
0 
0 
0 
0 
0 
0 
0 
0 
0 
0 
0 
0 
0 
0 
0 
0 
0 
0 
0 
0 
0 
0 
0 
0 
0 
0 
0 
0 
0 
0 
0 
0 
0 
0 
0 
0 
0 
0 
0 
0 
0 
0 
0 
0 
0 
0 
0 
0 
0 
0 
0 
0 
0 
0 
0 
0 
0 
0 
0 
0 
0 
0 
0 
0 
0 
0 
0 
0 
0 
0 
0 
0 
0 
0 
0 
0 
0 
0 
0 
0 
0 
0 
0 
0 
0 
0 
0 
0 
0 
0 
0 
0 
0 
0 
0 
0 
0 
0 
0 
0 
0 
0 
0 
0 
0 
0 
0 
0 
0 
0 
0 
0 
0 
0 
0 
0 
0 
0 
0 
0 
0 
0 
0 
0 
0 
0 
0 
0 
0 
0 
0 
0 
0 
0 
0 
0 
0 
0 
0 
0 
0 
0 
0 
0 
0 
0 
0 
0 
0 
0 
0 
0 
0 
0 
0 
0 
0 
0 
0 
0 
0 
0 
0 
0 
0 
0 
0 
0 
0 
0 
0 
0 
0 
0 
0 
0 
0 
0 
0 
0 
0 
0 
0 
0 
0 
0 
0 
0 
0 
0 
0 
0 
0 
0 
0 
0 
0 
0 
0 
0 
0 
0 
0 
0 
0 
0 
0 
0 
0 
0 
0 
0 
0 
0 
0 
0 
0 
0 
0 
0 
0 
0 
0 
0 
0 
0 
0 
0 
0 
0 
0 
0 
0 
0 
0 
0 
0 
0 
0 
0 
0 
0 
0 
0 
0 
0 
0 
0 
0 
0 
0 
0 
0 
0 
0 
0 
0 
0 
0 
0 
0 
0 
0 
0 
0 
0 
0 
0 
0 
0 
0 
0 
0 
0 
0 
0 
0 
0 
0 
0 
0 
0 
0 
0 
0 
0 
0 
0 
0 
0 
0 
0 
0 
0 
0 
0 
0 
0 
0 
0 
0 
0 
0 
0 
0 
0 
0 
0 
0 
0 
0 
0 
0 
0 
0 
0 
0 
0 
0 
0 
0 
0 
0 
0 
0 
0 
0 
0 
0 
0 
0 
0 
0 
0 
0 
0 
0 
0 
0 
0 
0 
0 
0 
0 
0 
0 
0 
0 
0 
0 
0 
0 
0 
0 
0 
0 
0 
0 
0 
0 
0 
0 
0 
0 
0 
0 
0 
0 
0 
0 
0 
0 
0 
0 
0 
0 
0 
0 
0 
0 
0 
0 
0 
0 
0 
0 
0 
0 
0 
0 
0 
0 
0 
0 
0 
0 
0 
0 
0 
0 
0 
0 
0 
0 
0 
0 
0 
0 
0 
0 
0 
0 
0 
0 
0 
0 
0 
0 
0 
0 
0 
0 
0 
0 
0 
0 
0 
0 
0 
0 
0 
0 
0 
0 
0 
0 
0 
0 
0 
0 
0 
0 
0 
0 
0 
0 
0 
0 
0 
0 
0 
0 
0 
0 
0 
0 
0 
0 
0 
0 
0 
0 
0 
0 
0 
0 
0 
0 
0 
0 
0 
0 
0 
0 
0 
0 
0 
0 
0 
0 
0 
0 
0 
0 
0 
0 
0 
0 
0 
0 
0 
0 
0 
0 
0 
0 
0 
0 
0 
0 
0 
0 
0 
0 
0 
0 
0 
0 
0 
0 
0 
0 
0 
0 
0 
0 
0 
0 
0 
0 
0 
0 
0 
0 
0 
0 
0 
0 
0 
0 
0 
0 
0 
0 
0 
0 
0 
0 
0 
0 
0 
0 
0 
0 
0 
0 
0 
0 
0 
0 
0 
0 
0 
0 
0 
0 
0 
0 
0 
0 
0 
0 
0 
0 
0 
0 
0 
0 
0 
0 
0 
0 
0 
0 
0 
0 
0 
0 
0 
0 
0 
0 
0 
0 
0 
0 
0 
0 
0 
0 
0 
0 
0 
0 
0 
0 
0 
0 
0 
0 
0 
0 
0 
0 
0 
0 
0 
0 
0 
0 
0 
0 
0 
0 
0 
0 
0 
0 
0 
0 
0 
0 
0 
0 
0 
0 
0 
0 
0 
0 
0 
0 
0 
0 
0 
0 
0 
0 
0 
0 
0 
0 
0 
0 
0 
0 
0 
0 
0 
0 
0 
0 
0 
0 
0 
0 
0 
0 
0 
0 
0 
0 
0 
0 
0 
0 
0 
0 
0 
0 
0 
0 
0 
0 
0 
0 
0 
0 
0 
0 
0 
0 
0 
0 
0 
0 
0 
0 
0 
0 
0 
0 
0 
0 
0 
0 
0 
0 
0 
0 
0 
0 
0 
0 
0 
0 
0 
0 
0 
0 
0 
0 
0 
0 
0 
0 
0 
0 
0 
0 
0 
0 
0 
0 
0 
0 
0 
0 
0 
0 
0 
0 
0 
0 
0 
0 
0 
0 
0 
0 
0 
0 
0 
0 
0 
0 
0 
0 
0 
0 
0 
0 
0 
0 
0 
0 
0 
0 
0 
0 
0 
0 
0 
0 
0 
0 
0 
0 
0 
0 
0 
0 
0 
0 
0 
0 
0 
0 
0 
0 
0 
0 
0 
0 
0 
0 
0 
0 
0 
0 
0 
0 
0 
0 
0 
0 
0 
0 
0 
0 
0 
0 
0 
0 
0 
0 
0 
0 
0 
0 
0 
0 
0 
0 
0 
0 
0 
0 
0 
0 
0 
0 
0 
0 
0 
0 
0 
0 
0 
0 
0 
0 
0 
0 
0 
0 
0 
0 
0 
0 
0 
0 
0 
0 
0 
0 
0 
0 
0 
0 
0 
0 
0 
0 
0 
0 
0 
0 
0 
0 
0 
0 
0 
0 
0 
0 
0 
0 
0 
0 
0 
0 
0 
0 
0 
0 
0 
0 
0 
0 
0 
0 
0 
0 
0 
0 
0 
0 
0 
0 
0 
0 
0 
0 
0 
0 
0 
0 
0 
0 
0 
0 
0 
0 
0 
0 
0 
0 
0 
0 
0 
0 
0 
0 
0 
0 
0 
0 
0 
0 
0 
0 
0 
0 
0 
0 
0 
0 
0 
0 
0 
0 
0 
0 
0 
0 
0 
0 
0 
0 
0 
0 
0 
0 
0 
0 
0 
0 
0 
0 
0 
0 
0 
0 
0 
0 
0 
0 
0 
0 
0 
0 
0 
0 
0 
0 
0 
0 
0 
0 
0 
0 
0 
0 
0 
0 
0 
0 
0 
0 
0 
0 
0 
0 
0 
0 
0 
0 
0 
0 
0 
0 
0 
0 
0 
0 
0 
0 
0 
0 
0 
0 
0 
0 
0 
0 
0 
0 
0 
0 
0 
0 
0 
0 
0 
0 
0 
0 
0 
0 
0 
0 
0 
0 
0 
0 
0 
0 
0 
0 
0 
0 
0 
0 
0 
0 
0 
0 
0 
0 
0 
0 
0 
0 
0 
0 
0 
0 
0 
0 
0 
0 
0 
0 
0 
0 
0 
0 
0 
0 
0 
0 
0 
0 
0 
0 
0 
0 
0 
0 
0 
0 
0 
0 
0 
0 
0 
0 
0 
0 
0 
0 
0 
0 
0 
0 
0 
0 
0 
0 
0 
0 
0 
0 
0 
0 
0 
0 
0 
0 
0 
0 
0 
0 
0 
0 
0 
0 
0 
0 
0 
0 
0 
0 
0 
0 
0 
0 
0 
0 
0 
0 
0 
0 
0 
0 
0 
0 
0 
0 
0 
0 
0 
0 
0 
0 
0 
0 
0 
0 
0 
0 
0 
0 
0 
0 
0 
0 
0 
0 
0 
0 
0 
0 
0 
0 
0 
0 
0 
0 
0 
0 
0 
0 
0 
0 
0 
0 
0 
0 
0 
0 
0 
0 
0 
0 
0 
0 
0 
0 
0 
0 
0 
0 
0 
0 
0 
0 
0 
0 
0 
0 
0 
0 
0 
0 
0 
0 
0 
0 
0 
0 
0 
0 
0 
0 
0 
0 
0 
0 
0 
0 
0 
0 
0 
0 
0 
0 
0 
0 
0 
0 
0 
0 
0 
0 
0 
0 
0 
0 
0 
0 
0 
0 
0 
0 
0 
0 
0 
0 
0 
0 
0 
0 
0 
0 
0 
0 
0 
0 
0 
0 
0 
0 
0 
0 
0 
0 
0 
0 
0 
0 
0 
0 
0 
0 
0 
0 
0 
0 
0 
0 
0 
0 
0 
0 
0 
0 
0 
0 
0 
0 
0 
0 
0 
0 
0 
0 
0 
0 
0 
0 
0 
0 
0 
0 
0 
0 
0 
0 
0 
0 
0 
0 
0 
0 
0 
0 
0 
0 
0 
0 
0 
0 
0 
0 
0 
0 
0 
0 
0 
0 
0 
0 
0 
0 
0 
0 
0 
0 
0 
0 
0 
0 
0 
0 
0 
0 
0 
0 
0 
0 
0 
0 
0 
0 
0 
0 
0 
0 
0 
0 
0 
0 
0 
0 
0 
0 
0 
0 
0 
0 
0 
0 
0 
0 
0 
0 
0 
0 
0 
0 
0 
0 
0 
0 
0 
0 
0 
0 
0 
0 
0 
0 
0 
0 
0 
0 
0 
0 
0 
0 
0 
0 
0 
0 
0 
0 
0 
0 
0 
0 
0 
0 
0 
0 
0 
0 
0 
0 
0 
0 
0 
0 
0 
0 
0 
0 
0 
0 
0 
0 
0 
0 
0 
0 
0 
0 
0 
0 
0 
0 
0 
0 
0 
0 
0 
0 
0 
0 
0 
0 
0 
0 
0 
0 
0 
0 
0 
0 
0 
0 
0 
0 
0 
0 
0 
0 
0 
0 
0 
0 
0 
0 
0 
0 
0 
0 
0 
0 
0 
0 
0 
0 
0 
0 
0 
0 
0 
0 
0 
0 
0 
0 
0 
0 
0 
0 
0 
0 
0 
0 
0 
0 
0 
0 
0 
0 
0 
0 
0 
0 
0 
0 
0 
0 
0 
0 
0 
0 
0 
0 
0 
0 
0 
0 
0 
0 
0 
0 
0 
0 
0 
0 
0 
0 
0 
0 
0 
0 
0 
0 
0 
0 
0 
0 
0 
0 
0 
0 
0 
0 
0 
0 
0 
0 
0 
0 
0 
0 
0 
0 
0 
0 
0 
0 
0 
0 
0 
0 
0 
0 
0 
0 
0 
0 
0 
0 
0 
0 
0 
0 
0 
0 
0 
0 
0 
0 
0 
0 
0 
0 
0 
0 
0 
0 
0 
0 
0 
0 
0 
0 
0 
0 
0 
0 
0 
0 
0 
0 
0 
0 
0 
0 
0 
0 
0 
0 
0 
0 
0 
0 
0 
0 
0 
0 
0 
0 
0 
0 
0 
0 
0 
0 
0 
0 
0 
0 
0 
0 
0 
0 
0 
0 
0 
0 
0 
0 
0 
0 
0 
0 
0 
0 
0 
0 
0 
0 
0 
0 
0 
0 
0 
0 
0 
0 
0 
0 
0 
0 
0 
0 
0 
0 
0 
0 
0 
0 
0 
0 
0 
0 
0 
0 
0 
0 
0 
0 
0 
0 
0 
0 
0 
0 
0 
0 
0 
0 
0 
0 
0 
0 
0 
0 
0 
0 
0 
0 
0 
0 
0 
0 
0 
0 
0 
0 
0 
0 
0 
0 
0 
0 
0 
0 
0 
0 
0 
0 
0 
0 
0 
0 
0 
0 
0 
0 
0 
0 
0 
0 
0 
0 
0 
0 
0 
0 
0 
0 
0 
0 
0 
0 
0 
0 
0 
0 
0 
0 
0 
0 
0 
0 
0 
0 
0 
0 
0 
0 
0 
0 
0 
0 
0 
0 
0 
0 
0 
0 
0 
0 
0 
0 
0 
0 
0 
0 
0 
0 
0 
0 
0 
0 
0 
0 
0 
0 
0 
