2.403282e+10 
2.403282e+10 
2.403282e+10 
2.403282e+10 
2.205171e+10 
2.205171e+10 
1.895463e+10 
1.895463e+10 
1.692951e+10 
1.595706e+10 
1.595706e+10 
1.595706e+10 
1.534218e+10 
1.029009e+10 
1.029009e+10 
1.029009e+10 
1.029009e+10 
5.524616e+09 
5.524616e+09 
5.524616e+09 
5.524616e+09 
5.524616e+09 
5.524616e+09 
5.524616e+09 
5.524616e+09 
5.524616e+09 
5.524616e+09 
5.524616e+09 
5.524616e+09 
5.524616e+09 
5.524616e+09 
5.524616e+09 
5.524616e+09 
5.524616e+09 
5.524616e+09 
5.524616e+09 
5.524616e+09 
5.524616e+09 
5.524616e+09 
5.524616e+09 
5.524616e+09 
4.890329e+09 
4.890329e+09 
4.890329e+09 
4.890329e+09 
4.890329e+09 
4.890329e+09 
4.890329e+09 
4.890329e+09 
4.890329e+09 
4.890329e+09 
4.115137e+09 
4.115137e+09 
4.115137e+09 
4.115137e+09 
4.115137e+09 
4.115137e+09 
4.114607e+09 
3.842914e+09 
3.842914e+09 
3.842914e+09 
3.842914e+09 
3.842914e+09 
3.842914e+09 
3.842914e+09 
3.842914e+09 
3.842914e+09 
3.842914e+09 
3.842914e+09 
3.842914e+09 
3.842914e+09 
3.842914e+09 
3.842914e+09 
3.842914e+09 
3.611346e+09 
3.611346e+09 
3.611346e+09 
2.828287e+09 
2.828287e+09 
2.828287e+09 
2.828287e+09 
2.828287e+09 
2.828287e+09 
2.828287e+09 
2.828287e+09 
2.828287e+09 
2.828287e+09 
2.828287e+09 
2.828287e+09 
2.828287e+09 
2.828287e+09 
2.828287e+09 
2.828287e+09 
2.828287e+09 
2.828287e+09 
2.828287e+09 
2.828287e+09 
2.828287e+09 
2.628533e+09 
2.628533e+09 
2.628533e+09 
2.628533e+09 
2.417573e+09 
2.417573e+09 
2.417573e+09 
2.417573e+09 
2.417573e+09 
2.417573e+09 
2.417573e+09 
2.417573e+09 
2.383001e+09 
2.383001e+09 
2.383001e+09 
2.383001e+09 
2.383001e+09 
2.383001e+09 
2.383001e+09 
2.383001e+09 
2.383001e+09 
2.383001e+09 
2.383001e+09 
2.383001e+09 
2.383001e+09 
2.383001e+09 
2.383001e+09 
2.383001e+09 
2.383001e+09 
2.383001e+09 
2.383001e+09 
2.383001e+09 
2.383001e+09 
2.383001e+09 
2.383001e+09 
2.383001e+09 
2.383001e+09 
2.383001e+09 
2.383001e+09 
2.383001e+09 
2.383001e+09 
2.383001e+09 
2.383001e+09 
2.383001e+09 
2.383001e+09 
2.328513e+09 
2.328513e+09 
2.328513e+09 
2.328513e+09 
2.328513e+09 
2.328513e+09 
2.328513e+09 
2.328513e+09 
2.328513e+09 
2.328513e+09 
2.328513e+09 
2.328513e+09 
2.328513e+09 
2.328513e+09 
2.328513e+09 
2.328513e+09 
2.328513e+09 
2.328513e+09 
2.328513e+09 
2.328513e+09 
2.328513e+09 
2.328513e+09 
2.328513e+09 
2.328513e+09 
2.328513e+09 
2.328513e+09 
2.328513e+09 
2.328513e+09 
2.328513e+09 
2.328513e+09 
2.328513e+09 
2.328513e+09 
2.272764e+09 
2.272764e+09 
2.272764e+09 
2.272764e+09 
2.272764e+09 
2.272764e+09 
2.272764e+09 
2.272764e+09 
2.272764e+09 
2.272764e+09 
2.272764e+09 
2.272764e+09 
2.272764e+09 
2.272764e+09 
2.272764e+09 
1.368514e+09 
1.368514e+09 
1.368514e+09 
1.368514e+09 
1.368514e+09 
1.368514e+09 
1.368514e+09 
1.368514e+09 
1.368514e+09 
1.368514e+09 
1.368514e+09 
1.368514e+09 
1.368514e+09 
1.368514e+09 
1.368514e+09 
1.368514e+09 
1.368514e+09 
1.368514e+09 
1.368514e+09 
1.368514e+09 
1.368514e+09 
1.368514e+09 
1.368514e+09 
1.368514e+09 
1.368514e+09 
1.368514e+09 
1.368514e+09 
1.368514e+09 
1.368514e+09 
1.368514e+09 
1.368514e+09 
1.368514e+09 
1.368514e+09 
1.368514e+09 
1.187261e+09 
1.187261e+09 
1.187261e+09 
1.187261e+09 
1.187261e+09 
1.187261e+09 
1.187261e+09 
1.187261e+09 
1.187261e+09 
1.187261e+09 
1.187261e+09 
1.187261e+09 
1.187261e+09 
1.187261e+09 
1.187261e+09 
1.187261e+09 
1.187261e+09 
1.187261e+09 
1.187261e+09 
1.187261e+09 
1.187261e+09 
1.187261e+09 
1.187261e+09 
1.187261e+09 
1.187261e+09 
1.187261e+09 
1.187261e+09 
1.187261e+09 
1.187261e+09 
1.187261e+09 
1.187261e+09 
1.187261e+09 
1.187261e+09 
1.187261e+09 
1.187261e+09 
1.187261e+09 
1.187261e+09 
1.187261e+09 
1.187261e+09 
1.187261e+09 
1.187261e+09 
1.187261e+09 
1.187261e+09 
1.187261e+09 
1.187261e+09 
1.187261e+09 
1.187261e+09 
1.187261e+09 
1.187261e+09 
1.187261e+09 
1.187261e+09 
1.187261e+09 
1.187261e+09 
1.187261e+09 
1.187261e+09 
1.187261e+09 
1.187261e+09 
1.187261e+09 
1.187261e+09 
1.187261e+09 
1.187261e+09 
9.556185e+08 
9.556185e+08 
9.556185e+08 
9.556185e+08 
9.556185e+08 
9.556185e+08 
9.556185e+08 
9.556185e+08 
9.556185e+08 
9.556185e+08 
9.556185e+08 
9.556185e+08 
9.556185e+08 
9.556185e+08 
9.556185e+08 
9.556185e+08 
9.556185e+08 
9.556185e+08 
9.556185e+08 
9.556185e+08 
9.556185e+08 
9.556185e+08 
9.556185e+08 
9.556185e+08 
9.556185e+08 
9.556185e+08 
9.556185e+08 
9.556185e+08 
9.556185e+08 
9.556185e+08 
9.556185e+08 
9.556185e+08 
9.556185e+08 
9.556185e+08 
9.556185e+08 
9.556185e+08 
9.556185e+08 
9.556185e+08 
9.556185e+08 
9.556185e+08 
9.556185e+08 
9.556185e+08 
7.010244e+08 
7.010244e+08 
7.010244e+08 
7.010244e+08 
7.010244e+08 
7.010244e+08 
7.010244e+08 
7.010244e+08 
7.010244e+08 
7.010244e+08 
7.010244e+08 
7.010244e+08 
7.010244e+08 
7.010244e+08 
7.010244e+08 
7.010244e+08 
7.010244e+08 
7.010244e+08 
7.010244e+08 
7.010244e+08 
7.010244e+08 
7.010244e+08 
7.010244e+08 
7.010244e+08 
7.010244e+08 
7.010244e+08 
7.010244e+08 
7.010244e+08 
7.010244e+08 
7.010244e+08 
7.010244e+08 
7.010244e+08 
7.010244e+08 
7.010244e+08 
7.010244e+08 
7.010244e+08 
7.010244e+08 
7.010244e+08 
7.010244e+08 
7.010244e+08 
7.010244e+08 
7.010244e+08 
7.010244e+08 
7.010244e+08 
7.010244e+08 
7.010244e+08 
7.010244e+08 
5.694739e+08 
5.694739e+08 
5.694739e+08 
5.694739e+08 
5.694739e+08 
5.694739e+08 
5.694739e+08 
5.694739e+08 
5.694739e+08 
5.694739e+08 
5.694739e+08 
5.694739e+08 
5.694739e+08 
5.694739e+08 
5.694739e+08 
5.694739e+08 
5.694739e+08 
5.694739e+08 
5.694739e+08 
5.694739e+08 
5.694739e+08 
5.694739e+08 
5.694739e+08 
5.694739e+08 
5.694739e+08 
5.694739e+08 
5.694739e+08 
5.694739e+08 
5.694739e+08 
5.694739e+08 
5.694739e+08 
5.694739e+08 
5.694739e+08 
5.694739e+08 
5.694739e+08 
5.694739e+08 
5.694739e+08 
5.694739e+08 
5.694739e+08 
5.694739e+08 
5.694739e+08 
5.694739e+08 
5.694739e+08 
5.694739e+08 
5.694739e+08 
5.694739e+08 
5.694739e+08 
5.694739e+08 
5.694739e+08 
5.694739e+08 
5.694739e+08 
5.694739e+08 
5.694739e+08 
5.694739e+08 
5.694739e+08 
5.694739e+08 
5.694739e+08 
5.694739e+08 
5.694739e+08 
5.694739e+08 
5.694739e+08 
5.694739e+08 
5.694739e+08 
5.694739e+08 
5.585500e+08 
5.585500e+08 
5.585500e+08 
5.585500e+08 
5.585500e+08 
5.585500e+08 
5.585500e+08 
5.585500e+08 
5.585500e+08 
5.585500e+08 
5.585500e+08 
5.585500e+08 
5.585500e+08 
5.585500e+08 
5.585500e+08 
5.585500e+08 
5.585500e+08 
5.585500e+08 
5.585500e+08 
5.585500e+08 
5.585500e+08 
5.585500e+08 
5.585500e+08 
5.585500e+08 
5.585500e+08 
5.585500e+08 
5.585500e+08 
5.585500e+08 
5.585500e+08 
5.585500e+08 
5.585500e+08 
5.585500e+08 
5.585500e+08 
5.585500e+08 
5.585500e+08 
5.585500e+08 
5.585500e+08 
5.585500e+08 
5.585500e+08 
5.585500e+08 
5.585500e+08 
5.585500e+08 
5.585500e+08 
5.585500e+08 
5.585500e+08 
5.585500e+08 
5.585500e+08 
5.585500e+08 
5.585500e+08 
4.450705e+08 
4.450705e+08 
4.450705e+08 
4.450705e+08 
4.450705e+08 
4.450705e+08 
4.450705e+08 
4.450705e+08 
4.450705e+08 
4.450705e+08 
4.450705e+08 
4.450705e+08 
4.450705e+08 
4.450705e+08 
4.450705e+08 
4.450705e+08 
4.450705e+08 
4.450705e+08 
4.450705e+08 
4.450705e+08 
4.450705e+08 
4.450705e+08 
4.450705e+08 
4.450705e+08 
4.450705e+08 
4.450705e+08 
4.450705e+08 
4.450705e+08 
4.450705e+08 
4.450705e+08 
4.450705e+08 
4.450705e+08 
4.450705e+08 
4.450705e+08 
4.450705e+08 
4.450705e+08 
4.450705e+08 
3.813037e+08 
3.813037e+08 
3.813037e+08 
3.813037e+08 
3.813037e+08 
3.813037e+08 
3.813037e+08 
3.813037e+08 
3.813037e+08 
3.813037e+08 
3.813037e+08 
3.813037e+08 
3.813037e+08 
3.813037e+08 
3.813037e+08 
3.813037e+08 
3.813037e+08 
3.813037e+08 
3.813037e+08 
3.813037e+08 
3.813037e+08 
3.813037e+08 
3.813037e+08 
3.813037e+08 
3.813037e+08 
3.813037e+08 
3.813037e+08 
3.813037e+08 
3.813037e+08 
3.813037e+08 
3.813037e+08 
3.813037e+08 
3.813037e+08 
3.813037e+08 
3.813037e+08 
3.813037e+08 
3.813037e+08 
3.813037e+08 
3.813037e+08 
3.813037e+08 
3.813037e+08 
3.813037e+08 
3.813037e+08 
3.813037e+08 
3.813037e+08 
3.813037e+08 
3.813037e+08 
3.813037e+08 
3.813037e+08 
3.813037e+08 
3.813037e+08 
3.813037e+08 
3.813037e+08 
3.813037e+08 
3.813037e+08 
3.813037e+08 
3.804111e+08 
3.804111e+08 
3.804111e+08 
3.804111e+08 
3.804111e+08 
3.804111e+08 
3.804111e+08 
3.804111e+08 
3.804111e+08 
3.804111e+08 
3.804111e+08 
3.804111e+08 
3.804111e+08 
3.804111e+08 
3.804111e+08 
3.804111e+08 
3.804111e+08 
3.804111e+08 
3.804111e+08 
3.804111e+08 
3.804111e+08 
3.804111e+08 
3.804111e+08 
3.804111e+08 
3.804111e+08 
3.804111e+08 
3.804111e+08 
3.804111e+08 
3.804111e+08 
3.804111e+08 
3.804111e+08 
3.804111e+08 
3.804111e+08 
3.804111e+08 
3.804111e+08 
3.804111e+08 
3.804111e+08 
3.804111e+08 
3.416115e+08 
2.665969e+08 
2.665969e+08 
2.665969e+08 
2.665969e+08 
2.665969e+08 
2.665969e+08 
2.636768e+08 
2.636768e+08 
2.636768e+08 
2.636768e+08 
2.636768e+08 
2.636768e+08 
2.636768e+08 
2.636768e+08 
2.636768e+08 
2.636768e+08 
2.636768e+08 
2.636768e+08 
2.636768e+08 
2.636768e+08 
2.636768e+08 
2.636768e+08 
2.636768e+08 
2.636768e+08 
2.636768e+08 
2.636768e+08 
2.636768e+08 
2.636768e+08 
2.636768e+08 
2.636768e+08 
2.636768e+08 
2.636768e+08 
2.636768e+08 
2.636768e+08 
2.636768e+08 
2.636768e+08 
2.636768e+08 
2.636768e+08 
2.636768e+08 
2.636768e+08 
2.636768e+08 
2.636768e+08 
2.636768e+08 
2.636768e+08 
2.636768e+08 
2.407217e+08 
2.407217e+08 
2.407217e+08 
2.407217e+08 
2.407217e+08 
2.407217e+08 
2.407217e+08 
2.407217e+08 
2.407217e+08 
2.383431e+08 
2.383431e+08 
2.383431e+08 
2.383431e+08 
2.383431e+08 
2.383431e+08 
2.383431e+08 
2.383431e+08 
2.383431e+08 
2.383431e+08 
2.383431e+08 
2.383431e+08 
2.383431e+08 
2.383431e+08 
2.383431e+08 
2.383431e+08 
2.383431e+08 
2.383431e+08 
2.383431e+08 
2.383431e+08 
2.383431e+08 
2.383431e+08 
2.383431e+08 
2.383431e+08 
2.383431e+08 
2.383431e+08 
2.383431e+08 
2.383431e+08 
2.383431e+08 
2.383431e+08 
2.383431e+08 
2.383431e+08 
2.383431e+08 
2.383431e+08 
2.383431e+08 
2.383431e+08 
2.383431e+08 
2.383431e+08 
2.383431e+08 
2.383431e+08 
2.383431e+08 
2.383431e+08 
2.383431e+08 
2.383431e+08 
2.383431e+08 
2.383431e+08 
2.383431e+08 
2.383431e+08 
2.383431e+08 
2.383431e+08 
2.383431e+08 
2.068131e+08 
2.068131e+08 
2.068131e+08 
2.068131e+08 
2.068131e+08 
2.068131e+08 
2.068131e+08 
2.068131e+08 
2.068131e+08 
2.068131e+08 
2.068131e+08 
2.068131e+08 
2.068131e+08 
2.068131e+08 
2.068131e+08 
2.068131e+08 
2.068131e+08 
2.068131e+08 
2.068131e+08 
2.068131e+08 
2.068131e+08 
2.068131e+08 
2.068131e+08 
2.068131e+08 
2.068131e+08 
2.068131e+08 
2.068131e+08 
2.068131e+08 
2.068131e+08 
2.068131e+08 
2.068131e+08 
2.068131e+08 
2.068131e+08 
2.068131e+08 
2.068131e+08 
2.068131e+08 
2.068131e+08 
2.068131e+08 
2.068131e+08 
2.068131e+08 
2.068131e+08 
2.068131e+08 
2.068131e+08 
2.068131e+08 
2.068131e+08 
2.068131e+08 
2.068131e+08 
2.068131e+08 
2.068131e+08 
2.068131e+08 
2.068131e+08 
2.068131e+08 
2.068131e+08 
2.068131e+08 
2.068131e+08 
2.068131e+08 
2.068131e+08 
1.691084e+08 
1.691084e+08 
1.691084e+08 
1.691084e+08 
1.691084e+08 
1.691084e+08 
1.691084e+08 
1.691084e+08 
1.691084e+08 
1.691084e+08 
1.691084e+08 
1.691084e+08 
1.691084e+08 
1.691084e+08 
1.691084e+08 
1.691084e+08 
1.691084e+08 
1.691084e+08 
1.691084e+08 
1.691084e+08 
1.691084e+08 
1.691084e+08 
1.691084e+08 
1.691084e+08 
1.691084e+08 
1.691084e+08 
1.691084e+08 
1.691084e+08 
1.691084e+08 
1.691084e+08 
1.691084e+08 
1.497929e+08 
1.497929e+08 
1.497929e+08 
1.497929e+08 
1.497929e+08 
1.497929e+08 
1.497929e+08 
1.497929e+08 
1.497929e+08 
1.497929e+08 
1.497929e+08 
1.497929e+08 
1.497929e+08 
1.497929e+08 
1.222543e+08 
1.222543e+08 
1.222543e+08 
1.222543e+08 
1.222543e+08 
1.214652e+08 
1.214652e+08 
1.214652e+08 
1.214652e+08 
1.214652e+08 
1.214652e+08 
1.214652e+08 
1.214652e+08 
1.214652e+08 
1.214652e+08 
1.214652e+08 
1.214652e+08 
1.214652e+08 
1.214652e+08 
1.214652e+08 
1.214652e+08 
1.214652e+08 
1.214652e+08 
1.214652e+08 
1.214652e+08 
1.214652e+08 
1.214652e+08 
1.214652e+08 
1.214652e+08 
1.214652e+08 
1.214652e+08 
1.214652e+08 
1.214652e+08 
1.214652e+08 
1.214652e+08 
1.214652e+08 
1.214652e+08 
1.214652e+08 
1.214652e+08 
1.214652e+08 
1.214652e+08 
1.214652e+08 
1.214652e+08 
1.214652e+08 
1.214652e+08 
1.214652e+08 
1.214652e+08 
1.214652e+08 
1.214652e+08 
1.214652e+08 
1.109645e+08 
1.109645e+08 
1.109645e+08 
1.109645e+08 
1.109645e+08 
1.109645e+08 
1.109645e+08 
1.109645e+08 
1.109645e+08 
1.109645e+08 
1.109645e+08 
1.109645e+08 
1.109645e+08 
1.109645e+08 
1.109645e+08 
1.109645e+08 
1.109645e+08 
1.109645e+08 
1.109645e+08 
1.109645e+08 
1.109645e+08 
1.109645e+08 
1.109645e+08 
1.109645e+08 
1.109645e+08 
1.109645e+08 
1.109645e+08 
1.109645e+08 
1.109645e+08 
1.109645e+08 
1.109645e+08 
1.109645e+08 
1.109645e+08 
1.109645e+08 
1.109645e+08 
1.109645e+08 
1.109645e+08 
1.108226e+08 
1.108226e+08 
1.108226e+08 
1.108226e+08 
1.108226e+08 
1.108226e+08 
1.108226e+08 
1.108226e+08 
1.108226e+08 
1.108226e+08 
1.108226e+08 
1.108226e+08 
1.108226e+08 
1.108226e+08 
1.108226e+08 
1.108226e+08 
1.108226e+08 
1.108226e+08 
1.108226e+08 
1.108226e+08 
1.108226e+08 
1.108226e+08 
1.108226e+08 
1.108226e+08 
1.108226e+08 
1.108226e+08 
1.108226e+08 
1.108226e+08 
1.108226e+08 
1.108226e+08 
1.108226e+08 
1.108226e+08 
1.108226e+08 
1.108226e+08 
1.108226e+08 
1.108226e+08 
1.108226e+08 
1.108226e+08 
1.107165e+08 
1.107165e+08 
1.107165e+08 
1.107165e+08 
1.107165e+08 
1.107165e+08 
1.107165e+08 
1.107165e+08 
1.107165e+08 
1.107165e+08 
1.107165e+08 
1.107165e+08 
1.107165e+08 
1.107165e+08 
1.107165e+08 
1.107165e+08 
1.107165e+08 
1.107165e+08 
1.107165e+08 
1.107165e+08 
1.107165e+08 
1.107165e+08 
1.107165e+08 
1.107165e+08 
1.107165e+08 
1.107165e+08 
1.021166e+08 
1.021166e+08 
1.021166e+08 
1.021166e+08 
1.021166e+08 
1.021166e+08 
1.021166e+08 
1.021166e+08 
1.021166e+08 
9.055700e+07 
9.055700e+07 
9.055700e+07 
9.055700e+07 
9.055700e+07 
9.055700e+07 
9.055700e+07 
9.055700e+07 
9.055700e+07 
9.055700e+07 
9.055700e+07 
9.055700e+07 
9.055700e+07 
9.055700e+07 
9.055700e+07 
9.055700e+07 
9.055700e+07 
9.055700e+07 
9.055700e+07 
9.055700e+07 
9.055700e+07 
9.055700e+07 
9.055700e+07 
9.055700e+07 
9.055700e+07 
9.055700e+07 
9.055700e+07 
9.055700e+07 
9.055700e+07 
9.055700e+07 
9.055700e+07 
9.055700e+07 
9.055700e+07 
9.055700e+07 
9.055700e+07 
9.055700e+07 
8.759926e+07 
8.759926e+07 
8.759926e+07 
8.759926e+07 
8.759926e+07 
8.759926e+07 
8.759926e+07 
8.759926e+07 
8.759926e+07 
8.759926e+07 
8.759926e+07 
8.759926e+07 
8.759926e+07 
8.759926e+07 
8.759926e+07 
8.759926e+07 
8.759926e+07 
8.759926e+07 
8.759926e+07 
8.759926e+07 
8.759926e+07 
8.759926e+07 
8.759926e+07 
8.759926e+07 
8.759926e+07 
8.716808e+07 
8.716808e+07 
5.926048e+07 
5.926048e+07 
5.926048e+07 
5.926048e+07 
5.926048e+07 
5.926048e+07 
5.926048e+07 
5.926048e+07 
5.926048e+07 
5.926048e+07 
5.926048e+07 
5.926048e+07 
5.926048e+07 
5.926048e+07 
5.926048e+07 
5.926048e+07 
5.926048e+07 
5.926048e+07 
5.926048e+07 
5.926048e+07 
5.926048e+07 
5.926048e+07 
5.926048e+07 
5.926048e+07 
5.926048e+07 
5.926048e+07 
5.926048e+07 
5.926048e+07 
5.926048e+07 
5.926048e+07 
5.926048e+07 
5.926048e+07 
5.926048e+07 
5.749583e+07 
5.749583e+07 
5.749583e+07 
5.749583e+07 
5.749583e+07 
5.749583e+07 
5.749583e+07 
5.749583e+07 
5.749583e+07 
5.749583e+07 
5.749583e+07 
5.749583e+07 
5.749583e+07 
5.749583e+07 
5.749583e+07 
5.749583e+07 
5.749583e+07 
5.749583e+07 
5.749583e+07 
4.512002e+07 
4.512002e+07 
4.512002e+07 
4.512002e+07 
4.512002e+07 
4.512002e+07 
4.512002e+07 
4.512002e+07 
4.512002e+07 
4.512002e+07 
4.512002e+07 
4.512002e+07 
4.512002e+07 
4.512002e+07 
4.512002e+07 
4.512002e+07 
4.512002e+07 
4.512002e+07 
4.512002e+07 
4.356953e+07 
4.356953e+07 
4.356953e+07 
4.356953e+07 
4.356953e+07 
4.356953e+07 
4.356953e+07 
4.356953e+07 
4.356953e+07 
4.356953e+07 
4.356953e+07 
4.356953e+07 
4.356953e+07 
4.356953e+07 
4.356953e+07 
4.356953e+07 
4.356953e+07 
4.356953e+07 
4.356953e+07 
4.356953e+07 
4.356953e+07 
4.356953e+07 
4.356953e+07 
4.356953e+07 
4.356953e+07 
4.356953e+07 
4.356953e+07 
4.356953e+07 
3.609037e+07 
3.609037e+07 
3.609037e+07 
3.609037e+07 
3.609037e+07 
3.609037e+07 
3.609037e+07 
3.609037e+07 
3.609037e+07 
3.609037e+07 
3.609037e+07 
3.609037e+07 
3.609037e+07 
3.609037e+07 
3.609037e+07 
3.609037e+07 
3.544453e+07 
3.544453e+07 
3.544453e+07 
3.544453e+07 
3.544453e+07 
3.544453e+07 
3.544453e+07 
3.544453e+07 
3.544453e+07 
3.233415e+07 
3.233415e+07 
3.233415e+07 
3.233415e+07 
3.233415e+07 
3.233415e+07 
3.233415e+07 
3.233415e+07 
3.233415e+07 
3.233415e+07 
3.233415e+07 
3.233415e+07 
3.233415e+07 
3.233415e+07 
3.233415e+07 
3.233415e+07 
3.233415e+07 
3.233415e+07 
3.233415e+07 
3.233415e+07 
2.321407e+07 
2.321407e+07 
2.321407e+07 
2.321407e+07 
2.321407e+07 
2.321407e+07 
2.321407e+07 
2.321407e+07 
2.321407e+07 
2.321407e+07 
2.321407e+07 
2.321407e+07 
2.321407e+07 
2.321407e+07 
2.321407e+07 
2.321407e+07 
2.321407e+07 
2.321407e+07 
2.321407e+07 
2.321407e+07 
2.321407e+07 
2.321407e+07 
2.321407e+07 
2.321407e+07 
2.321407e+07 
2.321407e+07 
2.321407e+07 
2.321407e+07 
2.321407e+07 
2.321407e+07 
2.321407e+07 
2.321407e+07 
2.321407e+07 
2.321407e+07 
2.321407e+07 
2.321407e+07 
2.321407e+07 
2.321407e+07 
2.321407e+07 
2.321407e+07 
2.321407e+07 
2.321407e+07 
2.321407e+07 
2.321407e+07 
2.321407e+07 
2.321407e+07 
2.321407e+07 
2.321407e+07 
2.321407e+07 
2.321407e+07 
2.321407e+07 
2.321407e+07 
2.321407e+07 
2.321407e+07 
2.321407e+07 
2.321407e+07 
2.224127e+07 
2.224127e+07 
2.224127e+07 
2.224127e+07 
2.224127e+07 
2.224127e+07 
2.100327e+07 
2.065746e+07 
2.065746e+07 
2.065746e+07 
2.065746e+07 
1.871946e+07 
1.840735e+07 
1.840735e+07 
1.840735e+07 
1.840735e+07 
1.840735e+07 
1.840735e+07 
1.840735e+07 
1.840735e+07 
1.840735e+07 
1.840735e+07 
1.832119e+07 
1.832119e+07 
1.832119e+07 
1.832119e+07 
1.832119e+07 
1.832119e+07 
1.832119e+07 
1.832119e+07 
1.832119e+07 
1.832119e+07 
1.832119e+07 
1.832119e+07 
1.832119e+07 
1.832119e+07 
1.832119e+07 
1.832119e+07 
1.437117e+07 
1.437117e+07 
1.437117e+07 
1.437117e+07 
1.437117e+07 
1.437117e+07 
1.437117e+07 
1.437117e+07 
1.437117e+07 
1.437117e+07 
1.437117e+07 
1.437117e+07 
1.375512e+07 
1.375512e+07 
1.375512e+07 
1.375512e+07 
1.262865e+07 
1.262865e+07 
1.262865e+07 
1.262865e+07 
1.262865e+07 
1.262865e+07 
1.262865e+07 
1.262865e+07 
1.262865e+07 
1.262865e+07 
1.262865e+07 
1.262865e+07 
1.262865e+07 
1.262865e+07 
1.262865e+07 
1.057738e+07 
1.057738e+07 
1.057738e+07 
1.057738e+07 
1.057738e+07 
1.057738e+07 
1.057738e+07 
1.057738e+07 
1.057738e+07 
1.057738e+07 
1.057738e+07 
1.057738e+07 
1.057738e+07 
1.057738e+07 
1.057738e+07 
1.057738e+07 
1.057738e+07 
1.057738e+07 
1.057738e+07 
1.057738e+07 
1.057738e+07 
1.057738e+07 
9.328520e+06 
9.328520e+06 
9.328520e+06 
9.328520e+06 
9.328520e+06 
9.328520e+06 
9.328520e+06 
9.328520e+06 
9.328520e+06 
9.328520e+06 
9.328520e+06 
9.328520e+06 
9.328520e+06 
9.328520e+06 
9.328520e+06 
9.328520e+06 
9.328520e+06 
9.328520e+06 
9.328520e+06 
9.328520e+06 
9.328520e+06 
9.328520e+06 
9.328520e+06 
9.328520e+06 
9.328520e+06 
9.328520e+06 
9.328520e+06 
9.328520e+06 
8.613427e+06 
8.613427e+06 
8.613427e+06 
8.613427e+06 
7.483789e+06 
7.483789e+06 
7.483789e+06 
7.483789e+06 
7.483789e+06 
7.483789e+06 
7.483789e+06 
7.483789e+06 
7.483789e+06 
7.483789e+06 
6.159305e+06 
6.159305e+06 
6.159305e+06 
6.159305e+06 
6.159305e+06 
6.159305e+06 
3.946929e+06 
3.946929e+06 
3.946929e+06 
3.946929e+06 
3.946929e+06 
3.946929e+06 
3.946929e+06 
3.946929e+06 
3.946929e+06 
3.946929e+06 
3.946929e+06 
3.946929e+06 
3.946929e+06 
3.946929e+06 
3.946929e+06 
3.946929e+06 
3.946929e+06 
3.946929e+06 
3.946929e+06 
3.946929e+06 
3.946929e+06 
3.946929e+06 
3.946929e+06 
3.946929e+06 
3.946929e+06 
3.946929e+06 
3.946929e+06 
3.946929e+06 
3.878491e+06 
3.012243e+06 
3.012243e+06 
3.012243e+06 
3.012243e+06 
3.012243e+06 
3.012243e+06 
3.012243e+06 
3.012243e+06 
3.012243e+06 
3.012243e+06 
3.012243e+06 
3.012243e+06 
3.012243e+06 
3.012243e+06 
3.012243e+06 
3.012243e+06 
3.012243e+06 
3.012243e+06 
3.012243e+06 
3.012243e+06 
3.012243e+06 
3.012243e+06 
3.012243e+06 
3.012243e+06 
3.012243e+06 
3.012243e+06 
3.012243e+06 
3.012243e+06 
3.012243e+06 
3.012243e+06 
3.012243e+06 
3.012243e+06 
3.012243e+06 
3.012243e+06 
3.012243e+06 
3.012243e+06 
3.012243e+06 
3.012243e+06 
3.012243e+06 
3.012243e+06 
3.012243e+06 
3.012243e+06 
3.012243e+06 
3.012243e+06 
3.012243e+06 
3.012243e+06 
3.012243e+06 
3.012243e+06 
3.012243e+06 
3.012243e+06 
3.012243e+06 
3.012243e+06 
2.861041e+06 
2.861041e+06 
2.861041e+06 
2.861041e+06 
2.861041e+06 
2.861041e+06 
2.861041e+06 
2.861041e+06 
2.861041e+06 
2.861041e+06 
2.861041e+06 
2.861041e+06 
2.861041e+06 
2.861041e+06 
2.861041e+06 
2.380171e+06 
2.380171e+06 
2.380171e+06 
2.380171e+06 
2.380171e+06 
2.380171e+06 
2.380171e+06 
2.380171e+06 
2.380171e+06 
2.380171e+06 
2.380171e+06 
2.380171e+06 
2.380171e+06 
2.380171e+06 
2.380171e+06 
2.380171e+06 
2.380171e+06 
2.380171e+06 
2.380171e+06 
2.380171e+06 
2.380171e+06 
2.380171e+06 
2.380171e+06 
2.380171e+06 
2.380171e+06 
2.380171e+06 
2.380171e+06 
2.380171e+06 
2.380171e+06 
2.254906e+06 
2.254906e+06 
2.254906e+06 
2.254906e+06 
2.254906e+06 
2.254906e+06 
2.254906e+06 
2.254906e+06 
2.254906e+06 
2.254906e+06 
2.254906e+06 
2.254906e+06 
2.254906e+06 
2.254906e+06 
2.254906e+06 
2.254906e+06 
2.254906e+06 
2.254906e+06 
2.254906e+06 
2.254906e+06 
2.254906e+06 
2.254906e+06 
2.254906e+06 
2.254906e+06 
2.254906e+06 
2.254906e+06 
2.254906e+06 
2.254906e+06 
2.254906e+06 
2.254906e+06 
2.234040e+06 
2.234040e+06 
2.150789e+06 
2.150789e+06 
2.150789e+06 
2.150789e+06 
2.150789e+06 
2.150789e+06 
1.928721e+06 
1.928721e+06 
1.928721e+06 
1.928721e+06 
1.928721e+06 
1.928721e+06 
1.928721e+06 
1.928721e+06 
1.928721e+06 
1.898329e+06 
1.058243e+06 
1.058243e+06 
1.058243e+06 
1.058243e+06 
1.058243e+06 
1.058243e+06 
1.058243e+06 
1.058243e+06 
1.058243e+06 
1.058243e+06 
1.058243e+06 
1.058243e+06 
1.058243e+06 
1.058243e+06 
1.058243e+06 
1.058243e+06 
1.058243e+06 
1.058243e+06 
1.058243e+06 
1.058243e+06 
1.058243e+06 
1.058243e+06 
1.058243e+06 
1.058243e+06 
1.058243e+06 
1.058243e+06 
1.058243e+06 
1.058243e+06 
1.058243e+06 
1.058243e+06 
1.005475e+06 
1.005475e+06 
1.005475e+06 
1.005475e+06 
1.005475e+06 
1.005475e+06 
6.661145e+05 
5.742204e+05 
5.742204e+05 
5.742204e+05 
5.742204e+05 
5.742204e+05 
4.777093e+05 
4.777093e+05 
4.777093e+05 
4.777093e+05 
4.777093e+05 
4.777093e+05 
4.777093e+05 
4.777093e+05 
4.777093e+05 
4.504012e+05 
4.504012e+05 
4.504012e+05 
4.504012e+05 
4.504012e+05 
4.504012e+05 
4.504012e+05 
4.504012e+05 
4.504012e+05 
4.504012e+05 
4.504012e+05 
4.504012e+05 
4.504012e+05 
3.812725e+05 
3.812725e+05 
3.812725e+05 
3.812725e+05 
3.812725e+05 
3.812725e+05 
3.760937e+05 
3.760937e+05 
3.760937e+05 
3.760937e+05 
3.760937e+05 
3.760937e+05 
3.760937e+05 
3.760937e+05 
3.760937e+05 
3.760937e+05 
3.760937e+05 
3.760937e+05 
3.760937e+05 
3.760937e+05 
3.760937e+05 
3.760937e+05 
3.760937e+05 
3.760937e+05 
3.760937e+05 
3.760937e+05 
3.760937e+05 
3.760937e+05 
3.760937e+05 
3.760937e+05 
3.760937e+05 
3.760937e+05 
3.757243e+05 
3.724761e+05 
3.724761e+05 
3.724761e+05 
3.724761e+05 
3.653612e+05 
3.653612e+05 
3.653612e+05 
3.653612e+05 
3.653612e+05 
