5.656519e+03 
5.608942e+03 
4.869184e+03 
4.869184e+03 
4.869184e+03 
4.869184e+03 
4.376005e+03 
4.376005e+03 
4.376005e+03 
4.376005e+03 
4.376005e+03 
4.376005e+03 
4.376005e+03 
4.376005e+03 
4.376005e+03 
4.376005e+03 
4.376005e+03 
4.376005e+03 
4.376005e+03 
4.376005e+03 
4.376005e+03 
4.376005e+03 
4.376005e+03 
4.376005e+03 
4.376005e+03 
4.376005e+03 
4.376005e+03 
4.376005e+03 
4.376005e+03 
4.376005e+03 
4.376005e+03 
4.376005e+03 
4.376005e+03 
4.376005e+03 
4.376005e+03 
4.376005e+03 
4.376005e+03 
4.376005e+03 
4.376005e+03 
4.376005e+03 
4.376005e+03 
4.376005e+03 
4.376005e+03 
4.376005e+03 
4.376005e+03 
4.376005e+03 
4.376005e+03 
4.376005e+03 
4.376005e+03 
4.376005e+03 
4.376005e+03 
4.376005e+03 
4.376005e+03 
4.376005e+03 
4.376005e+03 
4.376005e+03 
4.376005e+03 
4.376005e+03 
4.376005e+03 
4.376005e+03 
4.376005e+03 
4.376005e+03 
3.994337e+03 
3.994337e+03 
3.994337e+03 
3.994337e+03 
3.994337e+03 
3.994337e+03 
3.994337e+03 
3.994337e+03 
3.994337e+03 
3.994337e+03 
3.994337e+03 
3.994337e+03 
3.994337e+03 
3.994337e+03 
3.994337e+03 
3.994337e+03 
3.994337e+03 
3.994337e+03 
3.994337e+03 
3.994337e+03 
3.994337e+03 
3.994337e+03 
3.994337e+03 
3.994337e+03 
3.994337e+03 
3.994337e+03 
3.994337e+03 
3.994337e+03 
3.994337e+03 
3.994337e+03 
3.994337e+03 
3.994337e+03 
3.994337e+03 
3.994337e+03 
3.994337e+03 
3.994337e+03 
3.994337e+03 
3.994337e+03 
3.994337e+03 
3.994337e+03 
3.994337e+03 
3.994337e+03 
3.994337e+03 
3.994337e+03 
3.994337e+03 
3.994337e+03 
3.994337e+03 
3.994337e+03 
3.994337e+03 
3.994337e+03 
3.994337e+03 
3.994337e+03 
3.994337e+03 
3.994337e+03 
3.994337e+03 
3.994337e+03 
3.994337e+03 
3.994337e+03 
3.994337e+03 
3.994337e+03 
3.994337e+03 
3.994337e+03 
3.994337e+03 
3.994337e+03 
3.994337e+03 
3.994337e+03 
3.994337e+03 
3.994337e+03 
3.819343e+03 
3.819343e+03 
3.819343e+03 
3.819343e+03 
3.819343e+03 
3.819343e+03 
3.624979e+03 
3.624979e+03 
3.624979e+03 
3.624979e+03 
3.624979e+03 
3.624979e+03 
3.624979e+03 
3.624979e+03 
3.624979e+03 
3.624979e+03 
3.624979e+03 
3.624979e+03 
3.624979e+03 
3.624979e+03 
3.624979e+03 
3.624979e+03 
3.624979e+03 
3.624979e+03 
3.624979e+03 
3.624979e+03 
3.624979e+03 
3.624979e+03 
3.624979e+03 
3.624979e+03 
3.624979e+03 
3.624979e+03 
3.624979e+03 
3.624979e+03 
3.624979e+03 
3.624979e+03 
3.624979e+03 
3.624979e+03 
3.624147e+03 
3.624147e+03 
3.624147e+03 
3.624147e+03 
3.624147e+03 
3.624147e+03 
3.624147e+03 
3.624147e+03 
3.624147e+03 
3.624147e+03 
3.624147e+03 
3.624147e+03 
3.624147e+03 
3.624147e+03 
3.624147e+03 
3.624147e+03 
3.624147e+03 
3.624147e+03 
3.624147e+03 
3.624147e+03 
3.624147e+03 
3.624147e+03 
3.624147e+03 
3.624147e+03 
3.624147e+03 
3.624147e+03 
3.624147e+03 
3.624147e+03 
3.624147e+03 
3.624147e+03 
3.624147e+03 
3.624147e+03 
3.624147e+03 
3.624147e+03 
3.379053e+03 
3.379053e+03 
3.379053e+03 
3.379053e+03 
3.379053e+03 
3.379053e+03 
3.379053e+03 
3.379053e+03 
3.379053e+03 
3.379053e+03 
3.379053e+03 
3.379053e+03 
3.379053e+03 
3.379053e+03 
3.379053e+03 
3.379053e+03 
3.379053e+03 
3.379053e+03 
3.379053e+03 
3.379053e+03 
3.379053e+03 
3.379053e+03 
3.379053e+03 
3.379053e+03 
3.379053e+03 
3.379053e+03 
3.379053e+03 
3.379053e+03 
3.379053e+03 
3.379053e+03 
3.379053e+03 
3.379053e+03 
3.379053e+03 
3.379053e+03 
3.379053e+03 
3.379053e+03 
3.379053e+03 
3.379053e+03 
3.379053e+03 
3.379053e+03 
3.379053e+03 
3.379053e+03 
3.379053e+03 
3.379053e+03 
3.379053e+03 
3.379053e+03 
3.379053e+03 
3.379053e+03 
3.379053e+03 
3.379053e+03 
3.379053e+03 
3.379053e+03 
3.379053e+03 
3.379053e+03 
3.379053e+03 
3.379053e+03 
3.379053e+03 
3.379053e+03 
3.379053e+03 
2.934080e+03 
2.934080e+03 
2.934080e+03 
2.934080e+03 
2.934080e+03 
2.934080e+03 
2.934080e+03 
2.934080e+03 
2.934080e+03 
2.934080e+03 
2.934080e+03 
2.934080e+03 
2.934080e+03 
2.934080e+03 
2.934080e+03 
2.934080e+03 
2.934080e+03 
2.934080e+03 
2.934080e+03 
2.934080e+03 
2.934080e+03 
2.934080e+03 
2.934080e+03 
2.934080e+03 
2.934080e+03 
2.934080e+03 
2.934080e+03 
2.934080e+03 
2.934080e+03 
2.934080e+03 
2.934080e+03 
2.934080e+03 
2.934080e+03 
2.934080e+03 
2.934080e+03 
2.934080e+03 
2.934080e+03 
2.934080e+03 
2.934080e+03 
2.934080e+03 
2.934080e+03 
2.934080e+03 
2.934080e+03 
2.934080e+03 
2.934080e+03 
2.934080e+03 
2.934080e+03 
2.934080e+03 
2.934080e+03 
2.934080e+03 
2.934080e+03 
2.934080e+03 
2.934080e+03 
2.934080e+03 
2.934080e+03 
2.934080e+03 
2.934080e+03 
2.934080e+03 
2.934080e+03 
2.934080e+03 
2.934080e+03 
2.934080e+03 
2.934080e+03 
2.934080e+03 
2.934080e+03 
2.934080e+03 
2.934080e+03 
2.934080e+03 
2.934080e+03 
2.934080e+03 
2.934080e+03 
2.934080e+03 
2.934080e+03 
2.934080e+03 
2.934080e+03 
2.934080e+03 
2.934080e+03 
2.934080e+03 
2.934080e+03 
2.934080e+03 
2.934080e+03 
2.934080e+03 
2.934080e+03 
2.934080e+03 
2.934080e+03 
2.934080e+03 
2.934080e+03 
2.934080e+03 
2.934080e+03 
2.933929e+03 
2.933929e+03 
2.933929e+03 
2.933929e+03 
2.933929e+03 
2.933929e+03 
2.933929e+03 
2.933929e+03 
2.933929e+03 
2.933929e+03 
2.933929e+03 
2.933929e+03 
2.933929e+03 
2.933929e+03 
2.933929e+03 
2.933929e+03 
2.933929e+03 
2.933929e+03 
2.933929e+03 
2.933929e+03 
2.933929e+03 
2.933929e+03 
2.933929e+03 
2.933929e+03 
2.933929e+03 
2.933929e+03 
2.933929e+03 
2.933929e+03 
2.933929e+03 
2.933929e+03 
2.933929e+03 
2.613402e+03 
2.613402e+03 
2.613402e+03 
2.613402e+03 
2.613402e+03 
2.613402e+03 
2.613402e+03 
2.613402e+03 
2.613402e+03 
2.613402e+03 
2.613402e+03 
2.613402e+03 
2.613402e+03 
2.613402e+03 
2.613402e+03 
2.613402e+03 
2.613402e+03 
2.613402e+03 
2.613402e+03 
2.613402e+03 
2.613402e+03 
2.613402e+03 
2.613402e+03 
2.613402e+03 
2.613402e+03 
2.613402e+03 
2.613402e+03 
2.613402e+03 
2.613402e+03 
2.613402e+03 
2.613402e+03 
2.613402e+03 
2.613402e+03 
2.613402e+03 
2.613402e+03 
2.613402e+03 
2.613402e+03 
2.613402e+03 
2.613402e+03 
2.613402e+03 
2.613402e+03 
2.613402e+03 
2.613402e+03 
2.613402e+03 
2.613402e+03 
2.613402e+03 
2.613402e+03 
2.613402e+03 
2.613402e+03 
2.613402e+03 
2.613402e+03 
2.613402e+03 
2.613402e+03 
2.613402e+03 
2.613402e+03 
2.613402e+03 
2.613402e+03 
2.189504e+03 
2.189504e+03 
2.189504e+03 
2.189504e+03 
2.189504e+03 
2.189504e+03 
2.189504e+03 
2.189504e+03 
2.189504e+03 
2.189504e+03 
2.189504e+03 
2.189504e+03 
2.189504e+03 
2.189504e+03 
2.189504e+03 
2.189504e+03 
2.189504e+03 
2.189504e+03 
2.189504e+03 
2.189504e+03 
2.189504e+03 
2.189504e+03 
2.189504e+03 
2.189504e+03 
2.189504e+03 
2.189504e+03 
2.189504e+03 
2.189504e+03 
2.189504e+03 
2.189504e+03 
2.189504e+03 
2.189504e+03 
2.189504e+03 
2.189504e+03 
2.189504e+03 
2.189504e+03 
2.105416e+03 
2.105416e+03 
2.105416e+03 
2.105416e+03 
2.105416e+03 
2.105416e+03 
2.105416e+03 
2.105416e+03 
2.105416e+03 
2.105416e+03 
2.105416e+03 
2.105416e+03 
2.105416e+03 
2.105416e+03 
2.105416e+03 
2.105416e+03 
2.105416e+03 
2.105416e+03 
2.105416e+03 
2.105416e+03 
2.105416e+03 
2.105416e+03 
2.105416e+03 
2.105416e+03 
2.105416e+03 
2.105416e+03 
2.105416e+03 
2.105416e+03 
2.105416e+03 
2.105416e+03 
2.105416e+03 
2.105416e+03 
2.105416e+03 
2.105416e+03 
2.105416e+03 
2.105416e+03 
2.105416e+03 
2.105416e+03 
2.105416e+03 
2.105416e+03 
2.105416e+03 
2.105416e+03 
2.105416e+03 
2.105416e+03 
2.105416e+03 
2.105416e+03 
2.105416e+03 
2.105416e+03 
2.105416e+03 
2.105416e+03 
2.105416e+03 
1.999542e+03 
1.999542e+03 
1.999542e+03 
1.999542e+03 
1.999542e+03 
1.999542e+03 
1.999542e+03 
1.999542e+03 
1.999542e+03 
1.999542e+03 
1.999542e+03 
1.999542e+03 
1.999542e+03 
1.999542e+03 
1.999542e+03 
1.999542e+03 
1.999542e+03 
1.999542e+03 
1.999542e+03 
1.999542e+03 
1.999542e+03 
1.999542e+03 
1.999542e+03 
1.999542e+03 
1.999542e+03 
1.999542e+03 
1.999542e+03 
1.999542e+03 
1.999542e+03 
1.999542e+03 
1.999542e+03 
1.999542e+03 
1.999542e+03 
1.999542e+03 
1.999542e+03 
1.999542e+03 
1.999542e+03 
1.999542e+03 
1.854040e+03 
1.854040e+03 
1.854040e+03 
1.854040e+03 
1.854040e+03 
1.854040e+03 
1.854040e+03 
1.854040e+03 
1.854040e+03 
1.854040e+03 
1.854040e+03 
1.854040e+03 
1.854040e+03 
1.854040e+03 
1.854040e+03 
1.854040e+03 
1.854040e+03 
1.854040e+03 
1.854040e+03 
1.854040e+03 
1.854040e+03 
1.854040e+03 
1.854040e+03 
1.854040e+03 
1.854040e+03 
1.854040e+03 
1.854040e+03 
1.854040e+03 
1.854040e+03 
1.854040e+03 
1.854040e+03 
1.854040e+03 
1.854040e+03 
1.854040e+03 
1.854040e+03 
1.854040e+03 
1.854040e+03 
1.854040e+03 
1.854040e+03 
1.854040e+03 
1.854040e+03 
1.854040e+03 
1.854040e+03 
1.845229e+03 
1.845229e+03 
1.845229e+03 
1.845229e+03 
1.845229e+03 
1.845229e+03 
1.845229e+03 
1.845229e+03 
1.845229e+03 
1.845229e+03 
1.845229e+03 
1.845229e+03 
1.845229e+03 
1.845229e+03 
1.499712e+03 
1.499712e+03 
1.499712e+03 
1.499712e+03 
1.499712e+03 
1.499712e+03 
1.499712e+03 
1.499712e+03 
1.499712e+03 
1.499712e+03 
1.499712e+03 
1.499712e+03 
1.499712e+03 
1.499712e+03 
1.499712e+03 
1.499712e+03 
1.499712e+03 
1.499712e+03 
1.499712e+03 
1.499712e+03 
1.499712e+03 
1.499712e+03 
1.499712e+03 
1.499712e+03 
1.499712e+03 
1.499712e+03 
1.499712e+03 
1.499712e+03 
1.499712e+03 
1.499712e+03 
1.499712e+03 
1.499712e+03 
1.499712e+03 
1.499712e+03 
1.499712e+03 
1.499712e+03 
1.499712e+03 
1.499712e+03 
1.499712e+03 
1.499712e+03 
1.499712e+03 
1.499712e+03 
1.499712e+03 
1.499712e+03 
1.499712e+03 
1.499712e+03 
1.499712e+03 
1.499712e+03 
1.499712e+03 
1.499712e+03 
1.499712e+03 
1.499712e+03 
1.499712e+03 
1.499712e+03 
1.499712e+03 
1.499712e+03 
1.499712e+03 
1.499712e+03 
1.499712e+03 
1.499712e+03 
1.499712e+03 
1.499712e+03 
1.499712e+03 
1.499712e+03 
1.499712e+03 
1.499712e+03 
1.499712e+03 
1.499712e+03 
1.499712e+03 
1.454731e+03 
1.454731e+03 
1.454731e+03 
1.454731e+03 
1.454731e+03 
1.454731e+03 
1.454731e+03 
1.454731e+03 
1.454731e+03 
1.454731e+03 
1.454731e+03 
1.454731e+03 
1.454731e+03 
1.454731e+03 
1.454731e+03 
1.454731e+03 
1.454731e+03 
1.454731e+03 
1.454731e+03 
1.454731e+03 
1.454731e+03 
1.454731e+03 
1.454731e+03 
1.454731e+03 
1.454731e+03 
1.454731e+03 
1.454731e+03 
1.454731e+03 
1.454731e+03 
1.454731e+03 
1.454731e+03 
1.421897e+03 
1.421897e+03 
1.421897e+03 
1.421897e+03 
1.421897e+03 
1.421897e+03 
1.421897e+03 
1.421897e+03 
1.421897e+03 
1.421897e+03 
1.421897e+03 
1.421897e+03 
1.421897e+03 
1.421897e+03 
1.421897e+03 
1.421897e+03 
1.421897e+03 
1.421897e+03 
1.421897e+03 
1.421897e+03 
1.421897e+03 
1.421897e+03 
1.421897e+03 
1.421897e+03 
1.421897e+03 
1.334078e+03 
1.334078e+03 
1.334078e+03 
1.334078e+03 
1.334078e+03 
1.334078e+03 
1.334078e+03 
1.334078e+03 
1.334078e+03 
1.334078e+03 
1.334078e+03 
1.334078e+03 
1.334078e+03 
1.334078e+03 
1.334078e+03 
1.334078e+03 
1.334078e+03 
1.334078e+03 
1.334078e+03 
1.334078e+03 
1.334078e+03 
1.334078e+03 
1.334078e+03 
1.334078e+03 
1.334078e+03 
1.334078e+03 
1.334078e+03 
1.334078e+03 
1.334078e+03 
1.334078e+03 
1.334078e+03 
1.334078e+03 
1.334078e+03 
1.334078e+03 
1.334078e+03 
1.334078e+03 
1.334078e+03 
1.334078e+03 
1.334078e+03 
1.334078e+03 
1.334078e+03 
1.334078e+03 
1.334078e+03 
1.334078e+03 
1.334078e+03 
1.334078e+03 
1.334078e+03 
1.334078e+03 
1.334078e+03 
1.334078e+03 
1.334078e+03 
1.334078e+03 
1.334078e+03 
1.334078e+03 
1.334078e+03 
1.334078e+03 
1.334078e+03 
1.334078e+03 
1.334078e+03 
1.334078e+03 
1.334078e+03 
1.334078e+03 
1.334078e+03 
1.334078e+03 
1.334078e+03 
1.334078e+03 
1.334078e+03 
1.334078e+03 
1.334078e+03 
1.334078e+03 
1.334078e+03 
1.334078e+03 
1.334078e+03 
1.334078e+03 
1.334078e+03 
1.334078e+03 
1.334078e+03 
1.334078e+03 
1.334078e+03 
1.334078e+03 
1.334078e+03 
1.334078e+03 
1.334078e+03 
1.334078e+03 
1.334078e+03 
1.334078e+03 
1.334078e+03 
1.330784e+03 
1.330784e+03 
1.330784e+03 
1.330784e+03 
1.330784e+03 
1.330784e+03 
1.330784e+03 
1.330784e+03 
1.330784e+03 
1.170369e+03 
1.170369e+03 
1.170369e+03 
1.170369e+03 
1.170369e+03 
1.170369e+03 
1.170369e+03 
1.170369e+03 
1.170369e+03 
1.170369e+03 
1.170369e+03 
1.170369e+03 
1.170369e+03 
1.170369e+03 
1.170369e+03 
1.170369e+03 
1.170369e+03 
1.170369e+03 
1.170369e+03 
1.170369e+03 
1.170369e+03 
1.170369e+03 
1.170369e+03 
1.170369e+03 
1.170369e+03 
1.170369e+03 
1.170369e+03 
1.170369e+03 
1.170369e+03 
1.170369e+03 
1.170369e+03 
1.170369e+03 
1.170369e+03 
1.170369e+03 
1.170369e+03 
1.170369e+03 
1.170369e+03 
1.170369e+03 
1.170369e+03 
1.170369e+03 
1.170369e+03 
1.170369e+03 
1.170369e+03 
1.170369e+03 
1.170369e+03 
1.170369e+03 
1.170369e+03 
1.170369e+03 
1.170369e+03 
1.170369e+03 
1.170369e+03 
1.170369e+03 
1.170369e+03 
1.170369e+03 
1.170369e+03 
1.170369e+03 
1.170369e+03 
1.170369e+03 
1.170369e+03 
1.170369e+03 
1.170369e+03 
1.170369e+03 
1.170369e+03 
1.170369e+03 
1.170369e+03 
1.170369e+03 
1.170369e+03 
8.979315e+02 
8.979315e+02 
8.979315e+02 
8.979315e+02 
8.979315e+02 
8.979315e+02 
8.979315e+02 
8.979315e+02 
8.979315e+02 
8.979315e+02 
8.979315e+02 
8.979315e+02 
8.979315e+02 
8.979315e+02 
8.979315e+02 
8.979315e+02 
8.979315e+02 
8.979315e+02 
8.979315e+02 
8.979315e+02 
8.979315e+02 
8.979315e+02 
8.979315e+02 
8.979315e+02 
8.979315e+02 
8.979315e+02 
8.979315e+02 
8.979315e+02 
8.979315e+02 
8.979315e+02 
8.979315e+02 
8.979315e+02 
8.979315e+02 
8.979315e+02 
8.979315e+02 
8.979315e+02 
8.979315e+02 
8.979315e+02 
8.979315e+02 
8.979315e+02 
8.979315e+02 
8.979315e+02 
8.979315e+02 
8.979315e+02 
8.979315e+02 
8.979315e+02 
8.979315e+02 
8.979315e+02 
8.979315e+02 
8.979315e+02 
8.979315e+02 
8.979315e+02 
8.979315e+02 
8.979315e+02 
8.979315e+02 
8.979315e+02 
8.979315e+02 
8.979315e+02 
8.979315e+02 
8.979315e+02 
8.979315e+02 
8.979315e+02 
8.979315e+02 
8.979315e+02 
7.789314e+02 
7.789314e+02 
7.789314e+02 
7.789314e+02 
7.789314e+02 
7.789314e+02 
7.789314e+02 
7.789314e+02 
7.789314e+02 
7.789314e+02 
7.789314e+02 
7.789314e+02 
7.610776e+02 
7.610776e+02 
7.610776e+02 
7.610776e+02 
7.610776e+02 
7.610776e+02 
7.610776e+02 
7.610776e+02 
7.610776e+02 
7.610776e+02 
7.610776e+02 
7.370796e+02 
7.370796e+02 
7.370796e+02 
7.370796e+02 
7.370796e+02 
7.370796e+02 
7.370796e+02 
7.370796e+02 
7.370796e+02 
7.370796e+02 
7.370796e+02 
7.370796e+02 
7.370796e+02 
7.370796e+02 
7.370796e+02 
7.370796e+02 
7.370796e+02 
7.370796e+02 
7.370796e+02 
7.370796e+02 
7.370796e+02 
7.370796e+02 
7.370796e+02 
7.370796e+02 
7.370796e+02 
7.370796e+02 
7.370796e+02 
7.370796e+02 
7.370796e+02 
7.370796e+02 
7.370796e+02 
7.370796e+02 
7.370796e+02 
7.370796e+02 
7.370796e+02 
7.370796e+02 
7.370796e+02 
7.370796e+02 
7.370796e+02 
7.370796e+02 
7.370796e+02 
7.370796e+02 
7.370796e+02 
7.370796e+02 
7.370796e+02 
7.370796e+02 
7.370796e+02 
7.370796e+02 
7.370796e+02 
7.370796e+02 
7.370796e+02 
6.605129e+02 
6.605129e+02 
6.605129e+02 
6.605129e+02 
6.605129e+02 
6.605129e+02 
6.605129e+02 
6.605129e+02 
6.605129e+02 
6.605129e+02 
6.605129e+02 
6.605129e+02 
6.605129e+02 
6.605129e+02 
6.605129e+02 
6.605129e+02 
6.605129e+02 
6.605129e+02 
6.605129e+02 
6.431332e+02 
6.431332e+02 
6.431332e+02 
6.431332e+02 
6.431332e+02 
6.431332e+02 
6.431332e+02 
6.431332e+02 
6.431332e+02 
6.431332e+02 
6.431332e+02 
6.431332e+02 
6.431332e+02 
6.431332e+02 
6.347650e+02 
6.347650e+02 
6.347650e+02 
6.347650e+02 
6.169008e+02 
6.169008e+02 
6.169008e+02 
6.169008e+02 
6.169008e+02 
6.169008e+02 
6.169008e+02 
6.169008e+02 
6.169008e+02 
6.169008e+02 
6.169008e+02 
6.169008e+02 
6.169008e+02 
6.169008e+02 
6.169008e+02 
6.169008e+02 
6.169008e+02 
6.169008e+02 
6.169008e+02 
6.169008e+02 
6.169008e+02 
6.169008e+02 
6.169008e+02 
6.169008e+02 
6.169008e+02 
6.169008e+02 
6.169008e+02 
6.169008e+02 
6.169008e+02 
6.169008e+02 
6.169008e+02 
6.169008e+02 
6.169008e+02 
6.169008e+02 
6.169008e+02 
6.169008e+02 
6.169008e+02 
6.169008e+02 
6.169008e+02 
6.169008e+02 
6.169008e+02 
6.169008e+02 
6.169008e+02 
6.169008e+02 
6.169008e+02 
6.169008e+02 
6.169008e+02 
6.169008e+02 
6.169008e+02 
6.169008e+02 
6.169008e+02 
6.169008e+02 
6.169008e+02 
6.169008e+02 
6.169008e+02 
6.169008e+02 
6.169008e+02 
6.109568e+02 
5.985698e+02 
5.985698e+02 
5.985698e+02 
5.985698e+02 
5.985698e+02 
5.985698e+02 
5.985698e+02 
5.985698e+02 
5.985698e+02 
5.985698e+02 
5.985698e+02 
5.985698e+02 
5.985698e+02 
5.985698e+02 
5.985698e+02 
5.985698e+02 
5.985698e+02 
5.985698e+02 
5.985698e+02 
5.985698e+02 
5.985698e+02 
5.985698e+02 
5.985698e+02 
5.985698e+02 
5.985698e+02 
5.985698e+02 
5.985698e+02 
5.985698e+02 
5.985698e+02 
5.985698e+02 
5.985698e+02 
5.985698e+02 
5.807001e+02 
5.727886e+02 
5.727886e+02 
5.727886e+02 
5.727886e+02 
5.727886e+02 
5.727886e+02 
5.707760e+02 
5.707760e+02 
5.707760e+02 
5.707760e+02 
5.707760e+02 
5.707760e+02 
5.707760e+02 
5.707760e+02 
5.707760e+02 
5.707760e+02 
5.707760e+02 
5.707760e+02 
5.707760e+02 
5.707760e+02 
5.707760e+02 
5.707760e+02 
5.707760e+02 
5.707760e+02 
5.707760e+02 
5.707760e+02 
5.707760e+02 
5.707760e+02 
5.707760e+02 
5.707760e+02 
5.707760e+02 
5.707760e+02 
5.707760e+02 
5.707760e+02 
5.707760e+02 
5.707760e+02 
5.707760e+02 
5.707760e+02 
5.707760e+02 
5.605440e+02 
5.605440e+02 
5.605440e+02 
5.605440e+02 
5.605440e+02 
5.605440e+02 
5.605440e+02 
5.605440e+02 
5.605440e+02 
5.590576e+02 
5.520152e+02 
5.520152e+02 
5.520152e+02 
5.520152e+02 
5.520152e+02 
5.520152e+02 
5.520152e+02 
5.520152e+02 
5.520152e+02 
5.520152e+02 
5.520152e+02 
5.520152e+02 
5.520152e+02 
5.520152e+02 
5.520152e+02 
5.520152e+02 
5.520152e+02 
5.520152e+02 
5.520152e+02 
5.351295e+02 
5.351295e+02 
5.351295e+02 
5.351295e+02 
5.351295e+02 
5.351295e+02 
5.351295e+02 
5.351295e+02 
5.351295e+02 
5.351295e+02 
5.351295e+02 
5.351295e+02 
5.351295e+02 
5.351295e+02 
5.351295e+02 
5.351295e+02 
5.351295e+02 
5.351295e+02 
5.351295e+02 
5.351295e+02 
5.351295e+02 
5.351295e+02 
5.351295e+02 
5.351295e+02 
5.351295e+02 
5.351295e+02 
5.342607e+02 
5.342607e+02 
5.342607e+02 
5.342607e+02 
5.342607e+02 
5.342607e+02 
5.286383e+02 
5.286383e+02 
5.286383e+02 
5.286383e+02 
5.286383e+02 
5.285137e+02 
5.285137e+02 
5.285137e+02 
5.285137e+02 
5.285137e+02 
5.285137e+02 
5.285137e+02 
5.285137e+02 
5.285137e+02 
5.285137e+02 
5.285137e+02 
5.285137e+02 
5.285137e+02 
5.285137e+02 
5.285137e+02 
5.285137e+02 
5.285137e+02 
5.285137e+02 
5.285137e+02 
5.285137e+02 
5.285137e+02 
5.285137e+02 
5.285137e+02 
5.285137e+02 
5.285137e+02 
5.285137e+02 
5.285137e+02 
5.285137e+02 
5.285137e+02 
5.285137e+02 
5.285137e+02 
5.285137e+02 
5.285137e+02 
5.285137e+02 
5.285137e+02 
5.285137e+02 
5.285137e+02 
5.285137e+02 
5.285137e+02 
5.285137e+02 
5.285137e+02 
5.285137e+02 
5.285137e+02 
5.285137e+02 
5.285137e+02 
5.285137e+02 
5.285137e+02 
5.285137e+02 
5.285137e+02 
5.285137e+02 
5.285137e+02 
5.285137e+02 
5.285137e+02 
5.285137e+02 
5.282067e+02 
5.282067e+02 
5.282067e+02 
5.282067e+02 
5.282067e+02 
5.282067e+02 
5.282067e+02 
5.282067e+02 
5.282067e+02 
5.208628e+02 
5.208628e+02 
5.208628e+02 
5.208628e+02 
5.208628e+02 
5.208628e+02 
5.208628e+02 
5.208628e+02 
5.208628e+02 
5.208628e+02 
5.208628e+02 
5.208628e+02 
5.208628e+02 
5.208628e+02 
5.208628e+02 
5.208628e+02 
5.208628e+02 
5.208628e+02 
5.208628e+02 
5.174857e+02 
5.174857e+02 
5.174857e+02 
5.174857e+02 
5.174857e+02 
5.174857e+02 
5.174857e+02 
5.174857e+02 
5.174857e+02 
5.174857e+02 
5.174857e+02 
5.174857e+02 
5.174857e+02 
5.174857e+02 
5.174857e+02 
5.174857e+02 
5.174857e+02 
5.174857e+02 
5.174857e+02 
5.174857e+02 
5.174857e+02 
5.174857e+02 
5.174857e+02 
5.174857e+02 
5.174857e+02 
5.174857e+02 
5.174857e+02 
5.174857e+02 
5.174857e+02 
5.174857e+02 
5.174857e+02 
5.174857e+02 
5.174857e+02 
5.174857e+02 
5.174857e+02 
5.174857e+02 
5.174857e+02 
5.174857e+02 
5.174857e+02 
5.174857e+02 
5.174857e+02 
5.174857e+02 
5.174857e+02 
5.174857e+02 
5.174857e+02 
5.174857e+02 
5.155853e+02 
5.155853e+02 
5.155853e+02 
5.155853e+02 
5.155853e+02 
5.155853e+02 
5.147115e+02 
5.134331e+02 
5.134331e+02 
5.134331e+02 
5.134331e+02 
5.134331e+02 
5.134331e+02 
5.134331e+02 
5.134331e+02 
5.134331e+02 
5.134331e+02 
5.134331e+02 
5.134331e+02 
5.134331e+02 
5.134331e+02 
5.087123e+02 
5.087123e+02 
5.087123e+02 
5.087123e+02 
5.087123e+02 
5.087123e+02 
5.087123e+02 
5.087123e+02 
5.087123e+02 
5.087123e+02 
5.087123e+02 
5.083281e+02 
5.083281e+02 
5.083281e+02 
5.083281e+02 
5.083281e+02 
5.083281e+02 
5.083281e+02 
5.043625e+02 
5.043625e+02 
5.043625e+02 
5.042112e+02 
5.042112e+02 
5.042112e+02 
5.042112e+02 
5.042112e+02 
5.042112e+02 
5.042112e+02 
5.042112e+02 
5.042112e+02 
5.042112e+02 
5.019223e+02 
5.019223e+02 
5.019223e+02 
5.019223e+02 
5.019223e+02 
5.019223e+02 
5.019223e+02 
5.019223e+02 
5.019223e+02 
5.019223e+02 
4.977131e+02 
4.977131e+02 
4.977131e+02 
4.977131e+02 
4.977131e+02 
4.977131e+02 
4.977131e+02 
4.967179e+02 
4.967179e+02 
4.967179e+02 
4.967179e+02 
4.967179e+02 
4.967179e+02 
4.967179e+02 
4.967179e+02 
4.967179e+02 
4.967179e+02 
4.967179e+02 
4.967179e+02 
4.967179e+02 
4.967179e+02 
4.967179e+02 
4.967179e+02 
4.967179e+02 
4.967179e+02 
4.967179e+02 
4.967179e+02 
4.967179e+02 
4.967179e+02 
4.967179e+02 
4.967179e+02 
4.967179e+02 
4.967179e+02 
4.967179e+02 
4.967179e+02 
4.967179e+02 
4.967179e+02 
4.967179e+02 
4.967179e+02 
4.967179e+02 
4.967179e+02 
4.967179e+02 
4.967179e+02 
4.967179e+02 
4.967179e+02 
4.967179e+02 
4.967179e+02 
4.967179e+02 
4.967179e+02 
4.967179e+02 
4.967179e+02 
4.967179e+02 
4.967179e+02 
4.967179e+02 
4.967179e+02 
4.967179e+02 
4.967179e+02 
4.967179e+02 
4.967179e+02 
4.967179e+02 
4.967179e+02 
4.967179e+02 
4.966228e+02 
4.966228e+02 
4.966228e+02 
4.966228e+02 
4.966228e+02 
4.966228e+02 
4.966228e+02 
4.966228e+02 
4.966228e+02 
4.966228e+02 
4.958413e+02 
4.953936e+02 
4.953936e+02 
4.953936e+02 
4.953936e+02 
4.953936e+02 
4.953936e+02 
4.953936e+02 
4.953936e+02 
4.953936e+02 
4.944103e+02 
4.944103e+02 
4.944103e+02 
4.944103e+02 
4.944103e+02 
4.944103e+02 
4.944103e+02 
4.943175e+02 
4.941259e+02 
4.941259e+02 
4.941259e+02 
4.941259e+02 
4.941259e+02 
4.941259e+02 
4.941259e+02 
4.941259e+02 
4.941259e+02 
4.941259e+02 
4.941259e+02 
4.941259e+02 
4.941259e+02 
4.941259e+02 
4.941259e+02 
4.941259e+02 
4.941259e+02 
4.941259e+02 
4.941259e+02 
4.941259e+02 
4.941259e+02 
4.941259e+02 
4.941259e+02 
4.941259e+02 
4.941259e+02 
4.941259e+02 
4.941259e+02 
4.941259e+02 
4.941259e+02 
4.941259e+02 
4.941259e+02 
4.941259e+02 
4.941259e+02 
4.941259e+02 
4.941259e+02 
4.941259e+02 
4.941259e+02 
4.941259e+02 
4.941259e+02 
4.941259e+02 
4.941259e+02 
4.941259e+02 
4.941259e+02 
4.928712e+02 
4.928712e+02 
4.928712e+02 
4.925355e+02 
4.925355e+02 
4.925355e+02 
4.925355e+02 
4.925355e+02 
4.925355e+02 
4.925355e+02 
4.925355e+02 
4.925355e+02 
4.925355e+02 
4.913147e+02 
4.913147e+02 
4.913147e+02 
4.913147e+02 
4.913147e+02 
4.913147e+02 
4.913147e+02 
4.900205e+02 
4.900205e+02 
4.900205e+02 
4.900205e+02 
4.900205e+02 
4.900205e+02 
4.900205e+02 
4.900205e+02 
4.900205e+02 
4.900205e+02 
4.900205e+02 
4.900205e+02 
4.900205e+02 
4.900205e+02 
4.900205e+02 
4.900205e+02 
4.900205e+02 
4.900205e+02 
4.900205e+02 
4.900205e+02 
4.900205e+02 
4.900205e+02 
4.900205e+02 
4.900205e+02 
4.900205e+02 
4.900205e+02 
4.900205e+02 
4.900205e+02 
4.900205e+02 
4.900205e+02 
4.900205e+02 
4.900205e+02 
4.900205e+02 
4.900205e+02 
4.900205e+02 
4.900205e+02 
4.900205e+02 
4.900205e+02 
4.900205e+02 
4.900205e+02 
4.895395e+02 
4.895395e+02 
4.895395e+02 
4.894843e+02 
4.894843e+02 
