3.221009e+07 
1.860202e+07 
1.860202e+07 
1.860202e+07 
1.860202e+07 
1.860202e+07 
1.860202e+07 
4.024896e+06 
4.024896e+06 
4.024896e+06 
4.024896e+06 
4.024896e+06 
4.024896e+06 
4.024896e+06 
1.280822e+06 
1.280822e+06 
1.280822e+06 
1.280822e+06 
1.280822e+06 
1.280822e+06 
1.280822e+06 
1.280822e+06 
1.280822e+06 
1.280822e+06 
1.134412e+06 
1.134412e+06 
1.134412e+06 
1.134412e+06 
1.010127e+06 
1.010127e+06 
8.758604e+05 
8.758604e+05 
8.758604e+05 
8.758604e+05 
8.758604e+05 
8.758604e+05 
8.758604e+05 
8.758604e+05 
8.758604e+05 
8.758604e+05 
8.758604e+05 
8.758604e+05 
8.758604e+05 
8.758604e+05 
8.758604e+05 
8.758604e+05 
8.758604e+05 
7.069129e+05 
7.069129e+05 
6.058219e+05 
6.058219e+05 
6.058219e+05 
6.058219e+05 
6.058219e+05 
6.058219e+05 
6.058219e+05 
6.058219e+05 
6.058219e+05 
6.058219e+05 
3.609575e+05 
3.609575e+05 
3.609575e+05 
3.609575e+05 
3.609575e+05 
3.609575e+05 
3.609575e+05 
3.609575e+05 
3.609575e+05 
3.609575e+05 
3.609575e+05 
3.609575e+05 
1.069681e+05 
1.069681e+05 
1.069681e+05 
1.069681e+05 
1.069681e+05 
1.069681e+05 
1.069681e+05 
1.069681e+05 
1.069681e+05 
1.069681e+05 
1.069681e+05 
1.069681e+05 
1.069681e+05 
1.069681e+05 
1.069681e+05 
1.069681e+05 
1.069681e+05 
1.069681e+05 
1.069681e+05 
1.069681e+05 
1.069681e+05 
1.069681e+05 
1.069681e+05 
1.069681e+05 
1.069681e+05 
1.069681e+05 
1.069681e+05 
1.069681e+05 
1.069681e+05 
1.069681e+05 
1.069681e+05 
1.069681e+05 
1.069681e+05 
1.069681e+05 
1.069681e+05 
1.069681e+05 
1.069681e+05 
6.794125e+04 
6.794125e+04 
6.794125e+04 
6.794125e+04 
6.794125e+04 
6.794125e+04 
6.794125e+04 
6.794125e+04 
6.794125e+04 
6.794125e+04 
6.794125e+04 
6.794125e+04 
6.794125e+04 
6.794125e+04 
6.794125e+04 
6.794125e+04 
6.794125e+04 
6.794125e+04 
6.794125e+04 
6.794125e+04 
6.794125e+04 
6.794125e+04 
6.794125e+04 
6.794125e+04 
6.794125e+04 
6.794125e+04 
6.794125e+04 
6.794125e+04 
6.794125e+04 
6.794125e+04 
6.794125e+04 
6.794125e+04 
6.794125e+04 
6.794125e+04 
6.794125e+04 
6.794125e+04 
6.794125e+04 
6.794125e+04 
6.794125e+04 
6.794125e+04 
6.794125e+04 
6.794125e+04 
6.794125e+04 
6.794125e+04 
6.794125e+04 
6.794125e+04 
6.794125e+04 
6.794125e+04 
6.794125e+04 
6.794125e+04 
6.794125e+04 
6.794125e+04 
6.794125e+04 
6.794125e+04 
6.794125e+04 
6.794125e+04 
6.794125e+04 
6.794125e+04 
6.794125e+04 
6.794125e+04 
6.794125e+04 
6.794125e+04 
6.794125e+04 
6.794125e+04 
6.794125e+04 
6.794125e+04 
6.794125e+04 
6.794125e+04 
6.794125e+04 
6.794125e+04 
6.794125e+04 
3.352238e+04 
3.352238e+04 
3.352238e+04 
3.352238e+04 
3.352238e+04 
3.352238e+04 
3.352238e+04 
3.352238e+04 
3.352238e+04 
3.352238e+04 
3.352238e+04 
3.352238e+04 
3.352238e+04 
3.352238e+04 
3.352238e+04 
3.352238e+04 
3.352238e+04 
3.352238e+04 
3.352238e+04 
3.352238e+04 
3.352238e+04 
3.352238e+04 
3.352238e+04 
3.352238e+04 
3.352238e+04 
3.352238e+04 
3.352238e+04 
3.352238e+04 
2.674207e+04 
2.674207e+04 
2.674207e+04 
2.674207e+04 
2.674207e+04 
2.674207e+04 
2.674207e+04 
2.674207e+04 
2.674207e+04 
2.674207e+04 
2.674207e+04 
2.674207e+04 
2.674207e+04 
2.674207e+04 
2.674207e+04 
2.674207e+04 
2.674207e+04 
2.674207e+04 
2.674207e+04 
2.674207e+04 
2.674207e+04 
2.674207e+04 
2.674207e+04 
2.674207e+04 
2.674207e+04 
2.674207e+04 
2.674207e+04 
2.674207e+04 
2.674207e+04 
2.275538e+04 
2.275538e+04 
2.275538e+04 
2.275538e+04 
2.275538e+04 
2.275538e+04 
2.275538e+04 
2.275538e+04 
2.275538e+04 
2.275538e+04 
2.275538e+04 
2.275538e+04 
2.275538e+04 
2.275538e+04 
2.275538e+04 
2.275538e+04 
2.275538e+04 
2.275538e+04 
2.275538e+04 
2.275538e+04 
1.842257e+04 
1.842257e+04 
1.842257e+04 
1.842257e+04 
1.842257e+04 
1.842257e+04 
1.842257e+04 
1.842257e+04 
1.842257e+04 
1.842257e+04 
1.842257e+04 
1.842257e+04 
1.842257e+04 
1.842257e+04 
1.842257e+04 
1.842257e+04 
1.842257e+04 
1.842257e+04 
1.842257e+04 
1.842257e+04 
1.356697e+04 
1.356697e+04 
1.356697e+04 
1.356697e+04 
1.356697e+04 
1.356697e+04 
1.356697e+04 
1.356697e+04 
1.356697e+04 
1.356697e+04 
1.356697e+04 
1.356697e+04 
1.356697e+04 
1.356697e+04 
1.356697e+04 
1.356697e+04 
1.356697e+04 
1.356697e+04 
1.356697e+04 
1.356697e+04 
1.356697e+04 
1.356697e+04 
1.356697e+04 
1.356697e+04 
1.356697e+04 
1.356697e+04 
1.356697e+04 
1.356697e+04 
1.356697e+04 
1.356697e+04 
1.356697e+04 
1.356697e+04 
1.356697e+04 
1.356697e+04 
1.356697e+04 
1.356697e+04 
1.356697e+04 
1.356697e+04 
1.356697e+04 
1.356697e+04 
1.356697e+04 
1.356697e+04 
1.356697e+04 
1.356697e+04 
1.356697e+04 
1.356697e+04 
1.356697e+04 
1.356697e+04 
1.356697e+04 
1.356697e+04 
1.356697e+04 
1.356697e+04 
1.356697e+04 
1.356697e+04 
1.356697e+04 
1.356697e+04 
1.356697e+04 
1.356697e+04 
1.356697e+04 
1.356697e+04 
1.356697e+04 
1.356697e+04 
1.356697e+04 
1.356697e+04 
1.356697e+04 
1.356697e+04 
1.356697e+04 
1.356697e+04 
1.356697e+04 
1.356697e+04 
1.356697e+04 
1.356697e+04 
1.356697e+04 
1.356697e+04 
1.356697e+04 
1.356697e+04 
1.356697e+04 
1.356697e+04 
1.356697e+04 
1.356697e+04 
1.356697e+04 
1.356697e+04 
1.356697e+04 
1.356697e+04 
1.356697e+04 
1.356697e+04 
1.356697e+04 
1.356697e+04 
1.356697e+04 
1.356697e+04 
1.356697e+04 
1.356697e+04 
1.356697e+04 
1.356697e+04 
1.356697e+04 
1.356697e+04 
1.356697e+04 
1.356697e+04 
1.356697e+04 
1.356697e+04 
1.356697e+04 
1.356697e+04 
1.356697e+04 
1.356697e+04 
1.356697e+04 
1.356697e+04 
1.356697e+04 
1.338294e+04 
1.338294e+04 
1.338294e+04 
1.338294e+04 
1.338294e+04 
1.338294e+04 
1.338294e+04 
1.338294e+04 
1.338294e+04 
1.338294e+04 
1.338294e+04 
1.338294e+04 
1.338294e+04 
1.338294e+04 
1.338294e+04 
1.338294e+04 
1.338294e+04 
1.338294e+04 
1.338294e+04 
1.338294e+04 
1.338294e+04 
1.338294e+04 
1.338294e+04 
1.338294e+04 
1.338294e+04 
1.338294e+04 
1.070760e+04 
1.070760e+04 
1.070760e+04 
1.070760e+04 
1.070760e+04 
1.070760e+04 
1.070760e+04 
1.070760e+04 
1.070760e+04 
1.070760e+04 
1.070760e+04 
1.070760e+04 
1.070760e+04 
1.070760e+04 
1.070760e+04 
1.042705e+04 
1.042705e+04 
1.042705e+04 
1.042705e+04 
1.042705e+04 
1.042705e+04 
1.042705e+04 
1.042705e+04 
1.042705e+04 
1.042705e+04 
1.042705e+04 
1.042705e+04 
1.042705e+04 
1.042705e+04 
1.042705e+04 
1.042705e+04 
1.042705e+04 
1.042705e+04 
1.042705e+04 
1.042705e+04 
1.042705e+04 
1.042705e+04 
1.042705e+04 
1.042705e+04 
1.042705e+04 
1.042705e+04 
1.042705e+04 
1.042705e+04 
1.042705e+04 
1.042705e+04 
1.042705e+04 
1.042705e+04 
1.042705e+04 
1.042705e+04 
1.042705e+04 
1.042705e+04 
1.042705e+04 
1.042705e+04 
1.022237e+04 
1.022237e+04 
1.022237e+04 
1.022237e+04 
1.022237e+04 
1.022237e+04 
1.022237e+04 
1.022237e+04 
1.022237e+04 
1.022237e+04 
1.022237e+04 
1.022237e+04 
9.590928e+03 
9.590928e+03 
5.398701e+03 
5.398701e+03 
5.398701e+03 
5.398701e+03 
5.398701e+03 
5.398701e+03 
5.398701e+03 
5.398701e+03 
5.398701e+03 
5.398701e+03 
5.398701e+03 
5.398701e+03 
5.398701e+03 
5.398701e+03 
5.398701e+03 
5.398701e+03 
5.398701e+03 
5.398701e+03 
5.398701e+03 
5.398701e+03 
5.398701e+03 
5.398701e+03 
5.398701e+03 
5.398701e+03 
5.398701e+03 
5.398701e+03 
5.398701e+03 
5.398701e+03 
5.398701e+03 
5.398701e+03 
5.398701e+03 
5.398701e+03 
5.398701e+03 
5.398701e+03 
5.398701e+03 
5.398701e+03 
5.398701e+03 
5.398701e+03 
5.398701e+03 
5.398701e+03 
5.398701e+03 
5.398701e+03 
5.398701e+03 
5.398701e+03 
5.398701e+03 
5.398701e+03 
5.281850e+03 
5.281850e+03 
5.281850e+03 
5.281850e+03 
5.281850e+03 
5.281850e+03 
5.281850e+03 
5.281850e+03 
5.281850e+03 
5.281850e+03 
5.281850e+03 
5.281850e+03 
5.281850e+03 
5.281850e+03 
5.281850e+03 
5.281850e+03 
5.281850e+03 
5.281850e+03 
5.281850e+03 
5.281850e+03 
5.281850e+03 
5.281850e+03 
5.281850e+03 
5.281850e+03 
5.281850e+03 
5.281850e+03 
5.281850e+03 
5.281850e+03 
5.281850e+03 
5.281850e+03 
4.799081e+03 
4.203421e+03 
4.203421e+03 
4.203421e+03 
4.203421e+03 
4.203421e+03 
4.203421e+03 
4.203421e+03 
4.203421e+03 
3.771647e+03 
3.771647e+03 
3.771647e+03 
3.771647e+03 
3.734784e+03 
3.734784e+03 
3.734784e+03 
3.734784e+03 
3.734784e+03 
3.728025e+03 
3.728025e+03 
3.728025e+03 
3.728025e+03 
3.728025e+03 
3.728025e+03 
3.728025e+03 
3.511425e+03 
3.511425e+03 
3.511425e+03 
3.511425e+03 
3.511425e+03 
3.068649e+03 
3.068649e+03 
3.068649e+03 
3.068649e+03 
3.068649e+03 
3.068649e+03 
3.068649e+03 
3.068649e+03 
3.068649e+03 
3.068649e+03 
3.068649e+03 
3.068649e+03 
3.068649e+03 
3.068649e+03 
2.602158e+03 
2.602158e+03 
2.602158e+03 
2.602158e+03 
2.602158e+03 
2.602158e+03 
2.602158e+03 
2.602158e+03 
2.602158e+03 
2.602158e+03 
2.602158e+03 
2.602158e+03 
2.602158e+03 
2.602158e+03 
2.602158e+03 
2.602158e+03 
2.602158e+03 
2.602158e+03 
2.602158e+03 
2.602158e+03 
2.602158e+03 
2.602158e+03 
2.602158e+03 
2.602158e+03 
2.602158e+03 
2.602158e+03 
2.602158e+03 
2.602158e+03 
2.602158e+03 
2.602158e+03 
2.602158e+03 
2.602158e+03 
2.602158e+03 
2.602158e+03 
2.602158e+03 
2.602158e+03 
2.602158e+03 
2.602158e+03 
2.602158e+03 
2.602158e+03 
2.602158e+03 
2.602158e+03 
2.602158e+03 
2.602158e+03 
2.602158e+03 
2.602158e+03 
2.602158e+03 
2.602158e+03 
2.602158e+03 
2.602158e+03 
2.602158e+03 
2.602158e+03 
2.602158e+03 
2.602158e+03 
2.602158e+03 
2.602158e+03 
2.602158e+03 
2.602158e+03 
2.602158e+03 
2.602158e+03 
2.602158e+03 
2.602158e+03 
2.602158e+03 
2.602158e+03 
2.602158e+03 
2.602158e+03 
2.602158e+03 
2.602158e+03 
2.602158e+03 
2.602158e+03 
2.602158e+03 
2.602158e+03 
2.602158e+03 
2.602158e+03 
2.602158e+03 
2.602158e+03 
2.066103e+03 
2.066103e+03 
2.066103e+03 
2.066103e+03 
2.066103e+03 
2.066103e+03 
2.066103e+03 
2.066103e+03 
2.066103e+03 
2.066103e+03 
2.066103e+03 
2.066103e+03 
2.066103e+03 
2.066103e+03 
2.066103e+03 
2.066103e+03 
2.066103e+03 
2.066103e+03 
2.066103e+03 
2.066103e+03 
2.066103e+03 
2.066103e+03 
2.066103e+03 
2.066103e+03 
2.066103e+03 
2.066103e+03 
2.066103e+03 
2.066103e+03 
2.066103e+03 
2.066103e+03 
2.066103e+03 
2.066103e+03 
2.066103e+03 
2.066103e+03 
2.066103e+03 
2.066103e+03 
2.066103e+03 
2.066103e+03 
2.066103e+03 
2.066103e+03 
2.066103e+03 
2.066103e+03 
2.066103e+03 
2.066103e+03 
2.066103e+03 
2.066103e+03 
2.066103e+03 
2.066103e+03 
2.066103e+03 
2.021192e+03 
2.021192e+03 
2.021192e+03 
2.002624e+03 
2.002624e+03 
2.002624e+03 
2.002624e+03 
2.002624e+03 
2.002624e+03 
2.002624e+03 
2.002624e+03 
2.002624e+03 
2.002624e+03 
2.002624e+03 
2.002624e+03 
2.002624e+03 
2.002624e+03 
2.002624e+03 
2.002624e+03 
2.002624e+03 
2.002624e+03 
2.002624e+03 
2.002624e+03 
2.002624e+03 
2.002624e+03 
2.002624e+03 
2.002624e+03 
2.002624e+03 
2.002624e+03 
2.002624e+03 
2.002624e+03 
2.002624e+03 
2.002624e+03 
2.002624e+03 
2.002624e+03 
2.002624e+03 
2.002624e+03 
2.002624e+03 
2.002624e+03 
2.002624e+03 
2.002624e+03 
2.002624e+03 
2.002624e+03 
2.002624e+03 
2.002624e+03 
2.002624e+03 
2.002624e+03 
2.002624e+03 
2.002624e+03 
2.002624e+03 
2.002624e+03 
2.002624e+03 
2.002624e+03 
2.002624e+03 
2.002624e+03 
2.002624e+03 
2.002624e+03 
2.002624e+03 
2.002624e+03 
2.002624e+03 
2.002624e+03 
2.002624e+03 
2.002624e+03 
1.772974e+03 
1.772974e+03 
1.772974e+03 
1.772974e+03 
1.772974e+03 
1.772974e+03 
1.772974e+03 
1.772974e+03 
1.772974e+03 
1.772974e+03 
1.772974e+03 
1.772974e+03 
1.772974e+03 
1.772974e+03 
1.772974e+03 
1.550251e+03 
1.550251e+03 
1.550251e+03 
1.550251e+03 
1.550251e+03 
1.550251e+03 
1.550251e+03 
1.550251e+03 
1.550251e+03 
1.550251e+03 
1.550251e+03 
1.550251e+03 
1.550251e+03 
1.550251e+03 
1.550251e+03 
1.550251e+03 
1.550251e+03 
1.550251e+03 
1.550251e+03 
1.550251e+03 
1.550251e+03 
1.550251e+03 
1.550251e+03 
1.550251e+03 
1.550251e+03 
1.550251e+03 
1.550251e+03 
1.550251e+03 
1.550251e+03 
1.550251e+03 
1.550251e+03 
1.439404e+03 
1.439404e+03 
1.439404e+03 
1.439404e+03 
1.439404e+03 
1.439404e+03 
1.439404e+03 
1.439404e+03 
1.439404e+03 
1.439404e+03 
1.439404e+03 
1.439404e+03 
1.439404e+03 
1.439404e+03 
1.439404e+03 
1.439404e+03 
1.439404e+03 
1.439404e+03 
1.439404e+03 
1.439404e+03 
1.439404e+03 
1.439404e+03 
1.180402e+03 
1.180402e+03 
1.180402e+03 
1.156285e+03 
1.156285e+03 
1.156285e+03 
1.156285e+03 
1.156285e+03 
1.156285e+03 
1.156285e+03 
1.156285e+03 
1.156285e+03 
1.156285e+03 
1.156285e+03 
1.156285e+03 
1.156285e+03 
1.156285e+03 
1.156285e+03 
1.156285e+03 
1.156285e+03 
1.156285e+03 
1.156285e+03 
1.156285e+03 
1.156285e+03 
1.156285e+03 
1.156285e+03 
1.156285e+03 
1.156285e+03 
1.156285e+03 
1.156285e+03 
1.156285e+03 
1.156285e+03 
1.156285e+03 
1.156285e+03 
1.156285e+03 
1.156285e+03 
1.156285e+03 
1.156285e+03 
1.156285e+03 
9.618268e+02 
9.618268e+02 
9.618268e+02 
9.618268e+02 
9.618268e+02 
9.618268e+02 
9.618268e+02 
9.618268e+02 
9.618268e+02 
9.618268e+02 
9.618268e+02 
9.457154e+02 
9.457154e+02 
9.457154e+02 
9.457154e+02 
9.457154e+02 
9.457154e+02 
9.457154e+02 
9.457154e+02 
9.457154e+02 
9.457154e+02 
9.457154e+02 
9.457154e+02 
9.457154e+02 
9.457154e+02 
9.457154e+02 
9.457154e+02 
9.457154e+02 
9.457154e+02 
9.457154e+02 
9.457154e+02 
9.457154e+02 
9.457154e+02 
9.457154e+02 
9.457154e+02 
9.457154e+02 
9.457154e+02 
9.457154e+02 
9.457154e+02 
9.457154e+02 
9.457154e+02 
7.430411e+02 
7.430411e+02 
7.430411e+02 
7.430411e+02 
7.430411e+02 
7.430411e+02 
7.430411e+02 
7.430411e+02 
7.430411e+02 
7.430411e+02 
7.430411e+02 
7.430411e+02 
7.430411e+02 
7.430411e+02 
7.430411e+02 
7.430411e+02 
7.430411e+02 
7.384705e+02 
7.384705e+02 
7.384705e+02 
7.384705e+02 
7.384705e+02 
7.384705e+02 
7.384705e+02 
7.384705e+02 
7.384705e+02 
7.384705e+02 
7.384705e+02 
7.384705e+02 
7.384705e+02 
7.384705e+02 
7.384705e+02 
7.384705e+02 
7.384705e+02 
7.384705e+02 
7.384705e+02 
7.384705e+02 
4.226345e+02 
4.226345e+02 
4.226345e+02 
4.226345e+02 
4.226345e+02 
4.226345e+02 
4.226345e+02 
4.226345e+02 
4.226345e+02 
4.226345e+02 
4.226345e+02 
4.226345e+02 
4.226345e+02 
4.226345e+02 
4.226345e+02 
4.226345e+02 
4.226345e+02 
4.226345e+02 
4.226345e+02 
4.226345e+02 
4.226345e+02 
4.226345e+02 
4.226345e+02 
4.226345e+02 
4.226345e+02 
4.226345e+02 
4.226345e+02 
4.226345e+02 
4.226345e+02 
4.226345e+02 
4.226345e+02 
4.226345e+02 
4.226345e+02 
4.226345e+02 
4.226345e+02 
4.226345e+02 
4.226345e+02 
4.226345e+02 
4.226345e+02 
4.226345e+02 
4.226345e+02 
4.226345e+02 
4.226345e+02 
4.226345e+02 
4.226345e+02 
4.226345e+02 
4.226345e+02 
4.226345e+02 
4.226345e+02 
4.226345e+02 
4.226345e+02 
4.226345e+02 
4.226345e+02 
4.226345e+02 
4.226345e+02 
4.226345e+02 
4.226345e+02 
4.226345e+02 
4.226345e+02 
4.226345e+02 
4.226345e+02 
4.226345e+02 
4.226345e+02 
4.226345e+02 
4.226345e+02 
4.226345e+02 
4.127251e+02 
4.127251e+02 
4.127251e+02 
4.127251e+02 
4.127251e+02 
4.127251e+02 
4.127251e+02 
4.127251e+02 
4.127251e+02 
4.127251e+02 
4.127251e+02 
4.127251e+02 
4.127251e+02 
4.127251e+02 
4.127251e+02 
4.127251e+02 
4.127251e+02 
4.127251e+02 
4.127251e+02 
4.127251e+02 
4.127251e+02 
4.127251e+02 
4.127251e+02 
4.127251e+02 
4.127251e+02 
4.127251e+02 
4.117096e+02 
4.117096e+02 
4.117096e+02 
4.117096e+02 
3.936443e+02 
3.936443e+02 
3.936443e+02 
3.936443e+02 
3.866871e+02 
3.866871e+02 
3.866871e+02 
3.866871e+02 
3.866871e+02 
3.866871e+02 
3.866871e+02 
3.866871e+02 
3.866871e+02 
3.866871e+02 
3.866871e+02 
3.866871e+02 
3.823164e+02 
3.823164e+02 
3.823164e+02 
3.823164e+02 
3.823164e+02 
3.659761e+02 
3.659761e+02 
3.659761e+02 
3.659761e+02 
3.659761e+02 
3.659761e+02 
3.659761e+02 
3.659761e+02 
3.659761e+02 
3.659761e+02 
3.659761e+02 
3.659761e+02 
3.659761e+02 
3.659761e+02 
3.495608e+02 
3.495608e+02 
3.371308e+02 
3.371308e+02 
3.371308e+02 
3.371308e+02 
3.371308e+02 
3.371308e+02 
3.371308e+02 
3.371308e+02 
3.193393e+02 
3.193393e+02 
3.193393e+02 
2.941360e+02 
2.941360e+02 
2.941360e+02 
2.941360e+02 
2.941360e+02 
2.941360e+02 
2.941360e+02 
2.941360e+02 
2.941360e+02 
2.941360e+02 
2.941360e+02 
2.941360e+02 
2.941360e+02 
2.810546e+02 
2.810546e+02 
2.810546e+02 
2.810546e+02 
2.810546e+02 
2.810546e+02 
2.810546e+02 
2.810546e+02 
2.810546e+02 
2.734290e+02 
2.734290e+02 
2.734290e+02 
2.734290e+02 
2.734290e+02 
2.734290e+02 
2.734290e+02 
2.734290e+02 
2.734290e+02 
2.734290e+02 
2.734290e+02 
2.734290e+02 
2.713527e+02 
2.713527e+02 
2.713527e+02 
2.713527e+02 
2.713527e+02 
2.713527e+02 
2.713527e+02 
2.713527e+02 
2.713527e+02 
2.538911e+02 
2.423485e+02 
2.423485e+02 
2.423485e+02 
2.423485e+02 
2.423485e+02 
2.423485e+02 
1.994033e+02 
1.977419e+02 
1.977419e+02 
1.977419e+02 
1.977419e+02 
1.977419e+02 
1.977419e+02 
1.977419e+02 
1.977419e+02 
1.977419e+02 
1.977419e+02 
1.977419e+02 
1.977419e+02 
1.977419e+02 
1.977419e+02 
1.977419e+02 
1.977419e+02 
1.977419e+02 
1.977419e+02 
1.977419e+02 
1.977419e+02 
1.977419e+02 
1.977419e+02 
1.977419e+02 
1.977419e+02 
1.977419e+02 
1.977419e+02 
1.977419e+02 
1.977419e+02 
1.977419e+02 
1.903501e+02 
1.903501e+02 
1.903501e+02 
1.903501e+02 
1.903501e+02 
1.849463e+02 
1.849463e+02 
1.849463e+02 
1.849463e+02 
1.849463e+02 
1.849463e+02 
1.849463e+02 
1.849463e+02 
1.849463e+02 
1.849463e+02 
1.810557e+02 
1.810557e+02 
1.810557e+02 
1.810557e+02 
1.810557e+02 
1.810557e+02 
1.810557e+02 
1.810557e+02 
1.810557e+02 
1.810557e+02 
1.810557e+02 
1.810557e+02 
1.810557e+02 
1.810557e+02 
1.761031e+02 
1.761031e+02 
1.681719e+02 
1.681719e+02 
1.681719e+02 
1.681719e+02 
1.681719e+02 
1.681719e+02 
1.681719e+02 
1.681719e+02 
1.681719e+02 
1.621910e+02 
1.621910e+02 
1.621910e+02 
1.604620e+02 
1.604620e+02 
1.604620e+02 
1.604620e+02 
1.604620e+02 
1.604620e+02 
1.604620e+02 
1.604620e+02 
1.604620e+02 
1.604620e+02 
1.492613e+02 
1.492613e+02 
1.492613e+02 
1.492613e+02 
1.492613e+02 
1.492613e+02 
1.492613e+02 
1.492613e+02 
1.492613e+02 
1.492613e+02 
1.492613e+02 
1.492613e+02 
1.492613e+02 
1.492613e+02 
1.492613e+02 
1.492613e+02 
1.492613e+02 
1.492613e+02 
1.492613e+02 
1.492613e+02 
1.492613e+02 
1.492613e+02 
1.492613e+02 
1.492613e+02 
1.492613e+02 
1.492613e+02 
1.492613e+02 
1.492613e+02 
1.492613e+02 
1.492613e+02 
1.492613e+02 
1.492613e+02 
1.492613e+02 
1.492613e+02 
1.492613e+02 
1.492613e+02 
1.492613e+02 
1.492613e+02 
1.492613e+02 
1.492613e+02 
1.481827e+02 
1.481827e+02 
1.481827e+02 
1.481827e+02 
1.481827e+02 
1.481827e+02 
1.481827e+02 
1.481827e+02 
1.478497e+02 
1.478497e+02 
1.478497e+02 
1.478497e+02 
1.478497e+02 
1.478497e+02 
1.478497e+02 
1.478497e+02 
1.478497e+02 
1.478497e+02 
1.478497e+02 
1.478497e+02 
1.456953e+02 
1.456953e+02 
1.456953e+02 
1.456953e+02 
1.456953e+02 
1.456953e+02 
1.456953e+02 
1.456953e+02 
1.456953e+02 
1.456953e+02 
1.456953e+02 
1.456953e+02 
1.456953e+02 
1.456953e+02 
1.456953e+02 
1.456953e+02 
1.456953e+02 
1.456953e+02 
1.421426e+02 
1.421426e+02 
1.421426e+02 
1.421426e+02 
1.421426e+02 
1.421426e+02 
1.421426e+02 
1.421426e+02 
1.421426e+02 
1.421426e+02 
1.421426e+02 
1.421426e+02 
1.421426e+02 
1.421426e+02 
1.421426e+02 
1.421426e+02 
1.421426e+02 
1.421426e+02 
1.421426e+02 
1.421426e+02 
1.421426e+02 
1.421426e+02 
1.421426e+02 
1.421426e+02 
1.421426e+02 
1.421426e+02 
1.421426e+02 
1.421426e+02 
1.421426e+02 
1.421426e+02 
1.421426e+02 
1.421426e+02 
1.421426e+02 
1.421426e+02 
1.421426e+02 
1.421426e+02 
1.419000e+02 
1.419000e+02 
1.419000e+02 
1.419000e+02 
1.419000e+02 
1.419000e+02 
1.419000e+02 
1.419000e+02 
1.419000e+02 
1.419000e+02 
1.419000e+02 
1.419000e+02 
1.419000e+02 
1.419000e+02 
1.419000e+02 
1.419000e+02 
1.419000e+02 
1.419000e+02 
1.419000e+02 
1.419000e+02 
1.419000e+02 
1.419000e+02 
1.419000e+02 
1.419000e+02 
1.405403e+02 
1.405403e+02 
1.405403e+02 
1.405403e+02 
1.405403e+02 
1.367187e+02 
1.367187e+02 
1.367187e+02 
1.367187e+02 
1.367187e+02 
1.367187e+02 
1.367187e+02 
1.367187e+02 
1.367187e+02 
1.367187e+02 
1.367187e+02 
1.367187e+02 
1.367187e+02 
1.367187e+02 
1.367187e+02 
1.367187e+02 
1.345852e+02 
1.345852e+02 
1.345852e+02 
1.345852e+02 
1.345852e+02 
1.345852e+02 
1.345852e+02 
1.345852e+02 
1.345852e+02 
1.345852e+02 
1.345852e+02 
1.345852e+02 
1.345852e+02 
1.345852e+02 
1.345852e+02 
1.345852e+02 
1.345852e+02 
1.345852e+02 
1.345852e+02 
1.345852e+02 
1.345852e+02 
1.345852e+02 
1.345852e+02 
1.345852e+02 
1.345852e+02 
1.345852e+02 
1.345852e+02 
1.345852e+02 
1.345852e+02 
1.345852e+02 
1.345852e+02 
1.345852e+02 
1.345852e+02 
1.345852e+02 
1.345852e+02 
1.345852e+02 
1.345852e+02 
1.345852e+02 
1.345852e+02 
1.345852e+02 
1.345852e+02 
1.345852e+02 
1.345852e+02 
1.345852e+02 
1.345852e+02 
1.345852e+02 
1.345852e+02 
1.345852e+02 
1.345852e+02 
1.328312e+02 
1.328312e+02 
1.328312e+02 
1.328312e+02 
1.328312e+02 
1.328312e+02 
1.328312e+02 
1.324173e+02 
1.324173e+02 
1.324173e+02 
1.324173e+02 
1.324173e+02 
1.324173e+02 
1.324173e+02 
1.324173e+02 
1.324173e+02 
1.308059e+02 
1.308059e+02 
1.308059e+02 
1.308059e+02 
1.308059e+02 
1.308059e+02 
1.308059e+02 
1.308059e+02 
1.308059e+02 
1.308059e+02 
1.308059e+02 
1.308059e+02 
1.308059e+02 
1.308059e+02 
1.308059e+02 
1.308059e+02 
1.308059e+02 
1.308059e+02 
1.308059e+02 
1.308059e+02 
1.308059e+02 
1.308059e+02 
1.308059e+02 
1.308059e+02 
1.308059e+02 
1.308059e+02 
1.308059e+02 
1.308059e+02 
1.308059e+02 
1.308059e+02 
1.308059e+02 
1.308059e+02 
1.307820e+02 
1.307820e+02 
1.307820e+02 
1.307820e+02 
1.307820e+02 
1.307820e+02 
1.307820e+02 
1.307820e+02 
1.294806e+02 
1.294806e+02 
1.294806e+02 
1.294806e+02 
1.294806e+02 
1.294806e+02 
1.294806e+02 
1.294806e+02 
1.294806e+02 
1.294806e+02 
1.294806e+02 
1.294806e+02 
1.294806e+02 
1.277475e+02 
1.277475e+02 
1.277475e+02 
1.277475e+02 
1.277475e+02 
1.277475e+02 
1.277475e+02 
1.277475e+02 
1.277475e+02 
1.277475e+02 
1.277475e+02 
1.277475e+02 
1.277475e+02 
1.277475e+02 
1.277475e+02 
1.277475e+02 
1.277475e+02 
1.277475e+02 
1.277475e+02 
1.277475e+02 
1.277475e+02 
1.277475e+02 
1.277475e+02 
1.277475e+02 
1.277475e+02 
1.277475e+02 
1.277475e+02 
1.277475e+02 
1.277475e+02 
1.277475e+02 
1.277475e+02 
1.277475e+02 
1.277475e+02 
1.277475e+02 
1.277475e+02 
1.277475e+02 
1.277475e+02 
1.277475e+02 
1.277475e+02 
1.277475e+02 
1.277475e+02 
1.277475e+02 
1.273883e+02 
1.269391e+02 
1.269391e+02 
1.269391e+02 
1.269391e+02 
1.269391e+02 
1.269391e+02 
1.269391e+02 
1.269391e+02 
1.269391e+02 
1.269391e+02 
1.269391e+02 
1.269391e+02 
1.269391e+02 
1.269391e+02 
1.269391e+02 
1.269391e+02 
1.269391e+02 
1.269391e+02 
1.268078e+02 
1.264171e+02 
1.264171e+02 
1.264171e+02 
1.264171e+02 
1.264171e+02 
1.264171e+02 
1.264171e+02 
1.264171e+02 
1.264171e+02 
1.264171e+02 
1.264171e+02 
1.264171e+02 
1.264171e+02 
1.264171e+02 
1.264171e+02 
1.264171e+02 
1.264171e+02 
1.264171e+02 
1.264171e+02 
1.264171e+02 
1.264171e+02 
1.264171e+02 
1.264171e+02 
1.264171e+02 
1.264171e+02 
1.264171e+02 
1.264171e+02 
1.264171e+02 
1.264171e+02 
1.264171e+02 
1.264171e+02 
1.264171e+02 
1.264171e+02 
1.264171e+02 
1.264171e+02 
1.264171e+02 
1.260919e+02 
1.260919e+02 
1.260919e+02 
1.260919e+02 
1.260919e+02 
1.260919e+02 
1.260919e+02 
1.260919e+02 
1.260919e+02 
1.260919e+02 
1.260919e+02 
1.260919e+02 
1.260919e+02 
1.260919e+02 
1.260919e+02 
1.260919e+02 
1.260919e+02 
1.260919e+02 
1.260919e+02 
1.260919e+02 
1.260919e+02 
1.260919e+02 
1.260919e+02 
1.260919e+02 
1.260919e+02 
1.260919e+02 
1.260919e+02 
1.260919e+02 
1.260919e+02 
1.260369e+02 
1.260369e+02 
1.260369e+02 
1.260369e+02 
1.260369e+02 
1.260369e+02 
1.260369e+02 
1.260369e+02 
1.260369e+02 
1.260369e+02 
1.260369e+02 
1.260369e+02 
1.260369e+02 
1.260369e+02 
1.260369e+02 
1.260369e+02 
1.260369e+02 
