1.522259e+03 
1.522259e+03 
1.522259e+03 
1.522259e+03 
1.522259e+03 
1.340338e+03 
1.340338e+03 
1.102044e+03 
8.782205e+02 
8.782205e+02 
8.782205e+02 
7.484554e+02 
6.464469e+02 
6.418051e+02 
6.418051e+02 
6.418051e+02 
6.418051e+02 
6.418051e+02 
6.416287e+02 
6.416287e+02 
6.416287e+02 
6.416287e+02 
6.329946e+02 
4.908965e+02 
4.908965e+02 
4.908965e+02 
4.908965e+02 
4.908965e+02 
4.259775e+02 
3.489224e+02 
3.489224e+02 
3.489224e+02 
3.489224e+02 
3.489224e+02 
3.489224e+02 
3.489224e+02 
3.489224e+02 
3.489224e+02 
3.489224e+02 
3.489224e+02 
3.489224e+02 
2.684179e+02 
2.684179e+02 
2.684179e+02 
2.684179e+02 
2.684179e+02 
2.684179e+02 
2.684179e+02 
2.684179e+02 
2.684179e+02 
2.684179e+02 
2.684179e+02 
2.684179e+02 
2.684179e+02 
2.591736e+02 
2.483719e+02 
2.483719e+02 
2.483719e+02 
2.483719e+02 
2.483719e+02 
2.483719e+02 
2.226237e+02 
2.226237e+02 
1.618101e+02 
1.618101e+02 
1.618101e+02 
1.618101e+02 
1.618101e+02 
1.618101e+02 
1.618101e+02 
1.618101e+02 
1.618101e+02 
1.618101e+02 
1.618101e+02 
1.618101e+02 
1.618101e+02 
1.618101e+02 
1.618101e+02 
1.618101e+02 
1.618101e+02 
1.618101e+02 
1.618101e+02 
1.618101e+02 
1.618101e+02 
1.618101e+02 
1.618101e+02 
1.618101e+02 
1.618101e+02 
1.618101e+02 
1.548739e+02 
1.548739e+02 
1.548739e+02 
1.548739e+02 
1.548739e+02 
1.548739e+02 
1.548739e+02 
1.548739e+02 
1.548739e+02 
1.548739e+02 
1.548739e+02 
1.548739e+02 
1.548739e+02 
1.548739e+02 
1.548739e+02 
1.548739e+02 
1.548739e+02 
1.548739e+02 
1.548739e+02 
1.548739e+02 
1.548739e+02 
1.548739e+02 
1.548739e+02 
1.548739e+02 
1.548739e+02 
1.548739e+02 
1.548739e+02 
1.548739e+02 
1.548739e+02 
1.548739e+02 
1.548739e+02 
1.548739e+02 
1.548739e+02 
1.548739e+02 
1.548739e+02 
1.548739e+02 
1.548739e+02 
1.548739e+02 
1.548739e+02 
1.436062e+02 
1.436062e+02 
1.436062e+02 
1.436062e+02 
1.436062e+02 
1.436062e+02 
1.436062e+02 
1.436062e+02 
1.436062e+02 
1.436062e+02 
1.436062e+02 
1.436062e+02 
1.436062e+02 
1.436062e+02 
1.436062e+02 
1.436062e+02 
1.436062e+02 
1.436062e+02 
1.436062e+02 
1.436062e+02 
1.436062e+02 
1.436062e+02 
1.436062e+02 
1.436062e+02 
1.436062e+02 
1.436062e+02 
1.436062e+02 
1.436062e+02 
1.436062e+02 
1.436062e+02 
1.436062e+02 
1.436062e+02 
1.436062e+02 
1.436062e+02 
1.436062e+02 
1.436062e+02 
1.436062e+02 
1.436062e+02 
1.436062e+02 
1.436062e+02 
1.436062e+02 
1.436062e+02 
1.436062e+02 
1.436062e+02 
1.436062e+02 
1.436062e+02 
1.436062e+02 
1.436062e+02 
1.436062e+02 
1.436062e+02 
1.436062e+02 
1.436062e+02 
1.436062e+02 
1.436062e+02 
1.436062e+02 
1.436062e+02 
1.436062e+02 
1.436062e+02 
1.436062e+02 
1.436062e+02 
1.436062e+02 
1.436062e+02 
1.436062e+02 
1.436062e+02 
1.436062e+02 
1.436062e+02 
1.436062e+02 
1.436062e+02 
1.436062e+02 
1.436062e+02 
1.436062e+02 
1.436062e+02 
1.436062e+02 
1.436062e+02 
1.436062e+02 
1.436062e+02 
1.436062e+02 
1.436062e+02 
1.436062e+02 
1.436062e+02 
1.436062e+02 
1.436062e+02 
1.436062e+02 
1.436062e+02 
1.436062e+02 
1.436062e+02 
1.436062e+02 
1.436062e+02 
1.436062e+02 
1.436062e+02 
1.436062e+02 
1.436062e+02 
1.436062e+02 
1.436062e+02 
1.436062e+02 
1.436062e+02 
1.436062e+02 
1.436062e+02 
1.436062e+02 
1.436062e+02 
1.436062e+02 
1.436062e+02 
1.116893e+02 
1.116893e+02 
1.116893e+02 
1.116893e+02 
1.116893e+02 
1.116893e+02 
1.116893e+02 
1.116893e+02 
1.116893e+02 
1.116893e+02 
1.116893e+02 
1.116893e+02 
1.116893e+02 
1.116893e+02 
1.116893e+02 
1.116893e+02 
1.116893e+02 
1.116893e+02 
1.116893e+02 
1.116893e+02 
1.116893e+02 
1.116893e+02 
1.116893e+02 
1.116893e+02 
1.116893e+02 
1.116893e+02 
1.116893e+02 
1.116893e+02 
1.116893e+02 
1.116893e+02 
1.116893e+02 
1.116893e+02 
1.116893e+02 
1.116893e+02 
1.116893e+02 
1.116893e+02 
1.116893e+02 
1.116893e+02 
1.116893e+02 
1.116893e+02 
1.116893e+02 
1.116893e+02 
1.116893e+02 
1.116893e+02 
1.116893e+02 
1.116893e+02 
1.116893e+02 
1.116893e+02 
1.116893e+02 
1.116893e+02 
1.116893e+02 
1.116893e+02 
1.116893e+02 
1.116893e+02 
1.116893e+02 
1.116893e+02 
1.116893e+02 
1.116893e+02 
1.116893e+02 
1.116893e+02 
1.116893e+02 
1.116893e+02 
1.116893e+02 
1.116893e+02 
1.116893e+02 
1.116893e+02 
1.116893e+02 
1.116893e+02 
1.116893e+02 
1.116893e+02 
1.116893e+02 
1.116893e+02 
1.116893e+02 
1.116893e+02 
1.116893e+02 
1.116893e+02 
1.116893e+02 
1.116893e+02 
1.116893e+02 
1.116893e+02 
1.098966e+02 
1.098966e+02 
1.098966e+02 
1.098966e+02 
1.098966e+02 
1.098966e+02 
1.098966e+02 
1.098966e+02 
1.098966e+02 
1.098966e+02 
1.098966e+02 
1.098966e+02 
1.098966e+02 
1.098966e+02 
1.098966e+02 
1.098966e+02 
1.066250e+02 
1.066250e+02 
1.066250e+02 
1.066250e+02 
1.066250e+02 
1.066250e+02 
1.066250e+02 
1.066250e+02 
1.066250e+02 
1.066250e+02 
1.066250e+02 
1.066250e+02 
1.066250e+02 
1.066250e+02 
1.066250e+02 
1.066250e+02 
1.066250e+02 
1.066250e+02 
1.066250e+02 
1.066250e+02 
1.066250e+02 
1.066250e+02 
1.066250e+02 
1.066250e+02 
1.066250e+02 
1.066250e+02 
1.066250e+02 
1.066250e+02 
1.066250e+02 
1.066250e+02 
1.066250e+02 
1.066250e+02 
1.066250e+02 
1.066250e+02 
1.066250e+02 
1.066250e+02 
1.066250e+02 
1.066250e+02 
1.066250e+02 
1.066250e+02 
1.066250e+02 
1.066250e+02 
1.066250e+02 
1.066250e+02 
1.066250e+02 
1.066250e+02 
1.066250e+02 
1.066250e+02 
1.066250e+02 
1.066250e+02 
1.066250e+02 
1.066250e+02 
1.066250e+02 
1.066250e+02 
1.066250e+02 
1.066250e+02 
1.066250e+02 
1.066250e+02 
1.066250e+02 
1.066250e+02 
1.066250e+02 
1.066250e+02 
1.066250e+02 
1.066250e+02 
1.066250e+02 
1.066250e+02 
1.066250e+02 
1.066250e+02 
1.066250e+02 
1.066250e+02 
1.066250e+02 
1.066250e+02 
1.066250e+02 
1.066250e+02 
1.066250e+02 
1.066250e+02 
1.066250e+02 
1.066250e+02 
1.066250e+02 
1.066250e+02 
1.066250e+02 
1.066250e+02 
1.066250e+02 
1.066250e+02 
1.066250e+02 
1.066250e+02 
1.066250e+02 
1.066250e+02 
1.066250e+02 
1.066250e+02 
1.066250e+02 
1.066250e+02 
1.066250e+02 
1.066250e+02 
1.066250e+02 
1.066250e+02 
1.066250e+02 
9.734766e+01 
9.734766e+01 
9.734766e+01 
9.734766e+01 
9.734766e+01 
9.734766e+01 
9.734766e+01 
9.734766e+01 
9.734766e+01 
9.734766e+01 
9.734766e+01 
9.734766e+01 
9.734766e+01 
9.734766e+01 
9.734766e+01 
9.734766e+01 
9.734766e+01 
9.734766e+01 
9.734766e+01 
9.734766e+01 
9.734766e+01 
9.734766e+01 
9.734766e+01 
9.734766e+01 
9.734766e+01 
9.734766e+01 
9.734766e+01 
9.734766e+01 
9.734766e+01 
9.734766e+01 
9.734766e+01 
9.734766e+01 
9.734766e+01 
9.734766e+01 
9.734766e+01 
9.734766e+01 
9.734766e+01 
9.734766e+01 
9.734766e+01 
9.734766e+01 
9.734766e+01 
9.734766e+01 
9.734766e+01 
9.734766e+01 
9.734766e+01 
9.734766e+01 
9.734766e+01 
9.734766e+01 
9.734766e+01 
9.734766e+01 
9.734766e+01 
9.734766e+01 
9.734766e+01 
9.734766e+01 
9.734766e+01 
9.734766e+01 
9.734766e+01 
9.734766e+01 
9.734766e+01 
9.734766e+01 
9.734766e+01 
9.734766e+01 
9.734766e+01 
9.734766e+01 
9.734766e+01 
9.734766e+01 
8.945415e+01 
8.945415e+01 
8.945415e+01 
8.945415e+01 
8.945415e+01 
8.945415e+01 
8.945415e+01 
8.945415e+01 
8.945415e+01 
8.945415e+01 
8.945415e+01 
8.945415e+01 
8.945415e+01 
8.945415e+01 
8.945415e+01 
8.945415e+01 
8.945415e+01 
8.945415e+01 
8.945415e+01 
8.945415e+01 
8.945415e+01 
8.945415e+01 
8.945415e+01 
8.945415e+01 
8.945415e+01 
8.945415e+01 
8.945415e+01 
8.945415e+01 
8.945415e+01 
8.945415e+01 
8.945415e+01 
8.945415e+01 
8.945415e+01 
8.945415e+01 
8.945415e+01 
8.945415e+01 
8.945415e+01 
8.945415e+01 
8.945415e+01 
8.945415e+01 
8.945415e+01 
8.945415e+01 
8.945415e+01 
8.945415e+01 
8.945415e+01 
8.945415e+01 
8.945415e+01 
8.945415e+01 
8.945415e+01 
8.945415e+01 
8.945415e+01 
8.945415e+01 
8.945415e+01 
8.945415e+01 
8.945415e+01 
8.208748e+01 
8.208748e+01 
8.208748e+01 
8.208748e+01 
8.208748e+01 
8.208748e+01 
8.208748e+01 
8.208748e+01 
8.208748e+01 
8.208748e+01 
8.208748e+01 
8.208748e+01 
8.208748e+01 
8.208748e+01 
8.208748e+01 
8.208748e+01 
8.208748e+01 
8.208748e+01 
8.208748e+01 
8.208748e+01 
8.208748e+01 
8.208748e+01 
8.208748e+01 
8.208748e+01 
8.208748e+01 
8.208748e+01 
8.208748e+01 
8.208748e+01 
8.208748e+01 
8.208748e+01 
8.208748e+01 
8.208748e+01 
8.208748e+01 
8.208748e+01 
8.208748e+01 
8.208748e+01 
8.208748e+01 
8.208748e+01 
8.208748e+01 
8.208748e+01 
8.208748e+01 
8.208748e+01 
8.208748e+01 
8.208748e+01 
8.208748e+01 
8.208748e+01 
8.208748e+01 
8.208748e+01 
8.208748e+01 
8.208748e+01 
8.208748e+01 
8.208748e+01 
8.208748e+01 
8.208748e+01 
8.208748e+01 
8.208748e+01 
8.208748e+01 
8.208748e+01 
8.208748e+01 
8.208748e+01 
8.208748e+01 
8.208748e+01 
8.208748e+01 
8.208748e+01 
8.208748e+01 
8.208748e+01 
8.208748e+01 
8.208748e+01 
8.208748e+01 
8.208748e+01 
8.208748e+01 
8.208748e+01 
8.208748e+01 
8.208748e+01 
8.208748e+01 
8.208748e+01 
7.079422e+01 
7.079422e+01 
6.819129e+01 
6.819129e+01 
6.819129e+01 
6.819129e+01 
6.819129e+01 
6.819129e+01 
6.819129e+01 
6.819129e+01 
6.819129e+01 
6.819129e+01 
6.819129e+01 
6.819129e+01 
6.819129e+01 
6.819129e+01 
6.819129e+01 
6.819129e+01 
6.819129e+01 
6.819129e+01 
6.819129e+01 
6.819129e+01 
6.819129e+01 
6.819129e+01 
6.819129e+01 
6.819129e+01 
6.819129e+01 
6.819129e+01 
6.819129e+01 
6.819129e+01 
6.819129e+01 
6.819129e+01 
6.819129e+01 
6.819129e+01 
6.819129e+01 
6.819129e+01 
6.819129e+01 
6.819129e+01 
6.819129e+01 
6.819129e+01 
6.819129e+01 
6.819129e+01 
6.819129e+01 
6.819129e+01 
6.819129e+01 
6.819129e+01 
6.819129e+01 
6.819129e+01 
6.819129e+01 
6.819129e+01 
6.819129e+01 
6.819129e+01 
6.819129e+01 
6.819129e+01 
6.819129e+01 
6.819129e+01 
6.819129e+01 
6.819129e+01 
6.819129e+01 
6.819129e+01 
6.819129e+01 
6.819129e+01 
6.819129e+01 
6.819129e+01 
6.819129e+01 
6.819129e+01 
6.819129e+01 
6.819129e+01 
6.819129e+01 
6.819129e+01 
6.819129e+01 
6.819129e+01 
6.819129e+01 
6.819129e+01 
6.819129e+01 
6.819129e+01 
6.819129e+01 
6.739189e+01 
6.739189e+01 
6.739189e+01 
6.739189e+01 
6.739189e+01 
6.739189e+01 
6.739189e+01 
6.739189e+01 
6.739189e+01 
6.739189e+01 
6.739189e+01 
6.739189e+01 
6.739189e+01 
6.739189e+01 
6.739189e+01 
6.739189e+01 
6.739189e+01 
6.739189e+01 
6.739189e+01 
6.739189e+01 
6.739189e+01 
6.739189e+01 
6.739189e+01 
6.739189e+01 
6.739189e+01 
6.739189e+01 
6.739189e+01 
6.739189e+01 
6.739189e+01 
6.739189e+01 
6.739189e+01 
6.739189e+01 
6.739189e+01 
6.739189e+01 
6.739189e+01 
6.739189e+01 
6.739189e+01 
6.739189e+01 
6.739189e+01 
6.739189e+01 
6.739189e+01 
6.739189e+01 
6.739189e+01 
6.739189e+01 
6.739189e+01 
6.699255e+01 
6.699255e+01 
6.699255e+01 
6.699255e+01 
6.699255e+01 
6.699255e+01 
6.699255e+01 
6.285313e+01 
6.285313e+01 
6.285313e+01 
6.285313e+01 
6.285313e+01 
6.285313e+01 
6.285313e+01 
6.285313e+01 
6.011446e+01 
6.011446e+01 
6.011446e+01 
6.011446e+01 
6.011446e+01 
6.011446e+01 
6.011446e+01 
6.011446e+01 
6.011446e+01 
6.011446e+01 
6.011446e+01 
6.011446e+01 
6.011446e+01 
6.011446e+01 
6.011446e+01 
6.011446e+01 
6.011446e+01 
6.011446e+01 
6.011446e+01 
6.011446e+01 
6.011446e+01 
6.011446e+01 
6.011446e+01 
5.900111e+01 
5.900111e+01 
4.986095e+01 
4.986095e+01 
4.986095e+01 
4.986095e+01 
4.986095e+01 
4.986095e+01 
4.986095e+01 
4.986095e+01 
4.986095e+01 
4.986095e+01 
4.986095e+01 
4.986095e+01 
4.986095e+01 
4.986095e+01 
4.986095e+01 
4.986095e+01 
4.986095e+01 
4.986095e+01 
4.986095e+01 
4.986095e+01 
4.986095e+01 
4.986095e+01 
4.986095e+01 
4.986095e+01 
4.986095e+01 
4.986095e+01 
4.819033e+01 
4.758842e+01 
4.758842e+01 
4.758842e+01 
4.758842e+01 
4.758842e+01 
4.758842e+01 
4.758842e+01 
4.758842e+01 
4.758842e+01 
4.758842e+01 
4.758842e+01 
4.758842e+01 
4.758842e+01 
4.758842e+01 
4.758842e+01 
4.758842e+01 
4.758842e+01 
4.758842e+01 
4.758842e+01 
4.758842e+01 
4.758842e+01 
4.758842e+01 
4.758842e+01 
4.758842e+01 
4.758842e+01 
4.758842e+01 
4.758842e+01 
4.758842e+01 
4.758842e+01 
4.758842e+01 
4.758842e+01 
4.758842e+01 
4.758842e+01 
4.758842e+01 
4.758842e+01 
4.758842e+01 
4.758842e+01 
4.758842e+01 
4.758842e+01 
4.758842e+01 
4.758842e+01 
4.758842e+01 
4.758842e+01 
4.758842e+01 
4.758842e+01 
4.758842e+01 
4.758842e+01 
4.758842e+01 
4.758842e+01 
4.758842e+01 
4.758842e+01 
4.758842e+01 
4.758842e+01 
4.758842e+01 
4.758842e+01 
4.758842e+01 
4.758842e+01 
4.758842e+01 
4.491796e+01 
4.491796e+01 
4.491796e+01 
4.491796e+01 
4.491796e+01 
4.491796e+01 
4.454825e+01 
4.454825e+01 
4.454825e+01 
4.454825e+01 
4.454825e+01 
4.454825e+01 
4.454825e+01 
4.454825e+01 
4.454825e+01 
4.454825e+01 
4.433855e+01 
4.433855e+01 
4.433855e+01 
4.433855e+01 
4.433855e+01 
4.433855e+01 
4.433855e+01 
4.433855e+01 
4.433855e+01 
4.433855e+01 
4.433855e+01 
4.433855e+01 
4.433855e+01 
4.433855e+01 
4.433855e+01 
4.433855e+01 
4.433855e+01 
4.433855e+01 
4.433855e+01 
4.095858e+01 
4.095858e+01 
4.095858e+01 
4.095858e+01 
4.095858e+01 
4.095858e+01 
4.095858e+01 
4.095858e+01 
4.095858e+01 
4.095858e+01 
4.095858e+01 
4.095858e+01 
4.095858e+01 
4.095858e+01 
4.095858e+01 
4.095858e+01 
4.095858e+01 
3.964358e+01 
3.964358e+01 
3.964358e+01 
3.964358e+01 
3.964358e+01 
3.964358e+01 
3.460879e+01 
3.460879e+01 
3.460879e+01 
3.460879e+01 
3.460879e+01 
3.460879e+01 
3.460879e+01 
3.460879e+01 
3.460879e+01 
3.460879e+01 
3.460879e+01 
3.460879e+01 
3.460879e+01 
3.460879e+01 
3.460879e+01 
3.460879e+01 
3.460879e+01 
3.460879e+01 
3.460879e+01 
3.460879e+01 
3.460879e+01 
3.460879e+01 
3.277339e+01 
3.277339e+01 
3.277339e+01 
3.277339e+01 
3.277339e+01 
3.277339e+01 
3.277339e+01 
3.277339e+01 
3.277339e+01 
3.277339e+01 
3.277339e+01 
3.277339e+01 
3.277339e+01 
3.277339e+01 
3.277339e+01 
3.277339e+01 
3.277339e+01 
3.277339e+01 
3.277339e+01 
3.277339e+01 
3.277339e+01 
3.277339e+01 
3.277339e+01 
3.277339e+01 
3.277339e+01 
3.277339e+01 
3.277339e+01 
3.277339e+01 
3.277339e+01 
3.277339e+01 
3.277339e+01 
3.277339e+01 
3.277339e+01 
3.277339e+01 
3.277339e+01 
3.277339e+01 
3.277339e+01 
3.277339e+01 
3.277339e+01 
3.277339e+01 
3.277339e+01 
3.277339e+01 
3.277339e+01 
3.277339e+01 
3.277339e+01 
3.277339e+01 
3.277339e+01 
3.277339e+01 
3.277339e+01 
3.277339e+01 
3.277339e+01 
3.048709e+01 
3.048709e+01 
2.973556e+01 
2.973556e+01 
2.973556e+01 
2.973556e+01 
2.973556e+01 
2.973556e+01 
2.973556e+01 
2.973556e+01 
2.973556e+01 
2.973556e+01 
2.973556e+01 
2.973556e+01 
2.973556e+01 
2.973556e+01 
2.947559e+01 
2.947559e+01 
2.697278e+01 
2.697278e+01 
2.697278e+01 
2.697278e+01 
2.697278e+01 
2.697278e+01 
2.697278e+01 
2.697278e+01 
2.697278e+01 
2.697278e+01 
2.697278e+01 
2.697278e+01 
2.697278e+01 
2.697278e+01 
2.495352e+01 
2.495352e+01 
2.495352e+01 
2.495352e+01 
2.495352e+01 
2.495352e+01 
2.495352e+01 
2.495352e+01 
2.495352e+01 
2.495352e+01 
2.495352e+01 
2.495352e+01 
2.495352e+01 
2.495352e+01 
2.495352e+01 
2.495352e+01 
2.495352e+01 
2.495352e+01 
2.495352e+01 
2.495352e+01 
2.495352e+01 
2.495352e+01 
2.495352e+01 
2.495352e+01 
2.495352e+01 
2.495352e+01 
2.495352e+01 
2.495352e+01 
2.495352e+01 
2.495352e+01 
2.495352e+01 
2.495352e+01 
2.495352e+01 
2.495352e+01 
2.495352e+01 
2.495352e+01 
2.495352e+01 
2.495352e+01 
2.495352e+01 
2.495352e+01 
2.495352e+01 
2.495352e+01 
2.495352e+01 
2.495352e+01 
2.495352e+01 
2.495352e+01 
2.495352e+01 
2.495352e+01 
2.495352e+01 
2.185388e+01 
2.185388e+01 
2.185388e+01 
2.185388e+01 
2.185388e+01 
2.185388e+01 
2.185388e+01 
2.185388e+01 
2.185388e+01 
2.185388e+01 
2.185388e+01 
2.185388e+01 
2.185388e+01 
2.185388e+01 
2.185388e+01 
2.185388e+01 
2.185388e+01 
2.185388e+01 
2.185388e+01 
2.185388e+01 
2.185388e+01 
2.185388e+01 
2.185388e+01 
2.185388e+01 
2.185388e+01 
2.185388e+01 
1.868849e+01 
1.868849e+01 
1.868849e+01 
1.868849e+01 
1.868849e+01 
1.868849e+01 
1.868849e+01 
1.868849e+01 
1.868849e+01 
1.868849e+01 
1.868849e+01 
1.868849e+01 
1.868849e+01 
1.868849e+01 
1.868849e+01 
1.868849e+01 
1.868849e+01 
1.868849e+01 
1.868849e+01 
1.868849e+01 
1.868849e+01 
1.868849e+01 
1.868849e+01 
1.868849e+01 
1.868849e+01 
1.868849e+01 
1.868849e+01 
1.868849e+01 
1.868849e+01 
1.868849e+01 
1.868849e+01 
1.868849e+01 
1.868849e+01 
1.868849e+01 
1.868849e+01 
1.868849e+01 
1.868849e+01 
1.868849e+01 
1.868849e+01 
1.868849e+01 
1.868849e+01 
1.868849e+01 
1.868849e+01 
1.868849e+01 
1.868849e+01 
1.868849e+01 
1.868849e+01 
1.868849e+01 
1.868849e+01 
1.868849e+01 
1.868849e+01 
1.868849e+01 
1.868849e+01 
1.868849e+01 
1.868849e+01 
1.868849e+01 
1.868849e+01 
1.868849e+01 
1.777320e+01 
1.777320e+01 
1.777320e+01 
1.777320e+01 
1.777320e+01 
1.777320e+01 
1.777320e+01 
1.777320e+01 
1.777320e+01 
1.777320e+01 
1.777320e+01 
1.777320e+01 
1.777320e+01 
1.777320e+01 
1.777320e+01 
1.777320e+01 
1.777320e+01 
1.777320e+01 
1.777320e+01 
1.777320e+01 
1.777320e+01 
1.777320e+01 
1.777320e+01 
1.777320e+01 
1.777320e+01 
1.777320e+01 
1.777320e+01 
1.777320e+01 
1.777320e+01 
1.777320e+01 
1.777320e+01 
1.777320e+01 
1.777320e+01 
1.777320e+01 
1.777320e+01 
1.777320e+01 
1.777320e+01 
1.777320e+01 
1.774168e+01 
1.774168e+01 
1.774168e+01 
1.774168e+01 
1.774168e+01 
1.774168e+01 
1.774168e+01 
1.774168e+01 
1.774168e+01 
1.774168e+01 
1.774168e+01 
1.774168e+01 
1.774168e+01 
1.774168e+01 
1.774168e+01 
1.774168e+01 
1.774168e+01 
1.774168e+01 
1.774168e+01 
1.774168e+01 
1.774168e+01 
1.774168e+01 
1.774168e+01 
1.774168e+01 
1.774168e+01 
1.774168e+01 
1.715741e+01 
1.715741e+01 
1.715741e+01 
1.715741e+01 
1.715741e+01 
1.654883e+01 
1.654883e+01 
1.654883e+01 
1.654883e+01 
1.654883e+01 
1.654883e+01 
1.654883e+01 
1.410739e+01 
1.410739e+01 
1.410739e+01 
1.410739e+01 
1.410739e+01 
1.410739e+01 
1.410739e+01 
1.410739e+01 
1.410739e+01 
1.410739e+01 
1.410739e+01 
1.410739e+01 
1.410739e+01 
1.410739e+01 
1.410739e+01 
1.410739e+01 
1.410739e+01 
1.410739e+01 
1.410739e+01 
1.410739e+01 
1.410739e+01 
1.410739e+01 
1.410739e+01 
1.410739e+01 
1.410739e+01 
1.410739e+01 
1.378437e+01 
1.378437e+01 
1.378437e+01 
1.378437e+01 
1.378437e+01 
1.378437e+01 
1.378437e+01 
1.378437e+01 
1.378437e+01 
1.378437e+01 
1.378437e+01 
1.378437e+01 
1.378437e+01 
1.378437e+01 
1.378437e+01 
1.378437e+01 
1.378437e+01 
1.333910e+01 
1.333910e+01 
1.333910e+01 
1.333910e+01 
1.333910e+01 
1.333910e+01 
1.333910e+01 
1.333910e+01 
1.333910e+01 
1.333910e+01 
1.333910e+01 
1.333910e+01 
1.333910e+01 
1.333910e+01 
1.333910e+01 
1.333910e+01 
1.333910e+01 
1.333910e+01 
1.333910e+01 
1.333910e+01 
1.333910e+01 
1.333910e+01 
1.333910e+01 
1.333910e+01 
1.249706e+01 
1.249706e+01 
1.249706e+01 
1.249706e+01 
1.249706e+01 
1.155641e+01 
1.155641e+01 
1.155641e+01 
1.155641e+01 
1.155641e+01 
1.155641e+01 
1.155641e+01 
1.155641e+01 
1.155641e+01 
1.155641e+01 
1.155641e+01 
1.155641e+01 
1.155641e+01 
1.155641e+01 
1.155641e+01 
1.155641e+01 
1.155641e+01 
1.155641e+01 
1.155641e+01 
1.155641e+01 
1.155641e+01 
1.155641e+01 
1.155641e+01 
1.155641e+01 
1.155641e+01 
1.155641e+01 
1.155641e+01 
1.155641e+01 
1.155641e+01 
1.155641e+01 
1.155641e+01 
1.155641e+01 
1.155641e+01 
1.155641e+01 
1.155641e+01 
1.155641e+01 
1.155641e+01 
1.140393e+01 
1.140393e+01 
1.140393e+01 
1.140393e+01 
1.140393e+01 
1.140393e+01 
1.140393e+01 
1.140393e+01 
1.140393e+01 
1.117908e+01 
1.117908e+01 
1.117908e+01 
1.117908e+01 
1.117908e+01 
1.117908e+01 
1.117908e+01 
1.117908e+01 
1.117908e+01 
1.117908e+01 
1.117908e+01 
1.117908e+01 
1.077114e+01 
1.077114e+01 
1.077114e+01 
1.077114e+01 
1.006167e+01 
1.006167e+01 
1.006167e+01 
1.006167e+01 
9.877341e+00 
9.877341e+00 
9.877341e+00 
9.877341e+00 
9.877341e+00 
9.877341e+00 
9.877341e+00 
9.877341e+00 
9.877341e+00 
9.877341e+00 
9.877341e+00 
9.877341e+00 
9.690098e+00 
9.690098e+00 
9.690098e+00 
9.690098e+00 
9.690098e+00 
9.203777e+00 
8.496792e+00 
8.496792e+00 
8.496792e+00 
8.496792e+00 
8.496792e+00 
8.496792e+00 
8.496792e+00 
8.496792e+00 
8.496792e+00 
8.496792e+00 
8.496792e+00 
8.496792e+00 
8.496792e+00 
8.496792e+00 
8.496792e+00 
8.496792e+00 
8.496792e+00 
8.496792e+00 
8.496792e+00 
8.496792e+00 
8.496792e+00 
8.456946e+00 
8.456946e+00 
8.251812e+00 
8.251812e+00 
8.251812e+00 
8.251812e+00 
8.028371e+00 
8.028371e+00 
8.028371e+00 
8.028371e+00 
8.028371e+00 
8.005448e+00 
8.005448e+00 
8.005448e+00 
8.005448e+00 
8.005448e+00 
8.005448e+00 
8.005448e+00 
8.005448e+00 
8.005448e+00 
8.005448e+00 
8.005448e+00 
8.005448e+00 
8.005448e+00 
8.005448e+00 
8.005448e+00 
8.005448e+00 
8.005448e+00 
8.005448e+00 
8.005448e+00 
8.005448e+00 
8.005448e+00 
8.005448e+00 
8.005448e+00 
8.005448e+00 
8.005448e+00 
8.005448e+00 
8.005448e+00 
8.005448e+00 
8.005448e+00 
8.005448e+00 
8.005448e+00 
8.005448e+00 
8.005448e+00 
8.005448e+00 
8.005448e+00 
8.005448e+00 
8.005448e+00 
8.005448e+00 
8.005448e+00 
8.005448e+00 
8.005448e+00 
8.005448e+00 
7.623213e+00 
7.623213e+00 
7.623213e+00 
7.623213e+00 
7.623213e+00 
7.623213e+00 
7.623213e+00 
7.623213e+00 
7.623213e+00 
7.459372e+00 
7.459372e+00 
7.459372e+00 
7.459372e+00 
7.459372e+00 
7.459372e+00 
7.459372e+00 
7.459372e+00 
6.848462e+00 
6.848462e+00 
6.848462e+00 
6.848462e+00 
6.708279e+00 
6.708279e+00 
6.708279e+00 
6.708279e+00 
6.708279e+00 
6.708279e+00 
5.416874e+00 
5.416874e+00 
5.416874e+00 
5.416874e+00 
5.416874e+00 
5.416874e+00 
5.416874e+00 
5.416874e+00 
5.416874e+00 
5.416874e+00 
5.416874e+00 
5.416874e+00 
5.416874e+00 
5.416874e+00 
5.416874e+00 
5.416874e+00 
5.416874e+00 
5.416874e+00 
5.416874e+00 
5.416874e+00 
5.416874e+00 
5.416874e+00 
5.416874e+00 
5.416874e+00 
5.416874e+00 
5.416874e+00 
5.416874e+00 
5.416874e+00 
5.208960e+00 
5.208960e+00 
5.208960e+00 
5.208960e+00 
5.208960e+00 
4.960244e+00 
4.960244e+00 
4.960244e+00 
4.960244e+00 
4.960244e+00 
4.960244e+00 
4.960244e+00 
4.960244e+00 
4.960244e+00 
4.960244e+00 
4.960244e+00 
4.960244e+00 
4.960244e+00 
4.960244e+00 
4.960244e+00 
4.960244e+00 
4.960244e+00 
4.960244e+00 
4.960244e+00 
4.960244e+00 
4.960244e+00 
4.960244e+00 
4.960244e+00 
4.960244e+00 
4.960244e+00 
4.960244e+00 
4.960244e+00 
4.960244e+00 
4.960244e+00 
4.960244e+00 
4.960244e+00 
4.960244e+00 
4.960244e+00 
4.960244e+00 
4.960244e+00 
4.960244e+00 
4.960244e+00 
4.960244e+00 
4.960244e+00 
4.960244e+00 
4.960244e+00 
4.960244e+00 
4.960244e+00 
4.960244e+00 
4.960244e+00 
4.960244e+00 
4.960244e+00 
4.960244e+00 
4.960244e+00 
4.960244e+00 
4.960244e+00 
4.758222e+00 
4.758222e+00 
4.758222e+00 
4.758222e+00 
4.758222e+00 
4.555809e+00 
4.555809e+00 
4.555809e+00 
4.491984e+00 
4.491984e+00 
4.491984e+00 
4.284495e+00 
4.284495e+00 
4.284495e+00 
4.284495e+00 
4.284495e+00 
4.284495e+00 
4.284495e+00 
4.284495e+00 
4.284495e+00 
4.281516e+00 
4.281516e+00 
4.281516e+00 
4.281516e+00 
4.281516e+00 
3.685231e+00 
3.685231e+00 
3.685231e+00 
3.685231e+00 
3.685231e+00 
3.685231e+00 
3.685231e+00 
2.675345e+00 
2.675345e+00 
2.675345e+00 
2.675345e+00 
2.675345e+00 
2.675345e+00 
2.675345e+00 
2.675345e+00 
2.675345e+00 
2.675345e+00 
2.675345e+00 
2.675345e+00 
2.675345e+00 
2.675345e+00 
2.675345e+00 
2.675345e+00 
2.675345e+00 
2.675345e+00 
2.675345e+00 
2.675345e+00 
2.675345e+00 
2.675345e+00 
2.675345e+00 
2.675345e+00 
2.675345e+00 
2.675345e+00 
2.675345e+00 
2.675345e+00 
2.675345e+00 
2.675345e+00 
2.675345e+00 
2.675345e+00 
2.514124e+00 
2.514124e+00 
2.514124e+00 
2.514124e+00 
2.514124e+00 
2.514124e+00 
2.242832e+00 
2.242832e+00 
2.242832e+00 
2.242832e+00 
2.242832e+00 
2.242832e+00 
2.242832e+00 
2.242832e+00 
2.242832e+00 
2.242832e+00 
2.242832e+00 
2.124140e+00 
2.124140e+00 
2.124140e+00 
2.124140e+00 
2.124140e+00 
2.124140e+00 
