2.756188e-225 
1.918499e-222 
7.787683e-231 
5.797910e-226 
5.028113e-224 
4.897467e-231 
1.097462e-225 
1.888602e-226 
2.861418e-232 
1.563684e-223 
1.919699e-225 
4.755498e-227 
3.431288e-224 
1.093967e-228 
1.244569e-224 
6.023747e-229 
6.077947e-224 
2.213431e-229 
1.927090e-227 
1.428897e-220 
8.895220e-230 
1.672827e-228 
3.031986e-229 
4.489831e-221 
1.278545e-227 
1.089836e-228 
1.176578e-227 
3.881045e-221 
2.198539e-230 
1.034613e-223 
average=7.631377e-222 
std=0 
best=2.861418e-232 
