7.277683e-117 
2.226039e-118 
6.464326e-119 
9.771356e-112 
7.745169e-118 
2.450731e-120 
2.609312e-117 
7.295724e-117 
2.113758e-115 
6.752695e-118 
3.988699e-120 
3.565292e-113 
3.493629e-114 
1.484688e-117 
2.143201e-117 
1.968868e-117 
3.001606e-119 
8.773031e-115 
2.635579e-117 
6.704806e-116 
4.814133e-116 
4.649375e-117 
8.746549e-117 
3.742426e-116 
1.227859e-119 
1.318395e-114 
2.854154e-119 
3.457390e-114 
3.497847e-116 
4.271513e-116 
average=3.408059e-113 
std=1.752377e-112 
best=2.450731e-120 
