2.682125e+03 
1.591151e+03 
1.591151e+03 
1.449369e+03 
1.168302e+03 
8.730832e+02 
8.730832e+02 
8.730832e+02 
8.730832e+02 
8.730832e+02 
8.730832e+02 
8.730832e+02 
8.730832e+02 
8.730832e+02 
8.730832e+02 
8.730832e+02 
8.730832e+02 
8.730832e+02 
8.684467e+02 
8.684467e+02 
8.684467e+02 
8.684467e+02 
8.684467e+02 
8.684467e+02 
8.684467e+02 
8.684467e+02 
8.684467e+02 
8.666372e+02 
8.666372e+02 
8.666372e+02 
8.666372e+02 
8.666372e+02 
8.666372e+02 
8.666372e+02 
8.666372e+02 
8.666372e+02 
8.666372e+02 
8.666372e+02 
8.666372e+02 
8.666372e+02 
8.068096e+02 
8.068096e+02 
8.068096e+02 
7.680372e+02 
7.680372e+02 
7.680372e+02 
7.680372e+02 
7.680372e+02 
7.680372e+02 
7.680372e+02 
7.680372e+02 
7.680372e+02 
7.680372e+02 
7.680372e+02 
7.680372e+02 
7.680372e+02 
7.680372e+02 
6.899998e+02 
6.899998e+02 
6.844439e+02 
6.844439e+02 
6.844439e+02 
6.844439e+02 
6.844439e+02 
6.844439e+02 
6.844439e+02 
6.844439e+02 
6.844439e+02 
6.844439e+02 
6.844439e+02 
6.844439e+02 
6.844439e+02 
6.844439e+02 
6.844439e+02 
6.844439e+02 
6.844439e+02 
6.844439e+02 
6.844439e+02 
6.844439e+02 
6.844439e+02 
6.844439e+02 
6.844439e+02 
6.844439e+02 
6.844439e+02 
6.844439e+02 
6.844439e+02 
6.844439e+02 
6.844439e+02 
6.844439e+02 
6.844439e+02 
6.844439e+02 
6.844439e+02 
6.844439e+02 
6.844439e+02 
6.844439e+02 
6.844439e+02 
6.844439e+02 
6.844439e+02 
6.844439e+02 
6.844439e+02 
6.844439e+02 
6.844439e+02 
6.844439e+02 
4.887356e+02 
4.887356e+02 
4.887356e+02 
4.887356e+02 
4.887356e+02 
4.887356e+02 
4.887356e+02 
4.887356e+02 
4.887356e+02 
4.887356e+02 
4.887356e+02 
4.887356e+02 
4.887356e+02 
4.887356e+02 
4.887356e+02 
4.887356e+02 
4.887356e+02 
4.887356e+02 
4.887356e+02 
4.887356e+02 
4.887356e+02 
4.887356e+02 
4.887356e+02 
4.887356e+02 
4.887356e+02 
4.887356e+02 
4.887356e+02 
4.887356e+02 
4.887356e+02 
4.887356e+02 
4.887356e+02 
4.887356e+02 
4.887356e+02 
4.887356e+02 
4.887356e+02 
4.887356e+02 
4.887356e+02 
4.887356e+02 
4.887356e+02 
4.887356e+02 
4.887356e+02 
4.887356e+02 
4.887356e+02 
4.887356e+02 
4.887356e+02 
4.887356e+02 
4.887356e+02 
4.887356e+02 
4.887356e+02 
4.887356e+02 
4.887356e+02 
4.887356e+02 
4.887356e+02 
4.887356e+02 
4.887356e+02 
4.887356e+02 
4.887356e+02 
4.887356e+02 
4.887356e+02 
4.887356e+02 
4.887356e+02 
4.887356e+02 
4.887356e+02 
4.887356e+02 
4.887356e+02 
4.887356e+02 
4.887356e+02 
4.887356e+02 
4.887356e+02 
4.887356e+02 
4.887356e+02 
4.459586e+02 
4.459586e+02 
4.459586e+02 
4.459586e+02 
4.459586e+02 
4.459586e+02 
4.459586e+02 
3.314354e+02 
3.314354e+02 
3.314354e+02 
3.314354e+02 
3.314354e+02 
3.314354e+02 
3.314354e+02 
3.314354e+02 
3.314354e+02 
3.314354e+02 
3.314354e+02 
3.314354e+02 
3.314354e+02 
3.314354e+02 
3.314354e+02 
3.314354e+02 
3.314354e+02 
3.314354e+02 
3.314354e+02 
3.314354e+02 
3.314354e+02 
3.314354e+02 
3.314354e+02 
3.314354e+02 
3.314354e+02 
3.314354e+02 
3.314354e+02 
3.314354e+02 
3.314354e+02 
3.314354e+02 
3.314354e+02 
3.314354e+02 
3.314354e+02 
3.314354e+02 
3.314354e+02 
3.314354e+02 
3.314354e+02 
3.314354e+02 
3.314354e+02 
3.314354e+02 
3.314354e+02 
3.314354e+02 
3.314354e+02 
3.314354e+02 
3.314354e+02 
3.314354e+02 
3.314354e+02 
3.314354e+02 
3.314354e+02 
3.314354e+02 
3.314354e+02 
3.314354e+02 
3.314354e+02 
3.314354e+02 
3.314354e+02 
3.314354e+02 
3.314354e+02 
3.314354e+02 
3.314354e+02 
3.314354e+02 
3.314354e+02 
3.314354e+02 
3.314354e+02 
3.314354e+02 
3.314354e+02 
3.314354e+02 
3.314354e+02 
3.314354e+02 
3.314354e+02 
3.314354e+02 
3.314354e+02 
3.314354e+02 
3.314354e+02 
3.314354e+02 
3.314354e+02 
3.314354e+02 
3.314354e+02 
3.314354e+02 
3.314354e+02 
3.314354e+02 
3.314354e+02 
3.314354e+02 
3.314354e+02 
3.314354e+02 
3.314354e+02 
3.314354e+02 
3.314354e+02 
3.314354e+02 
3.314354e+02 
3.314354e+02 
3.314354e+02 
3.314354e+02 
3.314354e+02 
3.314354e+02 
3.314354e+02 
3.314354e+02 
3.314354e+02 
3.314354e+02 
3.314354e+02 
3.314354e+02 
3.314354e+02 
3.314354e+02 
3.314354e+02 
3.314354e+02 
3.314354e+02 
3.314354e+02 
3.314354e+02 
3.314354e+02 
3.314354e+02 
3.314354e+02 
3.314354e+02 
3.314354e+02 
3.314354e+02 
3.314354e+02 
3.314354e+02 
3.314354e+02 
3.314354e+02 
3.314354e+02 
3.314354e+02 
3.314354e+02 
3.314354e+02 
3.314354e+02 
3.314354e+02 
3.314354e+02 
3.314354e+02 
3.314354e+02 
3.314354e+02 
3.314354e+02 
3.314354e+02 
3.314354e+02 
3.314354e+02 
3.314354e+02 
3.314354e+02 
3.314354e+02 
3.314354e+02 
3.314354e+02 
3.314354e+02 
3.314354e+02 
3.314354e+02 
3.314354e+02 
3.314354e+02 
3.314354e+02 
3.314354e+02 
3.314354e+02 
3.314354e+02 
3.314354e+02 
3.314354e+02 
3.314354e+02 
3.314354e+02 
3.314354e+02 
3.314354e+02 
3.314354e+02 
3.314354e+02 
3.314354e+02 
3.314354e+02 
3.314354e+02 
3.314354e+02 
3.314354e+02 
3.314354e+02 
3.314354e+02 
3.314354e+02 
3.314354e+02 
3.314354e+02 
3.314354e+02 
3.314354e+02 
3.314354e+02 
3.314354e+02 
3.314354e+02 
3.314354e+02 
3.314354e+02 
3.314354e+02 
3.314354e+02 
3.314354e+02 
3.314354e+02 
3.314354e+02 
3.314354e+02 
3.314354e+02 
3.314354e+02 
3.314354e+02 
3.314354e+02 
3.314354e+02 
3.314354e+02 
3.314354e+02 
3.314354e+02 
3.314354e+02 
3.314354e+02 
3.314354e+02 
3.314354e+02 
3.314354e+02 
3.314354e+02 
3.314354e+02 
3.314354e+02 
3.314354e+02 
3.314354e+02 
3.314354e+02 
3.314354e+02 
3.314354e+02 
3.314354e+02 
3.314354e+02 
3.314354e+02 
3.314354e+02 
3.314354e+02 
3.314354e+02 
3.314354e+02 
3.314354e+02 
3.314354e+02 
3.314354e+02 
3.314354e+02 
3.314354e+02 
3.314354e+02 
3.314354e+02 
3.314354e+02 
3.314354e+02 
3.314354e+02 
3.314354e+02 
3.314354e+02 
3.314354e+02 
3.314354e+02 
3.314354e+02 
3.314354e+02 
3.314354e+02 
3.314354e+02 
3.314354e+02 
3.314354e+02 
3.314354e+02 
3.314354e+02 
3.314354e+02 
3.314354e+02 
3.314354e+02 
3.314354e+02 
3.314354e+02 
3.314354e+02 
3.314354e+02 
3.314354e+02 
3.314354e+02 
3.314354e+02 
3.314354e+02 
3.314354e+02 
3.314354e+02 
3.314354e+02 
3.314354e+02 
3.314354e+02 
3.314354e+02 
3.314354e+02 
3.314354e+02 
3.314354e+02 
3.314354e+02 
3.314354e+02 
3.314354e+02 
3.314354e+02 
3.314354e+02 
3.314354e+02 
3.314354e+02 
3.314354e+02 
3.314354e+02 
3.314354e+02 
3.314354e+02 
3.314354e+02 
3.314354e+02 
3.314354e+02 
3.314354e+02 
3.314354e+02 
3.314354e+02 
3.314354e+02 
3.314354e+02 
3.314354e+02 
3.314354e+02 
3.314354e+02 
3.314354e+02 
3.314354e+02 
3.314354e+02 
3.314354e+02 
3.314354e+02 
3.314354e+02 
3.314354e+02 
3.314354e+02 
3.314354e+02 
3.314354e+02 
3.314354e+02 
3.314354e+02 
3.314354e+02 
3.314354e+02 
3.314354e+02 
3.314354e+02 
3.314354e+02 
3.314354e+02 
3.314354e+02 
3.314354e+02 
3.314354e+02 
3.314354e+02 
3.314354e+02 
3.314354e+02 
3.314354e+02 
3.314354e+02 
3.314354e+02 
3.314354e+02 
3.314354e+02 
3.314354e+02 
3.314354e+02 
3.314354e+02 
3.314354e+02 
3.314354e+02 
3.314354e+02 
3.314354e+02 
3.314354e+02 
3.314354e+02 
3.314354e+02 
3.314354e+02 
3.314354e+02 
3.314354e+02 
3.314354e+02 
3.314354e+02 
3.314354e+02 
3.314354e+02 
3.314354e+02 
3.314354e+02 
3.314354e+02 
3.314354e+02 
3.314354e+02 
3.314354e+02 
3.314354e+02 
3.314354e+02 
3.314354e+02 
3.314354e+02 
3.314354e+02 
3.314354e+02 
3.314354e+02 
3.314354e+02 
3.230758e+02 
3.230758e+02 
2.698503e+02 
2.698503e+02 
2.698503e+02 
2.698503e+02 
2.698503e+02 
2.698503e+02 
2.698503e+02 
2.698503e+02 
2.698503e+02 
2.698503e+02 
2.698503e+02 
2.698503e+02 
2.698503e+02 
2.698503e+02 
2.698503e+02 
2.698503e+02 
2.698503e+02 
2.698503e+02 
2.698503e+02 
2.698503e+02 
2.698503e+02 
2.698503e+02 
2.698503e+02 
2.698503e+02 
2.698503e+02 
2.698503e+02 
2.698503e+02 
2.698503e+02 
2.698503e+02 
2.698503e+02 
2.698503e+02 
2.698503e+02 
2.698503e+02 
2.698503e+02 
2.698503e+02 
2.698503e+02 
2.698503e+02 
2.698503e+02 
2.698503e+02 
2.698503e+02 
2.698503e+02 
2.698503e+02 
2.698503e+02 
2.698503e+02 
2.698503e+02 
2.698503e+02 
2.698503e+02 
2.698503e+02 
2.698503e+02 
2.698503e+02 
2.698503e+02 
2.698503e+02 
2.698503e+02 
2.698503e+02 
2.698503e+02 
2.698503e+02 
2.698503e+02 
2.698503e+02 
2.698503e+02 
2.698503e+02 
2.698503e+02 
2.698503e+02 
2.698503e+02 
2.698503e+02 
2.698503e+02 
2.698503e+02 
2.698503e+02 
2.698503e+02 
2.698503e+02 
2.698503e+02 
2.698503e+02 
2.698503e+02 
2.698503e+02 
2.698503e+02 
2.698503e+02 
2.698503e+02 
2.698503e+02 
2.698503e+02 
2.698503e+02 
2.698503e+02 
2.698503e+02 
2.698503e+02 
2.698503e+02 
2.698503e+02 
2.698503e+02 
2.698503e+02 
2.698503e+02 
2.698503e+02 
2.087007e+02 
2.087007e+02 
2.087007e+02 
2.087007e+02 
2.087007e+02 
2.087007e+02 
2.087007e+02 
2.087007e+02 
2.087007e+02 
2.087007e+02 
2.087007e+02 
2.087007e+02 
2.087007e+02 
2.087007e+02 
2.087007e+02 
2.087007e+02 
2.087007e+02 
2.087007e+02 
2.087007e+02 
2.087007e+02 
2.087007e+02 
2.087007e+02 
2.087007e+02 
2.087007e+02 
2.087007e+02 
2.087007e+02 
2.087007e+02 
2.087007e+02 
2.087007e+02 
2.087007e+02 
2.087007e+02 
2.087007e+02 
2.087007e+02 
2.087007e+02 
2.087007e+02 
2.087007e+02 
2.087007e+02 
2.087007e+02 
2.087007e+02 
2.087007e+02 
2.087007e+02 
2.087007e+02 
2.087007e+02 
2.087007e+02 
2.087007e+02 
2.087007e+02 
2.087007e+02 
2.087007e+02 
2.087007e+02 
2.087007e+02 
2.087007e+02 
2.087007e+02 
2.087007e+02 
2.087007e+02 
2.087007e+02 
2.087007e+02 
2.087007e+02 
2.087007e+02 
2.087007e+02 
2.087007e+02 
2.087007e+02 
2.087007e+02 
2.087007e+02 
2.087007e+02 
2.087007e+02 
2.087007e+02 
2.087007e+02 
2.087007e+02 
2.087007e+02 
2.087007e+02 
2.087007e+02 
2.087007e+02 
2.087007e+02 
2.087007e+02 
2.087007e+02 
2.087007e+02 
2.087007e+02 
2.087007e+02 
2.087007e+02 
2.087007e+02 
2.087007e+02 
2.087007e+02 
2.087007e+02 
2.087007e+02 
2.087007e+02 
2.087007e+02 
2.087007e+02 
2.087007e+02 
2.087007e+02 
2.087007e+02 
2.087007e+02 
2.087007e+02 
2.087007e+02 
2.087007e+02 
2.087007e+02 
2.087007e+02 
2.087007e+02 
2.087007e+02 
2.087007e+02 
2.087007e+02 
2.087007e+02 
2.087007e+02 
2.087007e+02 
2.087007e+02 
2.087007e+02 
2.087007e+02 
2.087007e+02 
2.087007e+02 
2.087007e+02 
2.087007e+02 
2.087007e+02 
2.087007e+02 
2.087007e+02 
2.087007e+02 
2.087007e+02 
2.087007e+02 
2.087007e+02 
2.087007e+02 
2.087007e+02 
2.087007e+02 
2.087007e+02 
2.087007e+02 
2.087007e+02 
2.087007e+02 
2.087007e+02 
2.087007e+02 
2.087007e+02 
2.087007e+02 
2.087007e+02 
2.087007e+02 
2.087007e+02 
2.087007e+02 
2.087007e+02 
2.087007e+02 
2.087007e+02 
2.087007e+02 
2.087007e+02 
2.087007e+02 
2.087007e+02 
2.087007e+02 
2.087007e+02 
2.087007e+02 
2.087007e+02 
2.087007e+02 
2.087007e+02 
2.087007e+02 
2.087007e+02 
2.087007e+02 
2.087007e+02 
2.087007e+02 
2.087007e+02 
2.087007e+02 
2.087007e+02 
2.087007e+02 
2.087007e+02 
2.087007e+02 
2.087007e+02 
2.087007e+02 
2.087007e+02 
2.087007e+02 
2.087007e+02 
2.087007e+02 
2.087007e+02 
2.087007e+02 
2.087007e+02 
2.087007e+02 
2.087007e+02 
2.087007e+02 
2.087007e+02 
2.087007e+02 
2.087007e+02 
2.087007e+02 
2.087007e+02 
2.087007e+02 
2.087007e+02 
2.087007e+02 
2.087007e+02 
2.087007e+02 
2.087007e+02 
2.087007e+02 
2.087007e+02 
2.087007e+02 
2.087007e+02 
2.087007e+02 
2.087007e+02 
2.087007e+02 
2.087007e+02 
2.087007e+02 
2.087007e+02 
2.087007e+02 
2.087007e+02 
2.087007e+02 
2.087007e+02 
2.087007e+02 
2.087007e+02 
2.087007e+02 
2.087007e+02 
2.087007e+02 
2.087007e+02 
2.087007e+02 
2.087007e+02 
2.087007e+02 
2.087007e+02 
2.087007e+02 
2.087007e+02 
2.087007e+02 
2.087007e+02 
2.087007e+02 
2.087007e+02 
2.087007e+02 
2.087007e+02 
2.087007e+02 
2.087007e+02 
2.087007e+02 
2.087007e+02 
2.087007e+02 
2.087007e+02 
2.087007e+02 
2.087007e+02 
2.087007e+02 
2.087007e+02 
2.087007e+02 
2.087007e+02 
2.087007e+02 
2.087007e+02 
2.087007e+02 
2.087007e+02 
2.087007e+02 
2.087007e+02 
2.087007e+02 
2.087007e+02 
2.087007e+02 
2.087007e+02 
2.087007e+02 
2.087007e+02 
2.087007e+02 
2.087007e+02 
2.087007e+02 
2.087007e+02 
2.087007e+02 
2.087007e+02 
2.087007e+02 
2.087007e+02 
2.087007e+02 
2.087007e+02 
2.087007e+02 
2.087007e+02 
2.087007e+02 
2.087007e+02 
2.087007e+02 
2.087007e+02 
2.087007e+02 
2.087007e+02 
2.087007e+02 
2.087007e+02 
2.087007e+02 
2.087007e+02 
2.087007e+02 
2.087007e+02 
2.087007e+02 
2.087007e+02 
2.087007e+02 
2.087007e+02 
2.087007e+02 
2.087007e+02 
2.087007e+02 
2.087007e+02 
2.087007e+02 
2.087007e+02 
2.087007e+02 
2.087007e+02 
2.087007e+02 
2.087007e+02 
2.087007e+02 
2.087007e+02 
2.087007e+02 
2.087007e+02 
2.087007e+02 
2.087007e+02 
2.087007e+02 
2.087007e+02 
2.087007e+02 
2.087007e+02 
2.087007e+02 
2.087007e+02 
2.087007e+02 
2.087007e+02 
2.087007e+02 
2.087007e+02 
2.087007e+02 
2.087007e+02 
2.087007e+02 
2.087007e+02 
2.087007e+02 
2.087007e+02 
2.087007e+02 
2.087007e+02 
2.087007e+02 
2.087007e+02 
2.087007e+02 
2.087007e+02 
2.087007e+02 
2.087007e+02 
2.087007e+02 
2.087007e+02 
2.087007e+02 
2.087007e+02 
2.087007e+02 
2.087007e+02 
2.087007e+02 
2.087007e+02 
2.087007e+02 
2.087007e+02 
2.087007e+02 
2.087007e+02 
2.087007e+02 
2.087007e+02 
2.087007e+02 
2.087007e+02 
2.087007e+02 
2.087007e+02 
2.087007e+02 
2.087007e+02 
2.087007e+02 
2.087007e+02 
2.087007e+02 
2.087007e+02 
2.087007e+02 
2.087007e+02 
2.087007e+02 
2.087007e+02 
2.087007e+02 
2.087007e+02 
2.087007e+02 
2.087007e+02 
2.087007e+02 
2.087007e+02 
2.087007e+02 
2.087007e+02 
2.087007e+02 
2.087007e+02 
2.087007e+02 
2.087007e+02 
2.087007e+02 
2.087007e+02 
2.087007e+02 
2.087007e+02 
2.087007e+02 
2.087007e+02 
2.087007e+02 
2.087007e+02 
2.087007e+02 
2.087007e+02 
2.087007e+02 
2.087007e+02 
2.087007e+02 
2.087007e+02 
2.087007e+02 
2.087007e+02 
2.087007e+02 
2.087007e+02 
2.087007e+02 
2.087007e+02 
2.087007e+02 
2.087007e+02 
2.087007e+02 
2.087007e+02 
2.087007e+02 
2.087007e+02 
2.087007e+02 
2.087007e+02 
2.087007e+02 
2.087007e+02 
2.087007e+02 
2.087007e+02 
2.087007e+02 
2.087007e+02 
2.087007e+02 
2.087007e+02 
2.087007e+02 
2.087007e+02 
2.087007e+02 
2.087007e+02 
2.087007e+02 
2.087007e+02 
2.087007e+02 
2.087007e+02 
2.087007e+02 
2.087007e+02 
2.087007e+02 
2.087007e+02 
2.087007e+02 
2.087007e+02 
2.087007e+02 
2.087007e+02 
2.087007e+02 
2.087007e+02 
2.087007e+02 
2.087007e+02 
2.087007e+02 
2.087007e+02 
2.087007e+02 
2.087007e+02 
2.087007e+02 
2.087007e+02 
2.087007e+02 
2.087007e+02 
2.087007e+02 
2.087007e+02 
2.087007e+02 
2.087007e+02 
2.087007e+02 
2.087007e+02 
2.087007e+02 
2.087007e+02 
2.087007e+02 
2.087007e+02 
2.087007e+02 
2.087007e+02 
2.087007e+02 
2.087007e+02 
2.087007e+02 
2.087007e+02 
2.041975e+02 
2.041975e+02 
2.041975e+02 
2.041975e+02 
2.041975e+02 
2.041975e+02 
2.041975e+02 
2.041975e+02 
2.041975e+02 
2.041975e+02 
2.041975e+02 
2.041975e+02 
2.041975e+02 
2.041975e+02 
2.041975e+02 
2.041975e+02 
2.041975e+02 
2.041975e+02 
2.041975e+02 
2.041975e+02 
2.041975e+02 
2.041975e+02 
2.041975e+02 
2.041975e+02 
2.041975e+02 
2.041975e+02 
2.041975e+02 
2.041975e+02 
2.041975e+02 
2.041975e+02 
2.041975e+02 
2.041975e+02 
2.041975e+02 
2.041975e+02 
2.041975e+02 
2.041975e+02 
2.041975e+02 
2.041975e+02 
2.041975e+02 
2.041975e+02 
2.041975e+02 
2.041975e+02 
2.041975e+02 
2.041975e+02 
2.041975e+02 
2.041975e+02 
2.041975e+02 
2.041975e+02 
2.041975e+02 
2.041975e+02 
2.041975e+02 
2.041975e+02 
2.041975e+02 
2.041975e+02 
2.041975e+02 
2.041975e+02 
2.041975e+02 
2.041975e+02 
2.041975e+02 
2.041975e+02 
2.041975e+02 
2.041975e+02 
2.041975e+02 
2.041975e+02 
2.041975e+02 
2.041975e+02 
2.041975e+02 
2.041975e+02 
2.041975e+02 
2.041975e+02 
2.041975e+02 
2.041975e+02 
2.041975e+02 
2.041975e+02 
2.041975e+02 
2.041975e+02 
2.041975e+02 
2.041975e+02 
2.041975e+02 
2.041975e+02 
2.041975e+02 
2.041975e+02 
2.041975e+02 
2.041975e+02 
2.041975e+02 
2.041975e+02 
2.041975e+02 
2.041975e+02 
2.041975e+02 
2.041975e+02 
2.041975e+02 
2.041975e+02 
2.041975e+02 
2.041975e+02 
2.041975e+02 
2.041975e+02 
2.041975e+02 
2.041975e+02 
2.041975e+02 
2.041975e+02 
2.041975e+02 
2.041975e+02 
2.041975e+02 
2.041975e+02 
2.041975e+02 
2.041975e+02 
2.041975e+02 
2.041975e+02 
2.041975e+02 
2.041975e+02 
2.041975e+02 
2.041975e+02 
2.041975e+02 
2.041975e+02 
2.041975e+02 
2.041975e+02 
2.041975e+02 
2.041975e+02 
2.041975e+02 
2.041975e+02 
2.041975e+02 
2.041975e+02 
2.041975e+02 
2.041975e+02 
2.041975e+02 
2.041975e+02 
2.041975e+02 
2.041975e+02 
2.041975e+02 
2.041975e+02 
2.041975e+02 
2.041975e+02 
2.041975e+02 
2.041975e+02 
2.041975e+02 
2.041975e+02 
2.041975e+02 
2.041975e+02 
2.041975e+02 
2.041975e+02 
2.041975e+02 
2.041975e+02 
2.041975e+02 
2.041975e+02 
2.041975e+02 
2.041975e+02 
2.041975e+02 
2.041975e+02 
2.041975e+02 
2.041975e+02 
2.041975e+02 
2.041975e+02 
2.041975e+02 
2.041975e+02 
2.041975e+02 
2.041975e+02 
2.041975e+02 
2.041975e+02 
2.041975e+02 
2.041975e+02 
2.041975e+02 
2.041975e+02 
2.041975e+02 
2.041975e+02 
2.041975e+02 
2.041975e+02 
2.041975e+02 
2.041975e+02 
2.041975e+02 
2.041975e+02 
2.041975e+02 
2.041975e+02 
2.041975e+02 
2.041975e+02 
2.041975e+02 
2.041975e+02 
2.041975e+02 
2.041975e+02 
2.041975e+02 
2.041975e+02 
2.041975e+02 
2.041975e+02 
2.041975e+02 
2.041975e+02 
2.041975e+02 
2.041975e+02 
2.041975e+02 
2.041975e+02 
2.041975e+02 
2.041975e+02 
2.041975e+02 
2.041975e+02 
2.041975e+02 
2.041975e+02 
2.041975e+02 
2.041975e+02 
2.041975e+02 
2.041975e+02 
2.041975e+02 
2.041975e+02 
2.041975e+02 
2.041975e+02 
2.041975e+02 
2.041975e+02 
2.041975e+02 
2.041975e+02 
2.041975e+02 
2.041975e+02 
2.041975e+02 
2.041975e+02 
2.041975e+02 
2.041975e+02 
2.041975e+02 
2.041975e+02 
2.041975e+02 
2.041975e+02 
2.041975e+02 
2.041975e+02 
2.041975e+02 
2.041975e+02 
2.041975e+02 
2.041975e+02 
2.041975e+02 
2.041975e+02 
2.041975e+02 
2.041975e+02 
2.041975e+02 
2.041975e+02 
2.041975e+02 
2.041975e+02 
2.041975e+02 
2.041975e+02 
2.041975e+02 
2.041975e+02 
2.041975e+02 
2.041975e+02 
2.041975e+02 
2.041975e+02 
2.041975e+02 
2.041975e+02 
2.041975e+02 
2.041975e+02 
2.041975e+02 
2.041975e+02 
2.041975e+02 
2.041975e+02 
2.041975e+02 
2.041975e+02 
2.041975e+02 
2.041975e+02 
2.041975e+02 
2.041975e+02 
2.041975e+02 
2.041975e+02 
2.041975e+02 
2.041975e+02 
2.041975e+02 
2.041975e+02 
2.041975e+02 
2.041975e+02 
2.041975e+02 
2.041975e+02 
2.041975e+02 
2.041975e+02 
2.041975e+02 
2.041975e+02 
2.041975e+02 
2.041975e+02 
2.041975e+02 
2.041975e+02 
2.041975e+02 
2.041975e+02 
2.041975e+02 
2.041975e+02 
2.041975e+02 
2.041975e+02 
2.041975e+02 
2.041975e+02 
2.041975e+02 
2.041975e+02 
2.041975e+02 
2.041975e+02 
2.041975e+02 
2.041975e+02 
2.041975e+02 
2.041975e+02 
2.041975e+02 
2.041975e+02 
2.041975e+02 
2.041975e+02 
2.041975e+02 
2.041975e+02 
2.041975e+02 
2.041975e+02 
2.041975e+02 
2.041975e+02 
2.041975e+02 
2.041975e+02 
2.041975e+02 
2.041975e+02 
2.041975e+02 
2.041975e+02 
2.041975e+02 
2.041975e+02 
2.041975e+02 
2.041975e+02 
2.041975e+02 
2.041975e+02 
2.041975e+02 
2.041975e+02 
2.041975e+02 
2.041975e+02 
2.041975e+02 
2.041975e+02 
2.041975e+02 
2.041975e+02 
2.041975e+02 
2.041975e+02 
2.041975e+02 
2.041975e+02 
2.041975e+02 
2.041975e+02 
2.041975e+02 
2.041975e+02 
2.041975e+02 
2.041975e+02 
2.041975e+02 
2.041975e+02 
2.041975e+02 
2.041975e+02 
2.041975e+02 
2.041975e+02 
2.041975e+02 
2.041975e+02 
2.041975e+02 
2.041975e+02 
2.041975e+02 
2.041975e+02 
2.041975e+02 
2.041975e+02 
2.041975e+02 
2.041975e+02 
2.041975e+02 
2.041975e+02 
2.041975e+02 
2.041975e+02 
2.041975e+02 
2.041975e+02 
2.041975e+02 
2.041975e+02 
2.041975e+02 
2.041975e+02 
2.041975e+02 
2.041975e+02 
2.041975e+02 
2.041975e+02 
2.041975e+02 
2.041975e+02 
2.041975e+02 
2.041975e+02 
2.041975e+02 
2.041975e+02 
2.041975e+02 
2.041975e+02 
2.041975e+02 
2.041975e+02 
2.041975e+02 
2.041975e+02 
2.041975e+02 
2.041975e+02 
2.041975e+02 
2.041975e+02 
2.041975e+02 
2.041975e+02 
2.041975e+02 
2.041975e+02 
2.041975e+02 
2.041975e+02 
2.041975e+02 
2.041975e+02 
2.041975e+02 
2.041975e+02 
2.041975e+02 
2.041975e+02 
2.041975e+02 
2.041975e+02 
2.041975e+02 
2.041975e+02 
2.041975e+02 
2.041975e+02 
2.041975e+02 
2.041975e+02 
2.041975e+02 
2.041975e+02 
2.041975e+02 
2.041975e+02 
2.041975e+02 
2.041975e+02 
2.041975e+02 
2.041975e+02 
2.041975e+02 
2.041975e+02 
2.041975e+02 
2.041975e+02 
2.041975e+02 
2.041975e+02 
2.041975e+02 
2.041975e+02 
2.041975e+02 
2.041975e+02 
2.041975e+02 
2.041975e+02 
2.041975e+02 
2.041975e+02 
2.041975e+02 
2.041975e+02 
2.041975e+02 
2.041975e+02 
2.041975e+02 
2.041975e+02 
2.041975e+02 
2.041975e+02 
2.041975e+02 
2.041975e+02 
2.041975e+02 
2.041975e+02 
2.041975e+02 
2.041975e+02 
2.041975e+02 
2.041975e+02 
2.041975e+02 
2.041975e+02 
2.041975e+02 
2.041975e+02 
2.041975e+02 
2.041975e+02 
2.041975e+02 
2.041975e+02 
2.041975e+02 
2.041975e+02 
2.041975e+02 
2.041975e+02 
2.041975e+02 
2.041975e+02 
2.041975e+02 
2.041975e+02 
2.041975e+02 
2.041975e+02 
2.041975e+02 
2.041975e+02 
2.041975e+02 
2.041975e+02 
2.041975e+02 
2.041975e+02 
2.041975e+02 
2.041975e+02 
2.041975e+02 
2.041975e+02 
2.041975e+02 
2.041975e+02 
2.041975e+02 
2.041975e+02 
2.041975e+02 
2.041975e+02 
2.041975e+02 
2.041975e+02 
2.041975e+02 
2.041975e+02 
2.041975e+02 
2.041975e+02 
2.041975e+02 
2.041975e+02 
2.041975e+02 
2.041975e+02 
2.041975e+02 
2.041975e+02 
2.041975e+02 
2.041975e+02 
2.041975e+02 
2.041975e+02 
2.041975e+02 
2.041975e+02 
2.041975e+02 
2.041975e+02 
2.041975e+02 
2.041975e+02 
2.041975e+02 
2.041975e+02 
2.041975e+02 
2.041975e+02 
2.041975e+02 
2.041975e+02 
2.041975e+02 
2.041975e+02 
2.041975e+02 
2.041975e+02 
2.041975e+02 
2.041975e+02 
2.041975e+02 
2.041975e+02 
2.041975e+02 
2.041975e+02 
2.041975e+02 
2.041975e+02 
2.041975e+02 
2.041975e+02 
2.041975e+02 
2.041975e+02 
2.041975e+02 
2.041975e+02 
2.041975e+02 
2.041975e+02 
2.041975e+02 
2.041975e+02 
2.041975e+02 
2.041975e+02 
2.041975e+02 
2.041975e+02 
2.041975e+02 
2.041975e+02 
2.041975e+02 
2.041975e+02 
2.041975e+02 
2.041975e+02 
2.041975e+02 
2.041975e+02 
2.041975e+02 
2.041975e+02 
2.041975e+02 
2.041975e+02 
2.041975e+02 
2.041975e+02 
2.041975e+02 
2.041975e+02 
2.041975e+02 
2.041975e+02 
2.041975e+02 
2.041975e+02 
2.041975e+02 
2.041975e+02 
2.041975e+02 
2.041975e+02 
2.041975e+02 
2.041975e+02 
2.041975e+02 
2.041975e+02 
2.041975e+02 
2.041975e+02 
2.041975e+02 
2.041975e+02 
2.041975e+02 
2.041975e+02 
2.041975e+02 
2.041975e+02 
2.041975e+02 
2.041975e+02 
2.041975e+02 
2.041975e+02 
2.041975e+02 
2.041975e+02 
2.041975e+02 
2.041975e+02 
2.041975e+02 
2.041975e+02 
2.041975e+02 
2.041975e+02 
2.041975e+02 
2.041975e+02 
2.041975e+02 
2.041975e+02 
2.041975e+02 
1.772615e+02 
1.772615e+02 
1.772615e+02 
1.772615e+02 
1.772615e+02 
1.772615e+02 
1.772615e+02 
1.772615e+02 
1.772615e+02 
1.772615e+02 
1.772615e+02 
1.772615e+02 
1.772615e+02 
1.772615e+02 
1.772615e+02 
1.772615e+02 
1.772615e+02 
1.772615e+02 
1.772615e+02 
1.772615e+02 
1.772615e+02 
1.772615e+02 
1.772615e+02 
1.772615e+02 
1.772615e+02 
1.772615e+02 
1.772615e+02 
1.772615e+02 
1.772615e+02 
1.772615e+02 
1.772615e+02 
1.772615e+02 
1.772615e+02 
1.772615e+02 
1.715235e+02 
1.715235e+02 
1.715235e+02 
1.715235e+02 
1.715235e+02 
1.715235e+02 
1.715235e+02 
1.715235e+02 
1.715235e+02 
1.715235e+02 
1.715235e+02 
1.715235e+02 
1.715235e+02 
1.715235e+02 
1.715235e+02 
1.715235e+02 
1.715235e+02 
1.715235e+02 
1.715235e+02 
1.715235e+02 
1.715235e+02 
1.715235e+02 
1.715235e+02 
1.715235e+02 
1.715235e+02 
1.715235e+02 
1.715235e+02 
1.715235e+02 
1.715235e+02 
1.715235e+02 
1.715235e+02 
1.715235e+02 
1.715235e+02 
1.715235e+02 
1.715235e+02 
1.715235e+02 
1.715235e+02 
1.715235e+02 
1.715235e+02 
1.715235e+02 
1.715235e+02 
1.715235e+02 
1.715235e+02 
1.715235e+02 
1.715235e+02 
1.715235e+02 
1.715235e+02 
1.715235e+02 
1.715235e+02 
1.715235e+02 
1.715235e+02 
1.715235e+02 
1.715235e+02 
1.715235e+02 
1.715235e+02 
1.715235e+02 
1.715235e+02 
1.715235e+02 
1.715235e+02 
1.715235e+02 
1.715235e+02 
1.715235e+02 
1.715235e+02 
1.715235e+02 
1.715235e+02 
1.715235e+02 
1.715235e+02 
1.715235e+02 
1.715235e+02 
1.715235e+02 
1.715235e+02 
1.715235e+02 
1.715235e+02 
1.715235e+02 
1.715235e+02 
1.715235e+02 
1.715235e+02 
1.715235e+02 
1.715235e+02 
1.715235e+02 
1.715235e+02 
1.715235e+02 
1.715235e+02 
1.715235e+02 
1.715235e+02 
1.715235e+02 
1.715235e+02 
1.715235e+02 
1.715235e+02 
1.715235e+02 
1.715235e+02 
1.715235e+02 
1.715235e+02 
1.715235e+02 
1.715235e+02 
1.715235e+02 
1.715235e+02 
1.715235e+02 
1.715235e+02 
1.715235e+02 
1.715235e+02 
1.715235e+02 
1.715235e+02 
1.715235e+02 
1.715235e+02 
1.715235e+02 
1.715235e+02 
1.715235e+02 
1.715235e+02 
1.715235e+02 
1.715235e+02 
1.715235e+02 
1.715235e+02 
1.715235e+02 
1.715235e+02 
1.715235e+02 
1.715235e+02 
1.715235e+02 
1.715235e+02 
1.715235e+02 
1.715235e+02 
1.715235e+02 
1.715235e+02 
1.715235e+02 
1.715235e+02 
1.715235e+02 
1.715235e+02 
1.715235e+02 
1.715235e+02 
1.715235e+02 
1.715235e+02 
1.715235e+02 
1.715235e+02 
1.715235e+02 
1.715235e+02 
1.715235e+02 
1.715235e+02 
1.715235e+02 
1.715235e+02 
1.715235e+02 
1.715235e+02 
1.715235e+02 
1.715235e+02 
1.715235e+02 
1.715235e+02 
1.715235e+02 
1.715235e+02 
1.715235e+02 
1.715235e+02 
1.715235e+02 
1.715235e+02 
1.715235e+02 
1.715235e+02 
1.715235e+02 
1.715235e+02 
1.715235e+02 
1.715235e+02 
1.715235e+02 
1.715235e+02 
1.715235e+02 
1.715235e+02 
1.715235e+02 
1.715235e+02 
1.715235e+02 
1.715235e+02 
1.715235e+02 
1.715235e+02 
1.715235e+02 
1.715235e+02 
1.715235e+02 
1.715235e+02 
1.715235e+02 
1.715235e+02 
1.715235e+02 
1.715235e+02 
1.715235e+02 
1.715235e+02 
1.715235e+02 
1.715235e+02 
1.715235e+02 
1.715235e+02 
1.715235e+02 
1.715235e+02 
1.628785e+02 
1.628785e+02 
1.628785e+02 
1.628785e+02 
1.628785e+02 
1.628785e+02 
1.628785e+02 
1.628785e+02 
1.628785e+02 
1.628785e+02 
1.628785e+02 
1.628785e+02 
1.628785e+02 
1.628785e+02 
1.628785e+02 
1.628785e+02 
1.628785e+02 
1.628785e+02 
1.628785e+02 
1.628785e+02 
1.628785e+02 
1.628785e+02 
1.628785e+02 
1.628785e+02 
1.628785e+02 
1.628785e+02 
1.628785e+02 
1.628785e+02 
1.628785e+02 
1.628785e+02 
1.628785e+02 
1.628785e+02 
1.628785e+02 
1.628785e+02 
1.628785e+02 
1.628785e+02 
1.628785e+02 
1.628785e+02 
1.628785e+02 
1.628785e+02 
1.628785e+02 
1.628785e+02 
1.628785e+02 
1.628785e+02 
1.628785e+02 
1.628785e+02 
1.628785e+02 
1.628785e+02 
1.628785e+02 
1.628785e+02 
1.628785e+02 
1.628785e+02 
1.628785e+02 
1.628785e+02 
1.628785e+02 
1.628785e+02 
1.628785e+02 
1.628785e+02 
1.628785e+02 
1.628785e+02 
1.628785e+02 
1.628785e+02 
1.628785e+02 
1.628785e+02 
1.628785e+02 
1.628785e+02 
1.628785e+02 
1.628785e+02 
1.628785e+02 
1.628785e+02 
1.628785e+02 
1.628785e+02 
1.628785e+02 
1.628785e+02 
1.628785e+02 
1.628785e+02 
1.628785e+02 
1.628785e+02 
1.628785e+02 
1.628785e+02 
1.628785e+02 
1.628785e+02 
1.628785e+02 
1.628785e+02 
1.628785e+02 
1.628785e+02 
1.628785e+02 
1.628785e+02 
1.628785e+02 
1.628785e+02 
1.628785e+02 
1.628785e+02 
1.628785e+02 
1.628785e+02 
1.628785e+02 
1.628785e+02 
1.628785e+02 
1.628785e+02 
1.628785e+02 
1.628785e+02 
1.628785e+02 
1.628785e+02 
1.628785e+02 
1.628785e+02 
1.628785e+02 
1.628785e+02 
1.628785e+02 
1.628785e+02 
1.628785e+02 
1.628785e+02 
1.628785e+02 
1.628785e+02 
1.628785e+02 
1.628785e+02 
1.628785e+02 
1.628785e+02 
1.628785e+02 
1.628785e+02 
1.628785e+02 
1.628785e+02 
1.628785e+02 
1.628785e+02 
1.628785e+02 
1.628785e+02 
1.628785e+02 
1.628785e+02 
1.628785e+02 
1.628785e+02 
1.628785e+02 
1.628785e+02 
1.628785e+02 
1.628785e+02 
1.628785e+02 
1.628785e+02 
1.628785e+02 
1.628785e+02 
1.628785e+02 
1.628785e+02 
1.628785e+02 
1.628785e+02 
1.628785e+02 
1.628785e+02 
1.628785e+02 
1.628785e+02 
1.628785e+02 
1.628785e+02 
1.628785e+02 
1.628785e+02 
1.628785e+02 
1.416557e+02 
1.416557e+02 
1.416557e+02 
1.416557e+02 
1.416557e+02 
1.416557e+02 
1.416557e+02 
1.416557e+02 
1.416557e+02 
1.416557e+02 
1.416557e+02 
1.416557e+02 
1.416557e+02 
1.416557e+02 
1.416557e+02 
1.416557e+02 
1.416557e+02 
1.416557e+02 
1.416557e+02 
1.416557e+02 
1.416557e+02 
1.416557e+02 
1.416557e+02 
1.416557e+02 
1.416557e+02 
1.416557e+02 
1.416557e+02 
1.416557e+02 
1.416557e+02 
1.416557e+02 
1.416557e+02 
1.416557e+02 
1.416557e+02 
1.416557e+02 
1.416557e+02 
1.416557e+02 
1.416557e+02 
1.416557e+02 
1.416557e+02 
1.416557e+02 
1.416557e+02 
1.416557e+02 
1.416557e+02 
1.416557e+02 
1.416557e+02 
1.416557e+02 
1.416557e+02 
1.416557e+02 
1.416557e+02 
1.416557e+02 
1.416557e+02 
1.416557e+02 
1.416557e+02 
1.416557e+02 
1.416557e+02 
1.416557e+02 
1.416557e+02 
1.416557e+02 
1.416557e+02 
1.416557e+02 
1.416557e+02 
1.416557e+02 
1.416557e+02 
1.416557e+02 
1.416557e+02 
1.416557e+02 
1.416557e+02 
1.416557e+02 
1.416557e+02 
1.416557e+02 
1.416557e+02 
1.416557e+02 
1.416557e+02 
1.416557e+02 
1.416557e+02 
1.416557e+02 
1.416557e+02 
1.416557e+02 
1.416557e+02 
1.416557e+02 
1.416557e+02 
1.416557e+02 
1.416557e+02 
1.416557e+02 
1.416557e+02 
1.416557e+02 
1.416557e+02 
1.416557e+02 
1.416557e+02 
1.416557e+02 
1.416557e+02 
1.416557e+02 
1.416557e+02 
1.416557e+02 
1.416557e+02 
1.416557e+02 
1.416557e+02 
1.416557e+02 
1.416557e+02 
1.416557e+02 
1.416557e+02 
1.416557e+02 
1.416557e+02 
1.416557e+02 
1.416557e+02 
1.416557e+02 
1.416557e+02 
1.416557e+02 
1.416557e+02 
1.266113e+02 
1.266113e+02 
1.266113e+02 
1.266113e+02 
1.266113e+02 
1.266113e+02 
1.266113e+02 
1.266113e+02 
1.266113e+02 
1.266113e+02 
1.266113e+02 
1.266113e+02 
1.266113e+02 
1.266113e+02 
1.266113e+02 
1.266113e+02 
1.266113e+02 
1.266113e+02 
1.266113e+02 
1.266113e+02 
1.266113e+02 
1.266113e+02 
1.266113e+02 
1.266113e+02 
1.266113e+02 
1.266113e+02 
1.266113e+02 
1.266113e+02 
1.266113e+02 
1.266113e+02 
1.266113e+02 
1.266113e+02 
1.266113e+02 
1.266113e+02 
1.266113e+02 
1.266113e+02 
1.266113e+02 
1.266113e+02 
1.266113e+02 
1.266113e+02 
1.261353e+02 
1.261353e+02 
1.261353e+02 
1.261353e+02 
1.261353e+02 
1.261353e+02 
1.261353e+02 
1.261353e+02 
1.261353e+02 
1.261353e+02 
1.261353e+02 
1.261353e+02 
1.261353e+02 
1.261353e+02 
1.261353e+02 
1.261353e+02 
1.261353e+02 
1.261353e+02 
1.261353e+02 
1.261353e+02 
1.261353e+02 
1.261353e+02 
1.261353e+02 
1.261353e+02 
1.261353e+02 
1.261353e+02 
1.261353e+02 
1.261353e+02 
1.261353e+02 
1.261353e+02 
1.261353e+02 
1.261353e+02 
1.261353e+02 
1.261353e+02 
1.261353e+02 
1.261353e+02 
1.261353e+02 
1.261353e+02 
1.261353e+02 
1.261353e+02 
1.261353e+02 
1.261353e+02 
1.261353e+02 
1.261353e+02 
1.261353e+02 
1.261353e+02 
1.261353e+02 
1.261353e+02 
1.261353e+02 
1.261353e+02 
1.261353e+02 
1.261353e+02 
1.261353e+02 
1.261353e+02 
1.261353e+02 
1.261353e+02 
1.261353e+02 
1.261353e+02 
1.261353e+02 
1.261353e+02 
1.261353e+02 
1.261353e+02 
1.261353e+02 
1.261353e+02 
1.261353e+02 
1.261353e+02 
1.261353e+02 
1.261353e+02 
1.261353e+02 
1.261353e+02 
1.261353e+02 
1.261353e+02 
1.261353e+02 
1.261353e+02 
1.261353e+02 
1.261353e+02 
1.261353e+02 
1.261353e+02 
1.261353e+02 
1.261353e+02 
1.261353e+02 
1.261353e+02 
1.261353e+02 
1.261353e+02 
1.261353e+02 
1.261353e+02 
1.261353e+02 
1.261353e+02 
1.261353e+02 
1.261353e+02 
1.261353e+02 
1.261353e+02 
1.261353e+02 
1.261353e+02 
1.261353e+02 
1.261353e+02 
1.261353e+02 
1.261353e+02 
1.261353e+02 
1.261353e+02 
1.261353e+02 
1.261353e+02 
1.261353e+02 
1.261353e+02 
1.261353e+02 
1.261353e+02 
1.261353e+02 
1.261353e+02 
1.261353e+02 
1.204665e+02 
1.204665e+02 
1.051075e+02 
1.051075e+02 
1.051075e+02 
1.051075e+02 
1.051075e+02 
1.051075e+02 
1.040282e+02 
1.040282e+02 
1.030027e+02 
1.030027e+02 
9.784166e+01 
9.784166e+01 
9.784166e+01 
9.784166e+01 
9.784166e+01 
9.784166e+01 
9.784166e+01 
9.784166e+01 
9.784166e+01 
9.784166e+01 
9.784166e+01 
9.784166e+01 
9.784166e+01 
9.784166e+01 
9.784166e+01 
9.784166e+01 
9.784166e+01 
9.784166e+01 
9.784166e+01 
9.784166e+01 
9.784166e+01 
9.784166e+01 
9.784166e+01 
9.784166e+01 
9.784166e+01 
9.784166e+01 
9.784166e+01 
9.784166e+01 
9.784166e+01 
9.784166e+01 
9.784166e+01 
9.784166e+01 
9.784166e+01 
9.081729e+01 
9.081729e+01 
9.081729e+01 
8.465890e+01 
8.465890e+01 
8.465890e+01 
8.465890e+01 
8.465890e+01 
8.465890e+01 
8.465890e+01 
8.228973e+01 
8.228973e+01 
8.228973e+01 
8.228973e+01 
8.228973e+01 
8.228973e+01 
8.228973e+01 
8.228973e+01 
8.228973e+01 
8.228973e+01 
8.228973e+01 
8.228973e+01 
8.228973e+01 
8.228973e+01 
8.228973e+01 
8.228973e+01 
8.228973e+01 
8.228973e+01 
8.228973e+01 
8.228973e+01 
8.228973e+01 
8.228973e+01 
8.228973e+01 
8.228973e+01 
8.228973e+01 
8.228973e+01 
8.228973e+01 
8.228973e+01 
8.228973e+01 
8.228973e+01 
8.228973e+01 
8.228973e+01 
8.228973e+01 
8.228973e+01 
8.228973e+01 
8.228973e+01 
8.228973e+01 
8.228973e+01 
8.228973e+01 
8.228973e+01 
8.228973e+01 
8.228973e+01 
7.883088e+01 
7.883088e+01 
7.883088e+01 
7.883088e+01 
7.883088e+01 
7.883088e+01 
7.883088e+01 
7.883088e+01 
7.883088e+01 
7.883088e+01 
7.883088e+01 
7.066947e+01 
7.066947e+01 
7.066947e+01 
7.066947e+01 
7.066947e+01 
7.066947e+01 
7.066947e+01 
7.066947e+01 
7.066947e+01 
7.066947e+01 
7.066947e+01 
7.066947e+01 
7.066947e+01 
7.066947e+01 
7.066947e+01 
7.066947e+01 
7.066947e+01 
7.066947e+01 
7.066947e+01 
7.066947e+01 
7.066947e+01 
7.066947e+01 
7.066947e+01 
7.066947e+01 
7.066947e+01 
7.066947e+01 
7.066947e+01 
7.066947e+01 
7.066947e+01 
7.066947e+01 
7.066947e+01 
7.066947e+01 
7.066947e+01 
7.066947e+01 
7.066947e+01 
7.066947e+01 
7.066947e+01 
7.066947e+01 
7.066947e+01 
7.066947e+01 
7.066947e+01 
7.066947e+01 
7.066947e+01 
7.066947e+01 
7.066947e+01 
7.066947e+01 
7.066947e+01 
7.066947e+01 
7.066947e+01 
7.066947e+01 
7.066947e+01 
7.066947e+01 
7.066947e+01 
7.066947e+01 
7.066947e+01 
7.066947e+01 
7.066947e+01 
7.066947e+01 
7.066947e+01 
7.066947e+01 
7.066947e+01 
7.066947e+01 
7.066947e+01 
7.066947e+01 
7.066947e+01 
7.066947e+01 
7.066947e+01 
7.066947e+01 
7.066947e+01 
6.986469e+01 
6.931241e+01 
6.931241e+01 
6.931241e+01 
6.931241e+01 
6.931241e+01 
6.931241e+01 
6.931241e+01 
6.931241e+01 
6.931241e+01 
6.931241e+01 
6.931241e+01 
6.931241e+01 
6.930658e+01 
6.930658e+01 
6.930658e+01 
6.917302e+01 
6.904449e+01 
6.896553e+01 
6.891688e+01 
6.888680e+01 
6.886810e+01 
6.885642e+01 
6.884907e+01 
6.884441e+01 
6.884142e+01 
6.883949e+01 
6.883822e+01 
6.883737e+01 
6.883680e+01 
6.883641e+01 
6.883614e+01 
6.883594e+01 
6.883581e+01 
6.883570e+01 
6.883563e+01 
6.883558e+01 
6.883553e+01 
6.883550e+01 
6.883548e+01 
6.883546e+01 
6.883545e+01 
6.883544e+01 
6.883543e+01 
6.883542e+01 
6.883542e+01 
6.883541e+01 
6.883541e+01 
6.883541e+01 
6.883541e+01 
6.883541e+01 
6.883540e+01 
6.883540e+01 
6.883540e+01 
6.883540e+01 
6.883540e+01 
6.883540e+01 
6.883540e+01 
6.883540e+01 
6.883540e+01 
6.883540e+01 
6.883540e+01 
6.883540e+01 
6.883540e+01 
6.883540e+01 
6.883540e+01 
6.883540e+01 
6.883540e+01 
6.883540e+01 
6.883540e+01 
6.883540e+01 
6.883540e+01 
6.883540e+01 
6.883540e+01 
6.883540e+01 
6.883540e+01 
6.883540e+01 
6.883540e+01 
6.883540e+01 
6.883540e+01 
6.883540e+01 
6.883540e+01 
6.883540e+01 
6.883540e+01 
6.883540e+01 
6.883540e+01 
6.883540e+01 
6.883540e+01 
6.883540e+01 
6.883540e+01 
6.883540e+01 
6.883540e+01 
6.883540e+01 
6.883540e+01 
6.883540e+01 
6.883540e+01 
6.883540e+01 
6.883540e+01 
6.883540e+01 
6.883540e+01 
6.883540e+01 
6.883540e+01 
6.883540e+01 
6.883540e+01 
6.883540e+01 
6.883540e+01 
6.883540e+01 
6.883540e+01 
6.883540e+01 
6.883540e+01 
6.883540e+01 
6.883540e+01 
6.883540e+01 
6.883540e+01 
6.883540e+01 
6.883540e+01 
6.880151e+01 
6.880151e+01 
6.872065e+01 
6.872065e+01 
6.871759e+01 
6.866605e+01 
6.864732e+01 
6.864552e+01 
6.864552e+01 
6.864552e+01 
6.864552e+01 
6.864052e+01 
6.863878e+01 
6.863878e+01 
6.863862e+01 
6.863736e+01 
6.863736e+01 
6.863700e+01 
6.863641e+01 
6.863612e+01 
6.863598e+01 
6.863593e+01 
6.863593e+01 
6.863593e+01 
6.863593e+01 
6.863593e+01 
6.863593e+01 
6.863582e+01 
6.863558e+01 
4.601529e+01 
4.601529e+01 
4.565178e+01 
4.565178e+01 
4.565178e+01 
4.453124e+01 
4.453124e+01 
4.435593e+01 
4.435593e+01 
4.435593e+01 
4.435593e+01 
4.435593e+01 
4.435593e+01 
4.435593e+01 
4.435593e+01 
4.418127e+01 
4.418127e+01 
4.418127e+01 
4.418127e+01 
4.418127e+01 
4.418127e+01 
4.418127e+01 
4.418127e+01 
4.418127e+01 
4.418127e+01 
4.418127e+01 
4.418127e+01 
4.418127e+01 
4.418127e+01 
4.418127e+01 
4.418127e+01 
4.418127e+01 
4.418127e+01 
4.418127e+01 
4.410605e+01 
4.410605e+01 
4.410605e+01 
4.410605e+01 
4.408311e+01 
4.405776e+01 
4.405314e+01 
4.355501e+01 
4.355501e+01 
4.273009e+01 
4.262028e+01 
4.262028e+01 
4.262028e+01 
4.262028e+01 
4.262028e+01 
4.262028e+01 
4.262028e+01 
4.262028e+01 
4.258167e+01 
4.256205e+01 
4.252919e+01 
4.244316e+01 
4.244316e+01 
4.244316e+01 
4.086420e+01 
4.086420e+01 
4.086420e+01 
4.037845e+01 
4.037845e+01 
4.037845e+01 
4.037845e+01 
4.037845e+01 
4.037845e+01 
4.037845e+01 
4.037845e+01 
4.037845e+01 
4.037845e+01 
4.037845e+01 
4.037845e+01 
3.954233e+01 
3.954233e+01 
3.954233e+01 
3.954233e+01 
3.954233e+01 
3.954233e+01 
3.954233e+01 
3.954233e+01 
3.954233e+01 
3.954233e+01 
3.816405e+01 
3.816405e+01 
3.816405e+01 
3.714837e+01 
3.714837e+01 
3.714837e+01 
3.714837e+01 
3.714837e+01 
3.714837e+01 
3.714837e+01 
3.714837e+01 
3.714837e+01 
3.714837e+01 
3.714837e+01 
3.714837e+01 
3.714837e+01 
3.714837e+01 
3.714837e+01 
3.714837e+01 
3.714837e+01 
3.674255e+01 
3.674255e+01 
3.674255e+01 
3.612290e+01 
3.612290e+01 
3.612290e+01 
3.612290e+01 
3.612290e+01 
3.612290e+01 
3.612290e+01 
3.612290e+01 
3.612290e+01 
3.612290e+01 
3.612290e+01 
3.612290e+01 
3.612290e+01 
3.612290e+01 
3.612290e+01 
3.612290e+01 
3.612290e+01 
3.612290e+01 
3.612290e+01 
3.612290e+01 
3.612290e+01 
3.612290e+01 
3.612290e+01 
3.612290e+01 
3.612290e+01 
3.612290e+01 
3.612290e+01 
3.612290e+01 
3.612290e+01 
3.612290e+01 
3.612290e+01 
3.612290e+01 
3.612290e+01 
3.612290e+01 
3.612290e+01 
3.612290e+01 
3.612290e+01 
3.612290e+01 
3.612290e+01 
3.612290e+01 
3.612290e+01 
3.612290e+01 
3.612290e+01 
3.612290e+01 
3.612290e+01 
3.612290e+01 
3.612290e+01 
3.612290e+01 
3.612290e+01 
3.612290e+01 
3.612290e+01 
3.612290e+01 
3.612290e+01 
3.612290e+01 
3.612290e+01 
3.612290e+01 
3.612290e+01 
3.612290e+01 
3.612290e+01 
3.612290e+01 
3.612290e+01 
3.612290e+01 
3.612290e+01 
3.612290e+01 
3.612290e+01 
3.612290e+01 
3.612290e+01 
3.612290e+01 
3.612290e+01 
3.612290e+01 
3.612290e+01 
3.612290e+01 
3.612290e+01 
3.612290e+01 
3.612290e+01 
3.612290e+01 
3.612290e+01 
3.612290e+01 
3.612290e+01 
3.612290e+01 
3.612290e+01 
3.590385e+01 
3.590385e+01 
3.590385e+01 
3.590385e+01 
3.590385e+01 
3.590385e+01 
3.590385e+01 
3.590385e+01 
3.590385e+01 
3.590385e+01 
3.590385e+01 
3.590385e+01 
3.590385e+01 
3.590385e+01 
3.590385e+01 
3.590385e+01 
3.590385e+01 
3.590385e+01 
3.590385e+01 
3.590385e+01 
3.590385e+01 
3.590385e+01 
3.590385e+01 
3.590385e+01 
3.580457e+01 
3.580457e+01 
3.580457e+01 
3.580457e+01 
3.580457e+01 
3.580457e+01 
3.580457e+01 
3.580457e+01 
3.580457e+01 
3.580457e+01 
3.580457e+01 
3.574457e+01 
3.574457e+01 
3.554238e+01 
3.507506e+01 
3.482441e+01 
3.469309e+01 
3.462664e+01 
3.459505e+01 
3.458182e+01 
3.457797e+01 
3.457797e+01 
3.457793e+01 
3.457793e+01 
3.457793e+01 
3.455393e+01 
3.439448e+01 
3.439448e+01 
3.439448e+01 
3.431438e+01 
3.427411e+01 
3.427411e+01 
3.425017e+01 
3.425017e+01 
3.425017e+01 
3.425017e+01 
3.418741e+01 
3.412806e+01 
3.409675e+01 
3.408068e+01 
3.407297e+01 
3.396236e+01 
3.396236e+01 
3.396236e+01 
3.396236e+01 
3.396236e+01 
3.392407e+01 
3.392407e+01 
3.391817e+01 
3.391817e+01 
3.391817e+01 
3.391817e+01 
3.376067e+01 
3.376067e+01 
3.376067e+01 
3.376067e+01 
3.376067e+01 
3.376067e+01 
3.376067e+01 
3.376067e+01 
3.368992e+01 
3.368992e+01 
3.368992e+01 
3.368992e+01 
3.368992e+01 
3.368992e+01 
3.368992e+01 
3.368992e+01 
3.368992e+01 
3.368992e+01 
3.368992e+01 
3.368992e+01 
3.368992e+01 
3.368992e+01 
3.368992e+01 
3.368992e+01 
3.368992e+01 
3.368992e+01 
3.368992e+01 
3.367822e+01 
3.367822e+01 
3.367822e+01 
3.367822e+01 
3.367822e+01 
3.361403e+01 
3.361403e+01 
3.361403e+01 
3.361403e+01 
3.361403e+01 
3.361403e+01 
3.360773e+01 
3.360773e+01 
3.360773e+01 
3.360773e+01 
3.360773e+01 
3.360773e+01 
3.360773e+01 
3.360773e+01 
3.360773e+01 
3.360773e+01 
3.360773e+01 
3.360773e+01 
3.360773e+01 
3.360773e+01 
3.360773e+01 
3.359762e+01 
3.359762e+01 
3.356579e+01 
3.356579e+01 
3.356579e+01 
3.356579e+01 
3.356579e+01 
3.356579e+01 
3.356579e+01 
3.356579e+01 
3.356579e+01 
3.354908e+01 
3.354908e+01 
3.354908e+01 
3.354908e+01 
3.354908e+01 
3.354908e+01 
3.354908e+01 
3.354908e+01 
3.354908e+01 
3.354908e+01 
3.354908e+01 
3.354908e+01 
3.354908e+01 
3.354908e+01 
3.351521e+01 
3.351521e+01 
3.347629e+01 
3.347629e+01 
3.346669e+01 
3.346669e+01 
3.345513e+01 
3.345513e+01 
3.345513e+01 
3.345513e+01 
3.345513e+01 
3.344134e+01 
3.344134e+01 
3.344134e+01 
3.344134e+01 
3.343343e+01 
3.343343e+01 
3.343343e+01 
3.343343e+01 
3.343343e+01 
3.343343e+01 
3.343343e+01 
3.343343e+01 
3.343343e+01 
3.343343e+01 
3.343343e+01 
3.343343e+01 
3.343343e+01 
3.343343e+01 
3.343343e+01 
3.343343e+01 
3.343343e+01 
3.343343e+01 
2.655365e+01 
2.655365e+01 
2.655365e+01 
2.655365e+01 
2.655365e+01 
2.655365e+01 
2.655365e+01 
2.655365e+01 
2.655365e+01 
2.655365e+01 
2.655365e+01 
2.655365e+01 
2.655365e+01 
2.655365e+01 
2.655365e+01 
2.655365e+01 
2.655365e+01 
2.655365e+01 
2.655365e+01 
2.655365e+01 
2.655365e+01 
2.655365e+01 
2.655365e+01 
2.655365e+01 
2.655365e+01 
2.655365e+01 
2.655365e+01 
2.655365e+01 
2.655365e+01 
2.655365e+01 
2.655365e+01 
2.655365e+01 
2.655365e+01 
2.655365e+01 
2.655365e+01 
2.655365e+01 
2.655365e+01 
2.655365e+01 
2.655365e+01 
2.655365e+01 
2.655365e+01 
2.655365e+01 
2.655365e+01 
2.655365e+01 
2.655365e+01 
2.655365e+01 
2.655365e+01 
2.655365e+01 
2.655365e+01 
2.655365e+01 
2.655365e+01 
2.655365e+01 
2.655365e+01 
2.655365e+01 
2.655365e+01 
2.655365e+01 
2.655365e+01 
2.655365e+01 
2.655365e+01 
2.655365e+01 
2.628963e+01 
2.628963e+01 
2.628963e+01 
2.628963e+01 
2.628963e+01 
2.628963e+01 
2.628963e+01 
2.628963e+01 
2.628963e+01 
2.546285e+01 
2.543542e+01 
2.543542e+01 
2.538663e+01 
2.538663e+01 
2.538663e+01 
2.538663e+01 
2.538663e+01 
2.538663e+01 
2.538663e+01 
2.538663e+01 
2.538663e+01 
2.538663e+01 
2.538663e+01 
2.538663e+01 
2.525018e+01 
2.525018e+01 
2.525018e+01 
2.252097e+01 
2.252097e+01 
2.252097e+01 
2.252097e+01 
2.252097e+01 
2.252097e+01 
2.252097e+01 
2.252097e+01 
2.252097e+01 
2.252097e+01 
2.252097e+01 
2.252097e+01 
2.252097e+01 
2.252097e+01 
2.252097e+01 
2.252097e+01 
2.252097e+01 
2.138323e+01 
2.138323e+01 
2.138323e+01 
2.138323e+01 
2.138323e+01 
2.138323e+01 
2.138323e+01 
2.138323e+01 
2.138323e+01 
2.138323e+01 
2.138323e+01 
2.138323e+01 
2.138323e+01 
2.138323e+01 
2.138323e+01 
2.138323e+01 
2.138323e+01 
2.138323e+01 
2.138323e+01 
2.138323e+01 
2.138323e+01 
2.138323e+01 
2.138323e+01 
2.138323e+01 
2.138323e+01 
2.138323e+01 
2.138323e+01 
2.138323e+01 
2.138323e+01 
2.138323e+01 
2.138323e+01 
2.138323e+01 
2.138323e+01 
2.138323e+01 
2.138323e+01 
2.138323e+01 
2.138323e+01 
2.138323e+01 
2.138323e+01 
2.124461e+01 
2.059032e+01 
2.059032e+01 
2.059032e+01 
1.922902e+01 
1.920737e+01 
1.920737e+01 
1.910278e+01 
1.876314e+01 
1.876314e+01 
1.874539e+01 
1.874539e+01 
1.874539e+01 
1.874539e+01 
1.874539e+01 
1.872590e+01 
1.872590e+01 
1.872590e+01 
1.872590e+01 
1.872590e+01 
1.872590e+01 
1.872085e+01 
1.872085e+01 
1.872085e+01 
1.872085e+01 
1.872085e+01 
1.872085e+01 
1.872065e+01 
1.872065e+01 
1.872065e+01 
1.872065e+01 
1.872065e+01 
1.872065e+01 
1.872065e+01 
1.872065e+01 
1.872065e+01 
1.871698e+01 
1.871243e+01 
1.870923e+01 
1.870695e+01 
1.870531e+01 
1.870412e+01 
1.870325e+01 
1.870262e+01 
1.870215e+01 
1.870180e+01 
1.870155e+01 
1.870136e+01 
1.870122e+01 
1.870111e+01 
1.870104e+01 
1.870098e+01 
1.870093e+01 
1.870090e+01 
1.870088e+01 
1.870086e+01 
1.870085e+01 
1.870084e+01 
1.870083e+01 
1.870083e+01 
1.870082e+01 
1.870082e+01 
1.870082e+01 
1.870081e+01 
1.870081e+01 
1.870081e+01 
1.870081e+01 
1.870081e+01 
1.870081e+01 
1.870081e+01 
1.870081e+01 
1.870081e+01 
1.870081e+01 
1.870081e+01 
1.870081e+01 
1.870081e+01 
1.870081e+01 
1.870081e+01 
1.870081e+01 
1.870081e+01 
1.870081e+01 
1.870081e+01 
1.870081e+01 
1.870081e+01 
1.870081e+01 
1.870081e+01 
1.870081e+01 
1.870081e+01 
1.870081e+01 
1.870081e+01 
1.870081e+01 
1.870081e+01 
1.870081e+01 
1.870081e+01 
1.870081e+01 
1.870081e+01 
1.870081e+01 
1.870081e+01 
1.870081e+01 
1.870081e+01 
1.870081e+01 
1.870081e+01 
1.870081e+01 
1.870081e+01 
1.870081e+01 
1.870081e+01 
1.870081e+01 
1.870081e+01 
1.870081e+01 
1.870081e+01 
1.870081e+01 
1.870081e+01 
1.870081e+01 
1.870081e+01 
1.870081e+01 
1.870081e+01 
1.870081e+01 
1.870081e+01 
1.870081e+01 
1.870081e+01 
1.862820e+01 
1.820139e+01 
1.820139e+01 
1.820139e+01 
1.820139e+01 
1.746852e+01 
1.746852e+01 
1.746852e+01 
1.746852e+01 
1.746852e+01 
1.746852e+01 
1.746852e+01 
1.746852e+01 
1.746852e+01 
1.746852e+01 
1.746852e+01 
1.746852e+01 
1.746852e+01 
1.746852e+01 
1.746852e+01 
1.746852e+01 
1.746852e+01 
1.744111e+01 
1.744111e+01 
1.719953e+01 
1.695344e+01 
1.688623e+01 
1.688623e+01 
1.687467e+01 
1.687467e+01 
1.687467e+01 
1.683639e+01 
1.678331e+01 
1.675837e+01 
1.674785e+01 
1.674445e+01 
1.674436e+01 
1.674436e+01 
1.674286e+01 
1.674173e+01 
1.674137e+01 
1.674137e+01 
1.642030e+01 
1.642030e+01 
1.642030e+01 
1.642030e+01 
1.544280e+01 
1.514818e+01 
1.514818e+01 
1.514818e+01 
1.460378e+01 
1.426513e+01 
1.426513e+01 
1.426513e+01 
1.426513e+01 
1.426513e+01 
1.426513e+01 
1.426513e+01 
1.426513e+01 
1.426513e+01 
1.426513e+01 
1.426513e+01 
1.426513e+01 
1.426513e+01 
1.424540e+01 
1.424540e+01 
1.397542e+01 
1.397542e+01 
1.397542e+01 
1.397542e+01 
1.397542e+01 
1.396619e+01 
1.396619e+01 
1.396619e+01 
1.395328e+01 
1.394711e+01 
1.394711e+01 
1.394711e+01 
1.394711e+01 
1.393782e+01 
1.392906e+01 
1.392509e+01 
1.392350e+01 
1.392307e+01 
1.392307e+01 
1.392307e+01 
1.392126e+01 
1.391946e+01 
1.391816e+01 
1.391722e+01 
1.391654e+01 
1.391605e+01 
1.391568e+01 
1.391542e+01 
1.391522e+01 
1.391508e+01 
1.391497e+01 
1.391489e+01 
1.391484e+01 
1.391480e+01 
1.391477e+01 
1.391474e+01 
1.391473e+01 
1.391471e+01 
1.391470e+01 
1.391470e+01 
1.391469e+01 
1.391469e+01 
1.391469e+01 
1.391468e+01 
1.391468e+01 
1.391468e+01 
1.391468e+01 
1.391468e+01 
1.391468e+01 
1.391468e+01 
1.391468e+01 
1.391468e+01 
1.391468e+01 
1.391468e+01 
1.391468e+01 
1.391468e+01 
1.391468e+01 
1.391468e+01 
1.391468e+01 
1.391468e+01 
1.391468e+01 
1.391468e+01 
1.391468e+01 
1.391468e+01 
1.391468e+01 
1.391468e+01 
1.391468e+01 
1.391468e+01 
1.391468e+01 
1.391468e+01 
1.391468e+01 
1.391468e+01 
1.391468e+01 
1.391468e+01 
1.391468e+01 
1.391468e+01 
1.391468e+01 
1.391468e+01 
1.391468e+01 
1.391468e+01 
1.391468e+01 
1.391468e+01 
1.391468e+01 
1.391468e+01 
1.391468e+01 
1.391468e+01 
1.391468e+01 
1.391468e+01 
1.391468e+01 
1.391468e+01 
1.391468e+01 
1.391468e+01 
1.391468e+01 
1.391468e+01 
1.391468e+01 
1.391468e+01 
1.391468e+01 
1.391468e+01 
1.391468e+01 
1.391468e+01 
1.391468e+01 
1.391468e+01 
1.391468e+01 
1.391468e+01 
1.391468e+01 
1.391306e+01 
1.391306e+01 
1.384400e+01 
1.384400e+01 
1.384400e+01 
1.384400e+01 
1.384400e+01 
1.384400e+01 
1.383510e+01 
1.383510e+01 
1.383510e+01 
1.379676e+01 
1.379676e+01 
1.379676e+01 
1.379676e+01 
1.377381e+01 
1.377381e+01 
1.377381e+01 
1.377381e+01 
1.377381e+01 
1.377381e+01 
1.377381e+01 
1.374882e+01 
1.374882e+01 
1.374882e+01 
1.374882e+01 
1.374882e+01 
1.374882e+01 
1.374882e+01 
1.351986e+01 
1.351986e+01 
1.351986e+01 
1.351986e+01 
1.322901e+01 
1.305571e+01 
1.299797e+01 
1.299797e+01 
1.289280e+01 
1.262151e+01 
1.258314e+01 
1.258314e+01 
1.258314e+01 
1.245257e+01 
1.232744e+01 
1.226555e+01 
1.223657e+01 
1.222417e+01 
1.221978e+01 
1.221906e+01 
1.221906e+01 
1.221858e+01 
1.221811e+01 
1.202549e+01 
1.202549e+01 
1.202549e+01 
1.202549e+01 
1.202549e+01 
1.193796e+01 
1.191959e+01 
1.191959e+01 
1.191959e+01 
1.191959e+01 
1.191959e+01 
1.191959e+01 
1.189861e+01 
1.189861e+01 
1.189861e+01 
1.189861e+01 
1.189861e+01 
1.189861e+01 
1.189861e+01 
1.189861e+01 
1.189861e+01 
1.188859e+01 
1.188859e+01 
1.188859e+01 
1.188859e+01 
1.188859e+01 
1.188859e+01 
1.188859e+01 
1.188859e+01 
1.188683e+01 
1.188542e+01 
1.188542e+01 
1.188542e+01 
1.188542e+01 
1.188542e+01 
1.188542e+01 
1.188542e+01 
1.188542e+01 
1.187824e+01 
1.187794e+01 
1.187794e+01 
1.187545e+01 
1.187503e+01 
1.187503e+01 
1.187503e+01 
1.187434e+01 
1.187434e+01 
1.187434e+01 
1.187434e+01 
1.187434e+01 
1.187434e+01 
1.187434e+01 
1.187434e+01 
1.187434e+01 
1.187434e+01 
1.187434e+01 
1.187434e+01 
1.187434e+01 
1.187434e+01 
1.187434e+01 
1.187434e+01 
1.187434e+01 
1.187434e+01 
1.187434e+01 
1.187434e+01 
1.187434e+01 
1.187434e+01 
1.187434e+01 
9.335861e+00 
9.335861e+00 
9.335861e+00 
9.335861e+00 
9.335861e+00 
9.335861e+00 
9.335861e+00 
9.335861e+00 
6.680018e+00 
6.680018e+00 
6.680018e+00 
6.680018e+00 
6.680018e+00 
6.680018e+00 
6.680018e+00 
6.680018e+00 
6.680018e+00 
6.680018e+00 
6.680018e+00 
6.680018e+00 
6.680018e+00 
6.680018e+00 
6.680018e+00 
6.680018e+00 
6.680018e+00 
6.680018e+00 
6.680018e+00 
6.680018e+00 
6.680018e+00 
6.680018e+00 
6.680018e+00 
6.680018e+00 
6.680018e+00 
6.680018e+00 
5.629435e+00 
5.629435e+00 
5.629435e+00 
5.629435e+00 
5.228143e+00 
5.228143e+00 
5.228143e+00 
5.228143e+00 
5.228143e+00 
5.228143e+00 
5.228143e+00 
5.228143e+00 
5.228143e+00 
5.228143e+00 
5.064163e+00 
5.064163e+00 
5.064163e+00 
2.535467e+00 
2.535467e+00 
2.535467e+00 
2.535467e+00 
2.535467e+00 
2.535467e+00 
2.535467e+00 
2.535467e+00 
2.535467e+00 
2.535467e+00 
2.535467e+00 
2.535467e+00 
2.535467e+00 
2.535467e+00 
2.535467e+00 
2.535467e+00 
2.535467e+00 
2.535467e+00 
2.535467e+00 
2.535467e+00 
2.535467e+00 
2.535467e+00 
2.535467e+00 
2.535467e+00 
2.535467e+00 
2.535467e+00 
2.535467e+00 
2.535467e+00 
2.535467e+00 
2.449230e+00 
2.449230e+00 
2.449230e+00 
2.449230e+00 
2.449230e+00 
2.449230e+00 
2.449230e+00 
2.449230e+00 
2.449230e+00 
2.449230e+00 
2.449230e+00 
2.449230e+00 
2.449230e+00 
2.449230e+00 
2.449230e+00 
2.449230e+00 
2.300030e+00 
2.300030e+00 
2.300030e+00 
2.300030e+00 
2.300030e+00 
2.244097e+00 
2.244097e+00 
2.144109e+00 
1.946404e+00 
1.946404e+00 
1.946404e+00 
1.403456e+00 
1.403456e+00 
1.403456e+00 
1.403456e+00 
1.403456e+00 
1.332126e+00 
1.332126e+00 
1.332126e+00 
1.023743e+00 
9.858788e-01 
9.858788e-01 
9.858788e-01 
9.661161e-01 
9.661161e-01 
9.047885e-01 
9.047885e-01 
9.047885e-01 
9.047885e-01 
9.047885e-01 
9.047885e-01 
9.047885e-01 
9.047885e-01 
9.047885e-01 
9.047885e-01 
9.004330e-01 
9.004330e-01 
9.004330e-01 
9.004330e-01 
9.004330e-01 
9.004330e-01 
9.004330e-01 
9.004330e-01 
6.650823e-01 
5.464537e-01 
3.973218e-01 
2.883239e-01 
2.883239e-01 
2.883239e-01 
2.567723e-01 
2.567723e-01 
2.567723e-01 
2.567723e-01 
2.567723e-01 
2.567723e-01 
2.331782e-01 
2.191706e-01 
2.191706e-01 
1.776043e-01 
1.776043e-01 
1.776043e-01 
1.776043e-01 
1.776043e-01 
1.776043e-01 
1.776043e-01 
1.776043e-01 
1.776043e-01 
1.776043e-01 
1.776043e-01 
1.776043e-01 
1.776043e-01 
1.776043e-01 
1.532781e-01 
1.532781e-01 
1.532781e-01 
1.532781e-01 
1.532781e-01 
1.532781e-01 
1.532781e-01 
1.532781e-01 
1.532781e-01 
1.532781e-01 
1.532781e-01 
1.532781e-01 
1.532781e-01 
1.532781e-01 
1.532781e-01 
1.532781e-01 
1.532781e-01 
1.532781e-01 
1.532781e-01 
1.532781e-01 
1.532781e-01 
1.480200e-01 
1.480200e-01 
1.449935e-01 
1.449935e-01 
1.449935e-01 
1.447613e-01 
1.447613e-01 
1.447613e-01 
1.447613e-01 
1.447613e-01 
9.477545e-02 
9.477545e-02 
9.477545e-02 
9.477545e-02 
9.477545e-02 
8.215850e-02 
8.215850e-02 
8.215850e-02 
8.215850e-02 
8.215850e-02 
8.215850e-02 
8.215850e-02 
8.215850e-02 
8.215850e-02 
8.215850e-02 
8.215850e-02 
8.215850e-02 
8.215850e-02 
7.996026e-02 
7.996026e-02 
6.660665e-02 
6.660665e-02 
6.660665e-02 
6.660665e-02 
6.660665e-02 
6.660665e-02 
6.660665e-02 
6.412208e-02 
6.412208e-02 
6.292921e-02 
6.292921e-02 
6.292921e-02 
6.292921e-02 
6.274919e-02 
6.274919e-02 
6.274919e-02 
6.274919e-02 
6.274919e-02 
6.274919e-02 
6.274919e-02 
6.274919e-02 
6.274919e-02 
6.274919e-02 
6.274919e-02 
6.274919e-02 
6.274919e-02 
6.271098e-02 
6.271098e-02 
6.271098e-02 
6.180318e-02 
6.180318e-02 
6.144642e-02 
6.144642e-02 
6.075092e-02 
6.075092e-02 
6.075092e-02 
6.075092e-02 
6.075092e-02 
6.075092e-02 
6.075092e-02 
6.075092e-02 
6.075092e-02 
6.075092e-02 
6.075092e-02 
6.075092e-02 
5.941504e-02 
5.941504e-02 
5.941504e-02 
5.941504e-02 
5.941504e-02 
5.941504e-02 
5.941504e-02 
5.941504e-02 
3.685389e-02 
3.685389e-02 
3.685389e-02 
3.685389e-02 
3.685389e-02 
3.685389e-02 
3.685389e-02 
3.685389e-02 
3.685389e-02 
3.685389e-02 
3.685389e-02 
3.685389e-02 
3.685389e-02 
3.685389e-02 
3.685389e-02 
3.685389e-02 
3.685389e-02 
3.685389e-02 
3.685389e-02 
3.685389e-02 
3.685389e-02 
3.685389e-02 
3.685389e-02 
3.685389e-02 
3.685389e-02 
3.685389e-02 
3.685389e-02 
3.685389e-02 
3.685389e-02 
3.685389e-02 
3.685389e-02 
3.685389e-02 
3.685389e-02 
2.932579e-02 
2.932579e-02 
2.932579e-02 
2.932579e-02 
1.884056e-02 
1.884056e-02 
1.884056e-02 
1.884056e-02 
1.884056e-02 
1.884056e-02 
1.884056e-02 
1.884056e-02 
1.884056e-02 
1.884056e-02 
1.884056e-02 
1.884056e-02 
1.884056e-02 
1.884056e-02 
1.884056e-02 
1.884056e-02 
1.884056e-02 
1.793313e-02 
1.793313e-02 
1.793313e-02 
1.793313e-02 
1.793313e-02 
1.793313e-02 
1.793313e-02 
1.793313e-02 
1.793313e-02 
1.793313e-02 
1.793313e-02 
1.793313e-02 
1.793313e-02 
1.793313e-02 
1.793313e-02 
1.620283e-02 
1.620283e-02 
1.620283e-02 
1.478612e-02 
1.390470e-02 
1.390470e-02 
1.283020e-02 
1.249211e-02 
1.249211e-02 
1.249211e-02 
1.249211e-02 
1.249211e-02 
1.249211e-02 
1.249211e-02 
1.138512e-02 
9.388635e-03 
9.388635e-03 
9.388635e-03 
9.388635e-03 
9.388635e-03 
7.784449e-03 
7.784449e-03 
7.027277e-03 
7.027277e-03 
7.027277e-03 
7.027277e-03 
7.027277e-03 
4.774556e-03 
4.774556e-03 
4.774556e-03 
4.774556e-03 
3.969923e-03 
3.969923e-03 
3.969923e-03 
3.969923e-03 
3.844144e-03 
3.844144e-03 
3.844144e-03 
3.844144e-03 
3.844144e-03 
3.844144e-03 
3.844144e-03 
3.844144e-03 
3.844144e-03 
3.844144e-03 
3.844144e-03 
3.844144e-03 
3.844144e-03 
3.844144e-03 
3.844144e-03 
3.844144e-03 
3.844144e-03 
3.844144e-03 
3.844144e-03 
3.844144e-03 
3.844144e-03 
3.844144e-03 
3.844144e-03 
3.844144e-03 
3.844144e-03 
3.844144e-03 
3.844144e-03 
3.844144e-03 
3.844144e-03 
3.844144e-03 
3.844144e-03 
3.844144e-03 
3.844144e-03 
3.779665e-03 
3.779665e-03 
3.766578e-03 
3.766578e-03 
3.766578e-03 
3.766578e-03 
3.766578e-03 
3.766578e-03 
3.766578e-03 
3.766578e-03 
3.766578e-03 
3.766578e-03 
3.766578e-03 
3.766578e-03 
3.766578e-03 
3.766578e-03 
3.766578e-03 
3.755433e-03 
3.755433e-03 
2.778093e-03 
2.778093e-03 
2.778093e-03 
2.778093e-03 
2.778093e-03 
2.778093e-03 
2.778093e-03 
2.775911e-03 
1.234825e-03 
1.234825e-03 
1.234825e-03 
1.234825e-03 
1.145690e-03 
8.506120e-04 
8.506120e-04 
6.093857e-04 
6.093857e-04 
6.093857e-04 
5.111220e-04 
5.111220e-04 
5.111220e-04 
5.025351e-04 
5.025351e-04 
5.025351e-04 
4.543582e-04 
4.370183e-04 
4.370183e-04 
4.370183e-04 
4.370183e-04 
4.370183e-04 
4.231754e-04 
4.231754e-04 
4.231754e-04 
4.231754e-04 
4.231754e-04 
4.231754e-04 
4.231754e-04 
4.231754e-04 
4.231754e-04 
4.231754e-04 
4.231754e-04 
4.231754e-04 
4.231754e-04 
4.231754e-04 
4.231754e-04 
4.231754e-04 
4.231754e-04 
4.203728e-04 
4.203728e-04 
4.203728e-04 
4.203728e-04 
4.203728e-04 
4.203728e-04 
4.203728e-04 
4.201924e-04 
4.201924e-04 
4.200204e-04 
4.200204e-04 
4.200204e-04 
4.190948e-04 
4.182795e-04 
4.181123e-04 
4.181123e-04 
4.178361e-04 
4.176774e-04 
4.176119e-04 
4.175885e-04 
4.175833e-04 
4.175833e-04 
4.175833e-04 
4.175636e-04 
4.175413e-04 
4.175258e-04 
4.127214e-04 
3.634672e-04 
3.634672e-04 
2.453495e-04 
2.453495e-04 
2.453495e-04 
2.453495e-04 
2.453495e-04 
1.294099e-04 
1.294099e-04 
1.294099e-04 
1.294099e-04 
1.294099e-04 
1.294099e-04 
1.294099e-04 
1.294099e-04 
1.294099e-04 
1.294099e-04 
1.294099e-04 
1.294099e-04 
1.294099e-04 
1.294099e-04 
1.294099e-04 
1.294099e-04 
1.294099e-04 
1.294099e-04 
1.294099e-04 
1.294099e-04 
1.294099e-04 
1.294099e-04 
1.294099e-04 
1.294099e-04 
1.294099e-04 
1.294099e-04 
1.294099e-04 
1.294099e-04 
1.294099e-04 
1.294099e-04 
1.294099e-04 
1.294099e-04 
1.294099e-04 
1.294099e-04 
1.294099e-04 
1.294099e-04 
1.294099e-04 
1.294099e-04 
1.294099e-04 
1.294099e-04 
1.294099e-04 
1.294099e-04 
1.294099e-04 
1.294099e-04 
1.294099e-04 
1.294099e-04 
1.294099e-04 
1.294099e-04 
1.294099e-04 
1.294099e-04 
1.294099e-04 
1.294099e-04 
1.294099e-04 
1.192284e-04 
1.192284e-04 
1.192284e-04 
1.021851e-04 
1.021851e-04 
1.021851e-04 
1.021851e-04 
1.021851e-04 
1.021851e-04 
1.021851e-04 
1.021851e-04 
1.021851e-04 
1.021851e-04 
9.751241e-05 
9.751241e-05 
8.473787e-05 
8.473787e-05 
8.473787e-05 
8.473787e-05 
8.473787e-05 
8.473787e-05 
8.473787e-05 
8.098395e-05 
8.098395e-05 
8.098395e-05 
7.868951e-05 
7.783077e-05 
7.783077e-05 
7.783077e-05 
7.700836e-05 
7.578225e-05 
7.513506e-05 
7.478475e-05 
7.458956e-05 
7.447730e-05 
7.441061e-05 
7.436975e-05 
7.434401e-05 
7.432739e-05 
7.431645e-05 
7.430915e-05 
7.430421e-05 
7.430084e-05 
7.429853e-05 
7.429694e-05 
7.429584e-05 
3.504521e-05 
3.504521e-05 
3.504521e-05 
3.504521e-05 
3.504521e-05 
3.504521e-05 
3.504521e-05 
3.504521e-05 
3.504521e-05 
3.504521e-05 
3.504521e-05 
3.341510e-05 
3.341510e-05 
3.341510e-05 
3.341510e-05 
3.341510e-05 
3.341510e-05 
3.341510e-05 
3.341510e-05 
3.341510e-05 
3.341510e-05 
3.341510e-05 
3.001237e-05 
3.001237e-05 
3.001237e-05 
3.001237e-05 
2.707817e-05 
2.372463e-05 
2.210637e-05 
2.132571e-05 
2.094924e-05 
2.076778e-05 
1.965805e-05 
1.882314e-05 
1.822367e-05 
1.813675e-05 
1.783915e-05 
1.748347e-05 
1.712876e-05 
1.667415e-05 
1.489801e-05 
1.489801e-05 
1.489801e-05 
1.489801e-05 
1.489801e-05 
1.489801e-05 
1.489801e-05 
1.489801e-05 
1.489801e-05 
1.182743e-05 
1.182743e-05 
1.182743e-05 
1.182743e-05 
1.182743e-05 
1.182743e-05 
1.182743e-05 
1.182743e-05 
1.182743e-05 
1.182743e-05 
1.182743e-05 
1.182743e-05 
1.182743e-05 
1.078894e-05 
1.078894e-05 
1.078894e-05 
1.078894e-05 
1.078894e-05 
9.641649e-06 
9.641649e-06 
8.093852e-06 
8.093852e-06 
8.093852e-06 
8.093852e-06 
6.443110e-06 
6.443110e-06 
6.442386e-06 
6.442386e-06 
6.442386e-06 
6.442386e-06 
5.885841e-06 
5.623493e-06 
5.623493e-06 
5.460488e-06 
5.460488e-06 
5.460488e-06 
5.460488e-06 
5.460488e-06 
5.460488e-06 
5.460488e-06 
5.460488e-06 
5.460488e-06 
5.460488e-06 
5.460488e-06 
5.460488e-06 
5.460488e-06 
4.670028e-06 
4.117823e-06 
4.117823e-06 
4.069843e-06 
4.069843e-06 
4.060203e-06 
4.060203e-06 
4.060203e-06 
4.060203e-06 
4.060203e-06 
4.060203e-06 
4.060203e-06 
4.060203e-06 
4.060203e-06 
4.060203e-06 
4.060203e-06 
4.060203e-06 
4.060203e-06 
4.060203e-06 
4.060203e-06 
2.400240e-06 
2.112572e-06 
2.112572e-06 
2.112572e-06 
2.112572e-06 
2.112572e-06 
1.742361e-06 
1.742361e-06 
1.742361e-06 
1.742361e-06 
1.742361e-06 
1.742361e-06 
1.742361e-06 
1.742361e-06 
1.742361e-06 
1.742361e-06 
1.742361e-06 
1.742361e-06 
1.500357e-06 
1.500357e-06 
1.500357e-06 
1.500357e-06 
1.500357e-06 
1.500357e-06 
1.500357e-06 
1.500357e-06 
1.500357e-06 
1.500357e-06 
1.500357e-06 
1.500357e-06 
1.500357e-06 
1.500357e-06 
1.500357e-06 
1.500357e-06 
1.500357e-06 
1.170825e-06 
1.170825e-06 
1.077653e-06 
1.077653e-06 
1.077653e-06 
1.077653e-06 
1.077653e-06 
1.077653e-06 
1.077653e-06 
1.077653e-06 
9.943714e-07 
9.943714e-07 
9.943714e-07 
9.943714e-07 
9.943714e-07 
9.943714e-07 
9.943714e-07 
9.943714e-07 
9.943714e-07 
9.762730e-07 
9.762730e-07 
9.762730e-07 
9.762730e-07 
9.762730e-07 
9.762730e-07 
9.762730e-07 
9.762730e-07 
9.762730e-07 
9.762730e-07 
9.762730e-07 
9.762730e-07 
9.760937e-07 
9.760937e-07 
9.300134e-07 
9.300134e-07 
8.059093e-07 
8.059093e-07 
7.181673e-07 
7.181673e-07 
7.181673e-07 
7.052107e-07 
7.052107e-07 
5.758445e-07 
5.639525e-07 
5.639525e-07 
5.639525e-07 
5.639525e-07 
5.170610e-07 
5.170610e-07 
5.170610e-07 
5.141112e-07 
5.141112e-07 
5.141112e-07 
4.962550e-07 
3.861187e-07 
3.861187e-07 
3.861187e-07 
3.861187e-07 
2.554587e-07 
2.554587e-07 
2.554587e-07 
2.554587e-07 
2.554587e-07 
2.554587e-07 
2.295658e-07 
2.295658e-07 
2.295658e-07 
2.295658e-07 
1.791290e-07 
1.791290e-07 
1.791290e-07 
1.791290e-07 
1.736350e-07 
1.736350e-07 
1.643086e-07 
1.643086e-07 
1.620966e-07 
1.620966e-07 
1.620966e-07 
1.620966e-07 
1.579685e-07 
1.558406e-07 
1.558406e-07 
1.558406e-07 
1.533969e-07 
1.533969e-07 
1.392114e-07 
1.392114e-07 
1.392114e-07 
1.392114e-07 
1.392114e-07 
1.215913e-07 
1.215913e-07 
1.174424e-07 
1.174424e-07 
1.123259e-07 
1.123259e-07 
1.123259e-07 
1.123259e-07 
1.123259e-07 
1.123259e-07 
1.123259e-07 
9.205856e-08 
9.205856e-08 
8.837527e-08 
8.837527e-08 
8.837527e-08 
8.837527e-08 
8.837527e-08 
8.837527e-08 
8.837527e-08 
8.837527e-08 
8.837527e-08 
6.403892e-08 
5.263842e-08 
3.596479e-08 
3.596479e-08 
3.596479e-08 
3.596479e-08 
3.596479e-08 
3.596479e-08 
3.596479e-08 
3.596479e-08 
3.596479e-08 
3.596479e-08 
3.596479e-08 
3.596479e-08 
3.596479e-08 
3.596479e-08 
3.563813e-08 
3.563813e-08 
3.563813e-08 
3.563813e-08 
3.563813e-08 
3.563813e-08 
2.522148e-08 
2.522148e-08 
2.522148e-08 
2.522148e-08 
2.522148e-08 
2.522148e-08 
7.958528e-09 
7.958528e-09 
7.958528e-09 
7.958528e-09 
7.958528e-09 
7.958528e-09 
7.958528e-09 
7.958528e-09 
7.958528e-09 
7.192311e-09 
7.192311e-09 
7.192311e-09 
7.192311e-09 
7.192311e-09 
7.074695e-09 
7.074695e-09 
7.074695e-09 
7.074695e-09 
7.074695e-09 
7.074695e-09 
5.965789e-09 
5.366770e-09 
5.366770e-09 
5.366770e-09 
5.366770e-09 
5.366770e-09 
5.366770e-09 
5.366770e-09 
5.366770e-09 
5.313083e-09 
5.313083e-09 
4.813969e-09 
4.813969e-09 
4.813969e-09 
4.813969e-09 
4.813969e-09 
4.813969e-09 
4.813969e-09 
4.813969e-09 
3.589785e-09 
3.589785e-09 
3.589785e-09 
3.589785e-09 
3.589785e-09 
3.589785e-09 
3.589785e-09 
3.589785e-09 
3.589785e-09 
3.589785e-09 
3.589785e-09 
3.589785e-09 
3.589785e-09 
3.589785e-09 
3.589785e-09 
3.589785e-09 
3.589785e-09 
3.589785e-09 
3.589785e-09 
3.589785e-09 
3.589785e-09 
3.589785e-09 
3.589785e-09 
3.589785e-09 
3.589785e-09 
3.589785e-09 
3.589785e-09 
3.589785e-09 
3.310795e-09 
2.154921e-09 
2.154921e-09 
2.154921e-09 
2.154921e-09 
1.703126e-09 
1.703126e-09 
8.654423e-10 
8.654423e-10 
8.654423e-10 
8.654423e-10 
8.654423e-10 
8.654423e-10 
8.654423e-10 
8.654423e-10 
8.654423e-10 
8.654423e-10 
6.460521e-10 
6.460521e-10 
6.460521e-10 
5.117500e-10 
5.117500e-10 
4.498992e-10 
4.498992e-10 
4.498992e-10 
4.498992e-10 
4.498992e-10 
4.498992e-10 
4.498992e-10 
4.289145e-10 
4.289145e-10 
3.867673e-10 
3.867673e-10 
3.867673e-10 
3.867673e-10 
3.867673e-10 
3.867673e-10 
3.867673e-10 
3.867673e-10 
3.867673e-10 
3.339352e-10 
3.339352e-10 
3.339352e-10 
3.339352e-10 
3.339352e-10 
3.339352e-10 
2.897098e-10 
2.897098e-10 
2.897098e-10 
2.897098e-10 
2.897098e-10 
2.897098e-10 
2.897098e-10 
2.897098e-10 
2.897098e-10 
2.897098e-10 
2.897098e-10 
2.897098e-10 
2.897098e-10 
2.897098e-10 
2.897098e-10 
2.897098e-10 
2.897098e-10 
2.897098e-10 
2.897098e-10 
2.897098e-10 
2.897098e-10 
2.897098e-10 
2.897098e-10 
2.437447e-10 
2.437447e-10 
1.637238e-10 
1.633469e-10 
1.633469e-10 
1.455505e-10 
1.362620e-10 
1.362620e-10 
1.335809e-10 
9.488973e-11 
9.488973e-11 
9.488973e-11 
9.488973e-11 
9.488973e-11 
9.488973e-11 
9.488973e-11 
9.488973e-11 
9.258846e-11 
9.258846e-11 
9.258846e-11 
9.258846e-11 
8.221934e-11 
8.221934e-11 
7.936511e-11 
7.936511e-11 
7.051604e-11 
7.051604e-11 
7.051604e-11 
7.051604e-11 
7.051604e-11 
7.051604e-11 
6.362925e-11 
6.362925e-11 
6.362925e-11 
6.362925e-11 
1.962689e-11 
1.962689e-11 
1.962689e-11 
1.962689e-11 
1.962689e-11 
1.962689e-11 
1.962689e-11 
1.962689e-11 
1.962689e-11 
1.962689e-11 
1.952549e-11 
1.952549e-11 
1.952549e-11 
1.952549e-11 
1.838322e-11 
1.838322e-11 
1.560855e-11 
1.560855e-11 
1.285771e-11 
1.213037e-11 
1.213037e-11 
1.108269e-11 
1.096456e-11 
7.151317e-12 
7.151317e-12 
4.666119e-12 
4.666119e-12 
4.666119e-12 
4.666119e-12 
4.666119e-12 
4.666119e-12 
4.666119e-12 
4.290346e-12 
4.290346e-12 
3.992658e-12 
3.575214e-12 
3.575214e-12 
3.575214e-12 
3.575214e-12 
3.575214e-12 
3.575214e-12 
2.637224e-12 
2.637224e-12 
2.637224e-12 
2.637224e-12 
2.637224e-12 
2.637224e-12 
2.637224e-12 
2.637224e-12 
2.637224e-12 
2.637224e-12 
1.751932e-12 
1.751932e-12 
1.751932e-12 
1.751932e-12 
1.751932e-12 
1.709003e-12 
1.709003e-12 
1.709003e-12 
1.709003e-12 
1.709003e-12 
1.709003e-12 
1.709003e-12 
1.709003e-12 
1.709003e-12 
1.709003e-12 
1.709003e-12 
1.212364e-12 
1.212364e-12 
1.212364e-12 
1.212364e-12 
1.212364e-12 
1.212364e-12 
1.212364e-12 
1.212364e-12 
1.212364e-12 
1.157222e-12 
1.157222e-12 
1.157222e-12 
1.132427e-12 
9.946118e-13 
9.946118e-13 
9.946118e-13 
9.946118e-13 
5.634012e-13 
5.634012e-13 
4.921249e-13 
4.921249e-13 
4.921249e-13 
4.911627e-13 
4.784321e-13 
4.784321e-13 
4.784321e-13 
4.784321e-13 
4.784321e-13 
4.784321e-13 
4.784321e-13 
4.784321e-13 
4.784321e-13 
4.685881e-13 
4.637772e-13 
4.609646e-13 
4.605945e-13 
4.605945e-13 
4.605945e-13 
4.598544e-13 
4.591142e-13 
4.591142e-13 
4.591142e-13 
4.591142e-13 
4.591142e-13 
1.559493e-13 
1.559493e-13 
1.559493e-13 
1.559493e-13 
1.559493e-13 
1.559493e-13 
1.559493e-13 
1.559493e-13 
1.559493e-13 
1.559493e-13 
1.559493e-13 
1.489179e-13 
1.489179e-13 
1.489179e-13 
1.489179e-13 
1.489179e-13 
1.489179e-13 
1.148711e-13 
1.148711e-13 
1.148711e-13 
1.148711e-13 
1.148711e-13 
1.148711e-13 
1.148711e-13 
1.148711e-13 
1.148711e-13 
1.148711e-13 
1.148711e-13 
1.148711e-13 
1.148711e-13 
1.148711e-13 
1.148711e-13 
1.148711e-13 
1.148711e-13 
1.148711e-13 
1.148711e-13 
1.148711e-13 
1.148711e-13 
1.148711e-13 
1.148711e-13 
1.148711e-13 
1.148711e-13 
1.148711e-13 
1.148711e-13 
1.148711e-13 
1.148711e-13 
1.148711e-13 
1.148711e-13 
1.148711e-13 
1.148711e-13 
1.148711e-13 
1.148711e-13 
1.148711e-13 
1.148711e-13 
1.148711e-13 
1.148711e-13 
1.148711e-13 
1.030287e-13 
1.030287e-13 
1.030287e-13 
1.030287e-13 
8.593126e-14 
8.593126e-14 
8.593126e-14 
8.593126e-14 
8.593126e-14 
8.593126e-14 
8.593126e-14 
8.593126e-14 
8.593126e-14 
8.593126e-14 
8.593126e-14 
8.593126e-14 
8.593126e-14 
8.593126e-14 
8.593126e-14 
8.593126e-14 
8.593126e-14 
8.593126e-14 
8.593126e-14 
8.593126e-14 
8.593126e-14 
8.593126e-14 
8.593126e-14 
8.593126e-14 
8.593126e-14 
6.609528e-14 
6.609528e-14 
6.609528e-14 
6.609528e-14 
6.609528e-14 
6.609528e-14 
6.609528e-14 
6.609528e-14 
6.609528e-14 
6.609528e-14 
6.609528e-14 
6.609528e-14 
6.609528e-14 
6.609528e-14 
6.609528e-14 
6.609528e-14 
6.609528e-14 
6.609528e-14 
6.609528e-14 
6.609528e-14 
6.609528e-14 
6.609528e-14 
5.225450e-14 
5.225450e-14 
5.225450e-14 
5.225450e-14 
5.225450e-14 
5.225450e-14 
5.225450e-14 
5.225450e-14 
5.225450e-14 
5.225450e-14 
5.225450e-14 
5.225450e-14 
5.225450e-14 
5.225450e-14 
5.225450e-14 
5.225450e-14 
5.225450e-14 
5.225450e-14 
5.225450e-14 
5.225450e-14 
5.225450e-14 
5.225450e-14 
5.225450e-14 
5.225450e-14 
5.225450e-14 
5.225450e-14 
5.225450e-14 
5.225450e-14 
5.225450e-14 
5.225450e-14 
5.225450e-14 
5.225450e-14 
5.225450e-14 
5.225450e-14 
5.225450e-14 
5.225450e-14 
5.225450e-14 
5.225450e-14 
5.225450e-14 
5.225450e-14 
5.225450e-14 
5.225450e-14 
5.225450e-14 
5.225450e-14 
5.225450e-14 
3.056814e-14 
3.056814e-14 
3.056814e-14 
3.056814e-14 
3.056814e-14 
3.056814e-14 
3.056814e-14 
3.056814e-14 
3.056814e-14 
3.056814e-14 
3.056814e-14 
3.056814e-14 
3.056814e-14 
3.019807e-14 
3.019807e-14 
3.019807e-14 
3.019807e-14 
3.019807e-14 
3.019807e-14 
3.019807e-14 
3.019807e-14 
3.019807e-14 
3.019807e-14 
3.019807e-14 
3.019807e-14 
3.019807e-14 
3.019807e-14 
3.019807e-14 
3.019807e-14 
3.019807e-14 
3.019807e-14 
1.739349e-14 
1.739349e-14 
1.739349e-14 
1.739349e-14 
1.739349e-14 
1.739349e-14 
1.739349e-14 
1.739349e-14 
1.739349e-14 
1.739349e-14 
1.739349e-14 
1.739349e-14 
1.739349e-14 
1.739349e-14 
1.739349e-14 
1.739349e-14 
1.739349e-14 
1.739349e-14 
1.739349e-14 
1.739349e-14 
1.739349e-14 
1.739349e-14 
1.739349e-14 
1.739349e-14 
1.184238e-14 
1.184238e-14 
1.184238e-14 
1.184238e-14 
1.184238e-14 
1.184238e-14 
1.184238e-14 
1.184238e-14 
1.184238e-14 
1.184238e-14 
1.184238e-14 
1.184238e-14 
1.184238e-14 
7.401487e-15 
7.401487e-15 
7.401487e-15 
7.401487e-15 
7.401487e-15 
7.401487e-15 
7.401487e-15 
7.401487e-15 
7.401487e-15 
7.401487e-15 
7.401487e-15 
7.401487e-15 
7.401487e-15 
7.401487e-15 
7.401487e-15 
7.401487e-15 
7.401487e-15 
7.401487e-15 
7.401487e-15 
7.401487e-15 
7.401487e-15 
7.401487e-15 
7.401487e-15 
7.401487e-15 
7.401487e-15 
7.401487e-15 
7.401487e-15 
7.401487e-15 
7.401487e-15 
7.401487e-15 
7.401487e-15 
7.401487e-15 
7.401487e-15 
7.401487e-15 
7.401487e-15 
7.401487e-15 
7.401487e-15 
7.401487e-15 
7.401487e-15 
7.401487e-15 
7.401487e-15 
7.401487e-15 
7.401487e-15 
7.401487e-15 
7.401487e-15 
7.401487e-15 
7.401487e-15 
7.401487e-15 
7.401487e-15 
7.401487e-15 
7.401487e-15 
7.401487e-15 
7.401487e-15 
7.401487e-15 
7.401487e-15 
7.401487e-15 
7.401487e-15 
7.031412e-15 
7.031412e-15 
7.031412e-15 
7.031412e-15 
5.921189e-15 
5.921189e-15 
5.921189e-15 
5.921189e-15 
5.921189e-15 
5.921189e-15 
5.921189e-15 
5.921189e-15 
5.921189e-15 
5.921189e-15 
5.921189e-15 
5.921189e-15 
5.921189e-15 
5.921189e-15 
5.921189e-15 
5.921189e-15 
5.921189e-15 
5.921189e-15 
5.921189e-15 
5.921189e-15 
5.921189e-15 
5.921189e-15 
5.921189e-15 
5.921189e-15 
5.921189e-15 
5.921189e-15 
5.921189e-15 
5.921189e-15 
5.921189e-15 
5.921189e-15 
5.921189e-15 
5.921189e-15 
5.921189e-15 
5.921189e-15 
5.921189e-15 
5.921189e-15 
5.921189e-15 
5.921189e-15 
5.921189e-15 
5.921189e-15 
5.921189e-15 
5.921189e-15 
5.921189e-15 
5.921189e-15 
5.921189e-15 
5.921189e-15 
5.921189e-15 
5.921189e-15 
5.921189e-15 
5.921189e-15 
5.921189e-15 
5.921189e-15 
5.921189e-15 
5.921189e-15 
5.921189e-15 
5.921189e-15 
5.921189e-15 
5.921189e-15 
5.921189e-15 
3.700743e-15 
3.700743e-15 
3.700743e-15 
3.700743e-15 
3.700743e-15 
3.700743e-15 
3.700743e-15 
3.700743e-15 
3.700743e-15 
3.700743e-15 
3.700743e-15 
3.700743e-15 
3.700743e-15 
3.700743e-15 
3.700743e-15 
3.700743e-15 
3.700743e-15 
3.700743e-15 
3.700743e-15 
3.700743e-15 
3.700743e-15 
3.700743e-15 
3.700743e-15 
3.700743e-15 
3.700743e-15 
3.700743e-15 
3.700743e-15 
3.700743e-15 
3.700743e-15 
3.700743e-15 
3.700743e-15 
3.700743e-15 
3.700743e-15 
3.700743e-15 
3.700743e-15 
3.700743e-15 
3.700743e-15 
3.700743e-15 
3.700743e-15 
3.700743e-15 
3.700743e-15 
3.700743e-15 
3.700743e-15 
3.700743e-15 
3.700743e-15 
3.700743e-15 
3.700743e-15 
3.700743e-15 
3.700743e-15 
3.700743e-15 
3.700743e-15 
3.700743e-15 
3.700743e-15 
3.700743e-15 
3.700743e-15 
3.700743e-15 
3.700743e-15 
3.700743e-15 
3.700743e-15 
3.700743e-15 
3.700743e-15 
3.700743e-15 
3.700743e-15 
3.700743e-15 
3.700743e-15 
3.700743e-15 
3.700743e-15 
3.700743e-15 
3.700743e-15 
3.700743e-15 
3.700743e-15 
3.700743e-15 
3.700743e-15 
3.700743e-15 
3.700743e-15 
3.700743e-15 
3.700743e-15 
3.700743e-15 
3.700743e-15 
3.700743e-15 
3.700743e-15 
3.700743e-15 
3.700743e-15 
3.700743e-15 
3.700743e-15 
3.700743e-15 
3.700743e-15 
3.700743e-15 
3.700743e-15 
3.700743e-15 
3.700743e-15 
3.700743e-15 
2.220446e-15 
2.220446e-15 
2.220446e-15 
2.220446e-15 
2.220446e-15 
2.220446e-15 
2.220446e-15 
2.220446e-15 
2.220446e-15 
2.220446e-15 
2.220446e-15 
2.220446e-15 
2.220446e-15 
2.220446e-15 
2.220446e-15 
2.220446e-15 
2.220446e-15 
1.480297e-15 
1.480297e-15 
1.480297e-15 
1.480297e-15 
1.480297e-15 
1.480297e-15 
1.480297e-15 
1.480297e-15 
1.480297e-15 
1.480297e-15 
1.480297e-15 
1.480297e-15 
1.480297e-15 
1.480297e-15 
1.480297e-15 
1.480297e-15 
1.480297e-15 
1.480297e-15 
1.480297e-15 
1.480297e-15 
1.480297e-15 
1.480297e-15 
1.480297e-15 
1.480297e-15 
1.480297e-15 
1.480297e-15 
1.480297e-15 
1.480297e-15 
1.480297e-15 
1.480297e-15 
1.480297e-15 
1.110223e-15 
1.110223e-15 
1.110223e-15 
1.110223e-15 
1.110223e-15 
1.110223e-15 
3.700743e-16 
3.700743e-16 
3.700743e-16 
3.700743e-16 
3.700743e-16 
3.700743e-16 
3.700743e-16 
3.700743e-16 
3.700743e-16 
3.700743e-16 
3.700743e-16 
3.700743e-16 
3.700743e-16 
3.700743e-16 
3.700743e-16 
3.700743e-16 
3.700743e-16 
3.700743e-16 
3.700743e-16 
3.700743e-16 
3.700743e-16 
3.700743e-16 
3.700743e-16 
3.700743e-16 
3.700743e-16 
3.700743e-16 
3.700743e-16 
3.700743e-16 
3.700743e-16 
3.700743e-16 
3.700743e-16 
3.700743e-16 
3.700743e-16 
3.700743e-16 
3.700743e-16 
3.700743e-16 
3.700743e-16 
3.700743e-16 
3.700743e-16 
3.700743e-16 
3.700743e-16 
3.700743e-16 
3.700743e-16 
3.700743e-16 
3.700743e-16 
3.700743e-16 
3.700743e-16 
3.700743e-16 
0 
0 
0 
0 
0 
0 
0 
0 
0 
0 
0 
0 
0 
0 
0 
0 
0 
0 
0 
0 
0 
0 
0 
0 
0 
0 
0 
0 
0 
0 
0 
0 
0 
0 
0 
0 
0 
0 
0 
0 
0 
0 
0 
0 
0 
0 
0 
0 
0 
0 
0 
0 
0 
0 
0 
0 
0 
0 
0 
0 
0 
0 
0 
0 
0 
0 
0 
0 
0 
0 
0 
0 
0 
0 
0 
0 
0 
0 
0 
0 
0 
0 
0 
0 
0 
0 
0 
0 
0 
0 
0 
0 
0 
0 
0 
0 
0 
0 
0 
0 
0 
0 
0 
0 
0 
0 
0 
0 
0 
0 
0 
0 
0 
0 
0 
0 
0 
0 
0 
0 
0 
0 
0 
0 
0 
0 
0 
0 
0 
0 
0 
0 
0 
0 
0 
0 
0 
0 
0 
0 
0 
0 
0 
0 
0 
0 
0 
0 
0 
0 
0 
0 
0 
0 
0 
0 
0 
0 
0 
0 
0 
0 
0 
0 
0 
0 
0 
0 
0 
0 
0 
0 
0 
0 
0 
0 
0 
0 
0 
0 
0 
0 
0 
0 
0 
0 
0 
0 
0 
0 
0 
0 
0 
0 
0 
0 
0 
0 
0 
0 
0 
0 
0 
0 
0 
0 
0 
0 
0 
0 
0 
0 
0 
0 
0 
0 
0 
0 
0 
0 
0 
0 
0 
0 
0 
0 
0 
0 
0 
0 
0 
0 
0 
0 
0 
0 
0 
0 
0 
0 
0 
0 
0 
0 
0 
0 
0 
0 
0 
0 
0 
0 
0 
0 
0 
0 
0 
0 
0 
0 
0 
0 
0 
0 
0 
0 
0 
0 
0 
0 
0 
0 
0 
0 
0 
0 
0 
0 
0 
0 
0 
0 
0 
0 
0 
0 
0 
0 
0 
0 
0 
0 
0 
0 
0 
0 
0 
0 
0 
0 
0 
0 
0 
0 
0 
0 
0 
0 
0 
0 
0 
0 
0 
0 
0 
0 
0 
0 
0 
0 
0 
0 
0 
0 
0 
0 
0 
0 
0 
0 
0 
0 
0 
0 
0 
0 
0 
0 
0 
0 
0 
0 
0 
0 
0 
0 
0 
0 
0 
0 
0 
0 
0 
0 
0 
0 
0 
0 
0 
0 
0 
0 
0 
0 
0 
0 
0 
0 
0 
0 
0 
0 
0 
0 
0 
0 
0 
0 
0 
0 
0 
0 
0 
0 
0 
0 
0 
0 
0 
0 
0 
0 
0 
0 
0 
0 
0 
0 
0 
0 
0 
0 
0 
0 
0 
0 
0 
0 
0 
0 
0 
0 
0 
0 
0 
0 
0 
0 
0 
0 
0 
0 
0 
0 
0 
0 
0 
0 
0 
0 
0 
0 
0 
0 
0 
0 
0 
0 
0 
0 
0 
0 
0 
0 
0 
0 
0 
0 
0 
0 
0 
0 
0 
0 
0 
0 
0 
0 
0 
0 
0 
0 
0 
0 
0 
0 
0 
0 
0 
0 
0 
0 
0 
0 
0 
0 
0 
0 
0 
0 
0 
0 
0 
0 
0 
0 
0 
0 
0 
0 
0 
0 
0 
0 
0 
0 
0 
0 
0 
0 
0 
0 
0 
0 
0 
0 
0 
0 
0 
0 
0 
0 
0 
0 
0 
0 
0 
0 
0 
0 
0 
0 
0 
0 
0 
0 
0 
0 
0 
0 
0 
0 
0 
0 
0 
0 
0 
0 
0 
0 
0 
0 
0 
0 
0 
0 
0 
0 
0 
0 
0 
0 
0 
0 
0 
0 
0 
0 
0 
0 
0 
0 
0 
0 
0 
0 
0 
0 
0 
0 
0 
0 
0 
0 
0 
0 
0 
0 
0 
0 
0 
0 
0 
0 
0 
0 
0 
0 
0 
0 
0 
0 
0 
0 
0 
0 
0 
0 
0 
0 
0 
0 
0 
0 
0 
0 
0 
0 
0 
0 
0 
0 
0 
0 
0 
0 
0 
0 
0 
0 
0 
0 
0 
0 
0 
0 
0 
0 
0 
0 
0 
0 
0 
0 
0 
0 
0 
0 
0 
0 
0 
0 
0 
0 
0 
0 
0 
0 
0 
0 
0 
0 
0 
0 
0 
0 
0 
0 
0 
0 
0 
0 
0 
0 
0 
0 
0 
0 
0 
0 
0 
0 
0 
0 
0 
0 
0 
0 
0 
0 
0 
0 
0 
0 
0 
0 
0 
0 
0 
0 
0 
0 
0 
0 
0 
0 
0 
0 
0 
0 
0 
0 
0 
0 
0 
0 
0 
0 
0 
0 
0 
0 
0 
0 
0 
0 
0 
0 
0 
0 
0 
0 
0 
0 
0 
0 
0 
0 
0 
0 
0 
0 
0 
0 
0 
0 
0 
0 
0 
0 
0 
0 
0 
0 
0 
0 
0 
0 
0 
0 
0 
0 
0 
0 
0 
0 
0 
0 
0 
0 
0 
0 
0 
0 
0 
0 
0 
0 
0 
0 
0 
0 
0 
0 
0 
0 
0 
0 
0 
0 
0 
0 
0 
0 
0 
0 
0 
0 
0 
0 
0 
0 
0 
0 
0 
0 
0 
0 
0 
0 
0 
0 
0 
0 
0 
0 
0 
0 
0 
0 
0 
0 
0 
0 
0 
0 
0 
0 
0 
0 
0 
0 
0 
0 
0 
0 
0 
0 
0 
0 
0 
0 
0 
0 
0 
0 
0 
0 
0 
0 
0 
0 
0 
0 
0 
0 
0 
0 
0 
0 
0 
0 
0 
0 
0 
0 
0 
0 
0 
0 
0 
0 
0 
0 
0 
0 
0 
0 
0 
0 
0 
0 
0 
0 
0 
0 
0 
0 
0 
0 
0 
0 
0 
0 
0 
0 
0 
0 
0 
0 
0 
0 
0 
0 
0 
0 
0 
0 
0 
0 
0 
0 
0 
0 
0 
0 
0 
0 
0 
0 
0 
0 
0 
0 
0 
0 
0 
0 
0 
0 
0 
0 
0 
0 
0 
0 
0 
0 
0 
0 
0 
0 
0 
0 
0 
0 
0 
0 
0 
0 
0 
0 
0 
0 
0 
0 
0 
0 
0 
0 
0 
0 
0 
0 
0 
0 
0 
0 
0 
0 
0 
0 
0 
0 
0 
0 
0 
0 
0 
0 
0 
0 
0 
0 
0 
0 
0 
0 
0 
0 
0 
0 
0 
0 
0 
0 
0 
0 
0 
0 
0 
0 
0 
0 
0 
0 
0 
0 
0 
0 
0 
0 
0 
0 
0 
0 
0 
0 
0 
0 
0 
0 
0 
0 
0 
0 
0 
0 
0 
0 
0 
0 
0 
0 
0 
0 
0 
0 
0 
0 
0 
0 
0 
0 
0 
0 
0 
0 
0 
0 
0 
0 
0 
0 
0 
0 
0 
0 
0 
0 
0 
0 
0 
0 
0 
0 
0 
0 
0 
0 
0 
0 
0 
0 
0 
0 
0 
0 
0 
0 
0 
0 
0 
0 
0 
0 
0 
0 
0 
0 
0 
0 
0 
0 
0 
0 
0 
0 
0 
0 
0 
0 
0 
0 
0 
0 
0 
0 
0 
0 
0 
0 
0 
0 
0 
0 
0 
0 
0 
0 
0 
0 
0 
0 
0 
0 
0 
0 
0 
0 
0 
0 
0 
0 
0 
0 
0 
0 
0 
0 
0 
0 
0 
0 
0 
0 
0 
0 
0 
0 
0 
0 
0 
0 
0 
0 
0 
0 
0 
0 
0 
0 
0 
0 
0 
0 
0 
0 
0 
0 
0 
0 
0 
0 
0 
0 
0 
0 
0 
0 
0 
0 
0 
0 
0 
0 
0 
0 
0 
0 
0 
0 
0 
0 
0 
0 
0 
0 
0 
0 
0 
0 
0 
0 
0 
0 
0 
0 
0 
0 
0 
0 
0 
0 
0 
0 
0 
0 
0 
0 
0 
0 
0 
0 
0 
0 
0 
0 
0 
0 
0 
0 
0 
0 
0 
0 
0 
0 
0 
0 
0 
0 
0 
0 
0 
0 
0 
0 
0 
0 
0 
0 
0 
0 
0 
0 
0 
0 
0 
0 
0 
0 
0 
0 
0 
0 
0 
0 
0 
0 
0 
0 
0 
0 
0 
0 
0 
0 
0 
0 
0 
0 
0 
0 
0 
0 
0 
0 
0 
0 
0 
0 
0 
0 
0 
0 
0 
0 
0 
0 
0 
0 
0 
0 
0 
0 
0 
0 
0 
0 
0 
0 
0 
0 
0 
0 
0 
0 
0 
0 
0 
0 
0 
0 
0 
0 
0 
0 
0 
0 
0 
0 
0 
0 
0 
0 
0 
0 
0 
0 
0 
0 
0 
0 
0 
0 
0 
0 
0 
0 
0 
0 
0 
0 
0 
0 
0 
0 
0 
0 
0 
0 
0 
0 
0 
0 
0 
0 
0 
0 
0 
0 
0 
0 
0 
0 
0 
0 
0 
0 
0 
0 
0 
0 
0 
0 
0 
0 
0 
0 
0 
0 
0 
0 
0 
0 
0 
0 
0 
0 
0 
0 
0 
0 
0 
0 
0 
0 
0 
0 
0 
0 
0 
0 
0 
0 
0 
0 
0 
0 
0 
0 
0 
0 
0 
0 
0 
0 
0 
0 
0 
0 
0 
0 
0 
0 
0 
0 
0 
0 
0 
0 
0 
0 
0 
0 
0 
0 
0 
0 
0 
0 
0 
0 
0 
0 
0 
0 
0 
0 
0 
0 
0 
0 
0 
0 
0 
0 
0 
0 
0 
0 
0 
0 
0 
0 
0 
0 
0 
0 
0 
0 
0 
0 
0 
0 
0 
0 
0 
0 
0 
0 
0 
0 
0 
0 
0 
0 
0 
0 
0 
0 
0 
0 
0 
0 
0 
0 
0 
0 
0 
0 
0 
0 
0 
0 
0 
0 
0 
0 
0 
0 
0 
0 
0 
0 
0 
0 
0 
0 
0 
0 
0 
0 
0 
0 
0 
0 
0 
0 
0 
0 
0 
0 
0 
0 
0 
0 
0 
0 
0 
0 
0 
0 
0 
0 
0 
0 
0 
0 
0 
0 
0 
0 
0 
0 
0 
0 
0 
0 
0 
0 
0 
0 
0 
0 
0 
0 
0 
0 
0 
0 
0 
0 
0 
0 
0 
0 
0 
0 
0 
0 
0 
0 
0 
0 
0 
0 
0 
0 
0 
0 
0 
0 
0 
0 
0 
0 
0 
0 
0 
0 
0 
0 
0 
0 
0 
0 
0 
0 
0 
0 
0 
0 
0 
0 
0 
0 
0 
0 
0 
0 
0 
0 
0 
0 
0 
0 
0 
0 
0 
0 
0 
0 
0 
0 
0 
0 
0 
0 
0 
0 
0 
0 
0 
0 
0 
0 
0 
0 
0 
0 
0 
0 
0 
0 
0 
0 
0 
0 
0 
0 
0 
0 
0 
0 
0 
0 
0 
0 
0 
0 
0 
0 
0 
0 
0 
0 
0 
0 
0 
0 
0 
0 
0 
0 
0 
0 
0 
0 
0 
0 
0 
0 
0 
0 
0 
0 
0 
0 
0 
0 
0 
0 
0 
0 
0 
0 
0 
0 
0 
0 
0 
0 
0 
0 
0 
0 
0 
0 
0 
0 
0 
0 
0 
0 
0 
0 
0 
0 
0 
0 
0 
0 
0 
0 
0 
0 
0 
0 
0 
0 
0 
0 
0 
0 
0 
0 
0 
0 
0 
0 
0 
0 
0 
0 
0 
0 
0 
0 
0 
0 
0 
0 
0 
0 
0 
0 
0 
0 
0 
0 
0 
0 
0 
0 
0 
0 
0 
0 
0 
0 
0 
0 
0 
0 
0 
0 
0 
0 
0 
0 
0 
0 
0 
0 
0 
0 
0 
0 
0 
0 
0 
0 
0 
0 
0 
0 
0 
0 
0 
0 
0 
0 
0 
0 
0 
0 
0 
0 
0 
0 
0 
0 
0 
0 
0 
0 
0 
0 
0 
0 
0 
0 
0 
0 
0 
0 
0 
0 
0 
0 
0 
0 
0 
0 
0 
0 
0 
0 
0 
0 
0 
0 
0 
0 
0 
0 
0 
0 
0 
0 
0 
0 
0 
0 
0 
0 
0 
0 
0 
0 
0 
0 
0 
0 
0 
0 
0 
0 
0 
0 
0 
0 
0 
0 
0 
0 
0 
0 
0 
0 
0 
0 
0 
0 
0 
0 
0 
0 
0 
0 
0 
0 
0 
0 
0 
0 
0 
0 
0 
0 
0 
0 
0 
0 
0 
0 
0 
0 
0 
0 
0 
0 
0 
0 
0 
0 
0 
0 
0 
0 
0 
0 
0 
0 
0 
0 
0 
0 
0 
0 
0 
0 
0 
0 
0 
0 
0 
0 
0 
0 
0 
0 
0 
0 
0 
0 
0 
0 
0 
0 
0 
0 
0 
0 
0 
0 
0 
0 
0 
0 
0 
0 
0 
0 
0 
0 
0 
0 
0 
0 
0 
0 
0 
0 
0 
0 
0 
0 
0 
0 
0 
0 
0 
0 
0 
0 
0 
0 
0 
0 
0 
0 
0 
0 
0 
0 
0 
0 
0 
0 
0 
0 
0 
0 
0 
0 
0 
0 
0 
0 
0 
0 
0 
0 
0 
0 
0 
0 
0 
0 
0 
0 
0 
0 
0 
0 
0 
0 
0 
0 
0 
0 
0 
0 
0 
0 
0 
0 
0 
0 
0 
0 
0 
0 
0 
0 
0 
0 
0 
0 
0 
0 
0 
0 
0 
0 
0 
0 
0 
0 
0 
0 
0 
0 
0 
0 
0 
0 
0 
0 
0 
0 
0 
0 
0 
0 
0 
0 
0 
0 
0 
0 
0 
0 
0 
0 
0 
0 
0 
0 
0 
0 
0 
0 
0 
0 
0 
0 
0 
0 
0 
0 
0 
0 
0 
0 
0 
0 
0 
0 
0 
0 
0 
0 
0 
0 
0 
0 
0 
0 
0 
0 
0 
0 
0 
0 
0 
0 
0 
0 
0 
0 
0 
0 
0 
0 
0 
0 
0 
0 
0 
0 
0 
0 
0 
0 
0 
0 
0 
0 
0 
0 
0 
0 
0 
0 
0 
0 
0 
0 
0 
0 
0 
0 
0 
0 
0 
0 
0 
0 
0 
0 
0 
0 
0 
0 
0 
0 
0 
0 
0 
0 
0 
0 
0 
0 
0 
0 
0 
0 
0 
0 
0 
0 
0 
0 
0 
0 
0 
0 
0 
0 
0 
0 
0 
0 
0 
0 
0 
0 
0 
0 
0 
0 
0 
0 
0 
0 
0 
0 
0 
0 
0 
0 
0 
0 
0 
0 
0 
0 
0 
0 
0 
0 
0 
0 
0 
0 
0 
0 
0 
0 
0 
0 
0 
0 
0 
0 
0 
0 
0 
0 
0 
0 
0 
0 
0 
0 
0 
0 
0 
0 
0 
0 
0 
0 
0 
0 
0 
0 
0 
0 
0 
0 
0 
0 
0 
0 
0 
0 
0 
0 
0 
0 
0 
0 
0 
0 
0 
0 
0 
0 
0 
0 
0 
0 
0 
0 
0 
0 
0 
0 
0 
0 
0 
0 
0 
0 
0 
0 
0 
0 
0 
0 
0 
0 
0 
0 
0 
0 
0 
0 
0 
0 
0 
0 
0 
0 
0 
0 
0 
0 
0 
0 
0 
0 
0 
0 
0 
0 
0 
0 
0 
0 
0 
0 
0 
0 
0 
0 
0 
0 
0 
0 
0 
0 
0 
0 
0 
0 
0 
0 
0 
0 
0 
0 
0 
0 
0 
0 
0 
0 
0 
0 
0 
0 
0 
0 
0 
0 
0 
0 
0 
0 
0 
0 
0 
0 
0 
0 
0 
0 
0 
0 
0 
0 
0 
0 
0 
0 
0 
0 
0 
0 
0 
0 
0 
0 
0 
0 
0 
0 
0 
0 
0 
0 
0 
0 
0 
0 
0 
0 
0 
0 
0 
0 
0 
0 
0 
0 
0 
0 
0 
0 
0 
0 
0 
0 
0 
0 
0 
0 
0 
0 
0 
0 
0 
0 
0 
0 
0 
0 
0 
0 
0 
0 
0 
0 
0 
0 
0 
0 
0 
0 
0 
0 
0 
0 
0 
0 
0 
0 
0 
0 
0 
0 
0 
0 
0 
0 
0 
0 
0 
0 
0 
0 
0 
0 
0 
0 
0 
0 
0 
0 
0 
0 
0 
0 
0 
0 
0 
0 
0 
0 
0 
0 
0 
0 
0 
0 
0 
0 
0 
0 
0 
0 
0 
0 
0 
0 
0 
0 
0 
0 
0 
0 
0 
0 
0 
0 
0 
0 
0 
0 
0 
0 
0 
0 
0 
0 
0 
0 
0 
0 
0 
0 
0 
0 
0 
0 
0 
0 
0 
0 
0 
0 
0 
0 
0 
0 
0 
0 
0 
0 
0 
0 
0 
0 
0 
0 
0 
0 
0 
0 
0 
0 
0 
0 
0 
0 
0 
0 
0 
0 
0 
0 
0 
0 
0 
0 
0 
0 
0 
0 
0 
0 
0 
0 
0 
0 
0 
0 
0 
0 
0 
0 
0 
0 
0 
0 
0 
0 
0 
0 
0 
0 
0 
0 
0 
0 
0 
0 
0 
0 
0 
0 
0 
0 
0 
0 
0 
0 
0 
0 
0 
0 
0 
0 
0 
0 
0 
0 
0 
0 
0 
0 
0 
0 
0 
0 
0 
0 
0 
0 
0 
0 
0 
0 
0 
0 
0 
0 
0 
0 
0 
0 
0 
0 
0 
0 
0 
0 
0 
0 
0 
0 
0 
0 
0 
0 
0 
0 
0 
0 
0 
0 
0 
0 
0 
0 
0 
0 
0 
0 
0 
0 
0 
0 
0 
0 
0 
0 
0 
0 
0 
0 
0 
0 
0 
0 
0 
0 
0 
0 
0 
0 
0 
0 
0 
0 
0 
0 
0 
0 
0 
0 
0 
0 
0 
0 
0 
0 
0 
0 
0 
0 
0 
0 
0 
0 
0 
0 
0 
0 
0 
0 
0 
0 
0 
0 
0 
0 
0 
0 
0 
0 
0 
0 
0 
0 
0 
0 
0 
0 
0 
0 
0 
0 
0 
0 
0 
0 
0 
0 
0 
0 
0 
0 
0 
0 
0 
0 
0 
0 
0 
0 
0 
0 
0 
0 
0 
0 
0 
0 
0 
0 
0 
0 
0 
0 
0 
0 
0 
0 
0 
0 
0 
0 
0 
0 
0 
0 
0 
0 
0 
0 
0 
0 
0 
0 
0 
0 
0 
0 
0 
0 
0 
0 
0 
0 
0 
0 
0 
0 
0 
0 
0 
0 
0 
0 
0 
0 
0 
0 
0 
0 
0 
0 
0 
0 
0 
0 
0 
0 
0 
0 
0 
0 
0 
0 
0 
0 
0 
0 
0 
0 
0 
0 
0 
0 
0 
0 
0 
0 
0 
0 
0 
0 
0 
0 
0 
0 
0 
0 
0 
0 
0 
0 
0 
0 
0 
0 
0 
0 
0 
0 
0 
0 
0 
0 
0 
0 
0 
0 
0 
0 
0 
0 
0 
0 
0 
0 
0 
0 
0 
0 
0 
0 
0 
0 
0 
0 
0 
0 
0 
0 
0 
0 
0 
0 
0 
0 
0 
0 
0 
0 
0 
0 
0 
0 
0 
0 
0 
0 
0 
0 
0 
0 
0 
0 
0 
0 
0 
0 
0 
0 
0 
0 
0 
0 
0 
0 
0 
0 
0 
0 
0 
0 
0 
0 
0 
0 
0 
0 
0 
0 
0 
0 
0 
0 
0 
0 
0 
0 
0 
0 
0 
0 
0 
0 
0 
0 
0 
0 
0 
0 
0 
0 
0 
0 
0 
0 
0 
0 
0 
0 
0 
0 
0 
0 
0 
0 
0 
0 
0 
0 
0 
0 
0 
0 
0 
0 
0 
0 
0 
0 
0 
0 
0 
0 
0 
0 
0 
0 
0 
0 
0 
0 
0 
0 
0 
0 
0 
0 
0 
0 
0 
0 
0 
0 
0 
0 
0 
0 
0 
0 
0 
0 
0 
0 
0 
0 
0 
0 
0 
0 
0 
0 
0 
0 
0 
0 
0 
0 
0 
0 
0 
0 
0 
0 
0 
0 
0 
0 
0 
0 
0 
0 
0 
0 
0 
0 
0 
0 
0 
0 
0 
0 
0 
0 
0 
0 
0 
0 
0 
0 
0 
0 
0 
0 
0 
0 
0 
0 
0 
0 
0 
0 
0 
0 
0 
0 
0 
0 
0 
0 
0 
0 
0 
0 
0 
0 
0 
0 
0 
0 
0 
0 
0 
0 
0 
0 
0 
0 
0 
0 
0 
0 
0 
0 
0 
0 
0 
0 
0 
0 
0 
0 
0 
0 
0 
0 
0 
0 
0 
0 
0 
0 
0 
0 
0 
0 
0 
0 
0 
0 
0 
0 
0 
0 
0 
0 
0 
0 
0 
0 
0 
0 
0 
0 
0 
0 
0 
0 
0 
0 
0 
0 
0 
0 
0 
0 
0 
0 
0 
0 
0 
0 
0 
0 
0 
0 
0 
0 
0 
0 
0 
0 
0 
0 
0 
0 
0 
0 
0 
0 
0 
0 
0 
0 
0 
0 
0 
0 
0 
0 
0 
0 
0 
0 
0 
0 
0 
0 
0 
0 
0 
0 
0 
0 
0 
0 
0 
0 
0 
0 
0 
0 
0 
0 
0 
0 
0 
0 
0 
0 
0 
0 
0 
0 
0 
0 
0 
0 
0 
0 
0 
0 
0 
0 
0 
0 
0 
0 
0 
0 
0 
0 
0 
0 
0 
0 
0 
0 
0 
0 
0 
0 
0 
0 
0 
0 
0 
0 
0 
0 
0 
0 
0 
0 
0 
0 
0 
0 
0 
0 
0 
0 
0 
0 
0 
0 
0 
0 
0 
0 
0 
0 
0 
0 
0 
0 
0 
0 
0 
0 
0 
0 
0 
0 
0 
0 
0 
0 
0 
0 
0 
0 
0 
0 
0 
0 
0 
0 
0 
0 
0 
0 
0 
0 
0 
0 
0 
0 
0 
0 
0 
0 
0 
0 
0 
0 
0 
0 
0 
0 
0 
0 
0 
0 
0 
0 
0 
0 
0 
0 
0 
0 
0 
0 
0 
0 
0 
0 
0 
0 
0 
0 
0 
0 
0 
0 
0 
0 
0 
0 
0 
0 
0 
0 
0 
0 
0 
0 
0 
0 
0 
0 
0 
0 
0 
0 
0 
0 
0 
0 
0 
0 
0 
0 
0 
0 
0 
0 
0 
0 
0 
0 
0 
0 
0 
0 
0 
0 
0 
0 
0 
0 
0 
0 
0 
0 
0 
0 
0 
0 
0 
0 
0 
0 
0 
0 
0 
0 
0 
0 
0 
0 
0 
0 
0 
0 
0 
0 
0 
0 
0 
0 
0 
0 
0 
0 
0 
0 
0 
0 
0 
0 
0 
0 
0 
0 
0 
0 
0 
0 
0 
0 
0 
0 
0 
0 
0 
0 
0 
0 
0 
0 
0 
0 
0 
0 
0 
0 
0 
0 
0 
0 
0 
0 
0 
0 
0 
0 
0 
0 
0 
0 
0 
0 
0 
0 
0 
0 
0 
0 
0 
0 
0 
0 
0 
0 
0 
0 
0 
0 
0 
0 
0 
0 
0 
0 
0 
0 
0 
0 
0 
0 
0 
0 
0 
0 
0 
0 
0 
0 
0 
0 
0 
0 
0 
0 
0 
0 
0 
0 
0 
0 
0 
0 
0 
0 
0 
0 
0 
0 
0 
0 
0 
0 
0 
0 
0 
0 
0 
0 
0 
0 
0 
0 
0 
0 
0 
0 
0 
0 
0 
0 
0 
0 
0 
0 
0 
0 
0 
0 
0 
0 
0 
0 
0 
0 
0 
0 
0 
0 
0 
0 
0 
0 
0 
0 
0 
0 
0 
0 
0 
0 
0 
0 
0 
0 
0 
0 
0 
0 
0 
0 
0 
0 
0 
0 
0 
0 
0 
0 
0 
0 
0 
0 
0 
0 
0 
0 
0 
0 
0 
0 
0 
0 
0 
0 
0 
0 
0 
0 
0 
0 
0 
0 
0 
0 
0 
0 
0 
0 
0 
0 
0 
0 
0 
0 
0 
0 
0 
0 
0 
0 
0 
0 
0 
0 
0 
0 
0 
0 
0 
0 
0 
0 
0 
0 
0 
0 
0 
0 
0 
0 
0 
0 
0 
0 
0 
0 
0 
0 
0 
0 
0 
0 
0 
0 
0 
0 
0 
0 
0 
0 
0 
0 
0 
0 
0 
0 
0 
0 
0 
0 
0 
0 
0 
0 
0 
0 
0 
0 
0 
0 
0 
0 
0 
0 
0 
0 
0 
0 
0 
0 
0 
0 
0 
0 
0 
0 
0 
0 
0 
0 
0 
0 
0 
0 
0 
0 
0 
0 
0 
0 
0 
0 
0 
0 
0 
0 
0 
0 
0 
0 
0 
0 
0 
0 
0 
0 
0 
0 
0 
0 
0 
0 
0 
0 
0 
0 
0 
0 
0 
0 
0 
0 
0 
0 
0 
0 
0 
0 
0 
0 
0 
0 
0 
0 
0 
0 
0 
0 
0 
0 
0 
0 
0 
0 
0 
0 
0 
0 
0 
0 
0 
0 
0 
0 
0 
0 
0 
0 
0 
0 
0 
0 
0 
0 
0 
0 
0 
0 
0 
0 
0 
0 
0 
0 
0 
0 
0 
0 
0 
0 
0 
0 
0 
0 
0 
0 
0 
0 
0 
0 
0 
0 
0 
0 
0 
0 
0 
0 
0 
0 
0 
0 
0 
0 
0 
0 
0 
0 
0 
0 
0 
0 
0 
0 
0 
0 
0 
0 
0 
0 
0 
0 
0 
0 
0 
0 
0 
0 
0 
0 
0 
0 
0 
0 
0 
0 
0 
0 
0 
0 
0 
0 
0 
0 
0 
0 
0 
0 
0 
0 
0 
0 
0 
0 
0 
0 
0 
0 
0 
0 
0 
0 
0 
0 
0 
0 
0 
0 
0 
0 
0 
0 
0 
0 
0 
0 
0 
0 
0 
0 
0 
0 
0 
0 
0 
0 
0 
0 
0 
0 
0 
0 
0 
0 
0 
0 
0 
0 
0 
0 
0 
0 
0 
0 
0 
0 
0 
0 
0 
0 
0 
0 
0 
0 
0 
0 
0 
0 
0 
0 
0 
0 
0 
0 
0 
0 
0 
0 
0 
0 
0 
0 
0 
0 
0 
0 
0 
0 
0 
0 
0 
0 
0 
0 
0 
0 
0 
0 
0 
0 
0 
0 
0 
0 
0 
0 
0 
0 
0 
0 
0 
0 
0 
0 
0 
0 
0 
0 
0 
0 
0 
0 
0 
0 
0 
0 
0 
0 
0 
0 
0 
0 
0 
0 
0 
0 
0 
0 
0 
0 
0 
0 
0 
0 
0 
0 
0 
0 
0 
0 
0 
0 
0 
0 
0 
0 
0 
0 
0 
0 
0 
0 
0 
0 
0 
0 
0 
0 
0 
0 
0 
0 
0 
0 
0 
0 
0 
0 
0 
0 
0 
0 
0 
0 
0 
0 
0 
0 
0 
0 
0 
0 
0 
0 
0 
0 
0 
0 
0 
0 
0 
0 
0 
0 
0 
0 
0 
0 
0 
0 
0 
0 
0 
0 
0 
0 
0 
0 
0 
0 
0 
0 
0 
0 
0 
0 
0 
0 
0 
0 
0 
0 
0 
0 
0 
0 
0 
0 
0 
0 
0 
0 
0 
0 
0 
0 
0 
0 
0 
0 
0 
0 
0 
0 
0 
0 
0 
0 
0 
0 
0 
0 
0 
0 
0 
0 
0 
0 
0 
0 
0 
0 
0 
0 
0 
0 
0 
0 
0 
0 
0 
0 
0 
0 
0 
0 
0 
0 
0 
0 
0 
0 
0 
0 
0 
0 
0 
0 
0 
0 
0 
0 
0 
0 
0 
0 
0 
0 
0 
0 
0 
0 
0 
0 
0 
0 
0 
0 
0 
0 
0 
0 
0 
0 
0 
0 
0 
0 
0 
0 
0 
0 
0 
0 
0 
0 
0 
0 
0 
0 
0 
0 
0 
0 
0 
0 
0 
0 
0 
0 
0 
0 
0 
0 
0 
0 
0 
0 
0 
0 
0 
0 
0 
0 
0 
0 
0 
0 
0 
0 
0 
0 
0 
0 
0 
0 
0 
0 
0 
0 
0 
0 
0 
0 
0 
0 
0 
0 
0 
0 
0 
0 
0 
0 
0 
0 
0 
0 
0 
0 
0 
0 
0 
0 
0 
0 
0 
0 
0 
0 
0 
0 
0 
0 
0 
0 
0 
0 
0 
0 
0 
0 
0 
0 
0 
0 
0 
0 
0 
0 
0 
0 
0 
0 
0 
0 
0 
0 
0 
0 
0 
0 
0 
0 
0 
0 
0 
0 
0 
0 
0 
0 
0 
0 
0 
0 
0 
0 
0 
0 
0 
0 
0 
0 
0 
0 
0 
0 
0 
0 
0 
0 
0 
0 
0 
0 
0 
0 
0 
0 
0 
0 
0 
0 
0 
0 
0 
0 
0 
0 
0 
0 
0 
0 
0 
0 
0 
0 
0 
0 
0 
0 
0 
0 
0 
0 
0 
0 
0 
0 
0 
0 
0 
0 
0 
0 
0 
0 
0 
0 
0 
0 
0 
0 
0 
0 
0 
0 
0 
0 
0 
0 
0 
0 
0 
