1.466162e+03 
7.486104e+02 
7.486104e+02 
6.473648e+02 
6.473648e+02 
5.742008e+02 
5.742008e+02 
5.336220e+02 
5.336220e+02 
4.999312e+02 
4.153304e+02 
3.262695e+02 
3.262695e+02 
3.202106e+02 
3.202106e+02 
3.202106e+02 
3.202106e+02 
3.116253e+02 
2.418432e+02 
2.316990e+02 
2.316990e+02 
2.228540e+02 
2.228540e+02 
2.228540e+02 
2.106092e+02 
2.002553e+02 
2.002553e+02 
2.002553e+02 
1.478547e+02 
1.478547e+02 
1.478547e+02 
1.478547e+02 
1.478547e+02 
1.478547e+02 
1.478547e+02 
1.478547e+02 
1.478547e+02 
1.478547e+02 
1.473641e+02 
1.111239e+02 
1.111239e+02 
1.063818e+02 
1.063818e+02 
1.063818e+02 
1.063818e+02 
1.063818e+02 
1.063818e+02 
9.637786e+01 
9.637786e+01 
8.595277e+01 
8.311543e+01 
8.311543e+01 
8.311543e+01 
8.311543e+01 
8.311543e+01 
8.311543e+01 
8.265991e+01 
8.265991e+01 
8.265991e+01 
8.265991e+01 
8.265991e+01 
8.265991e+01 
7.585068e+01 
7.585068e+01 
7.585068e+01 
7.585068e+01 
7.585068e+01 
7.585068e+01 
7.585068e+01 
7.470821e+01 
7.470821e+01 
7.470821e+01 
7.470821e+01 
7.470821e+01 
7.011118e+01 
7.011118e+01 
7.011118e+01 
7.011118e+01 
7.011118e+01 
7.011118e+01 
7.011118e+01 
7.011118e+01 
7.011118e+01 
6.907625e+01 
6.907625e+01 
6.907625e+01 
6.907625e+01 
6.907625e+01 
6.885616e+01 
6.750136e+01 
6.601106e+01 
6.601106e+01 
6.601106e+01 
6.601106e+01 
6.599481e+01 
6.557704e+01 
6.557704e+01 
6.557704e+01 
6.557704e+01 
6.557704e+01 
6.557704e+01 
6.483471e+01 
6.365399e+01 
6.365399e+01 
6.365399e+01 
6.365399e+01 
6.365399e+01 
6.365399e+01 
6.365399e+01 
6.365399e+01 
6.359334e+01 
6.297412e+01 
6.297412e+01 
6.297412e+01 
6.297412e+01 
6.281149e+01 
6.281149e+01 
6.281149e+01 
6.281149e+01 
6.281149e+01 
6.281149e+01 
6.281149e+01 
6.281149e+01 
6.281149e+01 
6.220009e+01 
6.213903e+01 
6.213903e+01 
6.086594e+01 
6.086594e+01 
6.086594e+01 
6.086594e+01 
6.086594e+01 
6.041508e+01 
6.041508e+01 
6.041508e+01 
6.041508e+01 
6.041508e+01 
6.041508e+01 
6.041508e+01 
6.041508e+01 
6.019840e+01 
6.019840e+01 
6.019840e+01 
6.019840e+01 
6.015281e+01 
5.993495e+01 
5.993495e+01 
5.993495e+01 
5.993495e+01 
5.993495e+01 
5.987472e+01 
5.930402e+01 
5.930402e+01 
5.930402e+01 
5.930402e+01 
5.930402e+01 
5.930402e+01 
5.930402e+01 
5.930402e+01 
5.930402e+01 
5.892136e+01 
5.892136e+01 
5.892136e+01 
5.880357e+01 
5.880357e+01 
5.880357e+01 
5.880114e+01 
5.880114e+01 
5.836354e+01 
5.804253e+01 
5.804253e+01 
5.804253e+01 
5.804253e+01 
5.804253e+01 
5.804253e+01 
5.793046e+01 
5.793046e+01 
5.793046e+01 
5.793046e+01 
5.793046e+01 
5.765072e+01 
5.765072e+01 
5.765072e+01 
5.765072e+01 
5.765072e+01 
5.765072e+01 
5.765072e+01 
5.765072e+01 
5.765072e+01 
5.754102e+01 
5.754102e+01 
5.754102e+01 
5.754102e+01 
5.754102e+01 
5.754102e+01 
5.754102e+01 
5.754102e+01 
5.746246e+01 
5.746246e+01 
5.746246e+01 
5.739719e+01 
5.739719e+01 
5.735690e+01 
5.734559e+01 
5.678276e+01 
5.678276e+01 
5.678276e+01 
5.678276e+01 
5.658457e+01 
5.658457e+01 
5.658457e+01 
5.658457e+01 
5.658457e+01 
5.658457e+01 
5.655045e+01 
5.655045e+01 
5.655045e+01 
5.655045e+01 
5.652420e+01 
5.646909e+01 
5.646909e+01 
5.646909e+01 
5.643731e+01 
5.639937e+01 
5.639937e+01 
5.639937e+01 
5.639937e+01 
5.597369e+01 
5.597369e+01 
5.597369e+01 
5.597369e+01 
5.597369e+01 
5.597369e+01 
5.597369e+01 
5.597369e+01 
5.597369e+01 
5.597369e+01 
5.590360e+01 
5.581534e+01 
5.561559e+01 
5.561559e+01 
5.561559e+01 
5.561559e+01 
5.546071e+01 
5.546071e+01 
5.546071e+01 
5.546071e+01 
5.544199e+01 
5.544199e+01 
5.544199e+01 
5.544199e+01 
5.540349e+01 
5.539590e+01 
5.537837e+01 
5.537837e+01 
5.537837e+01 
5.536734e+01 
5.527396e+01 
5.527396e+01 
5.527396e+01 
5.527396e+01 
5.525535e+01 
5.525535e+01 
5.525535e+01 
5.525535e+01 
5.525535e+01 
5.525535e+01 
5.521379e+01 
5.521379e+01 
5.520920e+01 
5.520920e+01 
5.520920e+01 
5.520920e+01 
5.519729e+01 
5.519729e+01 
5.518872e+01 
5.518872e+01 
5.518872e+01 
5.518872e+01 
5.518872e+01 
5.518872e+01 
5.518407e+01 
5.516804e+01 
5.516804e+01 
5.516804e+01 
5.516804e+01 
5.516804e+01 
5.516804e+01 
5.516804e+01 
5.516804e+01 
5.516086e+01 
5.516086e+01 
5.516086e+01 
5.516086e+01 
5.516086e+01 
5.516086e+01 
5.516086e+01 
5.516086e+01 
5.515925e+01 
5.515925e+01 
5.514799e+01 
5.514799e+01 
5.514799e+01 
5.514799e+01 
5.514799e+01 
5.514799e+01 
5.514763e+01 
5.514438e+01 
5.514275e+01 
5.514002e+01 
5.514002e+01 
5.513715e+01 
5.513628e+01 
5.513306e+01 
5.513306e+01 
5.513306e+01 
5.512954e+01 
5.512954e+01 
5.512736e+01 
5.512736e+01 
5.512091e+01 
5.512072e+01 
5.512072e+01 
5.512072e+01 
5.511249e+01 
5.511249e+01 
5.511249e+01 
5.511062e+01 
5.511062e+01 
5.511062e+01 
5.511062e+01 
5.511062e+01 
5.511062e+01 
5.511062e+01 
5.510975e+01 
5.510785e+01 
5.510752e+01 
5.510752e+01 
5.510752e+01 
5.510752e+01 
5.510729e+01 
5.510703e+01 
5.510624e+01 
5.510624e+01 
5.510563e+01 
5.510563e+01 
5.510563e+01 
5.510428e+01 
5.510428e+01 
5.510351e+01 
5.497598e+01 
5.497598e+01 
5.497598e+01 
5.496752e+01 
5.496752e+01 
5.496752e+01 
5.496281e+01 
5.496281e+01 
5.496281e+01 
5.496281e+01 
5.496281e+01 
5.496281e+01 
5.496281e+01 
5.496281e+01 
5.496281e+01 
5.496281e+01 
5.496281e+01 
5.496281e+01 
5.496115e+01 
5.496115e+01 
5.496115e+01 
5.496115e+01 
5.496115e+01 
5.496115e+01 
5.496115e+01 
5.496115e+01 
5.496115e+01 
5.496115e+01 
5.496115e+01 
5.496115e+01 
5.496115e+01 
6.741251e-06 
6.741251e-06 
6.667133e-06 
6.667133e-06 
6.262208e-06 
5.173810e-06 
5.173810e-06 
5.173810e-06 
4.582907e-06 
4.582907e-06 
4.481991e-06 
4.371118e-06 
4.027649e-06 
4.027649e-06 
3.909341e-06 
3.815826e-06 
3.674609e-06 
3.674609e-06 
3.674609e-06 
3.166371e-06 
2.631820e-06 
2.485974e-06 
2.485974e-06 
2.485974e-06 
2.485974e-06 
2.485974e-06 
2.371770e-06 
2.371770e-06 
2.371770e-06 
2.147995e-06 
1.999689e-06 
1.999689e-06 
1.930982e-06 
1.930982e-06 
1.930982e-06 
1.821544e-06 
1.821544e-06 
1.821544e-06 
1.821544e-06 
1.751042e-06 
1.401599e-06 
1.401599e-06 
1.384400e-06 
1.318311e-06 
1.149528e-06 
1.149528e-06 
1.149528e-06 
1.041729e-06 
1.041729e-06 
8.169982e-07 
7.786185e-07 
1.469111e-06 
1.469111e-06 
1.469111e-06 
1.323332e-06 
1.184666e-06 
1.184666e-06 
1.184666e-06 
1.184666e-06 
8.322755e-08 
7.036653e-08 
7.036653e-08 
6.654262e-07 
4.875011e+01 
4.875011e+01 
4.875011e+01 
4.875011e+01 
4.875011e+01 
4.875011e+01 
4.875011e+01 
4.875008e+01 
4.875008e+01 
4.875003e+01 
4.874988e+01 
4.874978e+01 
4.874976e+01 
4.874976e+01 
4.874976e+01 
4.874976e+01 
4.874975e+01 
4.874975e+01 
4.874972e+01 
4.874972e+01 
4.874972e+01 
4.874972e+01 
4.874972e+01 
4.874972e+01 
4.874972e+01 
4.874972e+01 
4.874972e+01 
4.874972e+01 
4.874972e+01 
4.874972e+01 
4.874972e+01 
4.874972e+01 
4.874972e+01 
4.874972e+01 
4.874521e+01 
4.874521e+01 
4.873691e+01 
4.868516e+01 
4.868516e+01 
4.865123e+01 
4.865123e+01 
4.865123e+01 
4.865123e+01 
4.865123e+01 
4.865123e+01 
4.864880e+01 
4.864799e+01 
4.864799e+01 
4.864799e+01 
4.864799e+01 
4.864392e+01 
4.864386e+01 
4.864386e+01 
4.864386e+01 
4.864386e+01 
4.864386e+01 
4.864386e+01 
4.864386e+01 
4.864386e+01 
4.864362e+01 
4.864362e+01 
4.864362e+01 
4.864362e+01 
4.864362e+01 
4.864362e+01 
4.864286e+01 
4.864286e+01 
4.864286e+01 
4.864286e+01 
4.864286e+01 
4.864286e+01 
4.864286e+01 
4.864286e+01 
4.864286e+01 
4.864286e+01 
4.864280e+01 
4.864280e+01 
4.864275e+01 
4.864275e+01 
4.864275e+01 
4.864275e+01 
4.864275e+01 
4.864275e+01 
4.864275e+01 
4.864275e+01 
4.864275e+01 
4.864275e+01 
4.864275e+01 
4.864275e+01 
4.864275e+01 
4.864275e+01 
4.864275e+01 
4.864273e+01 
4.864273e+01 
4.864273e+01 
4.864273e+01 
4.864273e+01 
4.864273e+01 
4.864273e+01 
4.864273e+01 
4.864273e+01 
4.864273e+01 
4.864273e+01 
4.864273e+01 
4.864273e+01 
4.864272e+01 
4.864272e+01 
4.864272e+01 
4.864272e+01 
4.864272e+01 
4.864272e+01 
4.864272e+01 
4.864272e+01 
4.864272e+01 
4.864272e+01 
4.864272e+01 
4.864272e+01 
4.864272e+01 
4.864272e+01 
4.864272e+01 
4.864272e+01 
4.864272e+01 
4.864272e+01 
4.864272e+01 
4.864272e+01 
4.864272e+01 
4.864272e+01 
4.864272e+01 
4.864272e+01 
4.864272e+01 
4.864272e+01 
4.864272e+01 
4.864272e+01 
4.864272e+01 
4.864272e+01 
4.864272e+01 
4.864272e+01 
4.832214e+01 
4.832214e+01 
4.832214e+01 
4.832214e+01 
4.832214e+01 
4.832214e+01 
4.832214e+01 
4.832214e+01 
4.832214e+01 
4.832214e+01 
4.832214e+01 
4.832214e+01 
4.832214e+01 
4.832214e+01 
4.832214e+01 
4.832214e+01 
4.832214e+01 
4.832214e+01 
4.832214e+01 
4.832214e+01 
4.832214e+01 
1.598721e-13 
1.598721e-13 
1.598721e-13 
1.421085e-13 
7.993606e-14 
7.993606e-14 
7.993606e-14 
7.993606e-14 
7.993606e-14 
7.993606e-14 
5.329071e-14 
5.329071e-14 
5.329071e-14 
5.329071e-14 
5.329071e-14 
5.329071e-14 
5.329071e-14 
4.440892e-14 
4.440892e-14 
3.552714e-14 
3.552714e-14 
3.552714e-14 
3.552714e-14 
3.552714e-14 
3.552714e-14 
2.664535e-14 
2.664535e-14 
2.664535e-14 
2.664535e-14 
2.664535e-14 
2.664535e-14 
1.776357e-14 
1.776357e-14 
1.776357e-14 
1.776357e-14 
1.776357e-14 
1.776357e-14 
1.776357e-14 
1.776357e-14 
8.881784e-15 
8.881784e-15 
8.881784e-15 
8.881784e-15 
8.881784e-15 
8.881784e-15 
8.881784e-15 
8.881784e-15 
1.309631e-25 
1.309631e-25 
1.539846e-24 
1.539846e-24 
1.539846e-24 
1.314737e-24 
