2.131615e+10 
1.515371e+10 
1.129309e+10 
1.046048e+10 
9.139191e+09 
9.139191e+09 
9.139191e+09 
9.139191e+09 
8.915520e+09 
6.576591e+09 
5.501665e+09 
5.501665e+09 
5.017227e+09 
4.239382e+09 
2.910471e+09 
1.970191e+09 
1.970191e+09 
1.970191e+09 
1.970191e+09 
1.152682e+09 
1.010157e+09 
1.010157e+09 
1.010157e+09 
1.010157e+09 
1.010157e+09 
8.911186e+08 
8.911186e+08 
8.911186e+08 
8.526033e+08 
8.526033e+08 
5.741884e+08 
5.741884e+08 
5.741884e+08 
5.741884e+08 
5.741884e+08 
5.741884e+08 
3.874997e+08 
3.874997e+08 
3.114666e+08 
2.105067e+08 
2.105067e+08 
2.105067e+08 
1.998054e+08 
1.570365e+08 
1.483891e+08 
1.483891e+08 
1.470537e+08 
1.470537e+08 
1.413572e+08 
1.323930e+08 
1.323930e+08 
8.463535e+07 
8.463535e+07 
8.463535e+07 
8.463535e+07 
7.637324e+07 
6.680795e+07 
5.077927e+07 
5.077927e+07 
5.077927e+07 
5.077927e+07 
4.624142e+07 
3.761816e+07 
3.761816e+07 
2.290717e+07 
1.947552e+07 
1.947552e+07 
1.947552e+07 
1.947552e+07 
1.947552e+07 
1.947552e+07 
1.728688e+07 
1.164491e+07 
1.164491e+07 
1.164491e+07 
1.020420e+07 
8.151096e+06 
8.151096e+06 
5.809666e+06 
5.809666e+06 
5.809666e+06 
4.204177e+06 
4.204177e+06 
4.204177e+06 
2.871665e+06 
2.871665e+06 
2.871665e+06 
2.871665e+06 
2.871665e+06 
2.871665e+06 
2.538641e+06 
1.887148e+06 
1.751247e+06 
1.554350e+06 
9.184801e+05 
9.184801e+05 
8.507183e+05 
8.507183e+05 
8.507183e+05 
8.507183e+05 
7.598268e+05 
7.106338e+05 
4.544119e+05 
4.544119e+05 
4.544119e+05 
4.544119e+05 
4.544119e+05 
2.805756e+05 
2.805756e+05 
2.805756e+05 
2.354889e+05 
1.738996e+05 
1.738996e+05 
1.738996e+05 
1.738996e+05 
1.738996e+05 
1.336862e+05 
1.336862e+05 
1.321881e+05 
1.321881e+05 
1.186305e+05 
1.186305e+05 
7.743439e+04 
7.544263e+04 
7.544263e+04 
7.544263e+04 
4.841202e+04 
4.841202e+04 
4.841202e+04 
4.841202e+04 
4.841202e+04 
4.841202e+04 
4.389737e+04 
2.790423e+04 
2.790423e+04 
2.790423e+04 
2.790423e+04 
1.938633e+04 
1.938633e+04 
1.938633e+04 
1.717158e+04 
1.413260e+04 
8.771597e+03 
8.771597e+03 
8.771597e+03 
7.521651e+03 
7.521651e+03 
7.275065e+03 
7.275065e+03 
4.282863e+03 
4.282863e+03 
3.811906e+03 
3.811906e+03 
3.811906e+03 
3.811906e+03 
2.900185e+03 
2.900185e+03 
2.900185e+03 
2.900185e+03 
2.238657e+03 
2.238657e+03 
1.876157e+03 
1.876157e+03 
1.514188e+03 
1.454070e+03 
1.200954e+03 
1.003017e+03 
9.580111e+02 
9.580111e+02 
9.580111e+02 
8.742007e+02 
8.742007e+02 
8.175453e+02 
8.175453e+02 
8.053803e+02 
5.249831e+02 
5.249831e+02 
5.248041e+02 
4.041126e+02 
4.041126e+02 
4.041126e+02 
4.041126e+02 
2.286600e+02 
2.286600e+02 
2.286600e+02 
2.286600e+02 
1.947433e+02 
1.947433e+02 
1.391613e+02 
1.136173e+02 
1.136173e+02 
1.136173e+02 
9.652994e+01 
9.652994e+01 
8.899586e+01 
8.899586e+01 
8.899586e+01 
7.728152e+01 
5.272802e+01 
3.975636e+01 
3.975636e+01 
3.975636e+01 
3.975636e+01 
3.975636e+01 
3.086125e+01 
1.850623e+01 
1.850623e+01 
1.850623e+01 
1.692652e+01 
1.692652e+01 
1.692652e+01 
1.581773e+01 
1.581773e+01 
1.497588e+01 
1.043601e+01 
1.043601e+01 
1.043601e+01 
1.000467e+01 
1.000467e+01 
9.969587e+00 
9.570502e+00 
8.503886e+00 
8.503886e+00 
8.503886e+00 
7.830995e+00 
6.139861e+00 
3.293017e+00 
3.293017e+00 
3.293017e+00 
3.293017e+00 
2.388595e+00 
1.852561e+00 
1.194335e+00 
1.194335e+00 
1.194335e+00 
1.194335e+00 
1.194335e+00 
1.194335e+00 
1.194335e+00 
1.194335e+00 
1.194335e+00 
9.847106e-01 
9.847106e-01 
9.847106e-01 
9.847106e-01 
9.847106e-01 
9.847106e-01 
6.051398e-01 
6.051398e-01 
6.051398e-01 
4.652666e-01 
4.652666e-01 
4.652666e-01 
3.488425e-01 
3.488425e-01 
2.988602e-01 
2.266878e-01 
2.266878e-01 
2.266878e-01 
2.266878e-01 
2.266878e-01 
1.989814e-01 
1.989814e-01 
1.734663e-01 
1.734663e-01 
1.289157e-01 
1.289157e-01 
7.535781e-02 
7.535781e-02 
7.535781e-02 
7.535781e-02 
6.872020e-02 
6.872020e-02 
6.598537e-02 
5.173087e-02 
4.780366e-02 
4.780366e-02 
4.642694e-02 
3.919869e-02 
3.333687e-02 
3.333687e-02 
3.333687e-02 
3.333687e-02 
2.836477e-02 
2.553926e-02 
1.794400e-02 
1.794400e-02 
1.327805e-02 
1.327805e-02 
1.327805e-02 
1.327805e-02 
1.327805e-02 
1.038639e-02 
9.654121e-03 
9.654121e-03 
5.797287e-03 
5.797287e-03 
5.797287e-03 
5.797287e-03 
5.797287e-03 
5.797287e-03 
5.509219e-03 
4.033910e-03 
3.589184e-03 
2.798199e-03 
2.798199e-03 
2.798199e-03 
2.798199e-03 
2.604116e-03 
2.160096e-03 
1.862877e-03 
1.862877e-03 
1.862877e-03 
1.862877e-03 
1.862877e-03 
1.610023e-03 
1.167068e-03 
1.167068e-03 
1.167068e-03 
1.167068e-03 
1.019967e-03 
9.884947e-04 
5.455361e-04 
5.455361e-04 
5.375499e-04 
5.375499e-04 
5.375499e-04 
4.844115e-04 
3.104233e-04 
3.104233e-04 
3.104233e-04 
2.773055e-04 
2.773055e-04 
2.039467e-04 
1.793053e-04 
1.793053e-04 
1.793053e-04 
1.793053e-04 
1.793053e-04 
1.029180e-04 
1.029180e-04 
1.029180e-04 
1.029180e-04 
1.029180e-04 
1.029180e-04 
1.029085e-04 
7.527815e-05 
6.640704e-05 
3.180648e-05 
3.180648e-05 
3.180648e-05 
3.180648e-05 
3.180648e-05 
3.180648e-05 
3.180648e-05 
2.022986e-05 
2.022986e-05 
2.022986e-05 
1.631630e-05 
1.265866e-05 
1.000812e-05 
1.000812e-05 
1.000812e-05 
1.000812e-05 
9.704155e-06 
8.078042e-06 
8.078042e-06 
8.078042e-06 
6.017351e-06 
4.767743e-06 
4.767743e-06 
4.767743e-06 
4.767743e-06 
1.758157e-06 
1.758157e-06 
1.758157e-06 
1.758157e-06 
1.758157e-06 
1.196113e-06 
1.021749e-06 
1.021749e-06 
1.021749e-06 
1.021749e-06 
1.021749e-06 
1.021749e-06 
5.220005e-07 
5.220005e-07 
5.220005e-07 
5.220005e-07 
4.386710e-07 
4.102699e-07 
4.102699e-07 
3.772394e-07 
3.772394e-07 
3.772394e-07 
1.967014e-07 
1.967014e-07 
1.967014e-07 
1.967014e-07 
1.967014e-07 
1.967014e-07 
1.967014e-07 
1.967014e-07 
1.581700e-07 
1.581700e-07 
1.093708e-07 
1.093708e-07 
1.093708e-07 
1.093708e-07 
9.862997e-08 
9.284043e-08 
8.866640e-08 
8.743901e-08 
8.743901e-08 
7.521529e-08 
5.570124e-08 
5.570124e-08 
5.232001e-08 
4.994454e-08 
4.232827e-08 
4.232827e-08 
3.849191e-08 
3.849191e-08 
3.849191e-08 
3.408897e-08 
2.421136e-08 
2.011181e-08 
2.011181e-08 
2.011181e-08 
1.708109e-08 
1.708109e-08 
1.356591e-08 
1.356591e-08 
1.356591e-08 
1.004093e-08 
6.996901e-09 
6.296348e-09 
6.296348e-09 
6.296348e-09 
6.296348e-09 
6.296348e-09 
5.303392e-09 
4.875011e+01 
4.875011e+01 
4.875011e+01 
4.875011e+01 
4.875011e+01 
4.875011e+01 
4.875011e+01 
4.875011e+01 
4.875011e+01 
4.875008e+01 
4.875008e+01 
4.875003e+01 
4.874988e+01 
4.874978e+01 
4.874976e+01 
4.874976e+01 
4.874976e+01 
4.874976e+01 
4.874975e+01 
4.874975e+01 
4.874972e+01 
4.874972e+01 
4.874972e+01 
4.874972e+01 
4.874972e+01 
4.874972e+01 
4.874972e+01 
4.874972e+01 
4.874972e+01 
4.874972e+01 
4.874972e+01 
4.874972e+01 
4.874972e+01 
4.874972e+01 
4.874972e+01 
4.874972e+01 
4.874521e+01 
4.874521e+01 
4.873691e+01 
4.868516e+01 
4.868516e+01 
4.865123e+01 
4.865123e+01 
4.865123e+01 
4.865123e+01 
4.865123e+01 
4.865123e+01 
4.864880e+01 
4.864799e+01 
4.864799e+01 
4.864799e+01 
4.864799e+01 
4.864392e+01 
4.864386e+01 
4.864386e+01 
4.864386e+01 
4.864386e+01 
4.864386e+01 
4.864386e+01 
4.864386e+01 
4.864386e+01 
4.864362e+01 
4.864362e+01 
4.864362e+01 
4.864362e+01 
4.864362e+01 
4.864362e+01 
4.864286e+01 
4.864286e+01 
4.864286e+01 
4.864286e+01 
4.864286e+01 
4.864286e+01 
4.864286e+01 
4.864286e+01 
4.864286e+01 
4.864286e+01 
4.864280e+01 
4.864280e+01 
4.864275e+01 
4.864275e+01 
4.864275e+01 
4.864275e+01 
4.864275e+01 
4.864275e+01 
4.864275e+01 
4.864275e+01 
4.864275e+01 
4.864275e+01 
4.864275e+01 
4.864275e+01 
4.864275e+01 
4.864275e+01 
4.864275e+01 
4.864273e+01 
4.864273e+01 
4.864273e+01 
4.864273e+01 
4.864273e+01 
4.864273e+01 
4.864273e+01 
4.864273e+01 
4.864273e+01 
4.864273e+01 
4.864273e+01 
4.864273e+01 
4.864273e+01 
4.864272e+01 
4.864272e+01 
4.864272e+01 
4.864272e+01 
4.864272e+01 
4.864272e+01 
4.864272e+01 
4.864272e+01 
4.864272e+01 
4.864272e+01 
4.864272e+01 
4.864272e+01 
4.864272e+01 
4.864272e+01 
4.864272e+01 
4.864272e+01 
4.864272e+01 
4.864272e+01 
4.864272e+01 
4.864272e+01 
4.864272e+01 
4.864272e+01 
4.864272e+01 
4.864272e+01 
4.864272e+01 
4.864272e+01 
4.864272e+01 
4.864272e+01 
4.864272e+01 
4.864272e+01 
4.864272e+01 
4.864272e+01 
4.832214e+01 
4.832214e+01 
4.832214e+01 
4.832214e+01 
4.832214e+01 
4.832214e+01 
4.832214e+01 
4.832214e+01 
4.832214e+01 
4.832214e+01 
4.832214e+01 
4.832214e+01 
4.832214e+01 
4.832214e+01 
4.832214e+01 
4.832214e+01 
4.832214e+01 
4.832214e+01 
4.832214e+01 
4.832214e+01 
4.832214e+01 
1.598721e-13 
1.598721e-13 
1.598721e-13 
1.421085e-13 
7.993606e-14 
7.993606e-14 
7.993606e-14 
7.993606e-14 
7.993606e-14 
7.993606e-14 
5.329071e-14 
5.329071e-14 
5.329071e-14 
5.329071e-14 
5.329071e-14 
5.329071e-14 
5.329071e-14 
4.440892e-14 
4.440892e-14 
3.552714e-14 
3.552714e-14 
3.552714e-14 
3.552714e-14 
3.552714e-14 
3.552714e-14 
2.664535e-14 
2.664535e-14 
2.664535e-14 
2.664535e-14 
2.664535e-14 
2.664535e-14 
1.776357e-14 
1.776357e-14 
1.776357e-14 
1.776357e-14 
1.776357e-14 
1.776357e-14 
1.776357e-14 
1.776357e-14 
8.881784e-15 
8.881784e-15 
8.881784e-15 
8.881784e-15 
8.881784e-15 
8.881784e-15 
8.881784e-15 
8.881784e-15 
1.309631e-25 
1.309631e-25 
1.539846e-24 
1.539846e-24 
1.539846e-24 
1.314737e-24 
