5.982157e+03 
5.568878e+03 
5.568878e+03 
5.568878e+03 
5.568878e+03 
4.987190e+03 
4.975529e+03 
4.975529e+03 
4.975529e+03 
4.975529e+03 
4.975529e+03 
4.975529e+03 
4.604407e+03 
4.604407e+03 
4.354064e+03 
4.354064e+03 
4.354064e+03 
4.271028e+03 
4.096919e+03 
4.096919e+03 
4.096919e+03 
4.096919e+03 
3.980988e+03 
3.265542e+03 
3.265542e+03 
3.265542e+03 
3.265542e+03 
2.774545e+03 
2.774545e+03 
2.774545e+03 
2.774545e+03 
2.774545e+03 
2.774545e+03 
2.649494e+03 
2.649494e+03 
2.649494e+03 
2.298214e+03 
2.298214e+03 
2.298214e+03 
2.298214e+03 
2.298214e+03 
2.298214e+03 
2.298214e+03 
2.298214e+03 
2.298214e+03 
2.298214e+03 
2.149839e+03 
1.790793e+03 
1.790793e+03 
1.790793e+03 
1.790793e+03 
1.790793e+03 
1.790793e+03 
1.790793e+03 
1.790793e+03 
1.743315e+03 
1.677722e+03 
1.677722e+03 
1.609694e+03 
1.609694e+03 
1.469414e+03 
1.469414e+03 
1.469414e+03 
1.469414e+03 
1.469414e+03 
1.469414e+03 
1.469414e+03 
1.469414e+03 
1.031400e+03 
1.031400e+03 
1.031400e+03 
1.031400e+03 
1.031400e+03 
1.031400e+03 
1.031400e+03 
1.031400e+03 
1.031400e+03 
1.031400e+03 
1.031400e+03 
1.031400e+03 
1.031400e+03 
1.031400e+03 
1.031400e+03 
1.031400e+03 
1.031400e+03 
1.031400e+03 
1.031400e+03 
1.031400e+03 
1.031400e+03 
1.031400e+03 
1.031400e+03 
1.031400e+03 
1.031400e+03 
1.031400e+03 
1.031400e+03 
9.656088e+02 
9.656088e+02 
9.656088e+02 
9.656088e+02 
9.656088e+02 
8.357812e+02 
8.357812e+02 
8.357812e+02 
8.357812e+02 
8.357812e+02 
8.357812e+02 
8.357812e+02 
6.867510e+02 
6.786723e+02 
6.786723e+02 
6.786723e+02 
6.786723e+02 
6.786723e+02 
6.786723e+02 
6.786723e+02 
6.786723e+02 
6.786723e+02 
6.698999e+02 
6.698999e+02 
6.698999e+02 
6.698999e+02 
4.825047e+02 
4.825047e+02 
4.825047e+02 
4.618728e+02 
4.618728e+02 
4.228608e+02 
4.228608e+02 
4.120948e+02 
4.120948e+02 
3.701998e+02 
3.701998e+02 
3.067757e+02 
3.067757e+02 
3.067757e+02 
3.067757e+02 
3.067757e+02 
3.067757e+02 
3.067757e+02 
3.067757e+02 
3.067757e+02 
3.029791e+02 
3.029791e+02 
3.029791e+02 
3.029791e+02 
3.029791e+02 
3.029791e+02 
3.029791e+02 
2.868513e+02 
2.868513e+02 
2.831744e+02 
2.449800e+02 
2.449800e+02 
2.449800e+02 
2.449800e+02 
2.449800e+02 
2.276878e+02 
2.276878e+02 
2.276878e+02 
2.237718e+02 
2.237718e+02 
2.237718e+02 
2.219140e+02 
2.141668e+02 
2.016222e+02 
1.987424e+02 
1.987424e+02 
1.987424e+02 
1.987424e+02 
1.987424e+02 
1.482185e+02 
1.467830e+02 
1.467830e+02 
1.467830e+02 
1.467830e+02 
1.467830e+02 
1.245768e+02 
1.245768e+02 
1.245768e+02 
1.204181e+02 
1.204181e+02 
1.130553e+02 
9.839366e+01 
9.839366e+01 
9.839366e+01 
8.316621e+01 
6.495258e+01 
5.994092e+01 
5.994092e+01 
5.994092e+01 
5.479090e+01 
5.479090e+01 
5.175123e+01 
5.175123e+01 
5.175123e+01 
3.563739e+01 
3.563739e+01 
2.864290e+01 
2.864290e+01 
2.864290e+01 
2.864290e+01 
2.864290e+01 
2.864290e+01 
2.864290e+01 
2.864290e+01 
2.863557e+01 
2.863557e+01 
2.099953e+01 
2.099953e+01 
2.099953e+01 
2.099953e+01 
2.099953e+01 
2.099953e+01 
2.099953e+01 
2.099953e+01 
2.099953e+01 
2.099953e+01 
2.099953e+01 
1.705253e+01 
1.705253e+01 
1.705253e+01 
1.705253e+01 
1.705253e+01 
1.705253e+01 
1.595478e+01 
1.218298e+01 
1.218298e+01 
1.218298e+01 
1.218298e+01 
1.218298e+01 
1.218298e+01 
1.218298e+01 
1.075638e+01 
1.075638e+01 
1.075638e+01 
9.657653e+00 
9.611002e+00 
8.079784e+00 
8.079784e+00 
7.218507e+00 
7.218507e+00 
7.218507e+00 
7.218507e+00 
7.154065e+00 
7.154065e+00 
5.676791e+00 
5.676791e+00 
5.203941e+00 
5.193033e+00 
5.193033e+00 
5.193033e+00 
4.557491e+00 
4.073114e+00 
4.073114e+00 
4.073114e+00 
4.073114e+00 
4.073114e+00 
4.073114e+00 
4.073114e+00 
4.073114e+00 
4.005704e+00 
4.005704e+00 
3.785705e+00 
3.785705e+00 
3.785705e+00 
3.785705e+00 
3.785705e+00 
3.785705e+00 
3.497516e+00 
3.351305e+00 
3.003108e+00 
2.944082e+00 
2.944082e+00 
2.944082e+00 
2.944082e+00 
2.928968e+00 
2.664037e+00 
2.664037e+00 
2.664037e+00 
2.470694e+00 
2.470694e+00 
2.470694e+00 
2.470694e+00 
2.470694e+00 
2.470694e+00 
2.470694e+00 
2.470694e+00 
2.470694e+00 
2.470694e+00 
2.470694e+00 
2.470694e+00 
2.470694e+00 
2.470694e+00 
2.470694e+00 
2.470694e+00 
2.341702e+00 
2.341702e+00 
2.336666e+00 
2.336298e+00 
2.262951e+00 
2.262951e+00 
2.207292e+00 
2.207292e+00 
2.207292e+00 
2.207292e+00 
2.207292e+00 
2.207292e+00 
2.177867e+00 
2.145553e+00 
2.145553e+00 
2.121897e+00 
2.114095e+00 
2.114095e+00 
2.114095e+00 
2.114095e+00 
2.083583e+00 
2.083583e+00 
2.062172e+00 
2.022682e+00 
2.022682e+00 
2.022682e+00 
2.022682e+00 
2.022682e+00 
2.022682e+00 
2.022682e+00 
2.022682e+00 
2.022682e+00 
2.022682e+00 
2.022682e+00 
2.017263e+00 
1.994359e+00 
1.994359e+00 
1.994359e+00 
1.994359e+00 
1.982872e+00 
1.982872e+00 
1.982872e+00 
1.982872e+00 
1.982872e+00 
1.979222e+00 
1.969373e+00 
1.969373e+00 
1.961962e+00 
1.961962e+00 
1.961962e+00 
1.961962e+00 
1.938527e+00 
1.938527e+00 
1.938527e+00 
1.938527e+00 
1.938527e+00 
1.938527e+00 
1.938527e+00 
1.935908e+00 
1.935908e+00 
1.935908e+00 
1.935108e+00 
1.922836e+00 
1.922836e+00 
1.920092e+00 
1.920092e+00 
1.920092e+00 
1.920092e+00 
1.920092e+00 
1.920092e+00 
1.920092e+00 
1.920092e+00 
1.920092e+00 
1.920092e+00 
1.920092e+00 
1.920092e+00 
1.920092e+00 
1.920092e+00 
1.920092e+00 
1.914075e+00 
1.914075e+00 
1.914075e+00 
1.909020e+00 
1.909020e+00 
1.909020e+00 
6.443099e-06 
6.169724e-06 
5.266658e-06 
4.537139e-06 
4.537139e-06 
3.719871e-06 
3.719871e-06 
2.933688e-06 
2.933688e-06 
2.850306e-06 
1.981258e-06 
1.981258e-06 
1.981258e-06 
1.981258e-06 
1.981258e-06 
1.663705e-06 
1.663705e-06 
1.546406e-06 
1.373819e-06 
9.816416e-07 
9.816416e-07 
6.566146e-07 
6.566146e-07 
6.566146e-07 
6.566146e-07 
6.566146e-07 
6.566146e-07 
5.650101e-07 
2.995997e-07 
2.995997e-07 
2.995997e-07 
2.995997e-07 
2.995997e-07 
2.995997e-07 
2.579038e-07 
2.579038e-07 
2.461478e-07 
2.183773e-07 
1.912197e-07 
1.871747e-07 
1.871747e-07 
1.309265e-07 
1.309265e-07 
1.309265e-07 
1.200011e-07 
9.174505e-08 
8.448732e-08 
6.579776e-08 
6.579776e-08 
6.579776e-08 
1.615012e-08 
1.615012e-08 
1.615012e-08 
1.410456e-08 
1.122629e-08 
1.122629e-08 
1.122629e-08 
6.286751e-07 
5.644889e-07 
5.644889e-07 
2.289908e-07 
2.289908e-07 
2.289908e-07 
9.677146e-09 
4.875011e+01 
4.875011e+01 
4.875011e+01 
4.875011e+01 
4.875011e+01 
4.875011e+01 
4.875011e+01 
4.875008e+01 
4.875008e+01 
4.875003e+01 
4.874988e+01 
4.874978e+01 
4.874976e+01 
4.874976e+01 
4.874976e+01 
4.874976e+01 
4.874975e+01 
4.874975e+01 
4.874972e+01 
4.874972e+01 
4.874972e+01 
4.874972e+01 
4.874972e+01 
4.874972e+01 
4.874972e+01 
4.874972e+01 
4.874972e+01 
4.874972e+01 
4.874972e+01 
4.874972e+01 
4.874972e+01 
4.874972e+01 
4.874972e+01 
4.874972e+01 
4.874521e+01 
4.874521e+01 
4.873691e+01 
4.868516e+01 
4.868516e+01 
4.865123e+01 
4.865123e+01 
4.865123e+01 
4.865123e+01 
4.865123e+01 
4.865123e+01 
4.864880e+01 
4.864799e+01 
4.864799e+01 
4.864799e+01 
4.864799e+01 
4.864392e+01 
4.864386e+01 
4.864386e+01 
4.864386e+01 
4.864386e+01 
4.864386e+01 
4.864386e+01 
4.864386e+01 
4.864386e+01 
4.864362e+01 
4.864362e+01 
4.864362e+01 
4.864362e+01 
4.864362e+01 
4.864362e+01 
4.864286e+01 
4.864286e+01 
4.864286e+01 
4.864286e+01 
4.864286e+01 
4.864286e+01 
4.864286e+01 
4.864286e+01 
4.864286e+01 
4.864286e+01 
4.864280e+01 
4.864280e+01 
4.864275e+01 
4.864275e+01 
4.864275e+01 
4.864275e+01 
4.864275e+01 
4.864275e+01 
4.864275e+01 
4.864275e+01 
4.864275e+01 
4.864275e+01 
4.864275e+01 
4.864275e+01 
4.864275e+01 
4.864275e+01 
4.864275e+01 
4.864273e+01 
4.864273e+01 
4.864273e+01 
4.864273e+01 
4.864273e+01 
4.864273e+01 
4.864273e+01 
4.864273e+01 
4.864273e+01 
4.864273e+01 
4.864273e+01 
4.864273e+01 
4.864273e+01 
4.864272e+01 
4.864272e+01 
4.864272e+01 
4.864272e+01 
4.864272e+01 
4.864272e+01 
4.864272e+01 
4.864272e+01 
4.864272e+01 
4.864272e+01 
4.864272e+01 
4.864272e+01 
4.864272e+01 
4.864272e+01 
4.864272e+01 
4.864272e+01 
4.864272e+01 
4.864272e+01 
4.864272e+01 
4.864272e+01 
4.864272e+01 
4.864272e+01 
4.864272e+01 
4.864272e+01 
4.864272e+01 
4.864272e+01 
4.864272e+01 
4.864272e+01 
4.864272e+01 
4.864272e+01 
4.864272e+01 
4.864272e+01 
4.832214e+01 
4.832214e+01 
4.832214e+01 
4.832214e+01 
4.832214e+01 
4.832214e+01 
4.832214e+01 
4.832214e+01 
4.832214e+01 
4.832214e+01 
4.832214e+01 
4.832214e+01 
4.832214e+01 
4.832214e+01 
4.832214e+01 
4.832214e+01 
4.832214e+01 
4.832214e+01 
4.832214e+01 
4.832214e+01 
4.832214e+01 
1.598721e-13 
1.598721e-13 
1.598721e-13 
1.421085e-13 
7.993606e-14 
7.993606e-14 
7.993606e-14 
7.993606e-14 
7.993606e-14 
7.993606e-14 
5.329071e-14 
5.329071e-14 
5.329071e-14 
5.329071e-14 
5.329071e-14 
5.329071e-14 
5.329071e-14 
4.440892e-14 
4.440892e-14 
3.552714e-14 
3.552714e-14 
3.552714e-14 
3.552714e-14 
3.552714e-14 
3.552714e-14 
2.664535e-14 
2.664535e-14 
2.664535e-14 
2.664535e-14 
2.664535e-14 
2.664535e-14 
1.776357e-14 
1.776357e-14 
1.776357e-14 
1.776357e-14 
1.776357e-14 
1.776357e-14 
1.776357e-14 
1.776357e-14 
8.881784e-15 
8.881784e-15 
8.881784e-15 
8.881784e-15 
8.881784e-15 
8.881784e-15 
8.881784e-15 
8.881784e-15 
1.309631e-25 
1.309631e-25 
1.539846e-24 
1.539846e-24 
1.539846e-24 
1.314737e-24 
