1.127022e+03 
6.974673e+02 
6.553092e+02 
6.553092e+02 
6.553092e+02 
6.553092e+02 
5.171995e+02 
4.435660e+02 
3.905697e+02 
3.905697e+02 
3.905697e+02 
3.905697e+02 
3.905697e+02 
3.905697e+02 
3.393495e+02 
3.393495e+02 
3.075263e+02 
3.075263e+02 
2.981043e+02 
2.921861e+02 
2.921861e+02 
2.543033e+02 
2.543033e+02 
2.543033e+02 
2.488548e+02 
2.145373e+02 
2.145373e+02 
1.952409e+02 
1.952409e+02 
1.952409e+02 
1.952409e+02 
1.887417e+02 
1.829605e+02 
1.829605e+02 
1.803586e+02 
1.803586e+02 
1.803586e+02 
1.803586e+02 
1.803586e+02 
1.710559e+02 
1.602521e+02 
1.438994e+02 
1.438994e+02 
1.438994e+02 
1.438994e+02 
1.438994e+02 
1.438994e+02 
1.438994e+02 
1.438994e+02 
1.438994e+02 
1.438994e+02 
1.438994e+02 
1.396314e+02 
1.396314e+02 
1.117394e+02 
1.117394e+02 
1.117394e+02 
9.746176e+01 
9.746176e+01 
9.746176e+01 
9.746176e+01 
9.746176e+01 
9.746176e+01 
9.746176e+01 
9.746176e+01 
9.746176e+01 
9.746176e+01 
9.746176e+01 
9.746176e+01 
9.269682e+01 
9.070095e+01 
8.709215e+01 
7.466164e+01 
7.466164e+01 
7.466164e+01 
7.066075e+01 
7.066075e+01 
7.066075e+01 
7.066075e+01 
7.066075e+01 
7.066075e+01 
7.066075e+01 
6.488026e+01 
6.488026e+01 
6.488026e+01 
4.275522e+01 
4.145377e+01 
4.145377e+01 
4.145377e+01 
3.506275e+01 
3.506275e+01 
3.506275e+01 
3.506275e+01 
3.506275e+01 
3.506275e+01 
3.506275e+01 
3.506275e+01 
3.448922e+01 
3.288671e+01 
3.288671e+01 
3.288671e+01 
2.440852e+01 
2.440852e+01 
2.440852e+01 
2.407877e+01 
2.407877e+01 
2.407877e+01 
1.744796e+01 
1.744796e+01 
1.572815e+01 
1.572815e+01 
1.572815e+01 
1.572815e+01 
1.572815e+01 
1.572815e+01 
1.572815e+01 
1.443420e+01 
1.443420e+01 
1.443420e+01 
8.888474e+00 
8.888474e+00 
8.888474e+00 
8.888474e+00 
8.888474e+00 
8.888474e+00 
8.888474e+00 
8.888474e+00 
8.888474e+00 
8.888474e+00 
8.888474e+00 
8.888474e+00 
8.888474e+00 
8.888474e+00 
8.888474e+00 
8.888474e+00 
8.888474e+00 
8.888474e+00 
8.888474e+00 
8.888474e+00 
8.888474e+00 
8.888474e+00 
8.888474e+00 
8.888474e+00 
8.888474e+00 
8.888474e+00 
8.888474e+00 
8.888474e+00 
8.888474e+00 
8.888474e+00 
8.888474e+00 
8.888474e+00 
8.888474e+00 
8.888474e+00 
8.888474e+00 
8.888474e+00 
8.888474e+00 
8.677959e+00 
8.608484e+00 
8.608484e+00 
8.608484e+00 
8.310847e+00 
8.310847e+00 
8.310847e+00 
8.310847e+00 
8.310847e+00 
8.192562e+00 
8.192562e+00 
7.890782e+00 
7.726120e+00 
6.997203e+00 
6.997203e+00 
6.997203e+00 
6.997203e+00 
6.997203e+00 
6.997203e+00 
6.611993e+00 
6.611993e+00 
6.611993e+00 
6.611993e+00 
6.611993e+00 
6.611993e+00 
6.611993e+00 
6.512705e+00 
6.512705e+00 
6.512705e+00 
6.458387e+00 
6.012401e+00 
6.012401e+00 
6.012401e+00 
6.012401e+00 
5.730367e+00 
5.730367e+00 
5.725702e+00 
5.725702e+00 
5.725702e+00 
5.725702e+00 
5.725702e+00 
5.701983e+00 
5.701983e+00 
5.629554e+00 
5.610262e+00 
5.593522e+00 
5.381398e+00 
5.381398e+00 
5.381398e+00 
5.346318e+00 
5.346318e+00 
5.346318e+00 
5.346318e+00 
5.333993e+00 
5.291935e+00 
5.191929e+00 
5.191929e+00 
5.191929e+00 
5.191929e+00 
5.191929e+00 
5.191929e+00 
5.191929e+00 
5.191929e+00 
5.191929e+00 
5.191929e+00 
5.177664e+00 
5.148768e+00 
5.135722e+00 
5.135722e+00 
5.135722e+00 
5.126595e+00 
5.122740e+00 
5.122740e+00 
5.122740e+00 
5.122740e+00 
5.122740e+00 
5.122740e+00 
5.122740e+00 
5.122740e+00 
5.116444e+00 
5.116444e+00 
5.116444e+00 
5.110805e+00 
5.110805e+00 
5.110805e+00 
5.106831e+00 
5.098858e+00 
5.077450e+00 
5.077450e+00 
5.077450e+00 
5.073083e+00 
5.041470e+00 
5.040998e+00 
5.040998e+00 
5.040998e+00 
5.040998e+00 
5.032192e+00 
5.027968e+00 
5.027968e+00 
5.027968e+00 
5.027968e+00 
5.023596e+00 
5.023596e+00 
5.023596e+00 
5.023596e+00 
5.017026e+00 
5.017026e+00 
5.009656e+00 
5.006747e+00 
5.005073e+00 
5.005073e+00 
4.991766e+00 
4.991766e+00 
4.991766e+00 
4.991766e+00 
4.991766e+00 
4.991766e+00 
4.991766e+00 
4.991766e+00 
4.991766e+00 
4.991766e+00 
4.991766e+00 
4.991766e+00 
4.989858e+00 
4.989858e+00 
4.986315e+00 
4.985451e+00 
4.985451e+00 
4.985451e+00 
4.985451e+00 
4.985451e+00 
4.984645e+00 
4.984645e+00 
4.984645e+00 
4.984645e+00 
4.984645e+00 
4.984645e+00 
4.984645e+00 
4.984645e+00 
4.984645e+00 
4.984645e+00 
4.984645e+00 
4.984645e+00 
4.984645e+00 
4.984645e+00 
4.984645e+00 
4.984645e+00 
4.984645e+00 
4.984645e+00 
4.984616e+00 
4.984616e+00 
4.984616e+00 
4.803078e+00 
4.020861e+00 
4.020861e+00 
4.020861e+00 
4.020861e+00 
4.020861e+00 
4.020861e+00 
4.020861e+00 
4.020861e+00 
4.020861e+00 
4.020861e+00 
4.020861e+00 
3.994856e+00 
3.994856e+00 
3.994856e+00 
3.994856e+00 
3.994856e+00 
3.994856e+00 
3.994856e+00 
3.994856e+00 
3.994856e+00 
3.994856e+00 
3.994856e+00 
3.994856e+00 
3.994856e+00 
3.994856e+00 
3.994856e+00 
3.994856e+00 
3.994856e+00 
3.989319e+00 
3.989319e+00 
3.989319e+00 
3.989319e+00 
3.989319e+00 
3.989319e+00 
3.989319e+00 
3.989319e+00 
3.989319e+00 
3.989319e+00 
3.989319e+00 
3.989319e+00 
3.988785e+00 
3.988312e+00 
3.987863e+00 
3.986708e+00 
3.986056e+00 
3.986056e+00 
3.986056e+00 
3.986056e+00 
3.985539e+00 
3.985539e+00 
3.984504e+00 
3.983288e+00 
3.983288e+00 
3.983288e+00 
3.983288e+00 
3.983288e+00 
3.983288e+00 
3.982420e+00 
3.982420e+00 
3.982420e+00 
3.982420e+00 
3.982420e+00 
3.982420e+00 
3.982420e+00 
3.981626e+00 
3.981626e+00 
3.981626e+00 
3.981579e+00 
1.901133e+00 
1.914423e+00 
1.914423e+00 
1.914423e+00 
6.169724e-06 
5.266658e-06 
4.537139e-06 
4.537139e-06 
3.719871e-06 
3.719871e-06 
2.933688e-06 
2.933688e-06 
2.850306e-06 
1.981258e-06 
1.981258e-06 
1.981258e-06 
1.981258e-06 
1.981258e-06 
1.663705e-06 
1.663705e-06 
1.546406e-06 
1.373819e-06 
9.816416e-07 
9.816416e-07 
6.566146e-07 
6.566146e-07 
6.566146e-07 
6.566146e-07 
6.566146e-07 
6.566146e-07 
5.650101e-07 
2.995997e-07 
2.995997e-07 
2.995997e-07 
2.995997e-07 
2.995997e-07 
2.995997e-07 
2.579038e-07 
2.579038e-07 
2.461478e-07 
2.183773e-07 
1.912197e-07 
1.871747e-07 
1.871747e-07 
1.309265e-07 
1.309265e-07 
1.309265e-07 
1.200011e-07 
9.174505e-08 
8.448732e-08 
6.579776e-08 
6.579776e-08 
6.579776e-08 
1.615012e-08 
1.615012e-08 
1.615012e-08 
1.410456e-08 
1.122629e-08 
1.122629e-08 
1.122629e-08 
6.286751e-07 
5.644889e-07 
5.644889e-07 
2.289908e-07 
2.289908e-07 
2.289908e-07 
9.677146e-09 
4.875011e+01 
4.875011e+01 
4.875011e+01 
4.875011e+01 
4.875011e+01 
4.875011e+01 
4.875011e+01 
4.875008e+01 
4.875008e+01 
4.875003e+01 
4.874988e+01 
4.874978e+01 
4.874976e+01 
4.874976e+01 
4.874976e+01 
4.874976e+01 
4.874975e+01 
4.874975e+01 
4.874972e+01 
4.874972e+01 
4.874972e+01 
4.874972e+01 
4.874972e+01 
4.874972e+01 
4.874972e+01 
4.874972e+01 
4.874972e+01 
4.874972e+01 
4.874972e+01 
4.874972e+01 
4.874972e+01 
4.874972e+01 
4.874972e+01 
4.874972e+01 
4.874521e+01 
4.874521e+01 
4.873691e+01 
4.868516e+01 
4.868516e+01 
4.865123e+01 
4.865123e+01 
4.865123e+01 
4.865123e+01 
4.865123e+01 
4.865123e+01 
4.864880e+01 
4.864799e+01 
4.864799e+01 
4.864799e+01 
4.864799e+01 
4.864392e+01 
4.864386e+01 
4.864386e+01 
4.864386e+01 
4.864386e+01 
4.864386e+01 
4.864386e+01 
4.864386e+01 
4.864386e+01 
4.864362e+01 
4.864362e+01 
4.864362e+01 
4.864362e+01 
4.864362e+01 
4.864362e+01 
4.864286e+01 
4.864286e+01 
4.864286e+01 
4.864286e+01 
4.864286e+01 
4.864286e+01 
4.864286e+01 
4.864286e+01 
4.864286e+01 
4.864286e+01 
4.864280e+01 
4.864280e+01 
4.864275e+01 
4.864275e+01 
4.864275e+01 
4.864275e+01 
4.864275e+01 
4.864275e+01 
4.864275e+01 
4.864275e+01 
4.864275e+01 
4.864275e+01 
4.864275e+01 
4.864275e+01 
4.864275e+01 
4.864275e+01 
4.864275e+01 
4.864273e+01 
4.864273e+01 
4.864273e+01 
4.864273e+01 
4.864273e+01 
4.864273e+01 
4.864273e+01 
4.864273e+01 
4.864273e+01 
4.864273e+01 
4.864273e+01 
4.864273e+01 
4.864273e+01 
4.864272e+01 
4.864272e+01 
4.864272e+01 
4.864272e+01 
4.864272e+01 
4.864272e+01 
4.864272e+01 
4.864272e+01 
4.864272e+01 
4.864272e+01 
4.864272e+01 
4.864272e+01 
4.864272e+01 
4.864272e+01 
4.864272e+01 
4.864272e+01 
4.864272e+01 
4.864272e+01 
4.864272e+01 
4.864272e+01 
4.864272e+01 
4.864272e+01 
4.864272e+01 
4.864272e+01 
4.864272e+01 
4.864272e+01 
4.864272e+01 
4.864272e+01 
4.864272e+01 
4.864272e+01 
4.864272e+01 
4.864272e+01 
4.832214e+01 
4.832214e+01 
4.832214e+01 
4.832214e+01 
4.832214e+01 
4.832214e+01 
4.832214e+01 
4.832214e+01 
4.832214e+01 
4.832214e+01 
4.832214e+01 
4.832214e+01 
4.832214e+01 
4.832214e+01 
4.832214e+01 
4.832214e+01 
4.832214e+01 
4.832214e+01 
4.832214e+01 
4.832214e+01 
4.832214e+01 
1.598721e-13 
1.598721e-13 
1.598721e-13 
1.421085e-13 
7.993606e-14 
7.993606e-14 
7.993606e-14 
7.993606e-14 
7.993606e-14 
7.993606e-14 
5.329071e-14 
5.329071e-14 
5.329071e-14 
5.329071e-14 
5.329071e-14 
5.329071e-14 
5.329071e-14 
4.440892e-14 
4.440892e-14 
3.552714e-14 
3.552714e-14 
3.552714e-14 
3.552714e-14 
3.552714e-14 
3.552714e-14 
2.664535e-14 
2.664535e-14 
2.664535e-14 
2.664535e-14 
2.664535e-14 
2.664535e-14 
1.776357e-14 
1.776357e-14 
1.776357e-14 
1.776357e-14 
1.776357e-14 
1.776357e-14 
1.776357e-14 
1.776357e-14 
8.881784e-15 
8.881784e-15 
8.881784e-15 
8.881784e-15 
8.881784e-15 
8.881784e-15 
8.881784e-15 
8.881784e-15 
1.309631e-25 
1.309631e-25 
1.539846e-24 
1.539846e-24 
1.539846e-24 
1.314737e-24 
