1.167587e+05 
2.590754e+04 
2.213410e+04 
2.130442e+04 
2.130442e+04 
2.130442e+04 
2.130442e+04 
7.645273e+03 
7.645273e+03 
1.856735e+03 
1.856735e+03 
5.526937e+02 
5.526937e+02 
3.502273e+02 
3.502273e+02 
3.345184e+02 
2.769976e+02 
2.769976e+02 
1.543398e+02 
8.885214e+01 
8.885214e+01 
8.885214e+01 
8.885214e+01 
4.751585e+01 
4.751585e+01 
4.751585e+01 
2.771399e+01 
2.771399e+01 
2.771399e+01 
2.771399e+01 
2.771399e+01 
2.690024e+01 
2.690024e+01 
2.690024e+01 
2.523151e+01 
2.523151e+01 
2.523151e+01 
2.453909e+01 
2.453909e+01 
1.636714e+01 
1.636714e+01 
1.636714e+01 
1.636714e+01 
1.636714e+01 
1.636714e+01 
1.636714e+01 
1.636714e+01 
1.636714e+01 
1.636714e+01 
1.636714e+01 
1.636714e+01 
1.636714e+01 
1.636714e+01 
1.636714e+01 
1.636714e+01 
1.636714e+01 
1.636714e+01 
1.636714e+01 
1.464523e+01 
1.464523e+01 
1.464523e+01 
1.464523e+01 
1.464523e+01 
1.464523e+01 
1.464523e+01 
1.464523e+01 
1.464523e+01 
1.464523e+01 
1.464523e+01 
1.464523e+01 
1.370180e+01 
1.370180e+01 
1.343679e+01 
1.343679e+01 
1.343679e+01 
1.343679e+01 
1.343679e+01 
1.343679e+01 
1.296101e+01 
1.296101e+01 
1.296101e+01 
1.296101e+01 
1.296101e+01 
1.296101e+01 
1.295167e+01 
1.107128e+01 
1.107128e+01 
1.107128e+01 
1.107128e+01 
1.107128e+01 
1.107128e+01 
1.107128e+01 
1.107128e+01 
1.107128e+01 
1.107128e+01 
1.107128e+01 
1.047303e+01 
1.047303e+01 
1.047303e+01 
1.029349e+01 
1.029349e+01 
1.029349e+01 
1.029349e+01 
1.029349e+01 
1.029349e+01 
1.013321e+01 
1.013321e+01 
1.013321e+01 
1.013321e+01 
1.013321e+01 
1.013321e+01 
9.739625e+00 
9.739625e+00 
9.739625e+00 
9.157989e+00 
9.157989e+00 
9.157989e+00 
9.157989e+00 
9.157989e+00 
9.157989e+00 
9.157989e+00 
8.862411e+00 
8.862411e+00 
8.862411e+00 
8.862411e+00 
8.282972e+00 
8.282972e+00 
8.282972e+00 
8.282972e+00 
8.282972e+00 
8.282972e+00 
8.181787e+00 
8.181787e+00 
7.904240e+00 
7.904240e+00 
7.904240e+00 
7.586670e+00 
7.453553e+00 
7.453553e+00 
7.453553e+00 
7.453553e+00 
7.144456e+00 
7.144456e+00 
7.144456e+00 
7.144456e+00 
7.122545e+00 
7.122545e+00 
7.101032e+00 
6.717249e+00 
6.668578e+00 
6.218670e+00 
6.218670e+00 
6.218670e+00 
6.218670e+00 
6.218670e+00 
6.218670e+00 
6.212417e+00 
5.902306e+00 
5.902306e+00 
5.902306e+00 
5.902306e+00 
5.902306e+00 
5.902306e+00 
5.902306e+00 
5.902306e+00 
5.902306e+00 
5.902306e+00 
5.902306e+00 
5.902306e+00 
5.902306e+00 
5.810935e+00 
5.810935e+00 
5.755552e+00 
5.734997e+00 
5.711861e+00 
5.711861e+00 
5.711861e+00 
5.585437e+00 
5.585437e+00 
5.585437e+00 
5.582407e+00 
5.582407e+00 
5.582407e+00 
5.572772e+00 
5.538866e+00 
5.538866e+00 
5.538866e+00 
5.448260e+00 
5.448260e+00 
5.410496e+00 
5.410496e+00 
5.410496e+00 
5.403544e+00 
5.403544e+00 
5.403544e+00 
5.397168e+00 
5.335911e+00 
5.310160e+00 
5.248781e+00 
5.248781e+00 
5.248781e+00 
5.248781e+00 
5.227890e+00 
5.227890e+00 
5.227890e+00 
5.227890e+00 
5.227890e+00 
5.227890e+00 
5.227890e+00 
5.213646e+00 
5.213646e+00 
5.191351e+00 
5.191351e+00 
5.191351e+00 
5.183427e+00 
5.170785e+00 
5.170785e+00 
5.170785e+00 
5.156635e+00 
5.141129e+00 
5.141129e+00 
5.141129e+00 
5.120627e+00 
5.120627e+00 
5.120627e+00 
5.120627e+00 
5.116087e+00 
5.114938e+00 
5.090102e+00 
5.090102e+00 
5.090102e+00 
5.090102e+00 
5.054673e+00 
5.054673e+00 
5.054673e+00 
4.771659e+00 
4.771659e+00 
4.771659e+00 
4.771659e+00 
4.771659e+00 
4.771659e+00 
4.771659e+00 
4.771659e+00 
4.771659e+00 
4.771659e+00 
4.771659e+00 
4.771659e+00 
4.771659e+00 
4.771659e+00 
4.771659e+00 
4.614029e+00 
4.614029e+00 
4.614029e+00 
4.614029e+00 
4.614029e+00 
4.614029e+00 
4.614029e+00 
4.574914e+00 
4.574914e+00 
4.467993e+00 
4.467993e+00 
4.467993e+00 
4.467993e+00 
4.467993e+00 
4.467993e+00 
4.460261e+00 
4.442013e+00 
4.442013e+00 
4.442013e+00 
4.442013e+00 
4.430876e+00 
4.384004e+00 
4.384004e+00 
4.384004e+00 
4.384004e+00 
4.384004e+00 
4.384004e+00 
4.384004e+00 
4.371777e+00 
4.371777e+00 
4.371777e+00 
4.371341e+00 
4.371341e+00 
4.368018e+00 
4.368018e+00 
4.368018e+00 
4.368018e+00 
4.359384e+00 
4.359384e+00 
4.359384e+00 
4.359384e+00 
4.359384e+00 
4.354150e+00 
4.331665e+00 
4.331665e+00 
4.318412e+00 
4.318412e+00 
4.318412e+00 
4.295064e+00 
4.295064e+00 
4.295064e+00 
4.288655e+00 
4.274964e+00 
4.267704e+00 
4.220263e+00 
4.220263e+00 
4.220263e+00 
4.220263e+00 
4.220263e+00 
4.220263e+00 
4.220263e+00 
4.214596e+00 
4.195505e+00 
4.171313e+00 
4.153453e+00 
4.153453e+00 
4.149001e+00 
4.131525e+00 
4.125941e+00 
4.099652e+00 
4.070068e+00 
4.070068e+00 
4.068957e+00 
4.068957e+00 
4.049437e+00 
4.041640e+00 
4.011081e+00 
4.011081e+00 
4.003327e+00 
3.998037e+00 
3.998037e+00 
3.998037e+00 
3.980936e+00 
3.972168e+00 
3.972168e+00 
3.972168e+00 
3.972168e+00 
3.972168e+00 
3.972168e+00 
3.957372e+00 
3.957372e+00 
3.957372e+00 
3.955315e+00 
3.931182e+00 
3.931182e+00 
3.929683e+00 
3.921015e+00 
3.921015e+00 
3.921015e+00 
3.921015e+00 
3.921015e+00 
3.921015e+00 
3.921015e+00 
3.921015e+00 
3.921015e+00 
3.907746e+00 
3.907746e+00 
3.907746e+00 
3.890374e+00 
3.890374e+00 
3.890374e+00 
3.860901e+00 
3.860901e+00 
3.860901e+00 
3.860901e+00 
3.860901e+00 
3.860901e+00 
3.860901e+00 
3.860901e+00 
3.851730e+00 
3.851730e+00 
1.197735e+01 
1.197735e+01 
1.197735e+01 
1.197668e+01 
1.197668e+01 
1.197624e+01 
3.980178e+00 
3.980178e+00 
3.980178e+00 
2.990783e+00 
1.708004e+01 
1.708004e+01 
2.985028e+00 
2.985028e+00 
2.985028e+00 
3.719871e-06 
2.933688e-06 
2.933688e-06 
2.850306e-06 
1.981258e-06 
1.981258e-06 
1.981258e-06 
1.981258e-06 
1.981258e-06 
1.663705e-06 
1.663705e-06 
1.546406e-06 
1.373819e-06 
9.816416e-07 
9.816416e-07 
6.566146e-07 
6.566146e-07 
6.566146e-07 
6.566146e-07 
6.566146e-07 
6.566146e-07 
5.650101e-07 
2.995997e-07 
2.995997e-07 
2.995997e-07 
2.995997e-07 
2.995997e-07 
2.995997e-07 
2.579038e-07 
2.579038e-07 
2.461478e-07 
2.183773e-07 
1.912197e-07 
1.871747e-07 
1.871747e-07 
1.309265e-07 
1.309265e-07 
1.309265e-07 
1.200011e-07 
9.174505e-08 
8.448732e-08 
6.579776e-08 
6.579776e-08 
6.579776e-08 
1.615012e-08 
1.615012e-08 
1.615012e-08 
1.410456e-08 
1.122629e-08 
1.122629e-08 
1.122629e-08 
6.286751e-07 
5.644889e-07 
5.644889e-07 
2.289908e-07 
2.289908e-07 
2.289908e-07 
9.677146e-09 
4.875011e+01 
4.875011e+01 
4.875011e+01 
4.875011e+01 
4.875011e+01 
4.875011e+01 
4.875011e+01 
4.875008e+01 
4.875008e+01 
4.875003e+01 
4.874988e+01 
4.874978e+01 
4.874976e+01 
4.874976e+01 
4.874976e+01 
4.874976e+01 
4.874975e+01 
4.874975e+01 
4.874972e+01 
4.874972e+01 
4.874972e+01 
4.874972e+01 
4.874972e+01 
4.874972e+01 
4.874972e+01 
4.874972e+01 
4.874972e+01 
4.874972e+01 
4.874972e+01 
4.874972e+01 
4.874972e+01 
4.874972e+01 
4.874972e+01 
4.874972e+01 
4.874521e+01 
4.874521e+01 
4.873691e+01 
4.868516e+01 
4.868516e+01 
4.865123e+01 
4.865123e+01 
4.865123e+01 
4.865123e+01 
4.865123e+01 
4.865123e+01 
4.864880e+01 
4.864799e+01 
4.864799e+01 
4.864799e+01 
4.864799e+01 
4.864392e+01 
4.864386e+01 
4.864386e+01 
4.864386e+01 
4.864386e+01 
4.864386e+01 
4.864386e+01 
4.864386e+01 
4.864386e+01 
4.864362e+01 
4.864362e+01 
4.864362e+01 
4.864362e+01 
4.864362e+01 
4.864362e+01 
4.864286e+01 
4.864286e+01 
4.864286e+01 
4.864286e+01 
4.864286e+01 
4.864286e+01 
4.864286e+01 
4.864286e+01 
4.864286e+01 
4.864286e+01 
4.864280e+01 
4.864280e+01 
4.864275e+01 
4.864275e+01 
4.864275e+01 
4.864275e+01 
4.864275e+01 
4.864275e+01 
4.864275e+01 
4.864275e+01 
4.864275e+01 
4.864275e+01 
4.864275e+01 
4.864275e+01 
4.864275e+01 
4.864275e+01 
4.864275e+01 
4.864273e+01 
4.864273e+01 
4.864273e+01 
4.864273e+01 
4.864273e+01 
4.864273e+01 
4.864273e+01 
4.864273e+01 
4.864273e+01 
4.864273e+01 
4.864273e+01 
4.864273e+01 
4.864273e+01 
4.864272e+01 
4.864272e+01 
4.864272e+01 
4.864272e+01 
4.864272e+01 
4.864272e+01 
4.864272e+01 
4.864272e+01 
4.864272e+01 
4.864272e+01 
4.864272e+01 
4.864272e+01 
4.864272e+01 
4.864272e+01 
4.864272e+01 
4.864272e+01 
4.864272e+01 
4.864272e+01 
4.864272e+01 
4.864272e+01 
4.864272e+01 
4.864272e+01 
4.864272e+01 
4.864272e+01 
4.864272e+01 
4.864272e+01 
4.864272e+01 
4.864272e+01 
4.864272e+01 
4.864272e+01 
4.864272e+01 
4.864272e+01 
4.832214e+01 
4.832214e+01 
4.832214e+01 
4.832214e+01 
4.832214e+01 
4.832214e+01 
4.832214e+01 
4.832214e+01 
4.832214e+01 
4.832214e+01 
4.832214e+01 
4.832214e+01 
4.832214e+01 
4.832214e+01 
4.832214e+01 
4.832214e+01 
4.832214e+01 
4.832214e+01 
4.832214e+01 
4.832214e+01 
4.832214e+01 
1.598721e-13 
1.598721e-13 
1.598721e-13 
1.421085e-13 
7.993606e-14 
7.993606e-14 
7.993606e-14 
7.993606e-14 
7.993606e-14 
7.993606e-14 
5.329071e-14 
5.329071e-14 
5.329071e-14 
5.329071e-14 
5.329071e-14 
5.329071e-14 
5.329071e-14 
4.440892e-14 
4.440892e-14 
3.552714e-14 
3.552714e-14 
3.552714e-14 
3.552714e-14 
3.552714e-14 
3.552714e-14 
2.664535e-14 
2.664535e-14 
2.664535e-14 
2.664535e-14 
2.664535e-14 
2.664535e-14 
1.776357e-14 
1.776357e-14 
1.776357e-14 
1.776357e-14 
1.776357e-14 
1.776357e-14 
1.776357e-14 
1.776357e-14 
8.881784e-15 
8.881784e-15 
8.881784e-15 
8.881784e-15 
8.881784e-15 
8.881784e-15 
8.881784e-15 
8.881784e-15 
1.309631e-25 
1.309631e-25 
1.539846e-24 
1.539846e-24 
1.539846e-24 
1.314737e-24 
