2.387067e+03 
2.243838e+03 
1.818140e+03 
1.769852e+03 
1.769852e+03 
1.769852e+03 
1.769852e+03 
1.769852e+03 
1.562760e+03 
1.562760e+03 
1.562760e+03 
1.449168e+03 
1.366883e+03 
1.326181e+03 
1.326181e+03 
1.326181e+03 
1.326181e+03 
1.326181e+03 
1.176991e+03 
1.176991e+03 
1.085200e+03 
9.692713e+02 
9.692713e+02 
9.112640e+02 
9.112640e+02 
9.112640e+02 
9.112640e+02 
9.112640e+02 
9.112640e+02 
9.112640e+02 
7.817377e+02 
7.817377e+02 
7.817377e+02 
7.817377e+02 
7.817377e+02 
6.713016e+02 
6.713016e+02 
6.713016e+02 
5.069781e+02 
5.069781e+02 
5.069781e+02 
5.069781e+02 
5.069781e+02 
5.069781e+02 
5.069781e+02 
5.069781e+02 
4.384433e+02 
4.384433e+02 
4.054135e+02 
4.054135e+02 
3.784804e+02 
3.044929e+02 
3.044929e+02 
3.044929e+02 
2.350383e+02 
2.350383e+02 
1.765893e+02 
1.765893e+02 
1.475999e+02 
1.475999e+02 
1.475999e+02 
1.475999e+02 
1.475999e+02 
1.475999e+02 
1.475999e+02 
1.475999e+02 
1.475999e+02 
1.373098e+02 
1.256180e+02 
1.146166e+02 
1.146166e+02 
1.146166e+02 
1.146166e+02 
1.105302e+02 
1.105302e+02 
1.035088e+02 
1.035088e+02 
1.035088e+02 
8.803809e+01 
8.803809e+01 
8.803809e+01 
8.151014e+01 
8.151014e+01 
7.712559e+01 
7.712559e+01 
7.712559e+01 
7.712559e+01 
7.084193e+01 
7.084193e+01 
7.084193e+01 
6.692675e+01 
6.692675e+01 
6.692675e+01 
6.692675e+01 
6.692675e+01 
6.000812e+01 
4.604885e+01 
4.604885e+01 
4.604885e+01 
4.604885e+01 
4.604885e+01 
4.604885e+01 
4.604885e+01 
3.912274e+01 
3.558875e+01 
3.558875e+01 
3.558875e+01 
3.558875e+01 
3.523822e+01 
3.523822e+01 
2.578583e+01 
2.578583e+01 
2.578583e+01 
2.578583e+01 
2.578583e+01 
2.578583e+01 
2.325029e+01 
2.325029e+01 
2.325029e+01 
2.257356e+01 
2.092227e+01 
2.092227e+01 
2.044993e+01 
2.023160e+01 
2.023160e+01 
2.023160e+01 
1.955702e+01 
1.880287e+01 
1.870307e+01 
1.637000e+01 
1.637000e+01 
1.583015e+01 
1.583015e+01 
1.583015e+01 
1.583015e+01 
1.481613e+01 
1.481613e+01 
1.470227e+01 
1.470227e+01 
1.470227e+01 
1.470227e+01 
1.389568e+01 
1.270873e+01 
1.270873e+01 
1.270873e+01 
1.270873e+01 
1.270873e+01 
1.270873e+01 
1.258830e+01 
1.258830e+01 
1.258830e+01 
1.258830e+01 
1.225433e+01 
1.225433e+01 
1.225433e+01 
1.225433e+01 
1.184313e+01 
1.152671e+01 
1.152671e+01 
1.152671e+01 
1.152671e+01 
1.152671e+01 
1.152671e+01 
1.114367e+01 
1.114367e+01 
1.114367e+01 
1.114367e+01 
1.114367e+01 
1.114367e+01 
1.114367e+01 
1.059620e+01 
1.042212e+01 
1.042212e+01 
1.042212e+01 
1.006843e+01 
9.807770e+00 
9.807770e+00 
9.807770e+00 
9.807770e+00 
9.807770e+00 
9.807770e+00 
9.807770e+00 
9.807770e+00 
9.807770e+00 
9.803092e+00 
9.803092e+00 
9.753618e+00 
9.753618e+00 
9.753618e+00 
9.297519e+00 
9.297519e+00 
9.297519e+00 
9.297519e+00 
9.297519e+00 
9.297519e+00 
9.297519e+00 
9.297519e+00 
9.297519e+00 
9.297519e+00 
9.297519e+00 
9.297519e+00 
9.297519e+00 
9.297519e+00 
9.297519e+00 
9.297519e+00 
9.297519e+00 
9.297519e+00 
9.297519e+00 
9.297519e+00 
7.299531e+00 
7.299531e+00 
7.299531e+00 
7.299531e+00 
7.299531e+00 
7.299531e+00 
5.565948e+00 
5.565948e+00 
5.002073e+00 
4.650622e+00 
4.650622e+00 
4.650622e+00 
4.650622e+00 
4.650622e+00 
4.650622e+00 
4.650622e+00 
4.650622e+00 
4.650622e+00 
4.650622e+00 
4.650622e+00 
4.650622e+00 
4.497439e+00 
4.497439e+00 
4.497439e+00 
4.344520e+00 
4.344520e+00 
4.344520e+00 
4.301097e+00 
4.301097e+00 
4.129546e+00 
4.129546e+00 
4.129546e+00 
4.129546e+00 
4.129546e+00 
4.129546e+00 
4.129546e+00 
4.129546e+00 
4.063448e+00 
4.063448e+00 
4.063448e+00 
3.950497e+00 
3.756081e+00 
3.756081e+00 
3.756081e+00 
3.740242e+00 
3.740242e+00 
3.740242e+00 
3.740242e+00 
3.740242e+00 
3.713143e+00 
3.713143e+00 
3.683782e+00 
3.683782e+00 
3.683782e+00 
3.683782e+00 
3.593451e+00 
3.593451e+00 
3.593451e+00 
3.593451e+00 
3.593451e+00 
3.593451e+00 
3.593451e+00 
3.593451e+00 
3.593451e+00 
3.593451e+00 
3.593451e+00 
3.593451e+00 
3.593451e+00 
3.593451e+00 
3.593451e+00 
3.593451e+00 
3.541571e+00 
3.478647e+00 
3.478647e+00 
3.478647e+00 
3.478647e+00 
3.478647e+00 
3.478647e+00 
3.478647e+00 
3.478647e+00 
3.478647e+00 
3.478647e+00 
3.478647e+00 
3.478647e+00 
3.471745e+00 
3.458767e+00 
3.452381e+00 
3.452381e+00 
3.452381e+00 
3.452381e+00 
3.452381e+00 
3.452381e+00 
3.452381e+00 
3.452381e+00 
3.452381e+00 
3.452381e+00 
3.452381e+00 
3.452381e+00 
3.452381e+00 
3.452381e+00 
3.452381e+00 
3.452381e+00 
3.452381e+00 
3.452381e+00 
3.452381e+00 
3.452381e+00 
3.452381e+00 
3.447694e+00 
3.429275e+00 
3.416584e+00 
3.344188e+00 
2.572496e+00 
2.572496e+00 
2.572496e+00 
2.572496e+00 
2.569819e+00 
2.569819e+00 
2.569819e+00 
2.551754e+00 
2.551754e+00 
2.503849e+00 
2.503849e+00 
2.503849e+00 
2.503849e+00 
2.503849e+00 
2.503849e+00 
2.502040e+00 
2.445435e+00 
2.445435e+00 
2.445435e+00 
2.445435e+00 
2.445435e+00 
2.445435e+00 
2.445435e+00 
2.445435e+00 
2.445435e+00 
2.445435e+00 
2.445435e+00 
2.445435e+00 
2.445435e+00 
2.445435e+00 
2.442459e+00 
2.410019e+00 
2.407730e+00 
2.407730e+00 
2.407730e+00 
2.400071e+00 
2.388201e+00 
2.388201e+00 
2.387074e+00 
2.383377e+00 
2.359485e+00 
2.359485e+00 
2.359485e+00 
1.265599e+00 
1.265599e+00 
1.261305e+00 
1.257709e+00 
1.257709e+00 
1.257709e+00 
1.245789e+00 
1.245789e+00 
1.238752e+00 
1.238752e+00 
1.238752e+00 
1.238752e+00 
1.238752e+00 
1.238081e+00 
1.238081e+00 
1.233048e+00 
8.408865e+00 
8.408865e+00 
8.191657e+00 
8.191657e+00 
8.191657e+00 
2.115587e+00 
2.113020e+00 
2.113020e+00 
4.177893e-08 
4.177893e-08 
4.177893e-08 
4.177893e-08 
3.146117e-08 
3.146117e-08 
3.146117e-08 
1.683502e-08 
1.644298e-08 
1.644298e-08 
1.644298e-08 
1.644298e-08 
1.629244e-08 
1.629244e-08 
1.586612e-08 
1.252492e-08 
1.252492e-08 
1.252492e-08 
1.159636e-08 
8.529190e-09 
7.767964e-09 
7.767964e-09 
7.767964e-09 
7.721264e-09 
7.721264e-09 
6.038411e-09 
6.038411e-09 
6.038411e-09 
5.226273e-09 
5.226273e-09 
5.068700e-09 
3.922060e-09 
1.871747e-07 
1.871747e-07 
1.309265e-07 
1.309265e-07 
1.309265e-07 
1.200011e-07 
9.174505e-08 
8.448732e-08 
6.579776e-08 
6.579776e-08 
6.579776e-08 
1.615012e-08 
1.615012e-08 
1.615012e-08 
1.410456e-08 
1.122629e-08 
1.122629e-08 
1.122629e-08 
6.286751e-07 
5.644889e-07 
5.644889e-07 
2.289908e-07 
2.289908e-07 
2.289908e-07 
9.677146e-09 
4.875011e+01 
4.875011e+01 
4.875011e+01 
4.875011e+01 
4.875011e+01 
4.875011e+01 
4.875011e+01 
4.875008e+01 
4.875008e+01 
4.875003e+01 
4.874988e+01 
4.874978e+01 
4.874976e+01 
4.874976e+01 
4.874976e+01 
4.874976e+01 
4.874975e+01 
4.874975e+01 
4.874972e+01 
4.874972e+01 
4.874972e+01 
4.874972e+01 
4.874972e+01 
4.874972e+01 
4.874972e+01 
4.874972e+01 
4.874972e+01 
4.874972e+01 
4.874972e+01 
4.874972e+01 
4.874972e+01 
4.874972e+01 
4.874972e+01 
4.874972e+01 
4.874521e+01 
4.874521e+01 
4.873691e+01 
4.868516e+01 
4.868516e+01 
4.865123e+01 
4.865123e+01 
4.865123e+01 
4.865123e+01 
4.865123e+01 
4.865123e+01 
4.864880e+01 
4.864799e+01 
4.864799e+01 
4.864799e+01 
4.864799e+01 
4.864392e+01 
4.864386e+01 
4.864386e+01 
4.864386e+01 
4.864386e+01 
4.864386e+01 
4.864386e+01 
4.864386e+01 
4.864386e+01 
4.864362e+01 
4.864362e+01 
4.864362e+01 
4.864362e+01 
4.864362e+01 
4.864362e+01 
4.864286e+01 
4.864286e+01 
4.864286e+01 
4.864286e+01 
4.864286e+01 
4.864286e+01 
4.864286e+01 
4.864286e+01 
4.864286e+01 
4.864286e+01 
4.864280e+01 
4.864280e+01 
4.864275e+01 
4.864275e+01 
4.864275e+01 
4.864275e+01 
4.864275e+01 
4.864275e+01 
4.864275e+01 
4.864275e+01 
4.864275e+01 
4.864275e+01 
4.864275e+01 
4.864275e+01 
4.864275e+01 
4.864275e+01 
4.864275e+01 
4.864273e+01 
4.864273e+01 
4.864273e+01 
4.864273e+01 
4.864273e+01 
4.864273e+01 
4.864273e+01 
4.864273e+01 
4.864273e+01 
4.864273e+01 
4.864273e+01 
4.864273e+01 
4.864273e+01 
4.864272e+01 
4.864272e+01 
4.864272e+01 
4.864272e+01 
4.864272e+01 
4.864272e+01 
4.864272e+01 
4.864272e+01 
4.864272e+01 
4.864272e+01 
4.864272e+01 
4.864272e+01 
4.864272e+01 
4.864272e+01 
4.864272e+01 
4.864272e+01 
4.864272e+01 
4.864272e+01 
4.864272e+01 
4.864272e+01 
4.864272e+01 
4.864272e+01 
4.864272e+01 
4.864272e+01 
4.864272e+01 
4.864272e+01 
4.864272e+01 
4.864272e+01 
4.864272e+01 
4.864272e+01 
4.864272e+01 
4.864272e+01 
4.832214e+01 
4.832214e+01 
4.832214e+01 
4.832214e+01 
4.832214e+01 
4.832214e+01 
4.832214e+01 
4.832214e+01 
4.832214e+01 
4.832214e+01 
4.832214e+01 
4.832214e+01 
4.832214e+01 
4.832214e+01 
4.832214e+01 
4.832214e+01 
4.832214e+01 
4.832214e+01 
4.832214e+01 
4.832214e+01 
4.832214e+01 
1.598721e-13 
1.598721e-13 
1.598721e-13 
1.421085e-13 
7.993606e-14 
7.993606e-14 
7.993606e-14 
7.993606e-14 
7.993606e-14 
7.993606e-14 
5.329071e-14 
5.329071e-14 
5.329071e-14 
5.329071e-14 
5.329071e-14 
5.329071e-14 
5.329071e-14 
4.440892e-14 
4.440892e-14 
3.552714e-14 
3.552714e-14 
3.552714e-14 
3.552714e-14 
3.552714e-14 
3.552714e-14 
2.664535e-14 
2.664535e-14 
2.664535e-14 
2.664535e-14 
2.664535e-14 
2.664535e-14 
1.776357e-14 
1.776357e-14 
1.776357e-14 
1.776357e-14 
1.776357e-14 
1.776357e-14 
1.776357e-14 
1.776357e-14 
8.881784e-15 
8.881784e-15 
8.881784e-15 
8.881784e-15 
8.881784e-15 
8.881784e-15 
8.881784e-15 
8.881784e-15 
1.309631e-25 
1.309631e-25 
1.539846e-24 
1.539846e-24 
1.539846e-24 
1.314737e-24 
