1.295108e+03 
1.050952e+03 
7.931336e+02 
6.334685e+02 
6.334685e+02 
6.334685e+02 
4.845326e+02 
3.389766e+02 
3.389766e+02 
3.389766e+02 
3.051383e+02 
3.051383e+02 
2.672080e+02 
2.672080e+02 
1.821716e+02 
1.821716e+02 
1.821716e+02 
1.821716e+02 
1.768597e+02 
1.752974e+02 
1.635104e+02 
1.635104e+02 
1.635104e+02 
1.635104e+02 
1.635104e+02 
1.441639e+02 
1.411053e+02 
1.249551e+02 
1.207971e+02 
1.207971e+02 
1.138126e+02 
1.114185e+02 
1.114185e+02 
1.087565e+02 
1.087565e+02 
1.087565e+02 
9.455512e+01 
9.455512e+01 
7.827949e+01 
7.724153e+01 
7.255060e+01 
7.255060e+01 
7.255060e+01 
7.255060e+01 
6.010423e+01 
5.970904e+01 
5.970904e+01 
5.970904e+01 
5.970904e+01 
4.909913e+01 
4.856334e+01 
4.388030e+01 
4.388030e+01 
4.388030e+01 
4.374889e+01 
3.405453e+01 
3.240933e+01 
3.240933e+01 
3.163118e+01 
2.882288e+01 
2.882288e+01 
2.882288e+01 
2.786592e+01 
2.761228e+01 
2.223799e+01 
2.223799e+01 
2.223799e+01 
2.223799e+01 
1.837695e+01 
1.837695e+01 
1.837695e+01 
1.837695e+01 
1.821236e+01 
1.785517e+01 
1.467962e+01 
1.462173e+01 
1.462173e+01 
1.462173e+01 
1.462173e+01 
1.462173e+01 
1.435942e+01 
1.334273e+01 
1.334273e+01 
1.245890e+01 
1.193433e+01 
1.193433e+01 
1.141295e+01 
1.100126e+01 
1.100126e+01 
1.100126e+01 
1.055125e+01 
1.055125e+01 
1.054496e+01 
1.054496e+01 
9.945442e+00 
9.929480e+00 
9.865289e+00 
9.542071e+00 
9.542071e+00 
8.548771e+00 
8.548771e+00 
8.548771e+00 
8.548771e+00 
8.443284e+00 
7.158990e+00 
7.158990e+00 
7.158990e+00 
7.158990e+00 
7.158990e+00 
6.343806e+00 
6.083608e+00 
6.083608e+00 
6.083608e+00 
5.914063e+00 
4.803603e+00 
3.897564e+00 
3.821599e+00 
3.821599e+00 
3.821599e+00 
3.313404e+00 
3.313404e+00 
3.313404e+00 
3.313404e+00 
3.313404e+00 
2.775124e+00 
2.505543e+00 
2.438378e+00 
2.253854e+00 
1.934987e+00 
1.869312e+00 
1.869312e+00 
1.859276e+00 
1.485168e+00 
1.123814e+00 
1.123814e+00 
1.123814e+00 
1.123814e+00 
1.123814e+00 
1.028048e+00 
1.028048e+00 
1.004181e+00 
8.629226e-01 
8.629226e-01 
8.629226e-01 
6.077115e-01 
6.077115e-01 
4.988755e-01 
4.640459e-01 
4.640459e-01 
4.640459e-01 
4.640459e-01 
4.640459e-01 
4.640459e-01 
4.640459e-01 
4.640459e-01 
4.640459e-01 
4.165052e-01 
4.165052e-01 
4.165052e-01 
4.165052e-01 
3.786503e-01 
3.557142e-01 
3.240144e-01 
2.930154e-01 
2.930154e-01 
2.666034e-01 
2.318578e-01 
2.318578e-01 
1.637929e-01 
1.637929e-01 
1.637929e-01 
1.630162e-01 
1.371223e-01 
1.371223e-01 
1.371223e-01 
1.371223e-01 
9.922835e-02 
8.700256e-02 
8.700256e-02 
8.453479e-02 
8.453479e-02 
8.453479e-02 
8.453479e-02 
8.453479e-02 
8.058127e-02 
6.979710e-02 
6.979710e-02 
6.979710e-02 
6.979710e-02 
6.966117e-02 
6.883813e-02 
4.689842e-02 
4.689842e-02 
4.689842e-02 
4.689842e-02 
3.670219e-02 
3.492708e-02 
3.492708e-02 
3.492708e-02 
3.492708e-02 
3.492708e-02 
2.993220e-02 
2.993220e-02 
2.993220e-02 
2.993220e-02 
2.993220e-02 
2.816017e-02 
2.697193e-02 
2.290761e-02 
2.290761e-02 
2.290761e-02 
1.705074e-02 
1.705074e-02 
1.697541e-02 
1.697541e-02 
1.512365e-02 
1.512365e-02 
1.346487e-02 
1.223107e-02 
1.223107e-02 
1.223107e-02 
1.201762e-02 
9.690700e-03 
8.573971e-03 
8.573971e-03 
8.573971e-03 
8.573971e-03 
8.547553e-03 
8.547553e-03 
8.357601e-03 
8.357601e-03 
8.330561e-03 
7.787969e-03 
6.991042e-03 
6.735921e-03 
6.735921e-03 
5.715916e-03 
5.535774e-03 
5.535774e-03 
4.697509e-03 
3.832974e-03 
3.832974e-03 
3.805878e-03 
3.805878e-03 
3.805878e-03 
3.560150e-03 
3.394455e-03 
2.773100e-03 
2.773100e-03 
2.773100e-03 
2.773100e-03 
2.652994e-03 
2.652994e-03 
2.652994e-03 
2.652994e-03 
2.641570e-03 
2.039110e-03 
2.039110e-03 
1.987181e-03 
1.987181e-03 
1.970283e-03 
1.699393e-03 
1.551745e-03 
1.425627e-03 
1.425627e-03 
1.425627e-03 
1.322017e-03 
1.115191e-03 
1.115191e-03 
1.115191e-03 
9.618680e-04 
7.809877e-04 
7.809877e-04 
7.809877e-04 
7.809877e-04 
7.809877e-04 
7.171165e-04 
7.171165e-04 
7.171165e-04 
7.171165e-04 
6.990996e-04 
5.976362e-04 
5.007024e-04 
5.007024e-04 
5.007024e-04 
4.916009e-04 
4.474267e-04 
4.283236e-04 
3.666488e-04 
3.666488e-04 
3.666488e-04 
3.666488e-04 
3.398353e-04 
2.474798e-04 
2.474798e-04 
2.474798e-04 
2.474798e-04 
2.471380e-04 
2.432307e-04 
2.171243e-04 
2.171243e-04 
2.171243e-04 
2.171243e-04 
1.646498e-04 
1.646498e-04 
1.558344e-04 
1.558344e-04 
1.429949e-04 
1.429949e-04 
1.429949e-04 
1.425628e-04 
1.292284e-04 
1.292284e-04 
1.141796e-04 
1.141796e-04 
1.141796e-04 
1.141796e-04 
9.678633e-05 
9.678633e-05 
9.678633e-05 
8.624670e-05 
8.624670e-05 
7.349684e-05 
6.065425e-05 
6.065425e-05 
5.070469e-05 
5.070469e-05 
5.070469e-05 
5.070469e-05 
5.070469e-05 
5.070469e-05 
5.070469e-05 
4.875045e-05 
4.875045e-05 
4.875045e-05 
3.782840e-05 
3.782840e-05 
3.752518e-05 
3.752518e-05 
3.752518e-05 
3.494016e-05 
3.494016e-05 
2.919645e-05 
2.919645e-05 
2.919645e-05 
2.601213e-05 
2.523821e-05 
2.523821e-05 
2.164561e-05 
2.130500e-05 
2.130500e-05 
2.107989e-05 
2.090917e-05 
1.747746e-05 
1.747746e-05 
1.668848e-05 
1.645935e-05 
1.645935e-05 
1.545171e-05 
1.255795e-05 
1.255795e-05 
1.255795e-05 
1.255795e-05 
1.255795e-05 
1.149402e-05 
1.149402e-05 
9.353987e-06 
9.353987e-06 
9.353987e-06 
9.353987e-06 
8.970360e-06 
8.970360e-06 
8.970360e-06 
7.590768e-06 
7.590768e-06 
6.196723e-06 
6.196723e-06 
6.196723e-06 
6.196723e-06 
5.942241e-06 
5.942241e-06 
5.748738e-06 
5.239930e-06 
4.356984e-06 
4.234783e-06 
4.234783e-06 
3.969859e-06 
3.576704e-06 
3.576704e-06 
2.537902e-06 
2.537902e-06 
2.537902e-06 
2.537902e-06 
2.537902e-06 
2.537902e-06 
2.225934e-06 
2.200751e-06 
2.200751e-06 
2.200751e-06 
2.200751e-06 
1.995389e-06 
1.995389e-06 
1.675827e-06 
1.675827e-06 
1.675827e-06 
1.675827e-06 
1.284396e-06 
1.284396e-06 
1.072473e-06 
1.056664e-06 
1.056664e-06 
1.056664e-06 
1.056664e-06 
1.056664e-06 
9.550327e-07 
9.550327e-07 
9.550327e-07 
9.550327e-07 
9.550327e-07 
8.767880e-07 
8.767880e-07 
8.767880e-07 
8.753942e-07 
8.464875e-07 
7.487690e-07 
7.487690e-07 
7.487690e-07 
6.138694e-07 
6.138694e-07 
6.138694e-07 
5.912200e-07 
5.748641e-07 
4.823448e-07 
4.823448e-07 
4.823448e-07 
1.122629e-08 
1.122629e-08 
6.286751e-07 
5.644889e-07 
5.644889e-07 
2.289908e-07 
2.289908e-07 
2.289908e-07 
9.677146e-09 
4.875011e+01 
4.875011e+01 
4.875011e+01 
4.875011e+01 
4.875011e+01 
4.875011e+01 
4.875011e+01 
4.875008e+01 
4.875008e+01 
4.875003e+01 
4.874988e+01 
4.874978e+01 
4.874976e+01 
4.874976e+01 
4.874976e+01 
4.874976e+01 
4.874975e+01 
4.874975e+01 
4.874972e+01 
4.874972e+01 
4.874972e+01 
4.874972e+01 
4.874972e+01 
4.874972e+01 
4.874972e+01 
4.874972e+01 
4.874972e+01 
4.874972e+01 
4.874972e+01 
4.874972e+01 
4.874972e+01 
4.874972e+01 
4.874972e+01 
4.874972e+01 
4.874521e+01 
4.874521e+01 
4.873691e+01 
4.868516e+01 
4.868516e+01 
4.865123e+01 
4.865123e+01 
4.865123e+01 
4.865123e+01 
4.865123e+01 
4.865123e+01 
4.864880e+01 
4.864799e+01 
4.864799e+01 
4.864799e+01 
4.864799e+01 
4.864392e+01 
4.864386e+01 
4.864386e+01 
4.864386e+01 
4.864386e+01 
4.864386e+01 
4.864386e+01 
4.864386e+01 
4.864386e+01 
4.864362e+01 
4.864362e+01 
4.864362e+01 
4.864362e+01 
4.864362e+01 
4.864362e+01 
4.864286e+01 
4.864286e+01 
4.864286e+01 
4.864286e+01 
4.864286e+01 
4.864286e+01 
4.864286e+01 
4.864286e+01 
4.864286e+01 
4.864286e+01 
4.864280e+01 
4.864280e+01 
4.864275e+01 
4.864275e+01 
4.864275e+01 
4.864275e+01 
4.864275e+01 
4.864275e+01 
4.864275e+01 
4.864275e+01 
4.864275e+01 
4.864275e+01 
4.864275e+01 
4.864275e+01 
4.864275e+01 
4.864275e+01 
4.864275e+01 
4.864273e+01 
4.864273e+01 
4.864273e+01 
4.864273e+01 
4.864273e+01 
4.864273e+01 
4.864273e+01 
4.864273e+01 
4.864273e+01 
4.864273e+01 
4.864273e+01 
4.864273e+01 
4.864273e+01 
4.864272e+01 
4.864272e+01 
4.864272e+01 
4.864272e+01 
4.864272e+01 
4.864272e+01 
4.864272e+01 
4.864272e+01 
4.864272e+01 
4.864272e+01 
4.864272e+01 
4.864272e+01 
4.864272e+01 
4.864272e+01 
4.864272e+01 
4.864272e+01 
4.864272e+01 
4.864272e+01 
4.864272e+01 
4.864272e+01 
4.864272e+01 
4.864272e+01 
4.864272e+01 
4.864272e+01 
4.864272e+01 
4.864272e+01 
4.864272e+01 
4.864272e+01 
4.864272e+01 
4.864272e+01 
4.864272e+01 
4.864272e+01 
4.832214e+01 
4.832214e+01 
4.832214e+01 
4.832214e+01 
4.832214e+01 
4.832214e+01 
4.832214e+01 
4.832214e+01 
4.832214e+01 
4.832214e+01 
4.832214e+01 
4.832214e+01 
4.832214e+01 
4.832214e+01 
4.832214e+01 
4.832214e+01 
4.832214e+01 
4.832214e+01 
4.832214e+01 
4.832214e+01 
4.832214e+01 
1.598721e-13 
1.598721e-13 
1.598721e-13 
1.421085e-13 
7.993606e-14 
7.993606e-14 
7.993606e-14 
7.993606e-14 
7.993606e-14 
7.993606e-14 
5.329071e-14 
5.329071e-14 
5.329071e-14 
5.329071e-14 
5.329071e-14 
5.329071e-14 
5.329071e-14 
4.440892e-14 
4.440892e-14 
3.552714e-14 
3.552714e-14 
3.552714e-14 
3.552714e-14 
3.552714e-14 
3.552714e-14 
2.664535e-14 
2.664535e-14 
2.664535e-14 
2.664535e-14 
2.664535e-14 
2.664535e-14 
1.776357e-14 
1.776357e-14 
1.776357e-14 
1.776357e-14 
1.776357e-14 
1.776357e-14 
1.776357e-14 
1.776357e-14 
8.881784e-15 
8.881784e-15 
8.881784e-15 
8.881784e-15 
8.881784e-15 
8.881784e-15 
8.881784e-15 
8.881784e-15 
1.309631e-25 
1.309631e-25 
1.539846e-24 
1.539846e-24 
1.539846e-24 
1.314737e-24 
