3.060483e+02 
1.565209e+02 
1.565209e+02 
1.565209e+02 
1.564226e+02 
1.364236e+02 
1.364236e+02 
1.364236e+02 
1.315291e+02 
1.315291e+02 
1.315291e+02 
1.153032e+02 
1.153032e+02 
1.153032e+02 
1.153032e+02 
1.153032e+02 
1.153032e+02 
7.664396e+01 
7.664396e+01 
7.664396e+01 
7.664396e+01 
7.664396e+01 
7.664396e+01 
7.664396e+01 
7.664396e+01 
7.664396e+01 
7.664396e+01 
7.664396e+01 
7.664396e+01 
7.664396e+01 
7.664396e+01 
7.664396e+01 
7.664396e+01 
7.664396e+01 
7.664396e+01 
7.664396e+01 
7.664396e+01 
7.664396e+01 
7.664396e+01 
7.664396e+01 
7.664396e+01 
7.664396e+01 
7.664396e+01 
7.664396e+01 
7.664396e+01 
7.664396e+01 
7.664396e+01 
7.664396e+01 
7.664396e+01 
7.664396e+01 
7.664396e+01 
7.664396e+01 
7.664396e+01 
7.664396e+01 
7.664396e+01 
7.664396e+01 
7.664396e+01 
7.664396e+01 
7.664396e+01 
7.664396e+01 
7.664396e+01 
7.664396e+01 
7.664396e+01 
7.664396e+01 
7.664396e+01 
7.664396e+01 
7.664396e+01 
7.664396e+01 
7.664396e+01 
7.664396e+01 
7.664396e+01 
7.664396e+01 
7.664396e+01 
7.664396e+01 
7.664396e+01 
7.664396e+01 
7.664396e+01 
7.664396e+01 
7.664396e+01 
7.664396e+01 
7.664396e+01 
7.664396e+01 
7.664396e+01 
7.664396e+01 
7.664396e+01 
7.664396e+01 
7.664396e+01 
7.664396e+01 
7.664396e+01 
7.664396e+01 
7.664396e+01 
7.664396e+01 
7.664396e+01 
7.664396e+01 
7.664396e+01 
7.664396e+01 
7.664396e+01 
7.664396e+01 
7.664396e+01 
7.664396e+01 
7.664396e+01 
7.664396e+01 
7.664396e+01 
7.664396e+01 
7.664396e+01 
7.664396e+01 
7.664396e+01 
7.664396e+01 
7.664396e+01 
7.664396e+01 
7.664396e+01 
7.664396e+01 
7.664396e+01 
7.664396e+01 
7.664396e+01 
7.664396e+01 
7.664396e+01 
7.664396e+01 
7.664396e+01 
7.664396e+01 
7.664396e+01 
7.664396e+01 
7.664396e+01 
7.664396e+01 
7.664396e+01 
7.664396e+01 
7.664396e+01 
7.664396e+01 
7.664396e+01 
7.664396e+01 
7.664396e+01 
7.664396e+01 
7.664396e+01 
7.664396e+01 
7.664396e+01 
7.664396e+01 
7.664396e+01 
7.664396e+01 
7.664396e+01 
7.664396e+01 
7.664396e+01 
7.664396e+01 
7.664396e+01 
7.664396e+01 
7.664396e+01 
7.664396e+01 
7.664396e+01 
7.664396e+01 
7.664396e+01 
7.664396e+01 
7.664396e+01 
7.664396e+01 
7.664396e+01 
7.664396e+01 
7.664396e+01 
7.664396e+01 
7.664396e+01 
7.664396e+01 
7.664396e+01 
7.664396e+01 
7.664396e+01 
7.664396e+01 
7.664396e+01 
7.664396e+01 
7.664396e+01 
7.664396e+01 
7.664396e+01 
7.664396e+01 
7.664396e+01 
7.664396e+01 
7.664396e+01 
7.664396e+01 
7.664396e+01 
7.637080e+01 
7.637080e+01 
7.637080e+01 
7.637080e+01 
7.637080e+01 
7.637080e+01 
7.637080e+01 
7.637080e+01 
7.637080e+01 
7.637080e+01 
7.637080e+01 
7.637080e+01 
7.637080e+01 
7.637080e+01 
7.637080e+01 
7.637080e+01 
7.637080e+01 
7.637080e+01 
7.637080e+01 
7.637080e+01 
7.637080e+01 
7.637080e+01 
7.637080e+01 
7.637080e+01 
7.637080e+01 
7.637080e+01 
7.637080e+01 
7.637080e+01 
7.637080e+01 
7.637080e+01 
7.637080e+01 
7.637080e+01 
7.637080e+01 
7.637080e+01 
7.637080e+01 
7.637080e+01 
7.637080e+01 
7.637080e+01 
7.637080e+01 
7.637080e+01 
7.637080e+01 
7.637080e+01 
7.637080e+01 
7.637080e+01 
7.637080e+01 
7.637080e+01 
7.637080e+01 
7.637080e+01 
7.637080e+01 
7.637080e+01 
7.637080e+01 
7.637080e+01 
7.637080e+01 
7.637080e+01 
7.637080e+01 
7.637080e+01 
7.637080e+01 
7.637080e+01 
7.637080e+01 
7.637080e+01 
7.637080e+01 
7.637080e+01 
7.637080e+01 
7.637080e+01 
7.637080e+01 
7.637080e+01 
7.637080e+01 
7.637080e+01 
7.637080e+01 
7.637080e+01 
7.637080e+01 
7.637080e+01 
7.637080e+01 
7.637080e+01 
7.637080e+01 
7.637080e+01 
7.637080e+01 
7.637080e+01 
7.637080e+01 
7.637080e+01 
7.637080e+01 
7.637080e+01 
7.637080e+01 
7.637080e+01 
7.637080e+01 
7.637080e+01 
7.637080e+01 
7.637080e+01 
7.637080e+01 
7.637080e+01 
7.637080e+01 
7.637080e+01 
7.637080e+01 
7.637080e+01 
7.637080e+01 
7.637080e+01 
7.637080e+01 
7.637080e+01 
7.637080e+01 
7.637080e+01 
7.637080e+01 
7.637080e+01 
7.637080e+01 
7.637080e+01 
7.637080e+01 
7.637080e+01 
7.637080e+01 
7.637080e+01 
7.637080e+01 
7.637080e+01 
7.637080e+01 
7.637080e+01 
7.637080e+01 
7.637080e+01 
7.637080e+01 
7.637080e+01 
7.637080e+01 
7.637080e+01 
7.637080e+01 
7.637080e+01 
7.637080e+01 
7.637080e+01 
7.637080e+01 
7.637080e+01 
7.637080e+01 
7.637080e+01 
7.637080e+01 
7.637080e+01 
7.637080e+01 
7.637080e+01 
7.637080e+01 
7.637080e+01 
7.637080e+01 
7.637080e+01 
7.637080e+01 
7.637080e+01 
7.637080e+01 
7.637080e+01 
7.637080e+01 
7.637080e+01 
7.637080e+01 
7.637080e+01 
7.637080e+01 
7.637080e+01 
7.637080e+01 
7.637080e+01 
7.637080e+01 
7.637080e+01 
7.637080e+01 
7.637080e+01 
7.637080e+01 
7.637080e+01 
7.637080e+01 
7.637080e+01 
7.637080e+01 
7.637080e+01 
7.637080e+01 
7.637080e+01 
7.637080e+01 
7.637080e+01 
7.637080e+01 
7.637080e+01 
7.637080e+01 
7.637080e+01 
7.637080e+01 
7.637080e+01 
7.637080e+01 
7.637080e+01 
7.637080e+01 
7.637080e+01 
7.637080e+01 
7.637080e+01 
7.637080e+01 
7.637080e+01 
7.637080e+01 
7.637080e+01 
7.637080e+01 
7.637080e+01 
7.637080e+01 
7.637080e+01 
7.637080e+01 
7.637080e+01 
7.637080e+01 
7.637080e+01 
7.637080e+01 
7.637080e+01 
7.637080e+01 
7.637080e+01 
6.704907e+01 
6.704907e+01 
6.704907e+01 
6.704907e+01 
6.704907e+01 
6.704907e+01 
6.704907e+01 
6.704907e+01 
6.704907e+01 
6.704907e+01 
6.704907e+01 
6.704907e+01 
6.704907e+01 
6.704907e+01 
6.704907e+01 
6.704907e+01 
6.704907e+01 
6.704907e+01 
6.704907e+01 
6.704907e+01 
6.704907e+01 
6.704907e+01 
6.704907e+01 
6.704907e+01 
6.704907e+01 
6.704907e+01 
6.704907e+01 
6.704907e+01 
6.704907e+01 
6.704907e+01 
6.704907e+01 
6.704907e+01 
6.704907e+01 
6.704907e+01 
6.704907e+01 
6.704907e+01 
6.704907e+01 
6.704907e+01 
6.704907e+01 
6.704907e+01 
6.704907e+01 
6.704907e+01 
6.704907e+01 
6.704907e+01 
6.704907e+01 
6.704907e+01 
6.704907e+01 
6.704907e+01 
6.704907e+01 
6.704907e+01 
6.704907e+01 
6.704907e+01 
6.704907e+01 
6.704907e+01 
6.704907e+01 
6.704907e+01 
6.704907e+01 
6.704907e+01 
6.704907e+01 
6.704907e+01 
6.704907e+01 
6.704907e+01 
6.704907e+01 
6.704907e+01 
6.704907e+01 
6.704907e+01 
6.704907e+01 
6.704907e+01 
6.704907e+01 
6.704907e+01 
6.704907e+01 
6.704907e+01 
6.704907e+01 
6.704907e+01 
6.704907e+01 
6.704907e+01 
6.704907e+01 
6.704907e+01 
6.704907e+01 
6.704907e+01 
6.704907e+01 
6.704907e+01 
6.704907e+01 
6.704907e+01 
6.704907e+01 
6.704907e+01 
6.704907e+01 
6.704907e+01 
6.704907e+01 
6.704907e+01 
6.704907e+01 
6.704907e+01 
6.704907e+01 
6.704907e+01 
6.704907e+01 
6.704907e+01 
6.704907e+01 
6.704907e+01 
6.704907e+01 
6.704907e+01 
6.704907e+01 
6.704907e+01 
6.704907e+01 
6.704907e+01 
6.704907e+01 
6.704907e+01 
6.704907e+01 
6.704907e+01 
6.704907e+01 
6.704907e+01 
6.704907e+01 
6.704907e+01 
6.704907e+01 
6.704907e+01 
6.704907e+01 
6.704907e+01 
6.704907e+01 
6.704907e+01 
6.704907e+01 
6.704907e+01 
6.704907e+01 
6.704907e+01 
6.704907e+01 
6.704907e+01 
6.704907e+01 
6.704907e+01 
6.704907e+01 
6.704907e+01 
6.704907e+01 
6.704907e+01 
6.704907e+01 
6.704907e+01 
6.704907e+01 
6.704907e+01 
6.704907e+01 
6.704907e+01 
6.704907e+01 
6.704907e+01 
6.558663e+01 
6.558663e+01 
6.558663e+01 
6.558663e+01 
6.558663e+01 
6.558663e+01 
6.558663e+01 
6.558663e+01 
6.558663e+01 
6.558663e+01 
6.558663e+01 
6.558663e+01 
6.558663e+01 
6.558663e+01 
6.558663e+01 
6.558663e+01 
6.558663e+01 
6.558663e+01 
6.558663e+01 
6.558663e+01 
6.558663e+01 
6.558663e+01 
6.558663e+01 
6.558663e+01 
6.558663e+01 
6.558663e+01 
6.558663e+01 
6.558663e+01 
6.558663e+01 
6.558663e+01 
6.558663e+01 
6.558663e+01 
6.558663e+01 
6.558663e+01 
6.558663e+01 
6.558663e+01 
6.558663e+01 
6.558663e+01 
6.558663e+01 
6.558663e+01 
6.558663e+01 
6.558663e+01 
6.558663e+01 
6.558663e+01 
6.558663e+01 
6.558663e+01 
6.558663e+01 
6.558663e+01 
6.558663e+01 
6.558663e+01 
6.558663e+01 
6.558663e+01 
6.558663e+01 
6.558663e+01 
6.558663e+01 
6.558663e+01 
6.558663e+01 
6.558663e+01 
6.558663e+01 
6.558663e+01 
6.558663e+01 
6.558663e+01 
6.558663e+01 
6.558663e+01 
6.558663e+01 
6.558663e+01 
6.558663e+01 
6.558663e+01 
6.558663e+01 
6.558663e+01 
6.558663e+01 
6.558663e+01 
6.558663e+01 
6.558663e+01 
6.558663e+01 
6.558663e+01 
6.558663e+01 
6.558663e+01 
6.558663e+01 
6.558663e+01 
6.558663e+01 
6.558663e+01 
6.558663e+01 
6.558663e+01 
6.558663e+01 
6.558663e+01 
6.558663e+01 
6.558663e+01 
6.558663e+01 
6.558663e+01 
6.558663e+01 
6.558663e+01 
6.558663e+01 
6.558663e+01 
6.558663e+01 
6.558663e+01 
6.558663e+01 
6.558663e+01 
6.558663e+01 
6.558663e+01 
6.558663e+01 
6.558663e+01 
6.558663e+01 
6.558663e+01 
6.558663e+01 
6.558663e+01 
6.558663e+01 
6.558663e+01 
6.558663e+01 
6.558663e+01 
6.558663e+01 
6.558663e+01 
6.558663e+01 
6.558663e+01 
6.558663e+01 
6.558663e+01 
6.558663e+01 
6.558663e+01 
6.558663e+01 
6.558663e+01 
6.558663e+01 
6.558663e+01 
6.558663e+01 
6.558663e+01 
6.558663e+01 
6.558663e+01 
6.558663e+01 
6.558663e+01 
6.538440e+01 
6.538440e+01 
6.538440e+01 
6.538440e+01 
6.538440e+01 
6.538440e+01 
6.538440e+01 
6.538440e+01 
6.538440e+01 
6.538440e+01 
6.538440e+01 
6.538440e+01 
6.538440e+01 
6.538440e+01 
6.538440e+01 
6.538440e+01 
6.538440e+01 
6.538440e+01 
6.538440e+01 
6.538440e+01 
6.538440e+01 
6.538440e+01 
6.538440e+01 
6.538440e+01 
6.538440e+01 
6.538440e+01 
6.538440e+01 
6.538440e+01 
6.538440e+01 
6.538440e+01 
6.538440e+01 
6.538440e+01 
6.538440e+01 
6.538440e+01 
6.538440e+01 
6.538440e+01 
6.538440e+01 
6.538440e+01 
6.538440e+01 
6.538440e+01 
6.538440e+01 
6.538440e+01 
6.538440e+01 
6.538440e+01 
6.538440e+01 
6.538440e+01 
6.538440e+01 
6.538440e+01 
6.538440e+01 
6.538440e+01 
6.538440e+01 
6.538440e+01 
6.538440e+01 
6.538440e+01 
6.538440e+01 
6.538440e+01 
6.538440e+01 
6.538440e+01 
6.538440e+01 
6.538440e+01 
6.538440e+01 
6.538440e+01 
6.538440e+01 
6.538440e+01 
6.538440e+01 
6.538440e+01 
6.538440e+01 
6.538440e+01 
6.538440e+01 
6.538440e+01 
6.538440e+01 
6.538440e+01 
6.538440e+01 
6.538440e+01 
6.538440e+01 
6.538440e+01 
6.538440e+01 
6.538440e+01 
6.538440e+01 
6.538440e+01 
6.538440e+01 
6.538440e+01 
6.538440e+01 
6.538440e+01 
6.538440e+01 
6.538440e+01 
6.538440e+01 
6.538440e+01 
6.538440e+01 
6.538440e+01 
6.538440e+01 
6.538440e+01 
6.538440e+01 
6.538440e+01 
6.538440e+01 
6.538440e+01 
6.538440e+01 
6.538440e+01 
6.538440e+01 
6.538440e+01 
6.538440e+01 
6.538440e+01 
6.538440e+01 
6.538440e+01 
6.538440e+01 
6.538440e+01 
6.538440e+01 
6.538440e+01 
6.538440e+01 
6.538440e+01 
6.538440e+01 
6.538440e+01 
6.538440e+01 
6.538440e+01 
6.538440e+01 
6.538440e+01 
6.538440e+01 
6.538440e+01 
6.538440e+01 
6.538440e+01 
6.538440e+01 
6.538440e+01 
6.538440e+01 
6.538440e+01 
6.538440e+01 
6.538440e+01 
6.538440e+01 
6.538440e+01 
6.538440e+01 
6.538440e+01 
6.538440e+01 
6.538440e+01 
6.538440e+01 
6.538440e+01 
6.538440e+01 
6.538440e+01 
6.538440e+01 
6.538440e+01 
6.538440e+01 
6.538440e+01 
6.538440e+01 
6.538440e+01 
6.538440e+01 
6.538440e+01 
6.538440e+01 
6.538440e+01 
6.538440e+01 
6.538440e+01 
6.538440e+01 
6.538440e+01 
6.538440e+01 
6.538440e+01 
6.538440e+01 
6.538440e+01 
6.538440e+01 
6.538440e+01 
6.538440e+01 
6.538440e+01 
6.538440e+01 
6.538440e+01 
6.538440e+01 
6.538440e+01 
6.538440e+01 
6.538440e+01 
6.538440e+01 
6.538440e+01 
6.538440e+01 
6.538440e+01 
6.538440e+01 
6.538440e+01 
6.538440e+01 
6.538440e+01 
6.538440e+01 
6.538440e+01 
6.538440e+01 
6.538440e+01 
6.538440e+01 
6.538440e+01 
6.538440e+01 
6.538440e+01 
6.538440e+01 
6.538440e+01 
6.538440e+01 
6.538440e+01 
6.538440e+01 
6.538440e+01 
6.538440e+01 
6.538440e+01 
6.538440e+01 
6.538440e+01 
6.538440e+01 
6.538440e+01 
6.538440e+01 
6.538440e+01 
6.538440e+01 
6.538440e+01 
6.538440e+01 
6.538440e+01 
6.538440e+01 
6.538440e+01 
6.538440e+01 
6.538440e+01 
6.538440e+01 
6.538440e+01 
6.538440e+01 
6.538440e+01 
6.538440e+01 
6.538440e+01 
6.538440e+01 
6.538440e+01 
6.538440e+01 
6.538440e+01 
6.538440e+01 
6.538440e+01 
6.538440e+01 
6.538440e+01 
6.538440e+01 
6.538440e+01 
6.538440e+01 
6.538440e+01 
6.538440e+01 
6.538440e+01 
6.538440e+01 
6.423659e+01 
6.423659e+01 
6.423659e+01 
6.423659e+01 
6.423659e+01 
6.423659e+01 
6.423659e+01 
6.423659e+01 
6.423659e+01 
6.423659e+01 
6.423659e+01 
6.423659e+01 
6.423659e+01 
6.423659e+01 
6.423659e+01 
6.423659e+01 
6.423659e+01 
6.423659e+01 
6.423659e+01 
6.423659e+01 
6.423659e+01 
6.423659e+01 
6.423659e+01 
6.423659e+01 
6.423659e+01 
6.423659e+01 
6.423659e+01 
6.423659e+01 
6.423659e+01 
6.423659e+01 
6.423659e+01 
6.423659e+01 
6.423659e+01 
6.423659e+01 
6.423659e+01 
6.423659e+01 
6.423659e+01 
6.423659e+01 
6.423659e+01 
6.423659e+01 
6.423659e+01 
6.423659e+01 
6.423659e+01 
6.423659e+01 
6.423659e+01 
6.423659e+01 
6.423659e+01 
6.423659e+01 
6.423659e+01 
6.423659e+01 
6.423659e+01 
6.423659e+01 
6.423659e+01 
6.423659e+01 
6.423659e+01 
6.423659e+01 
6.423659e+01 
6.423659e+01 
6.423659e+01 
6.423659e+01 
6.423659e+01 
6.423659e+01 
6.423659e+01 
6.423659e+01 
6.423659e+01 
6.423659e+01 
6.423659e+01 
6.423659e+01 
6.423659e+01 
6.423659e+01 
6.423659e+01 
6.423659e+01 
6.423659e+01 
6.423659e+01 
6.423659e+01 
6.423659e+01 
6.423659e+01 
6.423659e+01 
6.423659e+01 
6.423659e+01 
6.423659e+01 
6.423659e+01 
6.423659e+01 
6.423659e+01 
6.423659e+01 
6.423659e+01 
6.423659e+01 
6.423659e+01 
6.423659e+01 
6.423659e+01 
6.423659e+01 
6.423659e+01 
6.423659e+01 
6.423659e+01 
6.423659e+01 
6.423659e+01 
6.423659e+01 
6.423659e+01 
6.423659e+01 
6.423659e+01 
6.423659e+01 
6.423659e+01 
6.423659e+01 
6.423659e+01 
6.423659e+01 
6.423659e+01 
6.423659e+01 
6.423659e+01 
6.423659e+01 
6.423659e+01 
6.423659e+01 
6.423659e+01 
6.423659e+01 
6.423659e+01 
6.423659e+01 
6.423659e+01 
6.423659e+01 
6.423659e+01 
6.423659e+01 
6.423659e+01 
6.423659e+01 
6.423659e+01 
6.423659e+01 
6.423659e+01 
6.423659e+01 
6.423659e+01 
6.423659e+01 
6.423659e+01 
6.423659e+01 
6.423659e+01 
6.423659e+01 
6.423659e+01 
6.423659e+01 
6.423659e+01 
6.423659e+01 
6.423659e+01 
6.423659e+01 
6.423659e+01 
6.423659e+01 
6.423659e+01 
6.423659e+01 
6.423659e+01 
6.423659e+01 
6.423659e+01 
6.423659e+01 
6.423659e+01 
6.423659e+01 
6.423659e+01 
6.423659e+01 
6.423659e+01 
6.423659e+01 
6.423659e+01 
6.423659e+01 
6.423659e+01 
6.423659e+01 
6.423659e+01 
6.423659e+01 
6.423659e+01 
6.423659e+01 
6.423659e+01 
6.423659e+01 
6.423659e+01 
6.423659e+01 
6.423659e+01 
6.423659e+01 
6.423659e+01 
6.423659e+01 
6.423659e+01 
6.423659e+01 
6.423659e+01 
6.423659e+01 
6.423659e+01 
6.423659e+01 
6.423659e+01 
6.423659e+01 
6.423659e+01 
6.423659e+01 
6.423659e+01 
6.423659e+01 
6.423659e+01 
6.423659e+01 
6.423659e+01 
6.423659e+01 
6.423659e+01 
6.423659e+01 
6.423659e+01 
6.423659e+01 
6.423659e+01 
6.423659e+01 
6.423659e+01 
6.423659e+01 
6.423659e+01 
6.423659e+01 
6.423659e+01 
6.423659e+01 
6.423659e+01 
6.423659e+01 
6.423659e+01 
6.423659e+01 
6.423659e+01 
6.423659e+01 
6.423659e+01 
6.423659e+01 
6.423659e+01 
6.423659e+01 
6.423659e+01 
6.423659e+01 
6.423659e+01 
6.423659e+01 
6.423659e+01 
6.423659e+01 
6.423659e+01 
6.423659e+01 
6.423659e+01 
6.423659e+01 
6.423659e+01 
6.423659e+01 
6.423659e+01 
6.423659e+01 
6.423659e+01 
6.423659e+01 
6.423659e+01 
6.423659e+01 
6.423659e+01 
6.423659e+01 
6.423659e+01 
6.423659e+01 
6.423659e+01 
6.423659e+01 
6.423659e+01 
6.423659e+01 
6.423659e+01 
6.423659e+01 
6.423659e+01 
6.423659e+01 
6.423659e+01 
6.423659e+01 
6.423659e+01 
6.423659e+01 
6.423659e+01 
6.423659e+01 
6.423659e+01 
6.423659e+01 
6.423659e+01 
6.423659e+01 
6.423659e+01 
6.423659e+01 
6.423659e+01 
6.423659e+01 
6.423659e+01 
6.423659e+01 
6.423659e+01 
6.423659e+01 
6.423659e+01 
6.423659e+01 
6.423659e+01 
6.423659e+01 
6.423659e+01 
6.423659e+01 
6.423659e+01 
6.423659e+01 
6.423659e+01 
6.423659e+01 
6.423659e+01 
6.423659e+01 
6.423659e+01 
6.423659e+01 
6.423659e+01 
6.423659e+01 
6.423659e+01 
6.423659e+01 
6.423659e+01 
6.423659e+01 
6.423659e+01 
6.423659e+01 
6.423659e+01 
6.423659e+01 
6.423659e+01 
6.423659e+01 
6.423659e+01 
6.423659e+01 
6.423659e+01 
6.423659e+01 
6.423659e+01 
6.423659e+01 
6.423659e+01 
6.423659e+01 
6.423659e+01 
6.423659e+01 
6.423659e+01 
6.423659e+01 
6.423659e+01 
6.423659e+01 
6.423659e+01 
6.423659e+01 
6.423659e+01 
6.423659e+01 
6.423659e+01 
6.423659e+01 
6.423659e+01 
6.423659e+01 
6.423659e+01 
6.423659e+01 
6.423659e+01 
6.423659e+01 
6.423659e+01 
6.423659e+01 
6.423659e+01 
6.423659e+01 
6.423659e+01 
6.423659e+01 
6.423659e+01 
6.423659e+01 
6.423659e+01 
6.423659e+01 
6.423659e+01 
6.423659e+01 
6.423659e+01 
6.423659e+01 
6.423659e+01 
6.423659e+01 
6.423659e+01 
6.423659e+01 
6.423659e+01 
6.423659e+01 
6.423659e+01 
6.423659e+01 
6.423659e+01 
6.423659e+01 
6.423659e+01 
6.423659e+01 
6.423659e+01 
6.423659e+01 
6.423659e+01 
6.423659e+01 
6.423659e+01 
6.395661e+01 
6.395661e+01 
6.395661e+01 
6.395661e+01 
6.395661e+01 
6.395661e+01 
6.395661e+01 
6.395661e+01 
6.395661e+01 
6.395661e+01 
6.395661e+01 
6.395661e+01 
6.395661e+01 
6.395661e+01 
6.395661e+01 
6.395661e+01 
6.395661e+01 
6.395661e+01 
6.395661e+01 
6.395661e+01 
6.395661e+01 
6.395661e+01 
6.395661e+01 
6.395661e+01 
6.395661e+01 
6.395661e+01 
6.395661e+01 
6.395661e+01 
6.395661e+01 
6.395661e+01 
6.395661e+01 
6.395661e+01 
6.395661e+01 
6.395661e+01 
6.395661e+01 
6.395661e+01 
6.395661e+01 
6.395661e+01 
6.395661e+01 
6.395661e+01 
6.395661e+01 
6.395661e+01 
6.395661e+01 
6.395661e+01 
6.395661e+01 
6.395661e+01 
6.395661e+01 
6.395661e+01 
6.395661e+01 
6.395661e+01 
6.395661e+01 
6.395661e+01 
6.395661e+01 
6.395661e+01 
6.054129e+01 
6.054129e+01 
6.054129e+01 
6.054129e+01 
6.054129e+01 
6.054129e+01 
6.054129e+01 
6.054129e+01 
6.054129e+01 
6.054129e+01 
6.054129e+01 
6.054129e+01 
6.054129e+01 
6.054129e+01 
6.054129e+01 
6.054129e+01 
6.054129e+01 
6.054129e+01 
6.054129e+01 
6.054129e+01 
6.054129e+01 
6.054129e+01 
6.054129e+01 
6.054129e+01 
6.054129e+01 
6.054129e+01 
6.054129e+01 
6.054129e+01 
6.054129e+01 
6.054129e+01 
6.054129e+01 
6.054129e+01 
6.054129e+01 
6.054129e+01 
6.054129e+01 
6.054129e+01 
6.054129e+01 
6.054129e+01 
6.054129e+01 
6.054129e+01 
6.054129e+01 
6.054129e+01 
6.054129e+01 
6.054129e+01 
6.054129e+01 
6.054129e+01 
6.054129e+01 
6.054129e+01 
6.054129e+01 
6.054129e+01 
6.054129e+01 
6.054129e+01 
6.054129e+01 
6.054129e+01 
6.054129e+01 
6.054129e+01 
6.054129e+01 
6.054129e+01 
6.054129e+01 
6.054129e+01 
6.054129e+01 
6.054129e+01 
6.054129e+01 
6.054129e+01 
6.054129e+01 
6.054129e+01 
6.054129e+01 
6.054129e+01 
6.054129e+01 
6.054129e+01 
6.054129e+01 
6.054129e+01 
6.054129e+01 
6.054129e+01 
6.054129e+01 
6.054129e+01 
6.054129e+01 
6.054129e+01 
6.054129e+01 
6.054129e+01 
6.054129e+01 
6.054129e+01 
6.054129e+01 
6.054129e+01 
6.054129e+01 
6.054129e+01 
6.054129e+01 
6.054129e+01 
6.054129e+01 
6.054129e+01 
6.054129e+01 
6.054129e+01 
6.054129e+01 
6.054129e+01 
6.054129e+01 
6.054129e+01 
6.054129e+01 
6.054129e+01 
6.054129e+01 
6.054129e+01 
6.054129e+01 
6.054129e+01 
6.054129e+01 
6.054129e+01 
6.054129e+01 
6.054129e+01 
6.054129e+01 
6.054129e+01 
6.054129e+01 
6.054129e+01 
6.054129e+01 
6.054129e+01 
6.054129e+01 
6.054129e+01 
6.054129e+01 
6.054129e+01 
6.054129e+01 
6.054129e+01 
6.054129e+01 
6.054129e+01 
6.054129e+01 
6.054129e+01 
6.054129e+01 
6.054129e+01 
6.054129e+01 
6.054129e+01 
6.054129e+01 
6.054129e+01 
6.054129e+01 
6.054129e+01 
6.054129e+01 
6.054129e+01 
6.054129e+01 
6.054129e+01 
6.054129e+01 
6.054129e+01 
6.054129e+01 
6.054129e+01 
6.054129e+01 
6.054129e+01 
6.054129e+01 
6.054129e+01 
6.054129e+01 
6.054129e+01 
6.054129e+01 
6.054129e+01 
6.054129e+01 
6.054129e+01 
6.054129e+01 
6.054129e+01 
6.054129e+01 
6.054129e+01 
6.054129e+01 
6.054129e+01 
6.054129e+01 
6.054129e+01 
6.054129e+01 
6.054129e+01 
6.054129e+01 
6.054129e+01 
6.054129e+01 
6.054129e+01 
6.054129e+01 
6.054129e+01 
6.054129e+01 
6.054129e+01 
6.054129e+01 
6.054129e+01 
6.054129e+01 
6.054129e+01 
6.054129e+01 
6.054129e+01 
6.054129e+01 
6.054129e+01 
6.054129e+01 
6.054129e+01 
6.054129e+01 
6.054129e+01 
6.054129e+01 
6.054129e+01 
6.054129e+01 
6.054129e+01 
6.054129e+01 
6.054129e+01 
6.054129e+01 
6.054129e+01 
6.054129e+01 
6.054129e+01 
6.054129e+01 
6.054129e+01 
6.054129e+01 
6.054129e+01 
6.054129e+01 
6.054129e+01 
6.054129e+01 
6.054129e+01 
6.054129e+01 
6.054129e+01 
6.054129e+01 
6.054129e+01 
6.054129e+01 
6.054129e+01 
6.054129e+01 
6.054129e+01 
6.054129e+01 
6.054129e+01 
6.054129e+01 
6.054129e+01 
6.054129e+01 
6.054129e+01 
6.054129e+01 
6.054129e+01 
6.054129e+01 
6.054129e+01 
6.054129e+01 
6.054129e+01 
6.054129e+01 
6.054129e+01 
6.054129e+01 
6.054129e+01 
6.054129e+01 
6.054129e+01 
6.054129e+01 
6.054129e+01 
6.054129e+01 
6.054129e+01 
6.054129e+01 
6.054129e+01 
6.054129e+01 
6.054129e+01 
6.054129e+01 
6.054129e+01 
6.054129e+01 
6.054129e+01 
6.054129e+01 
6.054129e+01 
6.054129e+01 
6.054129e+01 
6.054129e+01 
6.054129e+01 
6.054129e+01 
6.054129e+01 
6.054129e+01 
6.054129e+01 
6.054129e+01 
6.054129e+01 
6.054129e+01 
6.054129e+01 
6.054129e+01 
6.054129e+01 
6.054129e+01 
6.054129e+01 
6.054129e+01 
6.054129e+01 
6.054129e+01 
6.054129e+01 
6.054129e+01 
6.054129e+01 
6.054129e+01 
6.054129e+01 
6.054129e+01 
6.054129e+01 
6.054129e+01 
6.054129e+01 
6.054129e+01 
6.054129e+01 
6.054129e+01 
6.054129e+01 
6.054129e+01 
6.054129e+01 
6.054129e+01 
6.054129e+01 
6.054129e+01 
6.054129e+01 
6.054129e+01 
6.054129e+01 
6.054129e+01 
6.054129e+01 
6.054129e+01 
6.054129e+01 
6.054129e+01 
6.054129e+01 
6.054129e+01 
6.054129e+01 
6.054129e+01 
6.054129e+01 
6.054129e+01 
6.054129e+01 
6.054129e+01 
6.054129e+01 
6.054129e+01 
6.054129e+01 
6.054129e+01 
6.054129e+01 
6.054129e+01 
6.054129e+01 
6.054129e+01 
6.054129e+01 
6.054129e+01 
6.054129e+01 
6.054129e+01 
6.054129e+01 
6.054129e+01 
6.054129e+01 
6.054129e+01 
6.054129e+01 
6.054129e+01 
6.054129e+01 
6.054129e+01 
6.054129e+01 
6.054129e+01 
6.054129e+01 
6.054129e+01 
6.054129e+01 
6.054129e+01 
6.054129e+01 
6.054129e+01 
6.054129e+01 
6.054129e+01 
6.054129e+01 
6.054129e+01 
6.054129e+01 
6.054129e+01 
6.054129e+01 
6.054129e+01 
6.054129e+01 
6.054129e+01 
6.054129e+01 
6.054129e+01 
6.054129e+01 
6.054129e+01 
6.054129e+01 
6.054129e+01 
6.054129e+01 
6.054129e+01 
6.054129e+01 
6.054129e+01 
6.054129e+01 
6.054129e+01 
6.054129e+01 
6.054129e+01 
6.054129e+01 
6.054129e+01 
6.054129e+01 
6.054129e+01 
6.054129e+01 
6.054129e+01 
6.054129e+01 
6.054129e+01 
6.054129e+01 
6.054129e+01 
6.054129e+01 
6.054129e+01 
6.054129e+01 
6.054129e+01 
6.054129e+01 
6.054129e+01 
6.054129e+01 
6.054129e+01 
6.054129e+01 
6.054129e+01 
6.054129e+01 
6.054129e+01 
6.054129e+01 
6.054129e+01 
6.054129e+01 
6.054129e+01 
6.054129e+01 
6.054129e+01 
6.054129e+01 
6.054129e+01 
6.054129e+01 
6.054129e+01 
6.054129e+01 
6.054129e+01 
6.054129e+01 
6.054129e+01 
6.054129e+01 
6.054129e+01 
6.054129e+01 
6.054129e+01 
6.054129e+01 
6.054129e+01 
6.054129e+01 
6.054129e+01 
6.054129e+01 
6.054129e+01 
6.054129e+01 
6.054129e+01 
6.054129e+01 
6.054129e+01 
6.054129e+01 
6.054129e+01 
6.054129e+01 
6.054129e+01 
6.054129e+01 
6.054129e+01 
6.054129e+01 
6.054129e+01 
6.054129e+01 
6.054129e+01 
6.054129e+01 
6.054129e+01 
6.054129e+01 
6.054129e+01 
6.054129e+01 
6.054129e+01 
6.054129e+01 
6.054129e+01 
6.054129e+01 
6.054129e+01 
6.054129e+01 
6.054129e+01 
6.054129e+01 
6.054129e+01 
6.054129e+01 
6.054129e+01 
6.054129e+01 
6.054129e+01 
6.054129e+01 
6.054129e+01 
6.054129e+01 
6.054129e+01 
6.054129e+01 
6.054129e+01 
6.054129e+01 
6.054129e+01 
6.054129e+01 
6.054129e+01 
6.054129e+01 
6.054129e+01 
6.054129e+01 
6.054129e+01 
6.054129e+01 
6.054129e+01 
6.054129e+01 
6.054129e+01 
6.054129e+01 
6.054129e+01 
6.054129e+01 
6.054129e+01 
6.054129e+01 
6.054129e+01 
6.054129e+01 
6.054129e+01 
6.054129e+01 
6.054129e+01 
6.054129e+01 
6.054129e+01 
6.054129e+01 
6.054129e+01 
6.054129e+01 
6.054129e+01 
6.054129e+01 
6.054129e+01 
6.054129e+01 
6.054129e+01 
6.054129e+01 
6.054129e+01 
6.054129e+01 
6.054129e+01 
5.940047e+01 
5.940047e+01 
5.940047e+01 
5.940047e+01 
5.940047e+01 
5.940047e+01 
5.940047e+01 
5.940047e+01 
5.940047e+01 
5.940047e+01 
5.940047e+01 
5.940047e+01 
5.940047e+01 
5.940047e+01 
5.940047e+01 
5.940047e+01 
5.940047e+01 
5.940047e+01 
5.940047e+01 
5.940047e+01 
5.940047e+01 
5.940047e+01 
5.940047e+01 
5.940047e+01 
5.940047e+01 
5.940047e+01 
5.940047e+01 
5.940047e+01 
5.940047e+01 
5.940047e+01 
5.940047e+01 
5.940047e+01 
5.940047e+01 
5.940047e+01 
5.940047e+01 
5.940047e+01 
5.940047e+01 
5.940047e+01 
5.940047e+01 
5.940047e+01 
5.940047e+01 
5.940047e+01 
5.940047e+01 
5.940047e+01 
5.940047e+01 
5.940047e+01 
5.940047e+01 
5.940047e+01 
5.940047e+01 
5.940047e+01 
5.940047e+01 
5.940047e+01 
5.940047e+01 
5.940047e+01 
5.940047e+01 
5.940047e+01 
5.940047e+01 
5.940047e+01 
5.940047e+01 
5.940047e+01 
5.940047e+01 
5.940047e+01 
5.940047e+01 
5.940047e+01 
5.940047e+01 
5.940047e+01 
5.940047e+01 
5.940047e+01 
5.940047e+01 
5.940047e+01 
5.940047e+01 
5.940047e+01 
5.940047e+01 
5.940047e+01 
5.940047e+01 
5.940047e+01 
5.940047e+01 
5.723895e+01 
5.723895e+01 
5.723895e+01 
5.723895e+01 
5.723895e+01 
5.723895e+01 
5.723895e+01 
5.723895e+01 
5.723895e+01 
5.723895e+01 
5.723895e+01 
5.723895e+01 
5.723895e+01 
5.723895e+01 
5.723895e+01 
5.723895e+01 
5.723895e+01 
5.723895e+01 
5.723895e+01 
5.723895e+01 
5.723895e+01 
5.723895e+01 
5.723895e+01 
5.723895e+01 
5.723895e+01 
5.723895e+01 
5.723895e+01 
5.723895e+01 
5.723895e+01 
5.723895e+01 
5.723895e+01 
5.723895e+01 
5.723895e+01 
5.723895e+01 
5.723895e+01 
5.298456e+01 
5.298456e+01 
5.298456e+01 
5.298456e+01 
5.298456e+01 
5.298456e+01 
5.298456e+01 
5.298456e+01 
5.298456e+01 
5.298456e+01 
5.298456e+01 
5.298456e+01 
5.298456e+01 
5.298456e+01 
5.298456e+01 
5.298456e+01 
5.298456e+01 
5.298456e+01 
5.298456e+01 
5.298456e+01 
5.298456e+01 
5.298456e+01 
5.298456e+01 
5.298456e+01 
5.298456e+01 
5.298456e+01 
5.298456e+01 
5.298456e+01 
5.298456e+01 
5.298456e+01 
5.298456e+01 
5.298456e+01 
5.298456e+01 
5.298456e+01 
5.298456e+01 
5.298456e+01 
5.298456e+01 
5.298456e+01 
5.298456e+01 
5.298456e+01 
5.298456e+01 
5.298456e+01 
5.298456e+01 
5.298456e+01 
5.298456e+01 
5.298456e+01 
5.298456e+01 
5.298456e+01 
5.298456e+01 
5.298456e+01 
5.298456e+01 
5.298456e+01 
5.298456e+01 
5.298456e+01 
5.298456e+01 
5.298456e+01 
5.298456e+01 
5.298456e+01 
5.298456e+01 
5.298456e+01 
5.298456e+01 
5.298456e+01 
5.298456e+01 
5.298456e+01 
5.298456e+01 
5.298456e+01 
5.298456e+01 
5.298456e+01 
5.298456e+01 
5.298456e+01 
5.298456e+01 
5.298456e+01 
5.298456e+01 
5.298456e+01 
5.298456e+01 
5.298456e+01 
5.298456e+01 
5.298456e+01 
5.298456e+01 
5.298456e+01 
5.298456e+01 
5.298456e+01 
5.298456e+01 
5.298456e+01 
5.298456e+01 
5.298456e+01 
5.298456e+01 
5.298456e+01 
5.298456e+01 
5.298456e+01 
5.298456e+01 
5.298456e+01 
5.298456e+01 
5.298456e+01 
5.298456e+01 
5.298456e+01 
5.298456e+01 
5.298456e+01 
5.298456e+01 
5.298456e+01 
5.298456e+01 
5.298456e+01 
5.298456e+01 
5.298456e+01 
5.298456e+01 
5.298456e+01 
5.298456e+01 
5.298456e+01 
5.298456e+01 
5.298456e+01 
5.298456e+01 
5.298456e+01 
5.298456e+01 
5.298456e+01 
5.298456e+01 
5.298456e+01 
5.298456e+01 
5.298456e+01 
5.298456e+01 
5.298456e+01 
5.298456e+01 
5.298456e+01 
5.298456e+01 
5.298456e+01 
5.298456e+01 
5.298456e+01 
5.298456e+01 
5.298456e+01 
5.298456e+01 
5.298456e+01 
5.298456e+01 
5.298456e+01 
5.298456e+01 
5.298456e+01 
5.298456e+01 
5.298456e+01 
5.298456e+01 
5.298456e+01 
5.298456e+01 
5.298456e+01 
5.298456e+01 
5.298456e+01 
5.298456e+01 
5.298456e+01 
5.298456e+01 
5.298456e+01 
5.298456e+01 
5.298456e+01 
5.298456e+01 
5.298456e+01 
5.298456e+01 
5.298456e+01 
5.298456e+01 
5.298456e+01 
5.298456e+01 
5.298456e+01 
5.298456e+01 
5.298456e+01 
5.298456e+01 
5.298456e+01 
5.298456e+01 
5.298456e+01 
5.298456e+01 
5.298456e+01 
5.298456e+01 
5.298456e+01 
5.298456e+01 
5.298456e+01 
5.298456e+01 
5.298456e+01 
5.298456e+01 
5.298456e+01 
5.298456e+01 
5.298456e+01 
5.298456e+01 
5.298456e+01 
5.298456e+01 
5.298456e+01 
5.298456e+01 
5.298456e+01 
5.298456e+01 
5.175798e+01 
5.175798e+01 
5.175798e+01 
5.175798e+01 
5.175798e+01 
5.175798e+01 
4.105605e+01 
4.105605e+01 
4.105605e+01 
4.105605e+01 
4.105605e+01 
4.105605e+01 
4.105605e+01 
4.105605e+01 
4.105605e+01 
4.105605e+01 
4.105605e+01 
4.105605e+01 
4.105605e+01 
4.105605e+01 
4.105605e+01 
3.919381e+01 
3.919381e+01 
3.919381e+01 
3.919381e+01 
3.919381e+01 
3.919381e+01 
3.577648e+01 
3.577648e+01 
3.267987e+01 
3.267987e+01 
3.267987e+01 
3.267987e+01 
3.267987e+01 
3.267987e+01 
3.267987e+01 
3.267987e+01 
3.267987e+01 
3.267987e+01 
3.245972e+01 
3.111973e+01 
3.111973e+01 
3.111973e+01 
3.111973e+01 
3.111973e+01 
3.111973e+01 
3.111973e+01 
3.111973e+01 
3.111973e+01 
3.111973e+01 
3.111973e+01 
3.111973e+01 
3.111973e+01 
3.111973e+01 
3.111973e+01 
3.111973e+01 
3.111973e+01 
3.111973e+01 
3.111973e+01 
3.111973e+01 
2.975946e+01 
2.975946e+01 
2.975946e+01 
2.975946e+01 
2.975946e+01 
2.975946e+01 
2.894832e+01 
2.894832e+01 
2.894832e+01 
2.894832e+01 
2.894832e+01 
2.893905e+01 
2.845676e+01 
2.845676e+01 
2.845676e+01 
2.845676e+01 
2.845676e+01 
2.845676e+01 
2.815541e+01 
2.815541e+01 
2.815541e+01 
2.815541e+01 
2.815541e+01 
2.815541e+01 
2.815541e+01 
2.773998e+01 
2.773998e+01 
2.768339e+01 
2.768339e+01 
2.768339e+01 
2.768339e+01 
2.768339e+01 
2.768339e+01 
2.768339e+01 
2.768339e+01 
2.768339e+01 
2.768339e+01 
2.768339e+01 
2.768339e+01 
2.768339e+01 
2.768339e+01 
2.768339e+01 
2.768339e+01 
2.768339e+01 
2.768339e+01 
2.768339e+01 
2.768339e+01 
2.768339e+01 
2.768339e+01 
2.768339e+01 
2.768339e+01 
2.768339e+01 
2.768339e+01 
2.768339e+01 
2.768339e+01 
2.768339e+01 
2.768339e+01 
2.768339e+01 
2.768339e+01 
2.768339e+01 
2.768339e+01 
2.768339e+01 
2.768339e+01 
2.768339e+01 
2.768339e+01 
2.768339e+01 
2.768339e+01 
2.768339e+01 
2.768339e+01 
2.768339e+01 
2.763444e+01 
2.763444e+01 
2.763444e+01 
2.763444e+01 
2.763444e+01 
2.763444e+01 
2.763444e+01 
2.763444e+01 
2.763444e+01 
2.763444e+01 
2.763444e+01 
2.763444e+01 
2.763444e+01 
2.763444e+01 
2.763444e+01 
2.763444e+01 
2.763444e+01 
2.763444e+01 
2.763444e+01 
2.763444e+01 
2.763444e+01 
2.763444e+01 
2.763444e+01 
2.763444e+01 
2.763444e+01 
2.763444e+01 
2.763444e+01 
2.763444e+01 
2.763444e+01 
2.763444e+01 
2.763444e+01 
2.763444e+01 
2.763444e+01 
2.763444e+01 
2.763444e+01 
2.763444e+01 
2.763444e+01 
2.763444e+01 
2.763444e+01 
2.763444e+01 
2.763444e+01 
2.763444e+01 
2.763444e+01 
2.763444e+01 
2.763444e+01 
2.763444e+01 
2.763444e+01 
2.763444e+01 
2.763444e+01 
2.763444e+01 
2.763444e+01 
2.763444e+01 
2.763444e+01 
2.763444e+01 
2.763444e+01 
2.763444e+01 
2.763444e+01 
2.763444e+01 
2.763444e+01 
2.763444e+01 
2.763444e+01 
2.762739e+01 
2.762739e+01 
2.762739e+01 
2.762739e+01 
2.762739e+01 
2.762739e+01 
2.762739e+01 
2.762739e+01 
2.762739e+01 
2.762739e+01 
2.762739e+01 
2.762739e+01 
2.762739e+01 
2.762739e+01 
2.762739e+01 
2.762739e+01 
2.762739e+01 
2.762739e+01 
2.762739e+01 
2.762739e+01 
2.762739e+01 
2.762739e+01 
2.762739e+01 
2.762739e+01 
2.760790e+01 
2.760790e+01 
2.758158e+01 
2.758158e+01 
2.758158e+01 
2.758158e+01 
2.758158e+01 
2.758158e+01 
2.758158e+01 
2.758158e+01 
2.758158e+01 
2.758158e+01 
2.758158e+01 
2.758158e+01 
2.758158e+01 
2.758158e+01 
2.758158e+01 
2.758158e+01 
2.758158e+01 
2.758158e+01 
2.758158e+01 
2.758158e+01 
2.758158e+01 
2.758158e+01 
2.758158e+01 
2.758158e+01 
2.758158e+01 
2.758158e+01 
2.758158e+01 
2.758158e+01 
2.758158e+01 
2.758158e+01 
2.758158e+01 
2.758158e+01 
2.758158e+01 
2.758158e+01 
2.758158e+01 
2.758158e+01 
2.758158e+01 
2.758158e+01 
2.758158e+01 
2.758158e+01 
2.758158e+01 
2.758158e+01 
2.758158e+01 
2.758158e+01 
2.758158e+01 
2.758158e+01 
2.758158e+01 
2.758158e+01 
2.758158e+01 
2.758158e+01 
2.758158e+01 
2.758158e+01 
2.758158e+01 
2.757443e+01 
2.757443e+01 
2.757443e+01 
2.757443e+01 
2.757443e+01 
2.757443e+01 
2.757443e+01 
2.757443e+01 
2.757443e+01 
2.757039e+01 
2.756769e+01 
2.756714e+01 
2.756714e+01 
2.756714e+01 
2.756574e+01 
2.756574e+01 
2.756574e+01 
2.756574e+01 
2.756574e+01 
2.756574e+01 
2.756574e+01 
2.756574e+01 
2.756574e+01 
2.756574e+01 
2.756574e+01 
2.756574e+01 
2.756574e+01 
2.756574e+01 
2.756574e+01 
2.756574e+01 
2.756574e+01 
2.756574e+01 
2.756574e+01 
2.756574e+01 
2.756574e+01 
2.756511e+01 
2.756511e+01 
2.756511e+01 
2.756511e+01 
2.756511e+01 
2.756511e+01 
2.756511e+01 
2.756496e+01 
2.756496e+01 
2.756496e+01 
2.756496e+01 
2.756496e+01 
2.756496e+01 
2.756496e+01 
2.756496e+01 
2.756496e+01 
2.756496e+01 
2.756496e+01 
2.756496e+01 
2.756496e+01 
2.756496e+01 
2.756496e+01 
2.756496e+01 
2.756496e+01 
2.756496e+01 
2.756496e+01 
2.756496e+01 
2.756496e+01 
2.756496e+01 
2.756496e+01 
2.756483e+01 
2.756483e+01 
2.756483e+01 
2.756483e+01 
2.756483e+01 
2.756483e+01 
2.756483e+01 
2.756483e+01 
2.756483e+01 
2.756483e+01 
2.756461e+01 
2.756461e+01 
2.756461e+01 
2.756461e+01 
2.756461e+01 
2.756461e+01 
2.756461e+01 
2.756460e+01 
2.756460e+01 
2.756460e+01 
2.756460e+01 
2.756460e+01 
2.756460e+01 
2.756460e+01 
2.756460e+01 
2.756460e+01 
2.756460e+01 
2.756460e+01 
2.756460e+01 
2.756460e+01 
2.756460e+01 
2.756460e+01 
2.756460e+01 
2.756460e+01 
2.756460e+01 
2.756460e+01 
2.756460e+01 
2.756460e+01 
2.756460e+01 
2.756460e+01 
2.756460e+01 
2.756460e+01 
2.756460e+01 
2.756460e+01 
2.756460e+01 
2.756460e+01 
2.756460e+01 
2.756460e+01 
2.756460e+01 
2.756460e+01 
2.756460e+01 
2.756460e+01 
2.756460e+01 
2.756460e+01 
2.756460e+01 
2.756460e+01 
2.756460e+01 
2.756460e+01 
2.756460e+01 
2.756460e+01 
2.756460e+01 
2.756460e+01 
2.756460e+01 
2.756460e+01 
2.756460e+01 
2.756460e+01 
2.756460e+01 
2.756460e+01 
2.756460e+01 
2.756460e+01 
2.756460e+01 
2.756460e+01 
2.756460e+01 
2.756460e+01 
2.756460e+01 
2.756460e+01 
2.756460e+01 
2.756460e+01 
2.756460e+01 
2.756460e+01 
2.756460e+01 
2.756460e+01 
2.756460e+01 
2.756460e+01 
2.756460e+01 
2.756460e+01 
2.756460e+01 
2.756460e+01 
2.756460e+01 
2.756460e+01 
2.756460e+01 
2.756460e+01 
2.756460e+01 
2.756460e+01 
2.756460e+01 
2.756460e+01 
2.756460e+01 
2.756460e+01 
2.756460e+01 
2.756460e+01 
2.756460e+01 
2.756460e+01 
2.756460e+01 
2.756460e+01 
2.756460e+01 
2.756460e+01 
2.756460e+01 
2.756460e+01 
2.756460e+01 
2.756460e+01 
2.756460e+01 
2.756460e+01 
2.756460e+01 
2.756460e+01 
2.756460e+01 
2.756460e+01 
2.756460e+01 
2.756460e+01 
2.756460e+01 
2.756460e+01 
2.756460e+01 
2.756460e+01 
2.756460e+01 
2.756460e+01 
2.756460e+01 
2.756460e+01 
2.756460e+01 
2.756460e+01 
2.756460e+01 
2.756460e+01 
2.756460e+01 
2.756460e+01 
2.756460e+01 
2.756460e+01 
2.756460e+01 
2.756460e+01 
2.756460e+01 
2.756460e+01 
2.756460e+01 
2.756460e+01 
2.756460e+01 
2.756460e+01 
2.756460e+01 
2.756460e+01 
2.756460e+01 
2.756460e+01 
2.756460e+01 
2.756460e+01 
2.756460e+01 
2.756460e+01 
2.756460e+01 
2.756460e+01 
2.756460e+01 
2.756460e+01 
2.756460e+01 
2.756460e+01 
2.756460e+01 
2.756460e+01 
2.756460e+01 
2.756460e+01 
2.756460e+01 
2.756460e+01 
2.756460e+01 
2.756460e+01 
2.756460e+01 
2.756460e+01 
2.756460e+01 
2.756460e+01 
2.756460e+01 
2.756460e+01 
2.756460e+01 
2.756460e+01 
2.756460e+01 
2.756460e+01 
2.756460e+01 
2.756460e+01 
2.756460e+01 
2.756460e+01 
2.756460e+01 
2.756460e+01 
2.756460e+01 
2.756460e+01 
2.756460e+01 
2.756460e+01 
2.756460e+01 
2.756460e+01 
2.756460e+01 
2.756460e+01 
2.756460e+01 
2.756460e+01 
2.756460e+01 
2.756460e+01 
2.756460e+01 
2.756460e+01 
2.756460e+01 
2.756460e+01 
2.756460e+01 
2.756460e+01 
2.756460e+01 
2.756460e+01 
2.756460e+01 
2.756460e+01 
2.756460e+01 
2.756460e+01 
2.756460e+01 
2.756460e+01 
2.756460e+01 
2.756460e+01 
2.756460e+01 
2.756460e+01 
2.756460e+01 
2.756460e+01 
2.756460e+01 
2.756460e+01 
2.756460e+01 
2.756460e+01 
2.756460e+01 
2.756460e+01 
2.756460e+01 
2.756460e+01 
2.756460e+01 
2.756460e+01 
2.756460e+01 
2.756460e+01 
2.756460e+01 
2.756460e+01 
2.756460e+01 
2.756460e+01 
2.756460e+01 
2.756460e+01 
2.756460e+01 
2.756460e+01 
2.756460e+01 
2.756460e+01 
2.756460e+01 
2.756460e+01 
2.756460e+01 
2.756460e+01 
2.756460e+01 
2.756460e+01 
2.756460e+01 
2.756460e+01 
2.756460e+01 
2.756460e+01 
2.756460e+01 
2.756460e+01 
2.756460e+01 
2.756460e+01 
2.756460e+01 
2.756460e+01 
2.756460e+01 
2.756460e+01 
2.756460e+01 
2.756460e+01 
2.756460e+01 
2.756460e+01 
2.756460e+01 
2.756460e+01 
2.756460e+01 
2.756460e+01 
2.756460e+01 
2.756460e+01 
2.756460e+01 
2.756460e+01 
2.756460e+01 
2.756460e+01 
2.756460e+01 
2.756460e+01 
2.756460e+01 
2.756460e+01 
2.756460e+01 
2.756460e+01 
2.756460e+01 
2.756460e+01 
2.756460e+01 
2.756460e+01 
2.756460e+01 
2.756460e+01 
2.756460e+01 
2.756460e+01 
2.756460e+01 
2.756460e+01 
2.756460e+01 
2.756460e+01 
2.756460e+01 
2.756460e+01 
2.756460e+01 
2.756460e+01 
2.756460e+01 
2.756460e+01 
2.756460e+01 
2.756460e+01 
2.756460e+01 
2.756460e+01 
2.756460e+01 
2.756460e+01 
2.756460e+01 
2.756460e+01 
2.756460e+01 
2.756460e+01 
2.756460e+01 
2.756460e+01 
2.756460e+01 
2.756460e+01 
2.756460e+01 
2.756460e+01 
2.756460e+01 
2.756460e+01 
2.756460e+01 
2.756460e+01 
2.756460e+01 
2.756460e+01 
2.756460e+01 
2.756460e+01 
2.756460e+01 
2.756460e+01 
2.756460e+01 
2.756460e+01 
2.756460e+01 
2.756460e+01 
2.756460e+01 
2.756460e+01 
2.756460e+01 
2.756460e+01 
2.756460e+01 
2.756460e+01 
2.756460e+01 
2.756460e+01 
2.756460e+01 
2.756460e+01 
2.756460e+01 
2.756460e+01 
2.756460e+01 
2.756460e+01 
2.756460e+01 
2.756460e+01 
2.756460e+01 
2.756460e+01 
2.756460e+01 
2.756460e+01 
2.756460e+01 
2.756460e+01 
2.756460e+01 
2.756460e+01 
2.756460e+01 
2.756460e+01 
2.756460e+01 
2.756460e+01 
2.756460e+01 
2.756460e+01 
2.756460e+01 
2.756460e+01 
2.756460e+01 
2.756460e+01 
2.756460e+01 
2.756460e+01 
2.756460e+01 
2.756460e+01 
2.756460e+01 
2.756460e+01 
2.756460e+01 
2.756460e+01 
2.756460e+01 
2.756460e+01 
2.756460e+01 
2.756460e+01 
2.756460e+01 
2.756460e+01 
2.756460e+01 
2.756460e+01 
2.756460e+01 
2.756460e+01 
2.756460e+01 
2.756460e+01 
2.756460e+01 
2.756460e+01 
2.756460e+01 
2.756460e+01 
2.756460e+01 
2.756460e+01 
2.756460e+01 
2.756460e+01 
2.756460e+01 
2.756460e+01 
2.756460e+01 
2.756460e+01 
2.756460e+01 
2.756460e+01 
2.756460e+01 
2.756460e+01 
2.756460e+01 
2.756460e+01 
2.756460e+01 
2.756460e+01 
2.756460e+01 
2.756460e+01 
2.756460e+01 
2.756460e+01 
2.756460e+01 
2.756460e+01 
2.756460e+01 
2.756460e+01 
2.756460e+01 
2.756460e+01 
2.756460e+01 
2.756460e+01 
2.756460e+01 
2.756460e+01 
2.756460e+01 
2.756460e+01 
2.756460e+01 
2.756460e+01 
2.756460e+01 
2.756460e+01 
2.756460e+01 
2.756460e+01 
2.756460e+01 
2.756460e+01 
2.756460e+01 
2.756460e+01 
2.756460e+01 
2.756460e+01 
2.756460e+01 
2.756460e+01 
2.756460e+01 
2.756460e+01 
2.756460e+01 
1.987284e+01 
1.987284e+01 
1.987284e+01 
1.987284e+01 
1.987284e+01 
1.987284e+01 
1.987284e+01 
1.987284e+01 
1.987284e+01 
1.987284e+01 
1.987284e+01 
1.987284e+01 
1.987284e+01 
1.987284e+01 
1.987284e+01 
1.987284e+01 
1.987284e+01 
1.987284e+01 
1.987284e+01 
1.987284e+01 
1.987284e+01 
1.987284e+01 
1.987284e+01 
1.987284e+01 
1.987284e+01 
1.987284e+01 
1.987284e+01 
1.987284e+01 
1.987284e+01 
1.987284e+01 
1.987284e+01 
1.987284e+01 
1.987284e+01 
1.987284e+01 
1.987284e+01 
1.987284e+01 
1.987284e+01 
1.987284e+01 
1.987284e+01 
1.987284e+01 
1.987284e+01 
1.987284e+01 
1.987284e+01 
1.987284e+01 
1.987284e+01 
1.987284e+01 
1.987284e+01 
1.987284e+01 
1.987284e+01 
1.987284e+01 
1.987284e+01 
1.987284e+01 
1.987284e+01 
1.987284e+01 
1.987284e+01 
1.987284e+01 
1.987284e+01 
1.987284e+01 
1.987284e+01 
1.987284e+01 
1.987284e+01 
1.987284e+01 
1.987284e+01 
1.987284e+01 
1.987284e+01 
1.987284e+01 
1.987284e+01 
1.987284e+01 
1.987284e+01 
1.987284e+01 
1.987284e+01 
1.987284e+01 
1.987284e+01 
1.987284e+01 
1.987284e+01 
1.987284e+01 
1.987284e+01 
1.987284e+01 
1.987284e+01 
1.987284e+01 
1.987284e+01 
1.987284e+01 
1.987284e+01 
1.987284e+01 
1.987284e+01 
1.987284e+01 
1.987284e+01 
1.987284e+01 
1.987284e+01 
1.987284e+01 
1.987284e+01 
1.987284e+01 
1.987284e+01 
1.987284e+01 
1.987284e+01 
1.987284e+01 
1.987284e+01 
1.987284e+01 
1.987284e+01 
1.987284e+01 
1.987284e+01 
1.987284e+01 
1.987284e+01 
1.987284e+01 
1.987284e+01 
1.987284e+01 
1.987284e+01 
1.987284e+01 
1.987284e+01 
1.987284e+01 
1.987284e+01 
1.987284e+01 
1.987284e+01 
1.987284e+01 
1.987284e+01 
1.987284e+01 
1.987284e+01 
1.987284e+01 
1.987284e+01 
1.987284e+01 
1.987284e+01 
1.987284e+01 
1.987284e+01 
1.987284e+01 
1.987284e+01 
1.987284e+01 
1.987284e+01 
1.987284e+01 
1.987284e+01 
1.987284e+01 
1.987284e+01 
1.987284e+01 
1.987284e+01 
1.987284e+01 
1.987284e+01 
1.987284e+01 
1.987284e+01 
1.987284e+01 
1.987284e+01 
1.987284e+01 
1.987284e+01 
1.987284e+01 
1.987284e+01 
1.987284e+01 
1.987284e+01 
1.987284e+01 
1.966743e+01 
1.966743e+01 
1.542489e+01 
1.542489e+01 
1.542489e+01 
1.542489e+01 
1.542489e+01 
1.542489e+01 
1.542489e+01 
1.542489e+01 
1.542489e+01 
1.472203e+01 
1.472203e+01 
1.472203e+01 
1.472203e+01 
1.472203e+01 
1.472203e+01 
1.472203e+01 
1.472203e+01 
1.472203e+01 
1.472203e+01 
1.472203e+01 
1.472203e+01 
1.472203e+01 
1.472203e+01 
1.472203e+01 
1.472203e+01 
1.472203e+01 
1.472203e+01 
1.472203e+01 
1.472203e+01 
1.472203e+01 
1.472203e+01 
1.472203e+01 
1.472203e+01 
1.472203e+01 
1.472203e+01 
1.472203e+01 
1.472203e+01 
1.472203e+01 
1.472203e+01 
1.472203e+01 
1.472203e+01 
1.472203e+01 
1.472203e+01 
1.472203e+01 
1.432656e+01 
1.432656e+01 
1.432656e+01 
1.432656e+01 
1.432656e+01 
1.432656e+01 
1.432656e+01 
1.432656e+01 
1.432656e+01 
1.432656e+01 
1.432656e+01 
1.432656e+01 
1.432656e+01 
1.432656e+01 
1.432656e+01 
1.432656e+01 
1.432656e+01 
1.432656e+01 
1.432656e+01 
1.432656e+01 
1.432656e+01 
1.432656e+01 
1.432656e+01 
1.432656e+01 
1.432656e+01 
1.432656e+01 
1.432656e+01 
1.432656e+01 
1.432656e+01 
1.432656e+01 
1.432656e+01 
1.432656e+01 
1.432656e+01 
1.432656e+01 
1.432656e+01 
1.432656e+01 
1.432656e+01 
1.432656e+01 
1.432656e+01 
1.432656e+01 
1.432656e+01 
1.432656e+01 
1.432656e+01 
1.432390e+01 
1.432390e+01 
1.432390e+01 
1.432390e+01 
1.432390e+01 
1.432390e+01 
1.432390e+01 
1.432390e+01 
1.432390e+01 
1.432390e+01 
1.432390e+01 
1.432390e+01 
1.432390e+01 
1.432390e+01 
1.432390e+01 
1.432390e+01 
1.432390e+01 
1.432390e+01 
1.432390e+01 
1.432390e+01 
1.432390e+01 
1.432390e+01 
1.432390e+01 
1.432390e+01 
1.432390e+01 
1.432390e+01 
1.431442e+01 
1.431442e+01 
1.431442e+01 
1.431032e+01 
1.431032e+01 
1.431032e+01 
1.431032e+01 
1.431032e+01 
1.431032e+01 
1.431032e+01 
1.431032e+01 
1.431032e+01 
1.431032e+01 
1.431032e+01 
1.431032e+01 
1.431032e+01 
1.431032e+01 
1.430996e+01 
1.430996e+01 
1.430996e+01 
1.430996e+01 
1.430996e+01 
1.430996e+01 
1.430996e+01 
1.430996e+01 
1.430996e+01 
1.430996e+01 
1.430996e+01 
1.430996e+01 
1.430996e+01 
1.430996e+01 
1.430996e+01 
1.430996e+01 
1.430996e+01 
1.430996e+01 
1.430996e+01 
1.430996e+01 
1.430996e+01 
1.430996e+01 
1.430996e+01 
1.430996e+01 
1.430996e+01 
1.430996e+01 
1.430996e+01 
1.430996e+01 
1.430990e+01 
1.430990e+01 
1.430990e+01 
1.430990e+01 
1.430969e+01 
1.430969e+01 
1.430969e+01 
1.430969e+01 
1.430969e+01 
1.430969e+01 
1.430969e+01 
1.430969e+01 
1.430969e+01 
1.430969e+01 
1.430969e+01 
1.430969e+01 
1.430965e+01 
1.430965e+01 
1.430963e+01 
1.430963e+01 
1.430963e+01 
1.430963e+01 
1.430963e+01 
1.430963e+01 
1.430963e+01 
1.430960e+01 
1.430960e+01 
1.430960e+01 
1.430960e+01 
1.430960e+01 
1.430960e+01 
1.430959e+01 
1.430959e+01 
1.430959e+01 
1.430959e+01 
1.430959e+01 
1.430959e+01 
1.430959e+01 
1.430959e+01 
1.430959e+01 
1.430959e+01 
1.430959e+01 
1.430959e+01 
1.430959e+01 
1.430959e+01 
1.430959e+01 
1.430959e+01 
1.430959e+01 
1.430958e+01 
1.430958e+01 
1.430958e+01 
1.430957e+01 
1.430957e+01 
1.430957e+01 
1.430957e+01 
1.430957e+01 
1.430957e+01 
1.430957e+01 
1.430957e+01 
1.430957e+01 
1.430957e+01 
1.430957e+01 
1.430957e+01 
1.430957e+01 
1.430957e+01 
1.430957e+01 
1.430957e+01 
1.430957e+01 
1.430957e+01 
1.430957e+01 
1.430957e+01 
1.430957e+01 
1.430957e+01 
1.430957e+01 
1.430957e+01 
1.430957e+01 
1.430957e+01 
1.430957e+01 
1.430957e+01 
1.430957e+01 
1.430957e+01 
1.430957e+01 
1.430957e+01 
1.430957e+01 
1.430957e+01 
1.430957e+01 
1.430957e+01 
1.430957e+01 
1.430957e+01 
1.430957e+01 
1.430957e+01 
1.430957e+01 
1.430957e+01 
1.430957e+01 
1.430957e+01 
1.430957e+01 
1.430957e+01 
1.430957e+01 
1.430957e+01 
1.430957e+01 
1.430957e+01 
1.430957e+01 
1.430957e+01 
1.430957e+01 
1.430957e+01 
1.430957e+01 
1.430957e+01 
1.430957e+01 
1.430957e+01 
1.430957e+01 
1.430957e+01 
1.430957e+01 
1.430957e+01 
1.430957e+01 
1.430957e+01 
1.430957e+01 
1.430957e+01 
1.430957e+01 
1.430957e+01 
1.430957e+01 
1.430957e+01 
1.430957e+01 
1.430957e+01 
1.430957e+01 
1.430957e+01 
1.430957e+01 
1.345864e+01 
1.345864e+01 
1.345864e+01 
1.337287e+01 
1.337287e+01 
1.337287e+01 
1.337287e+01 
1.337287e+01 
1.337287e+01 
1.317211e+01 
1.317211e+01 
1.317211e+01 
1.317211e+01 
1.317211e+01 
1.317211e+01 
1.317211e+01 
1.300484e+01 
1.300484e+01 
1.300484e+01 
1.300484e+01 
1.300484e+01 
1.300484e+01 
1.300484e+01 
1.300484e+01 
1.300484e+01 
1.300484e+01 
1.300484e+01 
1.300484e+01 
1.296987e+01 
1.296987e+01 
1.296987e+01 
1.296415e+01 
1.296415e+01 
1.295899e+01 
1.295899e+01 
1.295899e+01 
1.295857e+01 
1.295598e+01 
1.295565e+01 
1.295565e+01 
1.295565e+01 
1.295425e+01 
1.295425e+01 
1.295355e+01 
1.295332e+01 
1.295332e+01 
1.295332e+01 
1.295332e+01 
1.295332e+01 
1.295328e+01 
1.295300e+01 
1.295281e+01 
1.295267e+01 
1.295257e+01 
1.295249e+01 
1.295244e+01 
1.295240e+01 
1.295237e+01 
1.295235e+01 
1.295233e+01 
1.295232e+01 
1.295231e+01 
1.295231e+01 
1.295230e+01 
1.295230e+01 
1.295230e+01 
1.295230e+01 
1.295229e+01 
1.295229e+01 
1.295229e+01 
1.271791e+01 
1.271791e+01 
1.227257e+01 
1.227257e+01 
1.227257e+01 
1.227257e+01 
1.227257e+01 
1.184933e+01 
1.184933e+01 
1.184933e+01 
1.184933e+01 
1.184933e+01 
1.178996e+01 
1.174581e+01 
1.174581e+01 
1.170070e+01 
1.170070e+01 
1.170070e+01 
1.170070e+01 
1.170070e+01 
1.170070e+01 
1.170070e+01 
1.170070e+01 
1.170070e+01 
1.170070e+01 
1.166484e+01 
1.166484e+01 
1.166484e+01 
1.166484e+01 
1.165149e+01 
1.165149e+01 
1.165149e+01 
1.165149e+01 
1.165149e+01 
1.165149e+01 
1.165149e+01 
1.165149e+01 
1.165149e+01 
1.165149e+01 
1.165149e+01 
1.165149e+01 
1.165149e+01 
1.165149e+01 
1.165149e+01 
1.165149e+01 
1.165149e+01 
1.165149e+01 
1.165149e+01 
1.164631e+01 
1.164631e+01 
1.164631e+01 
1.164631e+01 
1.164631e+01 
1.164631e+01 
1.164631e+01 
1.164631e+01 
1.164631e+01 
1.164631e+01 
1.164631e+01 
1.164526e+01 
1.164413e+01 
1.164365e+01 
1.164348e+01 
1.164346e+01 
1.164346e+01 
1.164346e+01 
1.164328e+01 
1.164298e+01 
1.164287e+01 
1.164286e+01 
1.164286e+01 
1.164286e+01 
1.164236e+01 
1.164106e+01 
1.164012e+01 
1.163942e+01 
1.163891e+01 
1.163854e+01 
1.163826e+01 
1.163806e+01 
1.163792e+01 
1.163781e+01 
1.163773e+01 
1.163767e+01 
1.163763e+01 
1.163760e+01 
1.163757e+01 
1.163756e+01 
1.163755e+01 
1.163754e+01 
1.163753e+01 
1.163752e+01 
1.163752e+01 
1.163752e+01 
1.163752e+01 
1.163752e+01 
1.163751e+01 
1.163751e+01 
1.163751e+01 
1.163751e+01 
1.163751e+01 
1.163751e+01 
1.163751e+01 
1.163751e+01 
1.163751e+01 
1.163751e+01 
1.163751e+01 
1.163751e+01 
1.163751e+01 
1.163751e+01 
1.163751e+01 
1.163751e+01 
1.163751e+01 
1.163751e+01 
1.163751e+01 
1.163751e+01 
1.163751e+01 
1.163751e+01 
1.163751e+01 
1.163751e+01 
1.163751e+01 
1.163751e+01 
1.163751e+01 
1.163751e+01 
1.163751e+01 
1.163751e+01 
1.163751e+01 
1.163751e+01 
1.163751e+01 
1.163751e+01 
1.163751e+01 
1.163751e+01 
1.163751e+01 
1.163751e+01 
1.163751e+01 
1.163751e+01 
1.151687e+01 
1.151687e+01 
1.151687e+01 
1.151687e+01 
1.149460e+01 
1.149460e+01 
1.136453e+01 
1.136453e+01 
1.136453e+01 
1.136453e+01 
1.136453e+01 
1.136453e+01 
1.136453e+01 
1.136453e+01 
1.136453e+01 
1.135533e+01 
1.135533e+01 
1.135533e+01 
1.135533e+01 
1.133553e+01 
1.130399e+01 
1.129589e+01 
1.129589e+01 
1.125717e+01 
1.124482e+01 
1.124482e+01 
1.124215e+01 
1.124215e+01 
1.124215e+01 
1.124215e+01 
1.124009e+01 
1.124009e+01 
1.124005e+01 
1.124005e+01 
1.124005e+01 
1.123495e+01 
1.122998e+01 
1.122681e+01 
1.122475e+01 
1.122338e+01 
1.122245e+01 
1.122181e+01 
1.122136e+01 
1.122105e+01 
1.122082e+01 
1.122066e+01 
1.122055e+01 
1.122046e+01 
1.122040e+01 
1.122036e+01 
1.122033e+01 
1.122031e+01 
1.122029e+01 
1.122028e+01 
1.122027e+01 
1.122026e+01 
1.122026e+01 
1.122026e+01 
1.122025e+01 
1.122025e+01 
1.122025e+01 
1.122025e+01 
1.122025e+01 
1.122025e+01 
1.122025e+01 
1.122025e+01 
1.122025e+01 
1.122025e+01 
1.118782e+01 
1.118782e+01 
1.118782e+01 
1.118782e+01 
1.118782e+01 
1.118782e+01 
1.118782e+01 
1.118782e+01 
1.118782e+01 
1.118782e+01 
1.118782e+01 
1.118782e+01 
1.118782e+01 
1.118782e+01 
1.118782e+01 
1.118782e+01 
1.118782e+01 
1.118782e+01 
1.118782e+01 
1.118782e+01 
1.118782e+01 
1.118782e+01 
1.118782e+01 
1.118782e+01 
1.118782e+01 
1.118782e+01 
1.118782e+01 
1.118782e+01 
1.118782e+01 
1.118782e+01 
1.118782e+01 
1.118782e+01 
1.118782e+01 
1.118782e+01 
1.118782e+01 
1.118782e+01 
1.118782e+01 
1.118782e+01 
1.118782e+01 
1.118782e+01 
1.118782e+01 
1.118782e+01 
1.118782e+01 
1.118782e+01 
1.118782e+01 
1.118782e+01 
1.118782e+01 
1.118782e+01 
1.118782e+01 
1.118782e+01 
1.003371e+01 
1.003371e+01 
1.003371e+01 
1.003371e+01 
1.003371e+01 
1.003371e+01 
1.003371e+01 
1.003371e+01 
1.003371e+01 
1.003371e+01 
1.003371e+01 
1.003371e+01 
1.003371e+01 
1.003371e+01 
1.003371e+01 
1.003371e+01 
1.003371e+01 
1.003371e+01 
1.003371e+01 
1.003371e+01 
1.003371e+01 
1.003371e+01 
1.003371e+01 
1.003371e+01 
1.003371e+01 
1.003371e+01 
1.003371e+01 
1.003371e+01 
1.003371e+01 
1.003371e+01 
1.003371e+01 
1.003371e+01 
1.003371e+01 
1.003371e+01 
1.003371e+01 
1.003371e+01 
1.003371e+01 
1.003371e+01 
1.003371e+01 
1.003371e+01 
1.003371e+01 
1.003371e+01 
1.003371e+01 
1.003371e+01 
1.003371e+01 
1.003371e+01 
1.003371e+01 
1.003371e+01 
1.003371e+01 
1.003371e+01 
1.003371e+01 
1.003371e+01 
1.003371e+01 
1.003371e+01 
1.003371e+01 
1.003371e+01 
1.003371e+01 
1.003371e+01 
1.003371e+01 
1.003371e+01 
1.003371e+01 
1.003371e+01 
9.925144e+00 
9.925144e+00 
9.925144e+00 
9.925144e+00 
9.925144e+00 
9.925144e+00 
9.925144e+00 
9.925144e+00 
9.925144e+00 
9.925144e+00 
9.925144e+00 
9.925144e+00 
9.925144e+00 
9.925144e+00 
9.925144e+00 
9.925144e+00 
9.893098e+00 
9.893098e+00 
9.893098e+00 
9.611300e+00 
9.611300e+00 
9.611300e+00 
9.611300e+00 
9.611300e+00 
9.611300e+00 
9.611300e+00 
9.611300e+00 
9.611300e+00 
9.611300e+00 
9.611300e+00 
9.611300e+00 
9.611300e+00 
9.611300e+00 
9.611300e+00 
9.611300e+00 
9.611300e+00 
9.611300e+00 
9.611300e+00 
9.611300e+00 
9.611300e+00 
9.611300e+00 
9.611300e+00 
9.611300e+00 
9.611300e+00 
9.611300e+00 
9.611300e+00 
9.611300e+00 
9.611300e+00 
9.611300e+00 
9.611300e+00 
9.611300e+00 
9.370882e+00 
9.370882e+00 
9.370882e+00 
8.216893e+00 
8.216893e+00 
8.216893e+00 
8.216893e+00 
8.216893e+00 
8.216893e+00 
8.216893e+00 
8.216893e+00 
8.216893e+00 
8.216893e+00 
8.216893e+00 
8.216893e+00 
8.216893e+00 
8.216893e+00 
8.216893e+00 
8.216893e+00 
8.155907e+00 
8.155907e+00 
8.155907e+00 
8.104740e+00 
8.104740e+00 
8.104740e+00 
8.104740e+00 
8.104740e+00 
8.079586e+00 
8.077934e+00 
8.077934e+00 
8.047916e+00 
8.047916e+00 
8.047916e+00 
8.047916e+00 
8.047916e+00 
8.033485e+00 
7.689760e+00 
7.467865e+00 
7.467865e+00 
7.446724e+00 
7.446724e+00 
7.387053e+00 
7.387053e+00 
7.346277e+00 
7.346277e+00 
7.291313e+00 
7.291313e+00 
7.291313e+00 
7.291313e+00 
7.291313e+00 
7.291313e+00 
7.291313e+00 
7.291313e+00 
7.248751e+00 
7.248751e+00 
7.248751e+00 
7.248751e+00 
7.248751e+00 
7.248751e+00 
7.248751e+00 
7.248751e+00 
7.248751e+00 
7.248751e+00 
7.248751e+00 
7.248751e+00 
7.248751e+00 
4.997907e+00 
4.997907e+00 
4.997907e+00 
4.997907e+00 
4.997907e+00 
4.997907e+00 
4.997907e+00 
4.997907e+00 
4.997907e+00 
4.997907e+00 
4.997907e+00 
4.997907e+00 
4.997907e+00 
4.997907e+00 
4.997907e+00 
4.997907e+00 
4.997907e+00 
4.997907e+00 
4.997907e+00 
4.997907e+00 
4.997907e+00 
4.997907e+00 
4.997907e+00 
4.997907e+00 
4.997907e+00 
4.997907e+00 
4.997907e+00 
4.997907e+00 
4.997907e+00 
4.997907e+00 
4.997907e+00 
4.997907e+00 
4.997907e+00 
4.997907e+00 
4.997907e+00 
4.997907e+00 
4.997907e+00 
4.997907e+00 
4.997907e+00 
4.997907e+00 
4.997907e+00 
4.997907e+00 
4.997907e+00 
4.997907e+00 
4.997907e+00 
4.997907e+00 
4.997907e+00 
4.997907e+00 
4.997907e+00 
4.997907e+00 
4.997907e+00 
4.997907e+00 
4.997907e+00 
4.997907e+00 
4.997907e+00 
4.997907e+00 
4.997907e+00 
4.997907e+00 
4.997907e+00 
4.997907e+00 
4.997907e+00 
4.997907e+00 
4.997907e+00 
4.997907e+00 
4.997907e+00 
4.997907e+00 
4.997907e+00 
4.997907e+00 
4.997907e+00 
4.997907e+00 
4.997907e+00 
4.997907e+00 
4.997907e+00 
4.997907e+00 
4.997907e+00 
4.997907e+00 
4.997907e+00 
4.997907e+00 
4.997907e+00 
4.997907e+00 
4.997907e+00 
4.738129e+00 
4.738129e+00 
4.738129e+00 
4.738129e+00 
4.738129e+00 
4.738129e+00 
4.738129e+00 
4.738129e+00 
4.738129e+00 
4.738129e+00 
4.738129e+00 
4.738129e+00 
4.738129e+00 
4.738129e+00 
4.738129e+00 
4.738129e+00 
4.738129e+00 
4.738129e+00 
4.738129e+00 
4.738129e+00 
4.738129e+00 
4.738129e+00 
4.738129e+00 
4.448585e+00 
4.089633e+00 
4.075658e+00 
4.075658e+00 
3.999461e+00 
3.739658e+00 
3.653985e+00 
3.558473e+00 
3.473964e+00 
3.460547e+00 
3.444877e+00 
3.437728e+00 
3.370987e+00 
3.295884e+00 
2.800293e+00 
2.315772e+00 
2.315772e+00 
2.315772e+00 
2.315772e+00 
2.315772e+00 
2.315772e+00 
2.315772e+00 
2.315772e+00 
2.315772e+00 
2.315772e+00 
2.315772e+00 
2.315772e+00 
2.315772e+00 
2.315772e+00 
2.315772e+00 
2.315772e+00 
2.315772e+00 
2.261950e+00 
2.261950e+00 
2.261950e+00 
2.261950e+00 
2.261950e+00 
2.261950e+00 
2.261950e+00 
2.261950e+00 
2.261950e+00 
2.261950e+00 
2.261950e+00 
2.261950e+00 
2.261950e+00 
2.261950e+00 
2.261950e+00 
2.261950e+00 
2.261950e+00 
2.219099e+00 
2.219099e+00 
2.219099e+00 
2.219099e+00 
2.219099e+00 
2.219099e+00 
2.219099e+00 
2.219099e+00 
2.219099e+00 
2.219099e+00 
2.219099e+00 
2.219099e+00 
2.219099e+00 
2.219099e+00 
2.219099e+00 
2.219099e+00 
2.219099e+00 
2.219099e+00 
2.219099e+00 
2.219099e+00 
2.219099e+00 
2.219099e+00 
2.219099e+00 
2.219099e+00 
2.219099e+00 
2.219099e+00 
2.219099e+00 
2.219099e+00 
2.219099e+00 
2.219099e+00 
2.219099e+00 
2.219099e+00 
2.219099e+00 
2.219099e+00 
2.080414e+00 
2.080414e+00 
2.080414e+00 
2.080414e+00 
2.080414e+00 
2.080414e+00 
2.080414e+00 
2.080414e+00 
2.080414e+00 
2.080414e+00 
2.080414e+00 
2.080414e+00 
2.080414e+00 
2.080414e+00 
2.080414e+00 
2.080414e+00 
2.080414e+00 
2.080414e+00 
2.080414e+00 
2.080414e+00 
2.080414e+00 
2.080414e+00 
2.080414e+00 
2.080414e+00 
2.080414e+00 
2.080414e+00 
2.080414e+00 
2.080414e+00 
2.074792e+00 
2.074792e+00 
2.074792e+00 
2.061708e+00 
2.061708e+00 
2.061708e+00 
2.055529e+00 
2.055529e+00 
2.053337e+00 
2.053337e+00 
2.053239e+00 
2.050988e+00 
2.050988e+00 
2.050822e+00 
2.050822e+00 
2.050822e+00 
2.050182e+00 
2.050182e+00 
2.050182e+00 
2.050182e+00 
2.049668e+00 
2.049668e+00 
2.049668e+00 
2.049288e+00 
2.048652e+00 
2.048438e+00 
2.048404e+00 
2.048404e+00 
2.048193e+00 
2.048142e+00 
2.048142e+00 
2.048130e+00 
2.048119e+00 
2.048119e+00 
2.048119e+00 
2.048119e+00 
2.048119e+00 
2.048094e+00 
2.048088e+00 
2.048088e+00 
2.048067e+00 
2.048067e+00 
2.048067e+00 
2.048048e+00 
2.048040e+00 
2.048040e+00 
2.048040e+00 
2.048040e+00 
2.048037e+00 
2.048019e+00 
2.048007e+00 
2.047999e+00 
2.047993e+00 
2.047988e+00 
2.047986e+00 
2.047983e+00 
2.047982e+00 
2.047981e+00 
2.047980e+00 
2.047980e+00 
2.047980e+00 
2.047979e+00 
2.047979e+00 
2.047979e+00 
2.047979e+00 
2.047979e+00 
2.047979e+00 
2.047979e+00 
2.047979e+00 
2.047979e+00 
2.047979e+00 
2.047979e+00 
2.047979e+00 
2.039159e+00 
2.037873e+00 
2.037873e+00 
2.037873e+00 
2.026632e+00 
2.025171e+00 
2.025171e+00 
2.017688e+00 
2.017688e+00 
2.017688e+00 
2.008208e+00 
2.008208e+00 
2.008168e+00 
2.008168e+00 
2.008168e+00 
2.008168e+00 
2.008168e+00 
2.008168e+00 
2.008168e+00 
2.008168e+00 
2.008168e+00 
2.008168e+00 
2.008168e+00 
2.008168e+00 
2.008168e+00 
2.008168e+00 
2.008073e+00 
2.008073e+00 
2.008073e+00 
2.008073e+00 
2.008073e+00 
2.008073e+00 
2.008073e+00 
2.008073e+00 
2.008073e+00 
2.008073e+00 
2.008073e+00 
2.006206e+00 
2.006206e+00 
2.006206e+00 
2.006206e+00 
2.006206e+00 
2.006206e+00 
2.006206e+00 
2.006206e+00 
2.006206e+00 
2.006206e+00 
2.005536e+00 
2.005536e+00 
2.005536e+00 
2.005536e+00 
2.005536e+00 
2.005536e+00 
2.005536e+00 
2.005536e+00 
2.005536e+00 
2.005536e+00 
2.005536e+00 
2.005536e+00 
2.005536e+00 
2.005536e+00 
2.005536e+00 
2.005536e+00 
2.005536e+00 
2.005536e+00 
2.005536e+00 
2.005536e+00 
2.002962e+00 
2.002375e+00 
2.002375e+00 
2.002375e+00 
2.002375e+00 
2.002375e+00 
2.002375e+00 
2.000057e+00 
1.998983e+00 
1.998983e+00 
1.998983e+00 
1.998526e+00 
1.998526e+00 
1.998400e+00 
1.998400e+00 
1.998400e+00 
1.998400e+00 
1.998400e+00 
1.998400e+00 
1.998138e+00 
1.997542e+00 
1.997521e+00 
1.997521e+00 
1.997489e+00 
1.997426e+00 
1.997422e+00 
1.997422e+00 
1.997421e+00 
1.997416e+00 
1.997416e+00 
1.997406e+00 
1.997400e+00 
1.997397e+00 
1.995480e+00 
1.995480e+00 
1.995480e+00 
1.995480e+00 
1.993881e+00 
1.993116e+00 
1.993050e+00 
1.993050e+00 
1.993010e+00 
1.993010e+00 
1.992681e+00 
1.992641e+00 
1.992641e+00 
1.992641e+00 
1.992467e+00 
1.992364e+00 
1.992322e+00 
1.992308e+00 
1.992306e+00 
1.992306e+00 
1.992289e+00 
1.992280e+00 
1.992275e+00 
1.992273e+00 
1.992272e+00 
1.992271e+00 
1.992271e+00 
1.992271e+00 
1.992271e+00 
1.992271e+00 
1.737521e+00 
1.264453e+00 
1.264453e+00 
1.264453e+00 
1.264453e+00 
1.264453e+00 
1.264453e+00 
1.264453e+00 
1.264453e+00 
1.264453e+00 
1.264453e+00 
1.264453e+00 
1.264453e+00 
1.264453e+00 
1.264453e+00 
1.264453e+00 
1.015196e+00 
1.015196e+00 
1.015196e+00 
1.015196e+00 
1.015196e+00 
1.015196e+00 
1.015196e+00 
1.015196e+00 
1.015196e+00 
1.006036e+00 
1.006036e+00 
1.006036e+00 
1.006036e+00 
1.006036e+00 
1.006036e+00 
1.006036e+00 
1.006036e+00 
1.006036e+00 
1.006036e+00 
1.006036e+00 
1.006036e+00 
1.006036e+00 
1.006036e+00 
1.006036e+00 
1.006036e+00 
1.006036e+00 
1.006036e+00 
1.006036e+00 
1.003026e+00 
1.003026e+00 
1.003026e+00 
1.003026e+00 
1.003026e+00 
1.003026e+00 
1.003026e+00 
1.003026e+00 
1.003026e+00 
1.003026e+00 
1.003026e+00 
1.003026e+00 
1.003026e+00 
1.003026e+00 
1.003026e+00 
1.003026e+00 
1.003026e+00 
1.003026e+00 
1.003026e+00 
1.003026e+00 
1.003026e+00 
1.003026e+00 
1.003026e+00 
1.003026e+00 
1.003026e+00 
1.003026e+00 
1.003026e+00 
1.003026e+00 
1.003026e+00 
1.001814e+00 
1.001814e+00 
1.001814e+00 
1.001814e+00 
1.001814e+00 
1.001814e+00 
1.001814e+00 
1.001814e+00 
1.001814e+00 
1.001814e+00 
1.001814e+00 
1.001186e+00 
1.001186e+00 
1.001186e+00 
1.001182e+00 
1.001182e+00 
1.001182e+00 
1.001141e+00 
1.001061e+00 
1.000867e+00 
1.000867e+00 
9.992986e-01 
9.992986e-01 
9.992986e-01 
9.987325e-01 
9.987325e-01 
9.987325e-01 
9.986398e-01 
9.986398e-01 
9.986398e-01 
9.986398e-01 
9.984839e-01 
9.976616e-01 
9.976616e-01 
9.976616e-01 
9.976616e-01 
9.976616e-01 
9.976616e-01 
9.976616e-01 
9.976616e-01 
9.976616e-01 
1.323687e-01 
1.323687e-01 
1.323687e-01 
1.323687e-01 
1.323687e-01 
1.323687e-01 
1.323687e-01 
1.323687e-01 
1.323687e-01 
1.323687e-01 
1.323687e-01 
1.323687e-01 
1.323687e-01 
1.323687e-01 
1.323687e-01 
1.323687e-01 
1.323687e-01 
1.323687e-01 
1.323687e-01 
1.323687e-01 
1.323687e-01 
9.667419e-02 
9.667419e-02 
9.667419e-02 
9.667419e-02 
9.667419e-02 
9.667419e-02 
9.667419e-02 
9.553984e-02 
9.553984e-02 
8.639515e-02 
8.639515e-02 
8.462106e-02 
8.462106e-02 
8.462106e-02 
8.462106e-02 
8.462106e-02 
8.462106e-02 
8.462106e-02 
8.462106e-02 
8.462106e-02 
8.462106e-02 
8.462106e-02 
8.462106e-02 
8.462106e-02 
8.462106e-02 
8.462106e-02 
4.374671e-02 
2.215976e-02 
2.215976e-02 
2.144412e-02 
2.144412e-02 
2.144412e-02 
2.144412e-02 
2.144412e-02 
1.477958e-02 
1.256942e-02 
1.256942e-02 
1.256942e-02 
1.169909e-02 
1.128115e-02 
1.128115e-02 
1.079117e-02 
1.060295e-02 
1.060295e-02 
1.060295e-02 
1.057257e-02 
1.057257e-02 
1.043053e-02 
1.043053e-02 
1.043053e-02 
1.043053e-02 
1.043053e-02 
1.043053e-02 
1.043053e-02 
1.023493e-02 
1.014960e-02 
1.014414e-02 
1.014414e-02 
1.014414e-02 
1.013887e-02 
1.013798e-02 
1.013798e-02 
1.013772e-02 
1.013772e-02 
1.013772e-02 
1.013760e-02 
1.013760e-02 
1.013748e-02 
1.013748e-02 
1.013573e-02 
1.013480e-02 
1.013431e-02 
1.013404e-02 
1.013388e-02 
1.013379e-02 
1.013373e-02 
1.013370e-02 
1.013367e-02 
1.013366e-02 
1.013365e-02 
1.013364e-02 
1.013364e-02 
1.013363e-02 
1.013363e-02 
1.013363e-02 
1.013363e-02 
1.013363e-02 
1.013363e-02 
1.013363e-02 
1.013363e-02 
1.013363e-02 
1.013363e-02 
1.013363e-02 
1.013363e-02 
1.013363e-02 
1.013363e-02 
1.013363e-02 
1.013363e-02 
1.013363e-02 
1.013363e-02 
1.013363e-02 
1.013363e-02 
1.013363e-02 
1.013363e-02 
1.013363e-02 
1.013363e-02 
1.013363e-02 
5.571756e-03 
5.571756e-03 
5.571756e-03 
5.571756e-03 
5.571756e-03 
4.930413e-03 
4.711083e-03 
4.711083e-03 
4.305571e-03 
4.305571e-03 
4.305571e-03 
4.305571e-03 
4.305571e-03 
4.209342e-03 
4.209342e-03 
4.209342e-03 
3.857717e-03 
3.624505e-03 
3.624505e-03 
3.624505e-03 
3.624505e-03 
3.624505e-03 
3.624505e-03 
3.578926e-03 
3.244889e-03 
3.127029e-03 
3.097642e-03 
3.097642e-03 
3.097642e-03 
3.081508e-03 
3.081508e-03 
3.081508e-03 
3.078533e-03 
3.078533e-03 
3.078533e-03 
3.078533e-03 
3.078533e-03 
3.074614e-03 
3.071757e-03 
3.071757e-03 
3.071757e-03 
3.071757e-03 
3.068578e-03 
3.065543e-03 
3.063875e-03 
3.062925e-03 
3.062363e-03 
3.062021e-03 
3.061806e-03 
2.390422e-03 
2.390422e-03 
2.216981e-03 
2.216981e-03 
1.957662e-03 
1.957662e-03 
1.596325e-03 
1.596325e-03 
1.556914e-03 
1.556914e-03 
1.556914e-03 
1.220865e-03 
1.220865e-03 
1.220865e-03 
1.200946e-03 
1.200946e-03 
1.200946e-03 
1.194101e-03 
1.194101e-03 
1.194101e-03 
1.194101e-03 
1.194101e-03 
1.194101e-03 
1.194101e-03 
1.194101e-03 
1.194101e-03 
1.194101e-03 
1.185625e-03 
1.185625e-03 
1.177810e-03 
1.177810e-03 
1.150930e-03 
1.138245e-03 
1.138245e-03 
1.115236e-03 
1.107074e-03 
1.105596e-03 
1.105596e-03 
1.105596e-03 
5.946486e-04 
5.946486e-04 
5.946486e-04 
5.946486e-04 
5.946486e-04 
5.668556e-04 
5.668556e-04 
5.439060e-04 
5.439060e-04 
5.365030e-04 
5.365030e-04 
5.365030e-04 
5.365030e-04 
4.933217e-04 
4.933217e-04 
4.933217e-04 
4.933217e-04 
4.933217e-04 
4.517939e-04 
4.517939e-04 
4.517939e-04 
4.395536e-04 
4.322584e-04 
4.310904e-04 
4.310904e-04 
4.310904e-04 
4.136202e-04 
3.639065e-04 
3.289057e-04 
3.289057e-04 
3.289057e-04 
3.289057e-04 
3.112479e-04 
3.112479e-04 
3.112479e-04 
3.112479e-04 
3.112479e-04 
3.112479e-04 
3.112479e-04 
3.050303e-04 
2.994927e-04 
2.925417e-04 
2.888975e-04 
2.888975e-04 
2.857965e-04 
2.857965e-04 
2.857965e-04 
2.857965e-04 
1.562954e-04 
1.288346e-04 
1.288346e-04 
7.736007e-05 
7.736007e-05 
7.736007e-05 
7.736007e-05 
7.736007e-05 
5.857993e-05 
5.857993e-05 
5.857993e-05 
5.857993e-05 
5.857993e-05 
5.857993e-05 
5.857993e-05 
5.857993e-05 
5.857993e-05 
5.857993e-05 
5.759177e-05 
5.576842e-05 
5.576842e-05 
5.576842e-05 
5.576842e-05 
5.576842e-05 
5.576842e-05 
5.576842e-05 
5.576842e-05 
5.576842e-05 
4.600424e-05 
4.600424e-05 
4.600424e-05 
4.600424e-05 
4.600424e-05 
4.600424e-05 
4.600424e-05 
4.600424e-05 
4.600424e-05 
1.691816e-05 
1.691816e-05 
1.691816e-05 
1.691816e-05 
1.691816e-05 
1.691816e-05 
1.691816e-05 
1.691816e-05 
1.691816e-05 
1.691816e-05 
1.691816e-05 
1.691816e-05 
1.691816e-05 
1.691816e-05 
1.691816e-05 
1.691816e-05 
1.691816e-05 
1.691816e-05 
1.691816e-05 
1.334449e-05 
1.334449e-05 
1.334449e-05 
1.235521e-05 
1.235521e-05 
1.235521e-05 
1.235521e-05 
1.235521e-05 
1.235521e-05 
1.235521e-05 
1.176732e-05 
1.176732e-05 
1.176732e-05 
1.176732e-05 
1.176732e-05 
1.176732e-05 
1.176732e-05 
1.176732e-05 
1.176732e-05 
1.138944e-05 
1.076032e-05 
1.076032e-05 
1.019610e-05 
1.019610e-05 
1.019610e-05 
1.019610e-05 
1.019610e-05 
8.569381e-06 
8.569381e-06 
8.569381e-06 
8.569381e-06 
8.569381e-06 
7.525059e-06 
6.896766e-06 
6.896766e-06 
6.310055e-06 
4.756662e-06 
4.756662e-06 
3.758891e-06 
3.758891e-06 
3.758891e-06 
3.758891e-06 
3.758891e-06 
3.758891e-06 
3.758891e-06 
3.576813e-06 
3.576813e-06 
2.244870e-06 
2.244870e-06 
2.244870e-06 
2.244870e-06 
1.619488e-06 
1.619488e-06 
1.619488e-06 
1.619488e-06 
1.619488e-06 
1.619488e-06 
1.619488e-06 
1.619488e-06 
1.619488e-06 
1.619488e-06 
1.619488e-06 
1.619488e-06 
1.619488e-06 
1.614609e-06 
1.614609e-06 
1.466126e-06 
1.466126e-06 
1.198176e-06 
1.198176e-06 
1.198176e-06 
1.198176e-06 
9.939054e-07 
9.939054e-07 
9.939054e-07 
9.939054e-07 
9.939054e-07 
9.939054e-07 
9.939054e-07 
9.939054e-07 
9.939054e-07 
9.939054e-07 
9.939054e-07 
9.939054e-07 
9.939054e-07 
9.939054e-07 
9.939054e-07 
9.939054e-07 
9.939054e-07 
9.939054e-07 
9.939054e-07 
9.939054e-07 
9.939054e-07 
9.939054e-07 
9.939054e-07 
9.530523e-07 
9.530523e-07 
9.530523e-07 
8.486461e-07 
7.303387e-07 
6.940680e-07 
6.889079e-07 
6.889079e-07 
5.732980e-07 
5.732980e-07 
5.217165e-07 
4.893374e-07 
4.031526e-07 
4.031526e-07 
3.951163e-07 
3.951163e-07 
3.951163e-07 
3.951163e-07 
3.951163e-07 
3.951163e-07 
3.951163e-07 
3.696375e-07 
2.795128e-07 
2.795128e-07 
2.795128e-07 
2.795128e-07 
2.432785e-07 
2.432785e-07 
2.141534e-07 
2.141534e-07 
2.141534e-07 
2.141534e-07 
2.079421e-07 
2.072646e-07 
2.072646e-07 
2.072646e-07 
2.072646e-07 
2.042330e-07 
2.016823e-07 
1.824029e-07 
1.824029e-07 
1.824029e-07 
8.563592e-08 
8.563592e-08 
8.563592e-08 
8.563592e-08 
8.563592e-08 
8.563592e-08 
8.563592e-08 
8.563592e-08 
8.563592e-08 
5.938987e-08 
4.469507e-08 
4.469507e-08 
4.469507e-08 
4.469507e-08 
2.882425e-08 
2.620397e-08 
2.620397e-08 
2.620397e-08 
1.496468e-08 
1.496468e-08 
1.496468e-08 
1.496468e-08 
1.496468e-08 
1.496468e-08 
1.496468e-08 
1.496468e-08 
1.496468e-08 
1.496468e-08 
1.496468e-08 
1.496468e-08 
1.496468e-08 
1.496468e-08 
1.496468e-08 
1.496468e-08 
1.496468e-08 
1.496468e-08 
1.496468e-08 
1.496468e-08 
1.496468e-08 
1.496468e-08 
9.424966e-09 
9.424966e-09 
9.424966e-09 
9.424966e-09 
9.424966e-09 
9.424966e-09 
9.424966e-09 
9.424966e-09 
9.424966e-09 
9.424966e-09 
9.424966e-09 
9.424966e-09 
9.424966e-09 
9.424966e-09 
9.424966e-09 
9.424966e-09 
9.424966e-09 
9.424966e-09 
9.424966e-09 
9.424966e-09 
9.424966e-09 
9.424966e-09 
9.424966e-09 
9.424966e-09 
7.252884e-09 
6.374792e-09 
6.374792e-09 
6.374792e-09 
6.238802e-09 
6.238802e-09 
6.238802e-09 
6.021952e-09 
6.021952e-09 
5.963803e-09 
5.963803e-09 
5.963803e-09 
5.963803e-09 
5.901673e-09 
5.901673e-09 
5.583005e-09 
3.210856e-09 
1.407967e-09 
1.407967e-09 
1.407967e-09 
1.407967e-09 
1.407967e-09 
8.060346e-10 
7.504208e-10 
7.504208e-10 
6.076637e-10 
5.395702e-10 
5.395702e-10 
5.395702e-10 
4.965789e-10 
4.713696e-10 
3.195609e-10 
3.195609e-10 
3.195609e-10 
3.195609e-10 
3.195609e-10 
3.195609e-10 
3.195609e-10 
2.341495e-10 
2.341495e-10 
1.553795e-10 
1.553795e-10 
1.553795e-10 
1.454707e-10 
1.454707e-10 
1.181549e-10 
1.181549e-10 
1.181549e-10 
1.181549e-10 
9.733766e-11 
9.733766e-11 
9.733766e-11 
9.733766e-11 
9.733766e-11 
9.733766e-11 
9.733766e-11 
9.733766e-11 
9.733766e-11 
7.168216e-11 
7.168216e-11 
7.168216e-11 
7.168216e-11 
7.168216e-11 
7.168216e-11 
7.168216e-11 
7.168216e-11 
6.050569e-11 
6.050569e-11 
3.733177e-11 
3.733177e-11 
3.652839e-11 
3.347544e-11 
3.347544e-11 
3.152936e-11 
3.152936e-11 
3.152936e-11 
3.152936e-11 
3.152936e-11 
3.152936e-11 
3.152936e-11 
3.152936e-11 
3.152936e-11 
3.152936e-11 
3.152936e-11 
3.152936e-11 
3.152936e-11 
3.152936e-11 
3.152936e-11 
2.674464e-11 
2.674464e-11 
2.674464e-11 
2.674464e-11 
2.674464e-11 
2.674464e-11 
2.674464e-11 
2.674464e-11 
2.674464e-11 
2.674464e-11 
2.674464e-11 
2.124577e-11 
1.981737e-11 
1.981737e-11 
1.981737e-11 
1.622890e-11 
1.622890e-11 
1.596110e-11 
1.596110e-11 
1.340805e-11 
1.340805e-11 
1.340805e-11 
1.340805e-11 
1.340805e-11 
1.340805e-11 
1.176549e-11 
8.051944e-12 
8.051944e-12 
8.051944e-12 
7.605663e-12 
7.605663e-12 
7.605663e-12 
5.891626e-12 
5.891626e-12 
5.891626e-12 
5.891626e-12 
5.891626e-12 
5.891626e-12 
5.891626e-12 
5.891626e-12 
5.891626e-12 
5.891626e-12 
5.891626e-12 
5.891626e-12 
5.891626e-12 
5.891626e-12 
5.356132e-12 
5.356132e-12 
4.052660e-12 
4.052660e-12 
4.052660e-12 
3.731377e-12 
3.731377e-12 
3.731377e-12 
2.874385e-12 
2.874385e-12 
2.874385e-12 
2.874385e-12 
2.874385e-12 
2.874385e-12 
2.874385e-12 
2.874385e-12 
2.874385e-12 
2.874385e-12 
2.874385e-12 
1.285468e-12 
1.285468e-12 
1.285468e-12 
1.285468e-12 
1.285468e-12 
1.285468e-12 
1.285468e-12 
1.285468e-12 
1.285468e-12 
1.285468e-12 
1.285468e-12 
1.285468e-12 
1.285468e-12 
1.267567e-12 
1.267567e-12 
1.160499e-12 
1.160499e-12 
1.160499e-12 
1.160499e-12 
1.160499e-12 
1.160499e-12 
1.160499e-12 
1.160499e-12 
1.160499e-12 
1.160499e-12 
1.160499e-12 
1.160499e-12 
1.160499e-12 
1.160499e-12 
1.160499e-12 
1.071215e-12 
1.071215e-12 
1.071215e-12 
1.071215e-12 
1.071215e-12 
1.071215e-12 
1.071215e-12 
1.071215e-12 
1.071215e-12 
1.071215e-12 
1.071191e-12 
1.035558e-12 
1.017736e-12 
1.017703e-12 
1.017683e-12 
9.641163e-13 
9.462852e-13 
9.462852e-13 
9.105262e-13 
9.105262e-13 
5.356120e-13 
4.284857e-13 
4.284857e-13 
4.284857e-13 
4.284857e-13 
3.212849e-13 
3.212849e-13 
3.212849e-13 
3.212849e-13 
3.212849e-13 
2.499652e-13 
2.499652e-13 
2.499652e-13 
2.499652e-13 
2.499652e-13 
2.499652e-13 
1.606880e-13 
1.606880e-13 
1.606880e-13 
1.249957e-13 
1.070829e-13 
1.070829e-13 
8.929348e-14 
8.929348e-14 
8.921298e-14 
8.921298e-14 
8.921298e-14 
8.921298e-14 
8.921298e-14 
8.921298e-14 
8.921298e-14 
8.921298e-14 
8.921298e-14 
5.356217e-14 
5.356217e-14 
5.356217e-14 
3.580465e-14 
3.580465e-14 
3.580465e-14 
3.579560e-14 
3.579560e-14 
3.579560e-14 
3.579560e-14 
3.579560e-14 
3.579560e-14 
3.579560e-14 
3.579560e-14 
3.579560e-14 
3.575510e-14 
3.575163e-14 
3.575163e-14 
3.571271e-14 
3.571271e-14 
3.571271e-14 
1.792999e-14 
1.792999e-14 
1.792999e-14 
1.792999e-14 
1.792999e-14 
1.789572e-14 
1.789572e-14 
1.789572e-14 
1.789572e-14 
1.784682e-14 
1.784682e-14 
1.784682e-14 
1.046474e-16 
6.241491e-17 
6.241491e-17 
6.241491e-17 
5.693213e-17 
5.693213e-17 
5.693213e-17 
5.693213e-17 
5.693213e-17 
5.693213e-17 
5.693213e-17 
4.107143e-17 
4.107143e-17 
3.599034e-17 
1.871635e-17 
1.871635e-17 
1.871635e-17 
1.871635e-17 
1.871635e-17 
1.747667e-17 
1.747667e-17 
8.840180e-18 
8.840180e-18 
8.840180e-18 
8.840180e-18 
8.840180e-18 
8.840180e-18 
8.840180e-18 
6.734670e-18 
6.734670e-18 
6.734670e-18 
6.164457e-18 
6.164457e-18 
6.164457e-18 
6.164457e-18 
6.164457e-18 
6.164457e-18 
6.164457e-18 
6.164457e-18 
6.164457e-18 
6.164457e-18 
3.791928e-18 
3.061708e-18 
3.061708e-18 
2.230441e-18 
2.230441e-18 
2.023190e-18 
2.023190e-18 
1.921967e-18 
1.921967e-18 
1.921967e-18 
1.625166e-18 
1.625166e-18 
1.625166e-18 
1.625166e-18 
8.497463e-19 
8.497463e-19 
8.497463e-19 
6.910280e-19 
6.910280e-19 
6.910280e-19 
6.063218e-19 
6.063218e-19 
5.797594e-19 
5.797594e-19 
5.797594e-19 
5.797594e-19 
5.797594e-19 
5.797594e-19 
5.797594e-19 
5.797594e-19 
5.797594e-19 
3.650205e-19 
3.650205e-19 
3.596882e-19 
3.596882e-19 
2.974042e-19 
2.974042e-19 
2.974042e-19 
2.974042e-19 
2.974042e-19 
2.974042e-19 
2.974042e-19 
2.974042e-19 
2.974042e-19 
2.974042e-19 
2.452807e-19 
2.452807e-19 
2.452807e-19 
2.452807e-19 
2.452807e-19 
1.594966e-19 
1.594966e-19 
1.594966e-19 
1.594966e-19 
1.594966e-19 
1.594966e-19 
1.235056e-19 
1.235056e-19 
1.235056e-19 
1.235056e-19 
1.235056e-19 
1.235056e-19 
1.235056e-19 
1.235056e-19 
1.235056e-19 
1.235056e-19 
1.173424e-19 
1.173424e-19 
1.173424e-19 
7.493242e-20 
7.493242e-20 
7.493242e-20 
7.493242e-20 
7.493242e-20 
7.493242e-20 
7.493242e-20 
7.493242e-20 
7.493242e-20 
7.493242e-20 
7.331937e-20 
7.331937e-20 
7.331937e-20 
6.710301e-20 
6.710301e-20 
4.358328e-20 
3.382192e-20 
3.382192e-20 
3.382192e-20 
3.270660e-20 
3.270660e-20 
3.270660e-20 
2.729357e-20 
2.729357e-20 
2.190273e-20 
2.190273e-20 
2.190273e-20 
2.190273e-20 
2.155019e-20 
2.155019e-20 
2.155019e-20 
2.147618e-20 
2.147618e-20 
2.147618e-20 
2.147618e-20 
2.128780e-20 
2.120085e-20 
2.016066e-20 
2.016066e-20 
2.016066e-20 
1.713493e-20 
1.713493e-20 
1.713493e-20 
1.713493e-20 
1.713493e-20 
1.713493e-20 
1.583620e-20 
1.583620e-20 
1.583620e-20 
1.503300e-20 
1.503300e-20 
1.503300e-20 
1.503300e-20 
1.503300e-20 
1.503300e-20 
1.503300e-20 
1.503300e-20 
1.503300e-20 
1.503300e-20 
1.503300e-20 
1.503300e-20 
1.503300e-20 
1.403877e-20 
1.403877e-20 
1.403877e-20 
1.403025e-20 
1.284362e-20 
1.284362e-20 
1.284362e-20 
1.284362e-20 
1.284362e-20 
1.284362e-20 
1.284362e-20 
1.284362e-20 
1.194619e-20 
1.186656e-20 
1.186656e-20 
9.444603e-21 
9.444603e-21 
9.444603e-21 
9.444603e-21 
7.594126e-21 
7.594126e-21 
7.594126e-21 
7.594126e-21 
7.594126e-21 
7.594126e-21 
7.594126e-21 
5.873693e-21 
5.520261e-21 
5.520261e-21 
4.351859e-21 
4.351859e-21 
4.351859e-21 
4.351859e-21 
3.387940e-21 
3.387940e-21 
3.387940e-21 
3.387940e-21 
3.387940e-21 
3.387940e-21 
3.387940e-21 
3.387940e-21 
3.387940e-21 
3.387940e-21 
3.279634e-21 
3.279634e-21 
3.279634e-21 
3.279634e-21 
3.279634e-21 
3.279634e-21 
3.279634e-21 
3.231856e-21 
2.499770e-21 
2.499770e-21 
2.103526e-21 
1.422125e-21 
1.137923e-21 
1.095115e-21 
9.274395e-22 
9.274395e-22 
8.516602e-22 
8.516602e-22 
5.793125e-22 
5.793125e-22 
5.512878e-22 
5.512878e-22 
3.777021e-22 
3.539324e-22 
3.539324e-22 
3.539324e-22 
3.539324e-22 
3.539324e-22 
3.016048e-22 
3.016048e-22 
3.016048e-22 
3.016048e-22 
3.016048e-22 
3.016048e-22 
3.016048e-22 
3.016048e-22 
3.016048e-22 
3.016048e-22 
3.016048e-22 
2.271378e-22 
2.271378e-22 
2.271378e-22 
1.588444e-22 
1.588444e-22 
1.588444e-22 
1.588444e-22 
1.588030e-22 
1.588030e-22 
1.588030e-22 
1.378542e-22 
1.378542e-22 
9.948450e-23 
9.948450e-23 
8.259267e-23 
8.259267e-23 
8.259267e-23 
8.259267e-23 
8.259267e-23 
8.259267e-23 
8.259267e-23 
7.981271e-23 
6.596733e-23 
6.596733e-23 
6.495796e-23 
6.495796e-23 
6.495796e-23 
6.408849e-23 
5.598955e-23 
4.209723e-23 
3.712533e-23 
2.469630e-23 
2.469630e-23 
2.469630e-23 
2.469630e-23 
2.356250e-23 
2.356250e-23 
2.356250e-23 
2.356250e-23 
2.321026e-23 
2.321026e-23 
2.321026e-23 
2.281590e-23 
2.252238e-23 
2.252238e-23 
2.222178e-23 
2.207380e-23 
2.206138e-23 
1.877021e-23 
1.634665e-23 
1.634665e-23 
1.406161e-23 
1.406161e-23 
1.305688e-23 
1.305688e-23 
1.305688e-23 
1.305688e-23 
5.634562e-24 
5.634562e-24 
5.634562e-24 
5.359452e-24 
3.566787e-24 
3.566787e-24 
3.566787e-24 
3.566787e-24 
3.566787e-24 
3.566787e-24 
2.731447e-24 
2.731447e-24 
2.731447e-24 
2.731447e-24 
2.731447e-24 
2.731447e-24 
2.731447e-24 
2.216366e-24 
2.216366e-24 
2.216366e-24 
2.059885e-24 
2.059885e-24 
2.059885e-24 
1.990436e-24 
1.087945e-24 
1.021864e-24 
7.834759e-25 
7.834759e-25 
7.834759e-25 
7.834759e-25 
7.834759e-25 
6.872473e-25 
6.872473e-25 
4.720382e-25 
4.720382e-25 
4.720382e-25 
4.720382e-25 
4.683315e-25 
4.683315e-25 
4.243699e-25 
4.243699e-25 
4.243699e-25 
4.243699e-25 
4.243699e-25 
4.243699e-25 
4.243699e-25 
4.076384e-25 
4.076384e-25 
2.794792e-25 
1.762201e-25 
1.762201e-25 
1.762201e-25 
1.762201e-25 
1.762201e-25 
1.762201e-25 
1.762201e-25 
1.762201e-25 
1.762201e-25 
1.762201e-25 
1.762201e-25 
1.762201e-25 
1.762201e-25 
1.762201e-25 
1.113690e-25 
1.024963e-25 
1.024963e-25 
9.155303e-26 
8.435250e-26 
8.226912e-26 
8.211115e-26 
8.211115e-26 
5.793848e-26 
5.684394e-26 
5.684394e-26 
5.168419e-26 
5.031730e-26 
5.031730e-26 
4.737977e-26 
4.737977e-26 
4.737977e-26 
4.737977e-26 
3.437461e-26 
3.437461e-26 
3.437461e-26 
3.057704e-26 
2.705556e-26 
2.348912e-26 
2.348912e-26 
2.162248e-26 
2.162248e-26 
1.487516e-26 
1.404665e-26 
1.404665e-26 
1.372381e-26 
1.372381e-26 
1.372381e-26 
9.121007e-27 
8.121323e-27 
8.121323e-27 
8.121323e-27 
8.121323e-27 
8.121323e-27 
8.121323e-27 
8.121323e-27 
8.121323e-27 
8.121323e-27 
8.121323e-27 
8.121323e-27 
8.121323e-27 
8.121323e-27 
8.121323e-27 
8.121323e-27 
8.121323e-27 
8.121323e-27 
8.121323e-27 
7.216105e-27 
7.216105e-27 
7.216105e-27 
7.216105e-27 
6.927579e-27 
6.733125e-27 
6.733125e-27 
6.663508e-27 
6.663508e-27 
4.777933e-27 
4.366345e-27 
4.366345e-27 
3.935233e-27 
3.935233e-27 
3.935233e-27 
3.135722e-27 
3.135722e-27 
3.135722e-27 
3.135722e-27 
3.056442e-27 
3.056442e-27 
2.549993e-27 
2.549993e-27 
2.549993e-27 
2.549993e-27 
2.224982e-27 
2.224982e-27 
2.224982e-27 
2.224982e-27 
2.224982e-27 
2.224982e-27 
2.224982e-27 
1.838440e-27 
1.838440e-27 
1.186447e-27 
1.186447e-27 
1.186447e-27 
1.186447e-27 
8.675498e-28 
8.675498e-28 
8.675498e-28 
8.675498e-28 
6.082118e-28 
6.082118e-28 
3.074585e-28 
3.074585e-28 
3.074585e-28 
3.074585e-28 
3.074585e-28 
3.074585e-28 
3.074585e-28 
3.074585e-28 
3.074585e-28 
3.074585e-28 
3.074585e-28 
3.074585e-28 
3.074585e-28 
3.074585e-28 
3.074585e-28 
3.072613e-28 
3.072613e-28 
3.072613e-28 
3.072613e-28 
3.052892e-28 
3.052892e-28 
2.879342e-28 
2.879342e-28 
2.879342e-28 
2.855676e-28 
2.855676e-28 
2.816233e-28 
2.816233e-28 
2.816233e-28 
2.814261e-28 
2.814261e-28 
2.814261e-28 
2.790595e-28 
2.774818e-28 
2.774818e-28 
2.774818e-28 
2.579575e-28 
2.311362e-28 
2.252198e-28 
2.062871e-28 
1.425866e-28 
1.414033e-28 
8.677470e-29 
8.677470e-29 
7.908331e-29 
7.908331e-29 
7.375849e-29 
6.843368e-29 
6.843368e-29 
6.843368e-29 
6.843368e-29 
6.843368e-29 
6.843368e-29 
6.843368e-29 
6.843368e-29 
6.350330e-29 
6.350330e-29 
5.522026e-29 
5.226203e-29 
5.226203e-29 
5.226203e-29 
5.226203e-29 
5.226203e-29 
5.226203e-29 
4.023191e-29 
4.023191e-29 
4.023191e-29 
3.431545e-29 
2.662406e-29 
2.662406e-29 
1.932709e-29 
1.932709e-29 
1.794659e-29 
1.735494e-29 
1.735494e-29 
1.735494e-29 
1.735494e-29 
1.597443e-29 
1.597443e-29 
1.597443e-29 
1.301620e-29 
1.301620e-29 
1.301620e-29 
1.301620e-29 
1.104405e-29 
1.104405e-29 
1.104405e-29 
1.104405e-29 
1.104405e-29 
1.104405e-29 
1.104405e-29 
1.104405e-29 
1.104405e-29 
1.104405e-29 
1.104405e-29 
1.104405e-29 
1.025519e-29 
1.025519e-29 
1.025519e-29 
1.025519e-29 
1.025519e-29 
1.025519e-29 
1.005798e-29 
9.663546e-30 
9.663546e-30 
9.663546e-30 
9.663546e-30 
9.663546e-30 
9.663546e-30 
9.663546e-30 
8.283040e-30 
8.283040e-30 
8.283040e-30 
8.283040e-30 
7.296963e-30 
6.902533e-30 
6.705318e-30 
6.508102e-30 
6.113672e-30 
5.522026e-30 
5.522026e-30 
4.733165e-30 
4.733165e-30 
4.733165e-30 
4.733165e-30 
4.733165e-30 
4.733165e-30 
4.141520e-30 
4.141520e-30 
2.169367e-30 
1.774937e-30 
1.774937e-30 
1.774937e-30 
1.774937e-30 
1.774937e-30 
1.774937e-30 
1.774937e-30 
1.774937e-30 
1.380507e-30 
1.183291e-30 
1.183291e-30 
1.183291e-30 
9.860761e-31 
9.860761e-31 
9.860761e-31 
9.860761e-31 
9.860761e-31 
9.860761e-31 
9.860761e-31 
9.860761e-31 
9.860761e-31 
9.860761e-31 
7.888609e-31 
7.888609e-31 
5.916457e-31 
5.916457e-31 
5.916457e-31 
5.916457e-31 
5.916457e-31 
5.916457e-31 
5.916457e-31 
5.916457e-31 
5.916457e-31 
1.972152e-31 
1.972152e-31 
1.972152e-31 
1.972152e-31 
1.972152e-31 
1.972152e-31 
1.972152e-31 
0 
0 
0 
0 
0 
0 
0 
0 
0 
0 
0 
0 
0 
0 
0 
0 
0 
0 
0 
0 
0 
0 
0 
0 
0 
0 
0 
0 
0 
0 
0 
0 
0 
0 
0 
0 
0 
0 
0 
0 
0 
0 
0 
0 
0 
0 
0 
0 
0 
0 
0 
0 
0 
0 
0 
0 
0 
0 
0 
0 
0 
0 
0 
0 
0 
0 
0 
0 
0 
0 
0 
0 
0 
0 
0 
0 
0 
0 
0 
0 
0 
0 
0 
0 
0 
0 
0 
0 
0 
0 
0 
0 
0 
0 
0 
0 
0 
0 
0 
0 
0 
0 
0 
0 
0 
0 
0 
0 
0 
0 
0 
0 
0 
0 
0 
0 
0 
0 
0 
0 
0 
0 
0 
0 
0 
0 
0 
0 
0 
0 
0 
0 
0 
0 
0 
0 
0 
0 
0 
0 
0 
0 
0 
0 
0 
0 
0 
0 
0 
0 
0 
0 
0 
0 
0 
0 
0 
0 
0 
0 
0 
0 
0 
0 
0 
0 
0 
0 
0 
0 
0 
0 
0 
0 
0 
0 
0 
0 
0 
0 
0 
0 
0 
0 
0 
0 
0 
0 
0 
0 
0 
0 
0 
0 
0 
0 
0 
0 
0 
0 
0 
0 
0 
0 
0 
0 
0 
0 
0 
0 
0 
0 
0 
0 
0 
0 
0 
0 
0 
0 
0 
0 
0 
0 
0 
0 
0 
0 
0 
0 
0 
0 
0 
0 
0 
0 
0 
0 
0 
0 
0 
0 
0 
0 
0 
0 
0 
0 
0 
0 
0 
0 
0 
0 
0 
0 
0 
0 
0 
0 
0 
0 
0 
0 
0 
0 
0 
0 
0 
0 
0 
0 
0 
0 
0 
0 
0 
0 
0 
0 
0 
0 
0 
0 
0 
0 
0 
0 
0 
0 
0 
0 
0 
0 
0 
0 
0 
0 
0 
0 
0 
0 
0 
0 
0 
0 
0 
0 
0 
0 
0 
0 
0 
0 
0 
0 
0 
0 
0 
0 
0 
0 
0 
0 
0 
0 
0 
0 
0 
0 
0 
0 
0 
0 
0 
0 
0 
0 
0 
0 
0 
0 
0 
0 
0 
0 
0 
0 
0 
0 
0 
0 
0 
0 
0 
0 
0 
0 
0 
0 
0 
0 
0 
0 
0 
0 
0 
0 
0 
0 
0 
0 
0 
0 
0 
0 
0 
0 
0 
0 
0 
0 
0 
0 
0 
0 
0 
0 
0 
0 
0 
0 
0 
0 
0 
0 
0 
0 
0 
0 
0 
0 
0 
0 
0 
0 
0 
0 
0 
0 
0 
0 
0 
0 
0 
0 
0 
0 
0 
0 
0 
0 
0 
0 
0 
0 
0 
0 
0 
0 
0 
0 
0 
0 
0 
0 
0 
0 
0 
0 
0 
0 
0 
0 
0 
0 
0 
0 
0 
0 
0 
0 
0 
0 
0 
0 
0 
0 
0 
0 
0 
0 
0 
0 
0 
0 
0 
0 
0 
0 
0 
0 
0 
0 
0 
0 
0 
0 
0 
0 
0 
0 
0 
0 
0 
0 
0 
0 
0 
0 
0 
0 
0 
0 
0 
0 
0 
0 
0 
0 
0 
0 
0 
0 
0 
0 
0 
0 
0 
0 
0 
0 
0 
0 
0 
0 
0 
0 
0 
0 
0 
0 
0 
0 
0 
0 
0 
0 
0 
0 
0 
0 
0 
0 
0 
0 
0 
0 
0 
0 
0 
0 
0 
0 
0 
0 
0 
0 
0 
0 
0 
0 
0 
0 
0 
0 
0 
0 
0 
0 
0 
0 
0 
0 
0 
0 
0 
0 
0 
0 
0 
0 
0 
0 
0 
0 
0 
0 
0 
0 
0 
0 
0 
0 
0 
0 
0 
0 
0 
0 
0 
0 
0 
0 
0 
0 
0 
0 
0 
0 
0 
0 
0 
0 
0 
0 
0 
0 
0 
0 
0 
0 
0 
0 
0 
0 
0 
0 
0 
0 
0 
0 
0 
0 
0 
0 
0 
0 
0 
0 
0 
0 
0 
0 
0 
0 
0 
0 
0 
0 
0 
0 
0 
0 
0 
0 
0 
0 
0 
0 
0 
0 
0 
0 
0 
0 
0 
0 
0 
0 
0 
0 
0 
0 
0 
0 
0 
0 
0 
0 
0 
0 
0 
0 
0 
0 
0 
0 
0 
0 
0 
0 
0 
0 
0 
0 
0 
0 
0 
0 
0 
0 
0 
0 
0 
0 
0 
0 
0 
0 
0 
0 
0 
0 
0 
0 
0 
0 
0 
0 
0 
0 
0 
0 
0 
0 
0 
0 
0 
0 
0 
0 
0 
0 
0 
0 
0 
0 
0 
0 
0 
0 
0 
0 
0 
0 
0 
0 
0 
0 
0 
0 
0 
0 
0 
0 
0 
0 
0 
0 
0 
0 
0 
0 
0 
0 
0 
0 
0 
0 
0 
0 
0 
0 
0 
0 
0 
0 
0 
0 
0 
0 
0 
0 
0 
0 
0 
0 
0 
0 
0 
0 
0 
0 
0 
0 
0 
0 
0 
0 
0 
0 
0 
0 
0 
0 
0 
0 
0 
0 
0 
0 
0 
0 
0 
0 
0 
0 
0 
0 
0 
0 
0 
0 
0 
0 
0 
0 
0 
0 
0 
0 
0 
0 
0 
0 
0 
0 
0 
0 
0 
0 
0 
0 
0 
0 
0 
0 
0 
0 
0 
0 
0 
0 
0 
0 
0 
0 
0 
0 
0 
0 
0 
0 
0 
0 
0 
0 
0 
0 
0 
0 
0 
0 
0 
0 
0 
0 
0 
0 
0 
0 
0 
0 
0 
0 
0 
0 
0 
0 
0 
0 
0 
0 
0 
0 
0 
0 
0 
0 
0 
0 
0 
0 
0 
0 
0 
0 
0 
0 
0 
0 
0 
0 
0 
0 
0 
0 
0 
0 
0 
0 
0 
0 
0 
0 
0 
0 
0 
0 
0 
0 
0 
0 
0 
0 
0 
0 
0 
0 
0 
0 
0 
0 
0 
0 
0 
0 
0 
0 
0 
0 
0 
0 
0 
0 
0 
0 
0 
0 
0 
0 
0 
0 
0 
0 
0 
0 
0 
0 
0 
0 
0 
0 
0 
0 
0 
0 
0 
0 
0 
0 
0 
0 
0 
0 
0 
0 
0 
0 
0 
0 
0 
0 
0 
0 
0 
0 
0 
0 
0 
0 
0 
0 
0 
0 
0 
0 
0 
0 
0 
0 
0 
0 
0 
0 
0 
0 
0 
0 
0 
0 
0 
0 
0 
0 
0 
0 
0 
0 
0 
0 
0 
0 
0 
0 
0 
0 
0 
0 
0 
0 
0 
0 
0 
0 
0 
0 
0 
0 
0 
0 
0 
0 
0 
0 
0 
0 
0 
0 
0 
0 
0 
0 
0 
0 
0 
0 
0 
0 
0 
0 
0 
0 
0 
0 
0 
0 
0 
0 
0 
0 
0 
0 
0 
0 
0 
0 
0 
0 
0 
0 
0 
0 
0 
0 
0 
0 
0 
0 
0 
0 
0 
0 
0 
0 
0 
0 
0 
0 
0 
0 
0 
0 
0 
0 
0 
0 
0 
0 
0 
0 
0 
0 
0 
0 
0 
0 
0 
0 
0 
0 
0 
0 
0 
0 
0 
0 
0 
0 
0 
0 
0 
0 
0 
0 
0 
0 
0 
0 
0 
0 
0 
0 
0 
0 
0 
0 
0 
0 
0 
0 
0 
0 
0 
0 
0 
0 
0 
0 
0 
0 
0 
0 
0 
0 
0 
0 
0 
0 
0 
0 
0 
0 
0 
0 
0 
0 
0 
0 
0 
0 
0 
0 
0 
0 
0 
0 
0 
0 
0 
0 
0 
0 
0 
0 
0 
0 
0 
0 
0 
0 
0 
0 
0 
0 
0 
0 
0 
0 
0 
0 
0 
0 
0 
0 
0 
0 
0 
0 
0 
0 
0 
0 
0 
0 
0 
0 
0 
0 
0 
0 
0 
0 
0 
0 
0 
0 
0 
0 
0 
0 
0 
0 
0 
0 
0 
0 
0 
0 
0 
0 
0 
0 
0 
0 
0 
0 
0 
0 
0 
0 
0 
0 
0 
0 
0 
0 
0 
0 
0 
0 
0 
0 
0 
0 
0 
0 
0 
0 
0 
0 
0 
0 
0 
0 
0 
0 
0 
0 
0 
0 
0 
0 
0 
0 
0 
0 
0 
0 
0 
0 
0 
0 
0 
0 
0 
0 
0 
0 
0 
0 
0 
0 
0 
0 
0 
0 
0 
0 
0 
0 
0 
0 
0 
0 
0 
0 
0 
0 
0 
0 
0 
0 
0 
0 
0 
0 
0 
0 
0 
0 
0 
0 
0 
0 
0 
0 
0 
0 
0 
0 
0 
0 
0 
0 
0 
0 
0 
0 
0 
0 
0 
0 
0 
0 
0 
0 
0 
0 
0 
0 
0 
0 
0 
0 
0 
0 
0 
0 
0 
0 
0 
0 
0 
0 
0 
0 
0 
0 
0 
0 
0 
0 
0 
0 
0 
0 
0 
0 
0 
0 
0 
0 
0 
0 
0 
0 
0 
0 
0 
0 
0 
0 
0 
0 
0 
0 
0 
0 
0 
0 
0 
0 
0 
0 
0 
0 
0 
0 
0 
0 
0 
0 
0 
0 
0 
0 
0 
0 
0 
0 
0 
0 
0 
0 
0 
0 
0 
0 
0 
0 
0 
0 
0 
0 
0 
0 
0 
0 
0 
0 
0 
0 
0 
0 
0 
0 
0 
0 
0 
0 
0 
0 
0 
0 
0 
0 
0 
0 
0 
0 
0 
0 
0 
0 
0 
0 
0 
0 
0 
0 
0 
0 
0 
0 
0 
0 
0 
0 
0 
0 
0 
0 
0 
0 
0 
0 
0 
0 
0 
0 
0 
0 
0 
0 
0 
0 
0 
0 
0 
0 
0 
0 
0 
0 
0 
0 
0 
0 
0 
0 
0 
0 
0 
0 
0 
0 
0 
0 
0 
0 
0 
0 
0 
0 
0 
0 
0 
0 
0 
0 
0 
0 
0 
0 
0 
0 
0 
0 
0 
0 
0 
0 
0 
0 
0 
0 
0 
0 
0 
0 
0 
0 
0 
0 
0 
0 
0 
0 
0 
0 
0 
0 
0 
0 
0 
0 
0 
0 
0 
0 
0 
0 
0 
0 
0 
0 
0 
0 
0 
0 
0 
0 
0 
0 
0 
0 
0 
0 
0 
0 
0 
0 
0 
0 
0 
0 
0 
0 
0 
0 
0 
0 
0 
0 
0 
0 
0 
0 
0 
0 
0 
0 
0 
0 
0 
0 
0 
0 
0 
0 
0 
0 
0 
0 
0 
0 
0 
0 
0 
0 
0 
0 
0 
0 
0 
0 
0 
0 
0 
0 
0 
0 
0 
0 
0 
0 
0 
0 
0 
0 
0 
0 
0 
0 
0 
0 
0 
0 
0 
0 
0 
0 
0 
0 
0 
0 
0 
0 
0 
0 
0 
0 
0 
0 
0 
0 
0 
0 
0 
0 
0 
0 
0 
0 
0 
0 
0 
0 
0 
0 
0 
0 
0 
0 
0 
0 
0 
0 
0 
0 
0 
0 
0 
0 
0 
0 
0 
0 
0 
0 
0 
0 
0 
0 
0 
0 
0 
0 
0 
0 
0 
0 
0 
0 
0 
0 
0 
0 
0 
0 
0 
0 
0 
0 
0 
0 
0 
0 
0 
0 
0 
0 
0 
0 
0 
0 
0 
0 
0 
0 
0 
0 
0 
0 
0 
0 
0 
0 
0 
0 
0 
0 
0 
0 
0 
0 
0 
0 
0 
0 
0 
0 
0 
0 
0 
0 
0 
0 
0 
0 
0 
0 
0 
0 
0 
0 
0 
0 
0 
0 
0 
0 
0 
0 
0 
0 
0 
0 
0 
0 
0 
0 
0 
0 
0 
0 
0 
0 
0 
0 
0 
0 
0 
0 
0 
0 
0 
0 
0 
0 
0 
0 
0 
0 
0 
0 
0 
0 
0 
0 
0 
0 
0 
0 
0 
0 
0 
0 
0 
0 
0 
0 
0 
0 
0 
0 
0 
0 
0 
0 
0 
0 
0 
0 
0 
0 
0 
0 
0 
0 
0 
0 
0 
0 
0 
0 
0 
0 
0 
0 
0 
0 
0 
0 
0 
0 
0 
0 
0 
0 
0 
0 
0 
0 
0 
0 
0 
0 
0 
0 
0 
0 
0 
0 
0 
0 
0 
0 
0 
0 
0 
0 
0 
0 
0 
0 
0 
0 
0 
0 
0 
0 
0 
0 
0 
0 
0 
0 
0 
0 
0 
0 
0 
0 
0 
0 
0 
0 
0 
0 
0 
0 
0 
0 
0 
0 
0 
0 
0 
0 
0 
0 
0 
0 
0 
0 
0 
0 
0 
0 
0 
0 
0 
0 
0 
0 
0 
0 
0 
0 
0 
0 
0 
0 
0 
0 
0 
0 
0 
0 
0 
0 
0 
0 
0 
0 
0 
0 
0 
0 
0 
0 
0 
0 
0 
0 
0 
0 
0 
0 
0 
0 
0 
0 
0 
0 
0 
0 
0 
0 
0 
0 
0 
0 
0 
0 
0 
0 
0 
0 
0 
0 
0 
0 
0 
0 
0 
0 
0 
0 
0 
0 
0 
0 
0 
0 
0 
0 
0 
0 
0 
0 
0 
0 
0 
0 
0 
0 
0 
0 
0 
0 
0 
0 
0 
0 
0 
0 
0 
0 
0 
0 
0 
0 
0 
0 
0 
0 
0 
0 
0 
0 
0 
0 
0 
0 
0 
0 
0 
0 
0 
0 
0 
0 
0 
0 
0 
0 
0 
0 
0 
0 
0 
0 
0 
0 
0 
0 
0 
0 
0 
0 
0 
0 
0 
0 
0 
0 
0 
0 
0 
0 
0 
0 
0 
0 
0 
0 
0 
0 
0 
0 
0 
0 
0 
0 
0 
0 
0 
0 
0 
0 
0 
0 
0 
0 
0 
0 
0 
0 
0 
0 
0 
0 
0 
0 
0 
0 
0 
0 
0 
0 
0 
0 
0 
0 
0 
0 
0 
0 
0 
0 
0 
0 
0 
0 
0 
0 
0 
0 
0 
0 
0 
0 
0 
0 
0 
0 
0 
0 
0 
0 
0 
0 
0 
0 
0 
0 
0 
0 
0 
0 
0 
0 
0 
0 
0 
0 
0 
0 
0 
0 
0 
0 
0 
0 
0 
0 
0 
0 
0 
0 
0 
0 
0 
0 
0 
0 
0 
0 
0 
0 
0 
0 
0 
0 
0 
0 
0 
0 
0 
0 
0 
0 
0 
0 
0 
0 
0 
0 
0 
0 
0 
0 
0 
0 
0 
0 
0 
0 
0 
0 
0 
0 
0 
0 
0 
0 
0 
0 
0 
0 
0 
0 
0 
0 
0 
0 
0 
0 
0 
0 
0 
0 
0 
0 
0 
0 
0 
0 
0 
0 
0 
0 
0 
0 
0 
0 
0 
0 
0 
0 
0 
0 
0 
0 
0 
0 
0 
0 
0 
0 
0 
0 
0 
0 
0 
0 
0 
0 
0 
0 
0 
0 
0 
0 
0 
0 
0 
0 
0 
0 
0 
0 
0 
0 
0 
0 
0 
0 
0 
0 
0 
0 
0 
0 
0 
0 
0 
0 
0 
0 
0 
0 
0 
0 
0 
0 
0 
0 
0 
0 
0 
0 
0 
0 
0 
0 
0 
0 
0 
0 
0 
0 
0 
0 
0 
0 
0 
0 
0 
0 
0 
0 
0 
0 
0 
0 
0 
0 
0 
0 
0 
0 
0 
0 
0 
0 
0 
0 
0 
0 
0 
0 
0 
0 
0 
0 
0 
0 
0 
0 
0 
0 
0 
0 
0 
0 
0 
0 
0 
0 
0 
0 
0 
0 
0 
0 
0 
0 
0 
0 
0 
0 
0 
0 
0 
0 
0 
0 
0 
0 
0 
0 
0 
0 
0 
0 
0 
0 
0 
0 
0 
0 
0 
0 
0 
0 
0 
0 
0 
0 
0 
0 
0 
0 
0 
0 
0 
0 
0 
0 
0 
0 
0 
0 
0 
0 
0 
0 
0 
0 
0 
0 
0 
0 
0 
0 
0 
0 
0 
0 
0 
0 
0 
0 
0 
0 
0 
0 
0 
0 
0 
0 
0 
0 
0 
0 
0 
0 
0 
0 
0 
0 
0 
0 
0 
0 
0 
0 
0 
0 
0 
0 
0 
0 
0 
0 
0 
0 
0 
0 
0 
0 
0 
0 
0 
0 
0 
0 
0 
0 
0 
0 
0 
0 
0 
0 
0 
0 
0 
0 
0 
0 
0 
0 
0 
0 
0 
0 
0 
0 
0 
0 
0 
0 
0 
0 
0 
0 
0 
0 
0 
0 
0 
0 
0 
0 
0 
0 
0 
0 
0 
0 
0 
0 
0 
0 
0 
0 
0 
0 
0 
0 
0 
0 
0 
0 
0 
0 
0 
0 
0 
0 
0 
0 
0 
0 
0 
0 
0 
0 
0 
0 
0 
0 
0 
0 
0 
0 
0 
0 
0 
0 
0 
0 
0 
0 
0 
0 
0 
0 
0 
0 
0 
0 
0 
0 
0 
0 
0 
0 
0 
0 
0 
0 
0 
0 
0 
0 
0 
0 
0 
0 
0 
0 
0 
0 
0 
0 
0 
0 
0 
0 
0 
0 
0 
0 
0 
0 
0 
0 
0 
0 
0 
0 
0 
0 
0 
0 
0 
0 
0 
0 
0 
0 
0 
0 
0 
0 
0 
0 
0 
0 
0 
0 
0 
0 
0 
0 
0 
0 
0 
0 
0 
0 
0 
0 
0 
0 
0 
0 
0 
0 
0 
0 
0 
0 
0 
0 
0 
0 
0 
0 
0 
0 
0 
0 
0 
0 
0 
0 
0 
0 
0 
0 
0 
0 
0 
0 
0 
0 
0 
0 
0 
0 
0 
0 
0 
0 
0 
0 
0 
0 
0 
0 
0 
0 
0 
0 
0 
0 
0 
0 
0 
0 
0 
0 
0 
0 
0 
0 
0 
0 
0 
0 
0 
0 
0 
0 
0 
0 
0 
0 
0 
0 
0 
0 
0 
0 
0 
0 
0 
0 
0 
0 
0 
0 
0 
0 
0 
0 
0 
0 
0 
0 
0 
0 
0 
0 
0 
0 
0 
0 
0 
0 
0 
0 
0 
0 
0 
0 
0 
0 
0 
0 
0 
0 
0 
0 
0 
0 
0 
0 
0 
0 
0 
0 
0 
0 
0 
0 
0 
0 
0 
0 
0 
0 
0 
0 
0 
0 
0 
0 
0 
0 
0 
0 
0 
0 
0 
0 
0 
0 
0 
0 
0 
0 
0 
0 
0 
0 
0 
0 
0 
0 
0 
0 
0 
0 
0 
0 
0 
0 
0 
0 
0 
0 
0 
0 
0 
0 
0 
0 
0 
0 
0 
0 
0 
0 
0 
0 
0 
0 
0 
0 
0 
0 
0 
0 
0 
0 
0 
0 
0 
0 
0 
0 
0 
0 
0 
0 
0 
0 
0 
0 
0 
0 
0 
0 
0 
0 
0 
0 
0 
0 
0 
0 
0 
0 
0 
0 
0 
0 
0 
0 
0 
0 
0 
0 
0 
0 
0 
0 
0 
0 
0 
0 
0 
0 
0 
0 
0 
0 
0 
0 
0 
0 
0 
0 
0 
0 
0 
0 
0 
0 
0 
0 
0 
0 
0 
0 
0 
0 
0 
0 
0 
0 
0 
0 
0 
0 
0 
0 
0 
0 
0 
0 
0 
0 
0 
0 
0 
0 
0 
0 
0 
0 
0 
0 
0 
0 
0 
0 
0 
0 
0 
0 
0 
0 
0 
0 
0 
0 
0 
0 
0 
0 
0 
0 
0 
0 
0 
0 
0 
0 
0 
0 
0 
0 
0 
0 
0 
0 
0 
0 
0 
0 
0 
0 
0 
0 
0 
0 
0 
0 
0 
0 
0 
0 
0 
0 
0 
0 
0 
0 
0 
0 
0 
0 
0 
0 
0 
0 
0 
0 
0 
0 
0 
0 
0 
0 
0 
0 
0 
0 
0 
0 
0 
0 
0 
0 
0 
0 
0 
0 
0 
0 
0 
0 
0 
0 
0 
0 
0 
0 
0 
0 
0 
0 
0 
0 
0 
0 
0 
0 
0 
0 
0 
0 
0 
0 
0 
0 
0 
0 
0 
0 
0 
0 
0 
0 
0 
0 
0 
0 
0 
0 
0 
0 
0 
0 
0 
0 
0 
0 
0 
0 
0 
0 
0 
0 
0 
0 
0 
0 
0 
0 
0 
0 
0 
0 
0 
0 
0 
0 
0 
0 
0 
0 
0 
0 
0 
0 
0 
0 
0 
0 
0 
0 
0 
0 
0 
0 
0 
0 
0 
0 
0 
0 
0 
0 
0 
0 
0 
0 
0 
0 
0 
0 
0 
0 
0 
0 
0 
0 
0 
0 
0 
0 
0 
0 
0 
0 
0 
0 
0 
0 
0 
0 
0 
0 
0 
0 
0 
0 
0 
0 
0 
0 
0 
0 
0 
0 
0 
0 
0 
0 
0 
0 
0 
0 
0 
0 
0 
0 
0 
0 
0 
0 
0 
0 
0 
0 
0 
0 
0 
0 
0 
0 
0 
0 
0 
0 
0 
0 
0 
0 
0 
0 
0 
0 
0 
0 
0 
0 
0 
0 
0 
0 
0 
0 
0 
0 
0 
0 
0 
0 
0 
0 
0 
0 
0 
0 
0 
0 
0 
0 
0 
0 
0 
0 
0 
0 
0 
0 
0 
0 
0 
0 
0 
0 
0 
0 
0 
0 
0 
0 
0 
0 
0 
0 
0 
0 
0 
0 
0 
0 
0 
0 
0 
0 
0 
0 
0 
0 
0 
0 
0 
0 
0 
0 
0 
0 
0 
0 
0 
0 
0 
0 
0 
0 
0 
0 
0 
0 
0 
0 
0 
0 
0 
0 
0 
0 
0 
0 
0 
0 
0 
0 
0 
0 
0 
0 
0 
0 
0 
0 
0 
0 
0 
0 
0 
0 
0 
0 
0 
0 
0 
0 
0 
0 
0 
0 
0 
0 
0 
0 
0 
0 
0 
0 
0 
0 
0 
0 
0 
0 
0 
0 
0 
0 
0 
0 
0 
0 
0 
0 
0 
0 
0 
0 
0 
0 
0 
0 
0 
0 
0 
0 
0 
0 
0 
0 
0 
0 
0 
0 
0 
0 
0 
0 
0 
0 
0 
0 
0 
0 
0 
0 
0 
0 
0 
0 
0 
0 
0 
0 
0 
0 
0 
0 
0 
0 
0 
0 
0 
0 
0 
0 
0 
0 
0 
0 
0 
0 
0 
0 
0 
0 
0 
0 
0 
0 
0 
0 
0 
0 
0 
0 
0 
0 
0 
0 
0 
0 
0 
0 
0 
0 
0 
0 
0 
0 
0 
0 
0 
0 
0 
0 
0 
0 
0 
0 
0 
0 
0 
0 
0 
0 
0 
0 
0 
0 
0 
0 
0 
0 
0 
0 
0 
0 
0 
0 
0 
0 
0 
0 
0 
0 
0 
0 
0 
0 
0 
0 
0 
0 
0 
0 
0 
0 
0 
0 
0 
0 
0 
0 
0 
0 
0 
0 
0 
0 
0 
0 
0 
0 
0 
0 
0 
0 
0 
0 
0 
0 
0 
0 
0 
0 
0 
0 
0 
0 
0 
0 
0 
0 
0 
0 
0 
0 
0 
0 
0 
0 
0 
0 
0 
0 
0 
0 
0 
0 
0 
0 
0 
0 
0 
0 
0 
0 
0 
0 
0 
0 
0 
0 
0 
0 
0 
0 
0 
0 
0 
0 
0 
0 
0 
0 
0 
0 
0 
0 
0 
0 
0 
0 
0 
0 
0 
0 
0 
0 
0 
0 
0 
0 
0 
0 
0 
0 
0 
0 
0 
0 
0 
0 
0 
0 
0 
0 
0 
0 
0 
0 
0 
0 
0 
0 
0 
0 
0 
0 
0 
0 
0 
0 
0 
0 
0 
0 
0 
0 
0 
0 
0 
0 
0 
0 
0 
0 
0 
0 
0 
0 
0 
0 
0 
0 
0 
0 
0 
0 
0 
0 
0 
0 
0 
0 
0 
0 
0 
0 
0 
0 
0 
0 
0 
0 
0 
0 
0 
0 
0 
0 
0 
0 
0 
0 
0 
0 
0 
0 
0 
0 
0 
0 
0 
0 
0 
0 
0 
0 
0 
0 
0 
0 
0 
0 
0 
0 
0 
0 
0 
0 
0 
0 
0 
0 
0 
0 
0 
0 
0 
0 
0 
0 
0 
0 
0 
0 
0 
0 
0 
0 
0 
0 
0 
0 
0 
0 
0 
0 
0 
0 
0 
0 
0 
0 
0 
0 
0 
0 
0 
0 
0 
0 
0 
0 
0 
0 
0 
0 
0 
0 
0 
0 
0 
0 
0 
0 
0 
0 
0 
0 
0 
0 
0 
0 
0 
0 
0 
0 
0 
0 
0 
0 
0 
0 
0 
0 
0 
0 
0 
0 
0 
0 
0 
0 
0 
0 
0 
0 
0 
0 
0 
0 
0 
0 
0 
0 
0 
0 
0 
0 
0 
0 
0 
0 
0 
0 
0 
0 
0 
0 
0 
0 
0 
0 
0 
0 
0 
0 
0 
0 
0 
0 
0 
0 
0 
0 
0 
0 
0 
0 
0 
0 
0 
0 
0 
0 
0 
0 
0 
0 
0 
0 
0 
0 
0 
0 
0 
0 
0 
0 
0 
0 
0 
0 
0 
0 
0 
0 
0 
0 
0 
0 
0 
0 
0 
0 
0 
0 
0 
0 
0 
0 
0 
0 
0 
0 
0 
0 
0 
0 
0 
0 
0 
0 
0 
0 
0 
0 
0 
0 
0 
0 
0 
0 
0 
0 
0 
0 
0 
0 
0 
0 
0 
0 
0 
0 
0 
0 
0 
0 
0 
0 
0 
0 
0 
0 
0 
0 
0 
0 
0 
0 
0 
0 
0 
0 
0 
0 
0 
0 
0 
0 
0 
0 
0 
0 
0 
0 
0 
0 
0 
0 
0 
0 
0 
0 
0 
0 
0 
0 
0 
0 
0 
0 
0 
0 
0 
0 
0 
0 
0 
0 
0 
0 
0 
0 
0 
