1.265202e+03 
3.503365e+02 
3.426282e+02 
3.426282e+02 
2.859799e+02 
2.341595e+02 
1.801479e+02 
1.443693e+02 
1.387453e+02 
1.329157e+02 
1.323286e+02 
1.293270e+02 
1.293270e+02 
1.129297e+02 
1.086413e+02 
1.032391e+02 
1.001537e+02 
9.931024e+01 
9.931024e+01 
9.931024e+01 
9.931024e+01 
9.931024e+01 
9.500034e+01 
9.500034e+01 
9.500034e+01 
9.275270e+01 
9.275270e+01 
9.215141e+01 
9.215141e+01 
9.023446e+01 
8.925358e+01 
8.786854e+01 
8.759746e+01 
8.754956e+01 
8.697803e+01 
8.697803e+01 
8.644503e+01 
8.626909e+01 
8.626909e+01 
8.588021e+01 
8.551690e+01 
8.443824e+01 
8.443824e+01 
8.443824e+01 
8.438051e+01 
8.389690e+01 
8.389690e+01 
8.372635e+01 
8.372635e+01 
8.372635e+01 
8.372635e+01 
8.372635e+01 
8.351882e+01 
8.350313e+01 
8.240724e+01 
8.207683e+01 
8.196544e+01 
8.142649e+01 
8.142649e+01 
8.142649e+01 
8.142649e+01 
8.142649e+01 
8.142649e+01 
8.114731e+01 
8.114731e+01 
8.112297e+01 
8.112297e+01 
8.045512e+01 
8.027896e+01 
8.027896e+01 
8.027896e+01 
8.026707e+01 
8.017465e+01 
8.008491e+01 
8.008491e+01 
8.008491e+01 
8.001437e+01 
8.001437e+01 
8.001437e+01 
7.996296e+01 
7.996296e+01 
7.982877e+01 
7.982877e+01 
7.958507e+01 
7.958507e+01 
7.958507e+01 
7.958507e+01 
7.958507e+01 
7.952430e+01 
7.952430e+01 
7.952430e+01 
7.935359e+01 
7.915612e+01 
7.915612e+01 
7.915612e+01 
7.913275e+01 
7.913275e+01 
7.891254e+01 
7.885642e+01 
7.885642e+01 
7.861364e+01 
7.861364e+01 
7.861364e+01 
7.859205e+01 
7.857129e+01 
7.842817e+01 
7.842817e+01 
7.842817e+01 
7.842817e+01 
7.842817e+01 
7.842817e+01 
7.842817e+01 
7.842817e+01 
7.842817e+01 
7.842817e+01 
7.831310e+01 
7.831310e+01 
7.831310e+01 
7.831310e+01 
7.818233e+01 
7.801353e+01 
7.801353e+01 
7.800493e+01 
7.800493e+01 
7.799610e+01 
7.797373e+01 
7.797373e+01 
7.794221e+01 
7.794221e+01 
7.793939e+01 
7.787640e+01 
7.787625e+01 
7.787625e+01 
7.785569e+01 
7.784549e+01 
7.784549e+01 
7.784549e+01 
7.782716e+01 
7.781745e+01 
7.781745e+01 
7.780285e+01 
7.778203e+01 
7.778203e+01 
7.777423e+01 
7.773928e+01 
7.773928e+01 
7.773928e+01 
7.773577e+01 
7.773108e+01 
7.772902e+01 
7.772902e+01 
7.772220e+01 
7.772024e+01 
7.771435e+01 
7.770923e+01 
7.770923e+01 
7.770923e+01 
7.770262e+01 
7.770262e+01 
7.770262e+01 
7.769985e+01 
7.769985e+01 
7.769912e+01 
7.769912e+01 
7.769727e+01 
7.769727e+01 
7.769325e+01 
7.769298e+01 
7.768957e+01 
7.768847e+01 
7.768796e+01 
7.768796e+01 
7.768692e+01 
7.767980e+01 
7.762559e+01 
7.758179e+01 
7.758179e+01 
7.758179e+01 
7.757271e+01 
7.757271e+01 
7.757271e+01 
7.757271e+01 
7.757271e+01 
7.757271e+01 
7.755832e+01 
7.755832e+01 
7.755832e+01 
7.751633e+01 
7.751633e+01 
7.751633e+01 
7.751633e+01 
7.751633e+01 
7.751633e+01 
7.751633e+01 
7.751633e+01 
7.743364e+01 
7.743364e+01 
7.743364e+01 
7.743364e+01 
7.743364e+01 
7.743364e+01 
7.743364e+01 
7.740435e+01 
7.740435e+01 
7.740435e+01 
7.740435e+01 
7.740435e+01 
7.740435e+01 
7.740435e+01 
7.740435e+01 
7.740435e+01 
7.740244e+01 
7.740106e+01 
7.739876e+01 
7.739876e+01 
7.739876e+01 
7.739876e+01 
7.739876e+01 
7.738326e+01 
7.738326e+01 
7.738326e+01 
7.738326e+01 
7.738326e+01 
7.738326e+01 
7.738326e+01 
7.738326e+01 
7.738326e+01 
7.737552e+01 
7.737552e+01 
7.736187e+01 
7.736187e+01 
7.736187e+01 
7.732541e+01 
7.731970e+01 
7.731970e+01 
7.730314e+01 
7.730314e+01 
7.730314e+01 
7.730314e+01 
7.730314e+01 
7.729781e+01 
7.729769e+01 
7.729769e+01 
7.729564e+01 
7.729443e+01 
7.729002e+01 
7.728723e+01 
7.728723e+01 
7.728596e+01 
7.728377e+01 
7.728353e+01 
7.728353e+01 
7.728353e+01 
7.728353e+01 
7.728280e+01 
7.728219e+01 
7.728177e+01 
7.728177e+01 
7.728146e+01 
7.728146e+01 
7.728146e+01 
7.728102e+01 
7.728014e+01 
7.727968e+01 
7.727968e+01 
7.727952e+01 
7.727952e+01 
7.727923e+01 
7.727862e+01 
7.727822e+01 
7.727822e+01 
7.727822e+01 
7.727822e+01 
7.727822e+01 
7.727811e+01 
7.727806e+01 
7.727803e+01 
7.727803e+01 
7.727803e+01 
7.727798e+01 
7.727796e+01 
7.727786e+01 
7.727781e+01 
7.727781e+01 
7.727775e+01 
7.727770e+01 
7.727767e+01 
7.727765e+01 
7.727761e+01 
7.727760e+01 
7.727760e+01 
7.727759e+01 
7.727757e+01 
7.727756e+01 
7.727756e+01 
7.727756e+01 
7.727755e+01 
7.727753e+01 
7.727574e+01 
7.722528e+01 
7.719371e+01 
7.719371e+01 
7.719371e+01 
7.719371e+01 
7.719371e+01 
7.719371e+01 
7.718074e+01 
7.718074e+01 
7.718074e+01 
7.718074e+01 
7.714404e+01 
7.713949e+01 
7.713949e+01 
7.713949e+01 
7.713949e+01 
7.713949e+01 
7.713949e+01 
7.713949e+01 
7.713949e+01 
7.713949e+01 
7.713599e+01 
7.713553e+01 
7.713553e+01 
7.713530e+01 
7.713530e+01 
7.713524e+01 
7.713508e+01 
7.713508e+01 
7.713508e+01 
7.713502e+01 
7.713496e+01 
7.713454e+01 
7.713454e+01 
7.713454e+01 
7.713450e+01 
7.713402e+01 
7.713402e+01 
7.713402e+01 
7.713402e+01 
7.713363e+01 
7.713353e+01 
7.713348e+01 
7.713346e+01 
7.713343e+01 
7.713342e+01 
7.713335e+01 
7.713335e+01 
7.713303e+01 
7.713273e+01 
7.713267e+01 
7.713257e+01 
7.713227e+01 
7.713183e+01 
7.713162e+01 
7.713137e+01 
7.713103e+01 
7.713087e+01 
7.713045e+01 
7.713006e+01 
7.712979e+01 
7.712924e+01 
7.712893e+01 
7.712864e+01 
7.712846e+01 
7.712836e+01 
7.712825e+01 
7.712822e+01 
7.712812e+01 
7.712798e+01 
7.712794e+01 
7.712791e+01 
7.712788e+01 
7.712784e+01 
7.712784e+01 
7.712773e+01 
7.712767e+01 
7.712763e+01 
7.712761e+01 
7.712761e+01 
7.712758e+01 
7.712758e+01 
7.712758e+01 
7.712751e+01 
7.712750e+01 
7.712746e+01 
7.712745e+01 
7.712744e+01 
7.712744e+01 
7.712736e+01 
7.712736e+01 
7.712736e+01 
7.712735e+01 
7.712735e+01 
7.712733e+01 
7.712731e+01 
7.712731e+01 
7.712731e+01 
7.712731e+01 
7.712729e+01 
7.712729e+01 
7.712729e+01 
7.712728e+01 
7.712728e+01 
7.712727e+01 
7.712727e+01 
7.712724e+01 
7.712719e+01 
7.712717e+01 
7.712717e+01 
7.712717e+01 
7.712717e+01 
7.712716e+01 
7.712715e+01 
7.712715e+01 
7.712714e+01 
7.712714e+01 
7.712714e+01 
7.712714e+01 
7.712714e+01 
7.712714e+01 
7.712714e+01 
7.712714e+01 
7.712714e+01 
7.712714e+01 
7.712713e+01 
7.712713e+01 
7.712713e+01 
7.712713e+01 
7.712713e+01 
7.712713e+01 
7.712713e+01 
7.712713e+01 
7.712713e+01 
7.712713e+01 
7.712713e+01 
7.712713e+01 
7.712713e+01 
7.712712e+01 
7.712712e+01 
7.712712e+01 
7.712712e+01 
7.712712e+01 
7.712712e+01 
7.712712e+01 
7.712712e+01 
7.712712e+01 
7.712712e+01 
7.712712e+01 
7.712712e+01 
7.712712e+01 
7.712712e+01 
7.712712e+01 
7.712712e+01 
7.712712e+01 
7.712712e+01 
7.712712e+01 
7.712712e+01 
7.712712e+01 
7.712712e+01 
7.712712e+01 
7.712712e+01 
7.712712e+01 
7.712712e+01 
7.712712e+01 
7.712712e+01 
7.712712e+01 
7.712712e+01 
7.712712e+01 
7.712712e+01 
7.712712e+01 
7.712712e+01 
7.712712e+01 
7.712712e+01 
7.712712e+01 
7.712712e+01 
7.712712e+01 
7.712712e+01 
7.712712e+01 
7.712712e+01 
7.712712e+01 
7.712712e+01 
7.712712e+01 
7.712712e+01 
7.712712e+01 
7.712712e+01 
7.712712e+01 
7.712712e+01 
7.712712e+01 
7.712712e+01 
7.712712e+01 
7.712712e+01 
7.712712e+01 
7.712712e+01 
7.712712e+01 
7.712712e+01 
7.711428e+01 
7.711428e+01 
7.711428e+01 
7.711228e+01 
7.711228e+01 
7.710698e+01 
7.710698e+01 
7.710698e+01 
7.710500e+01 
7.710500e+01 
7.710500e+01 
7.710397e+01 
7.710395e+01 
7.710383e+01 
7.710383e+01 
7.710375e+01 
7.710375e+01 
7.710375e+01 
7.710352e+01 
7.710352e+01 
7.710352e+01 
7.710352e+01 
7.710352e+01 
7.710352e+01 
7.710352e+01 
7.710351e+01 
7.710351e+01 
7.710351e+01 
7.710351e+01 
7.710351e+01 
7.710350e+01 
7.710350e+01 
7.710350e+01 
7.710349e+01 
7.710349e+01 
7.710349e+01 
7.710348e+01 
7.710348e+01 
7.710348e+01 
7.710347e+01 
7.710347e+01 
7.710347e+01 
7.710347e+01 
7.710347e+01 
7.710347e+01 
7.710347e+01 
7.710347e+01 
7.710347e+01 
7.710347e+01 
7.710347e+01 
7.710347e+01 
7.710347e+01 
7.710347e+01 
7.710347e+01 
7.710346e+01 
7.710346e+01 
7.710346e+01 
7.710346e+01 
7.710346e+01 
7.710346e+01 
7.710346e+01 
7.710346e+01 
7.710346e+01 
7.710346e+01 
7.710346e+01 
7.710346e+01 
7.710346e+01 
7.710346e+01 
7.710346e+01 
7.710346e+01 
7.710346e+01 
7.710346e+01 
7.710346e+01 
7.710346e+01 
7.710346e+01 
7.710346e+01 
7.710346e+01 
7.710346e+01 
7.710346e+01 
7.710346e+01 
7.710346e+01 
7.710346e+01 
7.710346e+01 
7.710346e+01 
7.710346e+01 
7.710346e+01 
7.710346e+01 
7.710346e+01 
7.710346e+01 
7.710346e+01 
7.710346e+01 
7.710346e+01 
7.710346e+01 
7.710346e+01 
7.710346e+01 
7.710346e+01 
7.710346e+01 
7.710346e+01 
7.710346e+01 
7.710346e+01 
7.710346e+01 
7.710346e+01 
7.710346e+01 
7.710346e+01 
7.710346e+01 
7.710346e+01 
7.710346e+01 
7.710346e+01 
7.710346e+01 
7.710346e+01 
7.710346e+01 
7.710346e+01 
7.710346e+01 
7.710346e+01 
7.710346e+01 
7.710346e+01 
7.710346e+01 
7.710346e+01 
7.710346e+01 
7.710346e+01 
7.710346e+01 
7.710346e+01 
7.710346e+01 
7.710346e+01 
7.710346e+01 
7.710346e+01 
7.710346e+01 
7.710346e+01 
7.710346e+01 
7.710346e+01 
7.710346e+01 
7.710346e+01 
7.710346e+01 
7.710346e+01 
7.710346e+01 
7.710346e+01 
7.710346e+01 
7.710346e+01 
7.710346e+01 
7.710346e+01 
7.710346e+01 
7.710346e+01 
7.710346e+01 
7.710346e+01 
7.710346e+01 
7.710346e+01 
7.710346e+01 
7.710346e+01 
7.710346e+01 
7.710346e+01 
7.710346e+01 
7.710346e+01 
7.710346e+01 
7.710346e+01 
7.710346e+01 
7.710346e+01 
7.710346e+01 
7.710346e+01 
7.710346e+01 
7.710346e+01 
7.710346e+01 
7.710346e+01 
7.710346e+01 
7.710346e+01 
7.710346e+01 
7.710346e+01 
7.710346e+01 
7.710346e+01 
7.710346e+01 
7.710346e+01 
7.710346e+01 
7.710346e+01 
7.710346e+01 
7.710346e+01 
7.710346e+01 
7.710346e+01 
7.710346e+01 
7.710346e+01 
7.710346e+01 
7.710346e+01 
7.710346e+01 
7.710346e+01 
7.710346e+01 
7.710346e+01 
7.710346e+01 
7.710346e+01 
7.710346e+01 
7.710346e+01 
7.710346e+01 
7.710346e+01 
7.710346e+01 
7.710346e+01 
7.710346e+01 
7.710346e+01 
7.710346e+01 
7.710346e+01 
7.710346e+01 
7.710346e+01 
7.710346e+01 
7.710346e+01 
7.710346e+01 
7.710346e+01 
7.710346e+01 
7.710346e+01 
7.710346e+01 
7.710346e+01 
7.710346e+01 
7.710346e+01 
7.710346e+01 
7.710346e+01 
7.710346e+01 
7.710346e+01 
7.710346e+01 
7.710346e+01 
7.710346e+01 
7.710346e+01 
7.710346e+01 
7.710346e+01 
7.710346e+01 
7.710346e+01 
7.710346e+01 
7.710346e+01 
7.710346e+01 
7.710346e+01 
7.710346e+01 
7.710346e+01 
7.710346e+01 
7.710346e+01 
7.710346e+01 
7.710346e+01 
7.710346e+01 
7.710346e+01 
7.710346e+01 
7.710346e+01 
7.710346e+01 
7.710346e+01 
7.710346e+01 
7.710346e+01 
7.710346e+01 
7.710346e+01 
7.710346e+01 
7.710346e+01 
7.710346e+01 
7.710346e+01 
7.710346e+01 
7.710346e+01 
7.710346e+01 
7.710346e+01 
7.710346e+01 
7.710346e+01 
7.710346e+01 
7.710346e+01 
7.710346e+01 
7.710346e+01 
7.710346e+01 
7.710346e+01 
7.710346e+01 
7.710346e+01 
7.710346e+01 
7.710346e+01 
7.710346e+01 
7.710346e+01 
7.710346e+01 
7.710346e+01 
7.710346e+01 
7.710346e+01 
7.710346e+01 
7.710346e+01 
7.710346e+01 
7.710346e+01 
7.710346e+01 
7.710346e+01 
7.710346e+01 
7.710346e+01 
7.710346e+01 
7.710346e+01 
7.710346e+01 
7.710346e+01 
7.710346e+01 
7.710346e+01 
7.710346e+01 
7.710346e+01 
7.710346e+01 
7.710346e+01 
7.710346e+01 
7.710346e+01 
7.710346e+01 
7.710346e+01 
7.710346e+01 
7.710346e+01 
7.710346e+01 
7.710346e+01 
7.710346e+01 
7.710346e+01 
7.710346e+01 
7.710346e+01 
7.710346e+01 
7.710346e+01 
7.710346e+01 
7.710346e+01 
7.710346e+01 
7.710346e+01 
7.710346e+01 
7.710346e+01 
7.710346e+01 
7.710346e+01 
7.710346e+01 
7.710346e+01 
7.710346e+01 
7.710318e+01 
7.710271e+01 
7.710271e+01 
7.710271e+01 
7.710271e+01 
7.710271e+01 
7.710271e+01 
7.710257e+01 
7.710257e+01 
7.710222e+01 
7.710222e+01 
7.710199e+01 
7.710199e+01 
7.710199e+01 
7.710199e+01 
7.710199e+01 
7.710199e+01 
7.710199e+01 
7.710199e+01 
7.710199e+01 
7.710199e+01 
7.710199e+01 
7.710199e+01 
7.710199e+01 
7.710199e+01 
7.710199e+01 
7.710199e+01 
7.710197e+01 
7.710197e+01 
7.710197e+01 
7.710197e+01 
7.710196e+01 
7.710196e+01 
7.710196e+01 
7.710196e+01 
7.710196e+01 
7.710195e+01 
7.710195e+01 
7.710195e+01 
7.710194e+01 
7.710194e+01 
7.710194e+01 
7.710194e+01 
7.710194e+01 
7.710194e+01 
7.710194e+01 
7.710193e+01 
7.710193e+01 
7.710193e+01 
7.710193e+01 
7.710193e+01 
7.710193e+01 
7.710192e+01 
7.710192e+01 
7.710192e+01 
7.710192e+01 
7.710192e+01 
7.710192e+01 
7.710192e+01 
7.710192e+01 
7.710192e+01 
7.710192e+01 
7.710192e+01 
7.710192e+01 
7.710192e+01 
7.710192e+01 
7.710192e+01 
7.710192e+01 
7.710192e+01 
7.710192e+01 
7.710192e+01 
7.710192e+01 
7.710192e+01 
7.710192e+01 
7.710192e+01 
7.710192e+01 
7.710192e+01 
7.710192e+01 
7.710192e+01 
7.710192e+01 
7.710192e+01 
7.710192e+01 
7.710192e+01 
7.710192e+01 
7.710192e+01 
7.710192e+01 
7.710192e+01 
7.710192e+01 
7.710192e+01 
7.710192e+01 
7.710192e+01 
7.710192e+01 
7.710192e+01 
7.710192e+01 
7.710192e+01 
7.710192e+01 
7.710192e+01 
7.710192e+01 
7.710192e+01 
7.710192e+01 
7.710192e+01 
7.710192e+01 
7.710192e+01 
7.710192e+01 
7.710192e+01 
7.710192e+01 
7.710192e+01 
7.710192e+01 
7.710192e+01 
7.710192e+01 
7.710192e+01 
7.710192e+01 
7.710192e+01 
7.710192e+01 
7.710192e+01 
7.710192e+01 
7.710192e+01 
7.710192e+01 
7.710192e+01 
7.710192e+01 
7.710192e+01 
7.710192e+01 
7.710192e+01 
7.710192e+01 
7.710192e+01 
7.710192e+01 
7.710192e+01 
7.710192e+01 
7.710192e+01 
7.710192e+01 
7.710192e+01 
7.710192e+01 
7.710192e+01 
7.710192e+01 
7.710192e+01 
7.710192e+01 
7.710192e+01 
7.710192e+01 
7.710192e+01 
7.710192e+01 
7.710192e+01 
7.710192e+01 
7.710192e+01 
7.710192e+01 
7.710192e+01 
7.710192e+01 
7.710192e+01 
7.710192e+01 
7.710192e+01 
7.710192e+01 
7.710192e+01 
7.710192e+01 
7.710192e+01 
7.710192e+01 
7.710192e+01 
7.710192e+01 
7.710192e+01 
7.710192e+01 
7.710192e+01 
7.710192e+01 
7.710191e+01 
7.710191e+01 
7.710191e+01 
7.710191e+01 
7.710191e+01 
7.710191e+01 
7.710191e+01 
7.710191e+01 
7.710191e+01 
7.710191e+01 
7.710191e+01 
7.710191e+01 
7.710191e+01 
7.710191e+01 
7.710191e+01 
7.710191e+01 
7.710191e+01 
7.710191e+01 
7.710191e+01 
7.710191e+01 
7.710191e+01 
7.710191e+01 
7.710191e+01 
7.710191e+01 
7.710191e+01 
7.710191e+01 
7.710191e+01 
7.710191e+01 
7.710191e+01 
7.710191e+01 
7.710191e+01 
7.710191e+01 
7.710191e+01 
7.710191e+01 
7.710191e+01 
7.710191e+01 
7.710191e+01 
7.710191e+01 
7.710191e+01 
7.710191e+01 
7.710191e+01 
7.710191e+01 
7.710191e+01 
7.710191e+01 
7.710191e+01 
7.710191e+01 
7.710191e+01 
7.710191e+01 
7.710191e+01 
7.710191e+01 
7.710191e+01 
7.710191e+01 
7.710191e+01 
7.710191e+01 
7.710191e+01 
7.710191e+01 
7.710191e+01 
7.710191e+01 
7.710191e+01 
7.710191e+01 
7.710191e+01 
7.710191e+01 
7.710191e+01 
7.710191e+01 
7.710191e+01 
7.710191e+01 
7.710191e+01 
7.710191e+01 
7.710191e+01 
7.710191e+01 
7.710191e+01 
7.710191e+01 
7.710191e+01 
7.710191e+01 
7.710191e+01 
7.710191e+01 
7.710191e+01 
7.710191e+01 
7.710191e+01 
7.710191e+01 
7.710191e+01 
7.710191e+01 
7.710191e+01 
7.710191e+01 
7.710191e+01 
7.710191e+01 
7.710191e+01 
7.710191e+01 
7.710191e+01 
7.710191e+01 
7.710191e+01 
7.710191e+01 
7.710191e+01 
7.710191e+01 
7.710191e+01 
7.710191e+01 
7.710191e+01 
7.710191e+01 
7.710191e+01 
7.710191e+01 
7.710191e+01 
7.710191e+01 
7.710191e+01 
7.710191e+01 
7.710191e+01 
7.710191e+01 
7.710191e+01 
7.710191e+01 
7.710191e+01 
7.710191e+01 
7.710191e+01 
7.710191e+01 
7.710191e+01 
7.710191e+01 
7.710191e+01 
7.710191e+01 
7.710191e+01 
7.710191e+01 
7.710191e+01 
7.710191e+01 
7.710191e+01 
7.710191e+01 
7.710191e+01 
7.710191e+01 
7.710191e+01 
7.710191e+01 
7.710191e+01 
7.710191e+01 
7.710191e+01 
7.710191e+01 
7.710191e+01 
7.710191e+01 
7.710191e+01 
7.710191e+01 
7.710191e+01 
7.710191e+01 
7.710191e+01 
7.710191e+01 
7.710191e+01 
7.710191e+01 
7.710191e+01 
7.710191e+01 
7.710191e+01 
7.710191e+01 
7.710191e+01 
7.710191e+01 
7.710191e+01 
7.710191e+01 
7.710191e+01 
7.710191e+01 
7.710191e+01 
7.710191e+01 
7.710191e+01 
7.710191e+01 
7.710191e+01 
7.710191e+01 
7.710191e+01 
7.710191e+01 
7.710191e+01 
7.710191e+01 
7.710191e+01 
7.710191e+01 
7.710191e+01 
7.710191e+01 
7.710191e+01 
7.710191e+01 
7.710191e+01 
7.710191e+01 
7.710191e+01 
7.710191e+01 
7.710191e+01 
7.710191e+01 
7.710191e+01 
7.710191e+01 
7.710191e+01 
7.710191e+01 
7.710191e+01 
7.710191e+01 
7.710191e+01 
7.710191e+01 
7.710191e+01 
7.710191e+01 
7.710191e+01 
7.710191e+01 
7.710191e+01 
7.710191e+01 
7.710191e+01 
7.710191e+01 
7.710191e+01 
7.710191e+01 
7.710191e+01 
7.710191e+01 
7.710191e+01 
7.710191e+01 
7.710191e+01 
7.710191e+01 
7.710191e+01 
7.710191e+01 
7.710191e+01 
7.710191e+01 
7.710191e+01 
7.710191e+01 
7.710191e+01 
7.710191e+01 
7.710191e+01 
7.710191e+01 
7.710191e+01 
7.710191e+01 
7.710191e+01 
7.710191e+01 
7.710191e+01 
7.710191e+01 
7.710191e+01 
7.710191e+01 
7.710191e+01 
7.710191e+01 
7.710191e+01 
7.710191e+01 
7.710191e+01 
7.710191e+01 
7.710191e+01 
7.710191e+01 
7.710191e+01 
7.710191e+01 
7.710191e+01 
7.710191e+01 
7.710191e+01 
7.710191e+01 
7.710191e+01 
7.710191e+01 
7.710191e+01 
7.710191e+01 
7.710191e+01 
7.710191e+01 
7.710191e+01 
7.710191e+01 
7.710191e+01 
7.710191e+01 
7.710191e+01 
7.710191e+01 
7.710191e+01 
7.710191e+01 
7.710191e+01 
7.710191e+01 
7.710191e+01 
7.710191e+01 
7.710191e+01 
7.710191e+01 
7.710191e+01 
7.710191e+01 
7.710191e+01 
7.710191e+01 
7.710191e+01 
7.710191e+01 
7.710191e+01 
7.710191e+01 
7.710191e+01 
7.710191e+01 
7.710191e+01 
7.710191e+01 
7.710191e+01 
7.710191e+01 
7.710191e+01 
7.710191e+01 
7.710191e+01 
7.710191e+01 
7.710191e+01 
7.710191e+01 
7.710191e+01 
7.710191e+01 
7.710191e+01 
7.710191e+01 
7.710191e+01 
7.710191e+01 
7.710191e+01 
7.710191e+01 
7.710191e+01 
7.710191e+01 
7.710191e+01 
7.710191e+01 
7.710191e+01 
7.710191e+01 
7.710191e+01 
7.710191e+01 
7.710191e+01 
7.710191e+01 
7.710191e+01 
7.710191e+01 
7.710191e+01 
7.710191e+01 
7.710191e+01 
7.710191e+01 
7.710191e+01 
7.710191e+01 
7.710191e+01 
7.710191e+01 
7.710191e+01 
7.710191e+01 
7.710191e+01 
7.710191e+01 
7.710191e+01 
7.710191e+01 
7.710191e+01 
7.710191e+01 
7.710191e+01 
7.710191e+01 
7.710191e+01 
7.710191e+01 
7.710191e+01 
7.710191e+01 
7.710191e+01 
7.710191e+01 
7.710191e+01 
7.710191e+01 
7.710191e+01 
7.710191e+01 
7.710191e+01 
7.710191e+01 
7.710191e+01 
7.710191e+01 
7.710191e+01 
7.710191e+01 
7.710191e+01 
7.710191e+01 
7.710191e+01 
7.710191e+01 
7.710191e+01 
7.710191e+01 
7.710191e+01 
7.710191e+01 
7.710191e+01 
7.710191e+01 
7.710191e+01 
7.710191e+01 
7.710191e+01 
7.710191e+01 
7.710191e+01 
7.710191e+01 
7.710191e+01 
7.710191e+01 
7.710191e+01 
7.710191e+01 
7.710191e+01 
7.710191e+01 
7.710191e+01 
7.710191e+01 
7.710191e+01 
7.710191e+01 
7.710191e+01 
7.710191e+01 
7.710191e+01 
7.710191e+01 
7.710191e+01 
7.710191e+01 
7.710191e+01 
7.710191e+01 
7.710191e+01 
7.710191e+01 
7.710191e+01 
7.710191e+01 
7.710191e+01 
7.710191e+01 
7.710191e+01 
7.710191e+01 
7.710191e+01 
7.710191e+01 
7.710191e+01 
7.710191e+01 
7.710191e+01 
7.710191e+01 
7.710191e+01 
7.710191e+01 
7.710191e+01 
7.710191e+01 
7.710191e+01 
7.710191e+01 
7.710191e+01 
7.710191e+01 
7.710191e+01 
7.710191e+01 
7.710191e+01 
7.710191e+01 
7.710191e+01 
7.710191e+01 
7.710191e+01 
7.710191e+01 
7.710191e+01 
7.710191e+01 
7.710191e+01 
7.710191e+01 
7.710191e+01 
7.710191e+01 
7.710191e+01 
7.710191e+01 
7.710191e+01 
7.710191e+01 
7.710191e+01 
7.710191e+01 
7.710191e+01 
7.710191e+01 
7.710191e+01 
7.710191e+01 
7.710191e+01 
7.710191e+01 
7.710191e+01 
7.710191e+01 
7.710191e+01 
7.710191e+01 
7.710191e+01 
7.710191e+01 
7.710191e+01 
7.710191e+01 
7.710191e+01 
7.710191e+01 
7.710191e+01 
7.710191e+01 
7.710191e+01 
7.710191e+01 
7.710191e+01 
7.710191e+01 
7.710191e+01 
7.710191e+01 
7.710191e+01 
7.710191e+01 
7.710191e+01 
7.710191e+01 
7.710191e+01 
7.710191e+01 
7.710191e+01 
7.710191e+01 
7.710191e+01 
7.710191e+01 
7.710191e+01 
7.710191e+01 
7.710191e+01 
7.710191e+01 
7.710191e+01 
7.710191e+01 
7.710191e+01 
7.710191e+01 
7.710191e+01 
7.710191e+01 
7.710191e+01 
7.710191e+01 
7.710191e+01 
7.710191e+01 
7.710191e+01 
7.710191e+01 
7.710191e+01 
7.710191e+01 
7.710191e+01 
7.710191e+01 
7.710191e+01 
7.710191e+01 
7.710191e+01 
7.710191e+01 
7.710191e+01 
7.710191e+01 
7.710191e+01 
7.710191e+01 
7.710191e+01 
7.710191e+01 
7.710191e+01 
7.710191e+01 
7.710191e+01 
7.710191e+01 
7.710191e+01 
7.710191e+01 
7.710191e+01 
7.710191e+01 
7.710191e+01 
7.710191e+01 
7.710191e+01 
7.710191e+01 
7.710191e+01 
7.710191e+01 
7.710191e+01 
7.710191e+01 
7.710191e+01 
7.710191e+01 
7.710191e+01 
7.710191e+01 
7.710191e+01 
7.710191e+01 
7.710191e+01 
7.710191e+01 
7.710191e+01 
7.710191e+01 
7.710191e+01 
7.710191e+01 
7.710191e+01 
7.710191e+01 
7.710191e+01 
7.710191e+01 
7.710191e+01 
7.710191e+01 
7.710191e+01 
7.710191e+01 
7.710191e+01 
7.710191e+01 
7.710191e+01 
7.710191e+01 
7.710191e+01 
7.710191e+01 
7.710191e+01 
7.710191e+01 
7.710191e+01 
7.710191e+01 
7.710191e+01 
7.710191e+01 
7.710191e+01 
7.710191e+01 
7.710191e+01 
7.710191e+01 
7.710191e+01 
7.710191e+01 
7.710191e+01 
7.710191e+01 
7.710191e+01 
7.710191e+01 
7.710191e+01 
7.710191e+01 
7.710191e+01 
7.710191e+01 
7.710191e+01 
7.710191e+01 
7.710191e+01 
7.710191e+01 
7.710191e+01 
7.710191e+01 
7.710191e+01 
7.710191e+01 
7.710191e+01 
7.710191e+01 
7.710191e+01 
7.710191e+01 
7.710191e+01 
7.710191e+01 
7.710191e+01 
7.710191e+01 
7.710191e+01 
7.710191e+01 
7.710191e+01 
7.710191e+01 
7.710191e+01 
7.710191e+01 
7.710191e+01 
7.710191e+01 
7.710191e+01 
7.710191e+01 
7.710191e+01 
7.710191e+01 
7.710191e+01 
7.710191e+01 
7.710191e+01 
7.710191e+01 
7.710191e+01 
7.710191e+01 
7.710191e+01 
7.710191e+01 
7.710191e+01 
7.710191e+01 
7.710191e+01 
7.710191e+01 
7.710191e+01 
7.710191e+01 
7.710191e+01 
7.710191e+01 
7.710191e+01 
7.710191e+01 
7.710191e+01 
7.710191e+01 
7.710191e+01 
7.710191e+01 
7.710191e+01 
7.710191e+01 
7.710191e+01 
7.710191e+01 
7.710191e+01 
7.710191e+01 
7.710191e+01 
7.710191e+01 
7.710191e+01 
7.710191e+01 
7.710191e+01 
7.710191e+01 
7.710191e+01 
7.710191e+01 
7.710191e+01 
7.710191e+01 
7.710191e+01 
7.710191e+01 
7.710191e+01 
7.710191e+01 
7.710191e+01 
7.710191e+01 
7.710191e+01 
7.710191e+01 
7.710191e+01 
7.710191e+01 
7.710191e+01 
7.710191e+01 
7.710191e+01 
7.710191e+01 
7.710191e+01 
7.710191e+01 
7.710191e+01 
7.710191e+01 
7.710191e+01 
7.710191e+01 
7.710191e+01 
7.710191e+01 
7.710191e+01 
7.710191e+01 
7.710191e+01 
7.710191e+01 
7.710191e+01 
7.710191e+01 
7.710191e+01 
7.710191e+01 
7.710191e+01 
7.710191e+01 
7.710191e+01 
7.710191e+01 
7.710191e+01 
7.710191e+01 
7.710191e+01 
7.710191e+01 
7.710191e+01 
7.710191e+01 
7.710191e+01 
7.710191e+01 
7.710191e+01 
7.710191e+01 
7.710191e+01 
7.710191e+01 
7.710191e+01 
7.710191e+01 
7.710191e+01 
7.710191e+01 
7.710191e+01 
7.710191e+01 
7.710191e+01 
7.710191e+01 
7.710191e+01 
7.710191e+01 
7.710191e+01 
7.710191e+01 
7.710191e+01 
7.710191e+01 
7.710191e+01 
7.710191e+01 
7.710191e+01 
7.710191e+01 
7.710191e+01 
7.710191e+01 
7.710191e+01 
7.710191e+01 
7.710191e+01 
7.710191e+01 
7.710191e+01 
7.710191e+01 
7.710191e+01 
7.710191e+01 
7.710191e+01 
7.710191e+01 
7.710191e+01 
7.710191e+01 
7.710191e+01 
7.710191e+01 
7.710191e+01 
7.710191e+01 
7.710191e+01 
7.710191e+01 
7.710191e+01 
7.710191e+01 
7.710191e+01 
7.710191e+01 
7.710191e+01 
7.710191e+01 
7.710191e+01 
7.710191e+01 
7.710191e+01 
7.710191e+01 
7.710191e+01 
7.710191e+01 
7.710191e+01 
7.710191e+01 
7.710191e+01 
7.710191e+01 
7.710191e+01 
7.710191e+01 
7.710191e+01 
7.710191e+01 
7.710191e+01 
7.710191e+01 
7.710191e+01 
7.710191e+01 
7.710191e+01 
7.710191e+01 
7.710191e+01 
7.710191e+01 
7.710191e+01 
7.710191e+01 
7.710191e+01 
7.710191e+01 
7.710191e+01 
7.710191e+01 
7.710191e+01 
7.710191e+01 
7.710191e+01 
7.710191e+01 
7.710191e+01 
7.710191e+01 
7.710191e+01 
7.710191e+01 
7.710191e+01 
7.710191e+01 
7.710191e+01 
7.710191e+01 
7.710191e+01 
7.710191e+01 
7.710191e+01 
7.710191e+01 
7.710191e+01 
7.710191e+01 
7.710191e+01 
7.710191e+01 
7.710191e+01 
7.710191e+01 
7.710191e+01 
7.710191e+01 
7.710191e+01 
7.710191e+01 
7.710191e+01 
7.710191e+01 
7.710191e+01 
7.710191e+01 
7.710191e+01 
7.710191e+01 
7.710191e+01 
7.710191e+01 
7.710191e+01 
7.710191e+01 
7.710191e+01 
7.710191e+01 
7.710191e+01 
7.710191e+01 
7.710191e+01 
7.710191e+01 
7.710191e+01 
7.710191e+01 
7.710191e+01 
7.710191e+01 
7.710191e+01 
7.710191e+01 
7.710191e+01 
7.710191e+01 
7.710191e+01 
7.710191e+01 
7.710191e+01 
7.710191e+01 
7.710191e+01 
7.710191e+01 
7.710191e+01 
7.710191e+01 
7.710191e+01 
7.710191e+01 
7.710191e+01 
7.710191e+01 
7.710191e+01 
7.710191e+01 
7.710191e+01 
7.710191e+01 
7.710191e+01 
7.710191e+01 
7.710191e+01 
7.710191e+01 
7.710191e+01 
7.710191e+01 
7.710191e+01 
7.710191e+01 
7.710191e+01 
7.710191e+01 
7.710191e+01 
7.710191e+01 
7.710191e+01 
7.710191e+01 
7.710191e+01 
7.710191e+01 
7.710191e+01 
7.710191e+01 
7.710191e+01 
7.710191e+01 
7.710191e+01 
7.710191e+01 
7.710191e+01 
7.710191e+01 
7.710191e+01 
7.710191e+01 
7.710191e+01 
7.710191e+01 
7.710191e+01 
7.710191e+01 
7.710191e+01 
7.710191e+01 
7.710191e+01 
7.710191e+01 
7.710191e+01 
7.710191e+01 
7.710191e+01 
7.710191e+01 
7.710191e+01 
7.710191e+01 
7.710191e+01 
7.710191e+01 
7.710191e+01 
7.710191e+01 
7.710191e+01 
7.710191e+01 
7.710191e+01 
7.710191e+01 
7.710191e+01 
7.710191e+01 
7.710191e+01 
7.710191e+01 
7.710191e+01 
7.710191e+01 
7.710191e+01 
7.710191e+01 
7.710191e+01 
7.710191e+01 
7.710191e+01 
7.710191e+01 
7.710191e+01 
7.710191e+01 
7.710191e+01 
7.710191e+01 
7.710191e+01 
7.710191e+01 
7.710191e+01 
7.710191e+01 
7.710191e+01 
7.710191e+01 
7.710191e+01 
7.710191e+01 
7.710191e+01 
7.710191e+01 
7.710191e+01 
7.710191e+01 
7.710191e+01 
7.710191e+01 
7.710191e+01 
7.710191e+01 
7.710191e+01 
7.710191e+01 
7.710191e+01 
7.710191e+01 
7.710191e+01 
7.710191e+01 
7.710191e+01 
7.710191e+01 
7.710191e+01 
7.710191e+01 
7.710191e+01 
7.710191e+01 
7.710191e+01 
7.710191e+01 
7.710191e+01 
7.710191e+01 
7.710191e+01 
7.710191e+01 
7.710191e+01 
7.710191e+01 
7.710191e+01 
7.710191e+01 
7.710191e+01 
7.710191e+01 
7.710191e+01 
7.710191e+01 
7.710191e+01 
7.710191e+01 
7.710191e+01 
7.710191e+01 
7.710191e+01 
7.710191e+01 
7.710191e+01 
7.710191e+01 
7.710191e+01 
7.710191e+01 
7.710191e+01 
7.710191e+01 
7.710191e+01 
7.710191e+01 
7.710191e+01 
7.710191e+01 
7.710191e+01 
7.710191e+01 
7.710191e+01 
7.710191e+01 
7.710191e+01 
7.710191e+01 
7.710191e+01 
7.710191e+01 
7.710191e+01 
7.710191e+01 
7.710191e+01 
7.710191e+01 
7.710191e+01 
7.710191e+01 
7.710191e+01 
7.710191e+01 
7.710191e+01 
7.710191e+01 
7.710191e+01 
7.710191e+01 
7.710191e+01 
7.710191e+01 
7.710191e+01 
7.710191e+01 
7.710191e+01 
7.710191e+01 
7.710191e+01 
7.710191e+01 
7.710191e+01 
7.710191e+01 
7.710191e+01 
7.710191e+01 
7.710191e+01 
7.710191e+01 
7.710191e+01 
7.710191e+01 
7.710191e+01 
7.710191e+01 
7.710191e+01 
7.710191e+01 
7.710191e+01 
7.710191e+01 
7.710191e+01 
7.710191e+01 
7.710191e+01 
7.710191e+01 
7.710191e+01 
7.710191e+01 
7.710191e+01 
7.710191e+01 
7.710191e+01 
7.710191e+01 
7.710191e+01 
7.710191e+01 
7.710191e+01 
7.710191e+01 
7.710191e+01 
7.710191e+01 
7.710191e+01 
7.710191e+01 
7.710191e+01 
7.710191e+01 
7.710191e+01 
7.710191e+01 
7.710191e+01 
7.710191e+01 
7.710191e+01 
7.710191e+01 
7.710191e+01 
7.710191e+01 
7.710191e+01 
7.710191e+01 
7.710191e+01 
7.710191e+01 
7.710191e+01 
7.710191e+01 
7.710191e+01 
7.710191e+01 
7.710191e+01 
7.710191e+01 
7.710191e+01 
7.710191e+01 
7.710191e+01 
7.710191e+01 
7.710191e+01 
7.710191e+01 
7.710191e+01 
7.710191e+01 
7.710191e+01 
7.710191e+01 
7.710191e+01 
7.710191e+01 
7.710191e+01 
7.710191e+01 
7.710191e+01 
7.710191e+01 
7.710191e+01 
7.710191e+01 
7.710191e+01 
7.710191e+01 
7.710191e+01 
7.710191e+01 
7.710191e+01 
7.710191e+01 
7.710191e+01 
7.710191e+01 
7.710191e+01 
7.710191e+01 
7.710191e+01 
7.710191e+01 
7.710191e+01 
7.710191e+01 
7.710191e+01 
7.710191e+01 
7.710191e+01 
7.710191e+01 
7.710191e+01 
7.710191e+01 
7.710191e+01 
7.710191e+01 
7.710191e+01 
7.710191e+01 
7.710191e+01 
7.710191e+01 
7.710191e+01 
7.710191e+01 
7.710191e+01 
7.710191e+01 
7.710191e+01 
7.710191e+01 
7.710191e+01 
7.710191e+01 
7.710191e+01 
7.710191e+01 
7.710191e+01 
7.710191e+01 
7.710191e+01 
7.710191e+01 
7.710191e+01 
7.710191e+01 
7.710191e+01 
7.710191e+01 
7.710191e+01 
7.710191e+01 
7.710191e+01 
7.710191e+01 
7.710191e+01 
7.710191e+01 
7.710191e+01 
7.710191e+01 
7.710191e+01 
7.710191e+01 
7.710191e+01 
7.710191e+01 
7.710191e+01 
7.710191e+01 
7.710191e+01 
7.710191e+01 
7.710191e+01 
7.710191e+01 
7.710191e+01 
7.710191e+01 
7.710191e+01 
7.710191e+01 
7.710191e+01 
7.710191e+01 
7.710191e+01 
7.710191e+01 
7.710191e+01 
7.710191e+01 
7.710191e+01 
7.710191e+01 
7.710191e+01 
7.710191e+01 
7.710191e+01 
7.710191e+01 
7.710191e+01 
7.710191e+01 
7.710191e+01 
7.710191e+01 
7.710191e+01 
7.710191e+01 
7.710191e+01 
7.710191e+01 
7.710191e+01 
7.710191e+01 
7.710191e+01 
7.710191e+01 
7.710191e+01 
7.710191e+01 
7.710191e+01 
7.710191e+01 
7.710191e+01 
7.710191e+01 
7.710191e+01 
7.710191e+01 
7.710191e+01 
7.710191e+01 
7.710191e+01 
7.710191e+01 
7.710191e+01 
7.710191e+01 
7.710191e+01 
7.710191e+01 
7.710191e+01 
7.710191e+01 
7.710191e+01 
7.710191e+01 
7.710191e+01 
7.710191e+01 
7.710191e+01 
7.710191e+01 
7.710191e+01 
7.710191e+01 
7.710191e+01 
7.710191e+01 
7.710191e+01 
7.710191e+01 
7.710191e+01 
7.710191e+01 
7.710191e+01 
7.710191e+01 
7.710191e+01 
7.710191e+01 
7.710191e+01 
7.710191e+01 
7.710191e+01 
7.710191e+01 
7.710191e+01 
7.710191e+01 
7.710191e+01 
7.710191e+01 
7.710191e+01 
7.710191e+01 
7.710191e+01 
7.710191e+01 
7.710191e+01 
7.710191e+01 
7.710191e+01 
7.710191e+01 
7.710191e+01 
7.710191e+01 
7.710191e+01 
7.710191e+01 
7.710191e+01 
7.710191e+01 
7.710191e+01 
7.710191e+01 
7.710191e+01 
7.710191e+01 
7.710191e+01 
7.710191e+01 
7.710191e+01 
7.710191e+01 
7.710191e+01 
7.710191e+01 
7.710191e+01 
7.710191e+01 
7.710191e+01 
7.710191e+01 
7.710191e+01 
7.710191e+01 
7.710191e+01 
7.710191e+01 
7.710191e+01 
7.710191e+01 
7.710191e+01 
7.710191e+01 
7.710191e+01 
7.710191e+01 
7.710191e+01 
7.710191e+01 
7.710191e+01 
7.710191e+01 
7.710191e+01 
7.710191e+01 
7.710191e+01 
7.710191e+01 
7.710191e+01 
7.710191e+01 
7.710191e+01 
7.710191e+01 
7.710191e+01 
7.710191e+01 
7.710191e+01 
7.710191e+01 
7.710191e+01 
7.710191e+01 
7.710191e+01 
7.710191e+01 
7.710191e+01 
7.710191e+01 
7.710191e+01 
7.710191e+01 
7.710191e+01 
7.710191e+01 
7.710191e+01 
7.710191e+01 
7.710191e+01 
7.710191e+01 
7.710191e+01 
7.710191e+01 
7.710191e+01 
7.710191e+01 
7.710191e+01 
7.710191e+01 
7.710191e+01 
7.710191e+01 
7.710191e+01 
7.710191e+01 
7.710191e+01 
7.710191e+01 
7.710191e+01 
7.710191e+01 
7.710191e+01 
7.710191e+01 
7.710191e+01 
7.710191e+01 
7.710191e+01 
7.710191e+01 
7.710191e+01 
7.710191e+01 
7.710191e+01 
7.710191e+01 
7.710191e+01 
7.710191e+01 
7.710191e+01 
7.710191e+01 
7.710191e+01 
7.710191e+01 
7.710191e+01 
7.710191e+01 
7.710191e+01 
7.710191e+01 
7.710191e+01 
7.710191e+01 
7.710191e+01 
7.710191e+01 
7.710191e+01 
7.710191e+01 
7.710191e+01 
7.710191e+01 
7.710191e+01 
7.710191e+01 
7.710191e+01 
7.710191e+01 
7.710191e+01 
7.710191e+01 
7.710191e+01 
7.710191e+01 
7.710191e+01 
7.710191e+01 
7.710191e+01 
7.710191e+01 
7.710191e+01 
7.710191e+01 
7.710191e+01 
7.710191e+01 
7.710191e+01 
7.710191e+01 
7.710191e+01 
7.710191e+01 
7.710191e+01 
7.710191e+01 
7.710191e+01 
7.710191e+01 
7.710191e+01 
7.710191e+01 
7.710191e+01 
7.710191e+01 
7.710191e+01 
7.710191e+01 
7.710191e+01 
7.710191e+01 
7.710191e+01 
7.710191e+01 
7.710191e+01 
7.710191e+01 
7.710191e+01 
7.710191e+01 
7.710191e+01 
7.710191e+01 
7.710191e+01 
7.710191e+01 
7.710191e+01 
7.710191e+01 
7.710191e+01 
7.710191e+01 
7.710191e+01 
7.710191e+01 
7.710191e+01 
7.710191e+01 
7.710191e+01 
7.710191e+01 
7.710191e+01 
7.710191e+01 
7.710191e+01 
7.710191e+01 
7.710191e+01 
7.710191e+01 
7.710191e+01 
7.710191e+01 
7.710191e+01 
7.710191e+01 
7.710191e+01 
7.710191e+01 
7.710191e+01 
7.710191e+01 
7.710191e+01 
7.710191e+01 
7.710191e+01 
7.710191e+01 
7.710191e+01 
7.710191e+01 
7.710191e+01 
7.710191e+01 
7.710191e+01 
7.710191e+01 
7.710191e+01 
7.710191e+01 
7.710191e+01 
7.710191e+01 
7.710191e+01 
7.710191e+01 
7.710191e+01 
7.710191e+01 
7.710191e+01 
7.710191e+01 
7.710191e+01 
7.710191e+01 
7.710191e+01 
7.710191e+01 
7.710191e+01 
7.710191e+01 
7.710191e+01 
7.710191e+01 
7.710191e+01 
7.710191e+01 
7.710191e+01 
7.710191e+01 
7.710191e+01 
7.710191e+01 
7.710191e+01 
7.710191e+01 
7.710191e+01 
7.710191e+01 
7.710191e+01 
7.710191e+01 
7.710191e+01 
7.710191e+01 
7.710191e+01 
7.710191e+01 
7.710191e+01 
7.710191e+01 
7.710191e+01 
7.710191e+01 
7.710191e+01 
7.710191e+01 
7.710191e+01 
7.710191e+01 
7.710191e+01 
7.710191e+01 
7.710191e+01 
7.710191e+01 
7.710191e+01 
7.710191e+01 
7.710191e+01 
7.710191e+01 
7.710191e+01 
7.710191e+01 
7.710191e+01 
7.710191e+01 
7.710191e+01 
7.710191e+01 
7.710191e+01 
7.710191e+01 
7.710191e+01 
7.710191e+01 
7.710191e+01 
7.710191e+01 
7.710191e+01 
7.710191e+01 
7.710191e+01 
7.710191e+01 
7.710191e+01 
7.710191e+01 
7.710191e+01 
7.710191e+01 
7.710191e+01 
7.710191e+01 
7.710191e+01 
7.710191e+01 
7.710191e+01 
7.710191e+01 
7.710191e+01 
7.710191e+01 
7.710191e+01 
7.710191e+01 
7.710191e+01 
7.710191e+01 
7.710191e+01 
7.710191e+01 
7.710191e+01 
7.710191e+01 
7.710191e+01 
7.710191e+01 
7.710191e+01 
7.710191e+01 
7.710191e+01 
7.710191e+01 
7.710191e+01 
7.710191e+01 
7.710191e+01 
7.710191e+01 
7.710191e+01 
7.710191e+01 
7.710191e+01 
7.710191e+01 
7.710191e+01 
7.710191e+01 
7.710191e+01 
7.710191e+01 
7.710191e+01 
7.710191e+01 
7.710191e+01 
7.710191e+01 
7.710191e+01 
7.710191e+01 
7.710191e+01 
7.710191e+01 
7.710191e+01 
7.710191e+01 
7.710191e+01 
7.710191e+01 
7.710191e+01 
7.710191e+01 
7.710191e+01 
7.710191e+01 
7.710191e+01 
7.710191e+01 
7.710191e+01 
7.710191e+01 
7.710191e+01 
7.710191e+01 
7.710191e+01 
7.710191e+01 
7.710191e+01 
7.710191e+01 
7.710191e+01 
7.710191e+01 
7.710191e+01 
7.710191e+01 
7.710191e+01 
7.710191e+01 
7.710191e+01 
7.710191e+01 
7.710191e+01 
7.710191e+01 
7.710191e+01 
7.710191e+01 
7.710191e+01 
7.710191e+01 
7.710191e+01 
7.710191e+01 
7.710191e+01 
7.710191e+01 
7.710191e+01 
7.710191e+01 
7.710191e+01 
7.710191e+01 
7.710191e+01 
7.710191e+01 
7.710191e+01 
7.710191e+01 
7.710191e+01 
7.710191e+01 
7.710191e+01 
7.710191e+01 
7.710191e+01 
7.710191e+01 
7.710191e+01 
7.710191e+01 
7.710191e+01 
7.710191e+01 
7.710191e+01 
7.710191e+01 
7.710191e+01 
7.710191e+01 
7.710191e+01 
7.710191e+01 
7.710191e+01 
7.710191e+01 
7.710191e+01 
7.710191e+01 
7.710191e+01 
7.710191e+01 
7.710191e+01 
7.710191e+01 
7.710191e+01 
7.710191e+01 
7.710191e+01 
7.710191e+01 
7.710191e+01 
7.710191e+01 
7.710191e+01 
7.710191e+01 
7.710191e+01 
7.710191e+01 
7.710191e+01 
7.710191e+01 
7.710191e+01 
7.710191e+01 
7.710191e+01 
7.710191e+01 
7.710191e+01 
7.710191e+01 
7.710191e+01 
7.710191e+01 
7.710191e+01 
7.710191e+01 
7.710191e+01 
7.710191e+01 
7.710191e+01 
7.710191e+01 
7.710191e+01 
7.710191e+01 
7.710191e+01 
7.710191e+01 
7.710191e+01 
7.710191e+01 
7.710191e+01 
7.710191e+01 
7.710191e+01 
7.710191e+01 
7.710191e+01 
7.710191e+01 
7.710191e+01 
7.710191e+01 
7.710191e+01 
7.710191e+01 
7.710191e+01 
7.710191e+01 
7.710191e+01 
7.710191e+01 
7.710191e+01 
7.710191e+01 
7.710191e+01 
7.710191e+01 
7.710191e+01 
7.710191e+01 
7.710191e+01 
7.710191e+01 
7.710191e+01 
7.710191e+01 
7.710191e+01 
7.710191e+01 
7.710191e+01 
7.710191e+01 
7.710191e+01 
7.710191e+01 
7.710191e+01 
7.710191e+01 
7.710191e+01 
7.710191e+01 
7.710191e+01 
7.710191e+01 
7.710191e+01 
7.710191e+01 
7.710191e+01 
7.710191e+01 
7.710191e+01 
7.710191e+01 
7.710191e+01 
7.710191e+01 
7.710191e+01 
7.710191e+01 
7.710191e+01 
7.710191e+01 
7.710191e+01 
7.710191e+01 
7.710191e+01 
7.710191e+01 
7.710191e+01 
7.710191e+01 
7.710191e+01 
7.710191e+01 
7.710191e+01 
7.710191e+01 
7.710191e+01 
7.710191e+01 
7.710191e+01 
7.710191e+01 
7.710191e+01 
7.710191e+01 
7.710191e+01 
7.710191e+01 
7.710191e+01 
7.710191e+01 
7.710191e+01 
7.710191e+01 
7.710191e+01 
7.710191e+01 
7.710191e+01 
7.710191e+01 
7.710191e+01 
7.710191e+01 
7.710191e+01 
7.710191e+01 
7.710191e+01 
7.710191e+01 
7.710191e+01 
7.710191e+01 
7.710191e+01 
7.710191e+01 
7.710191e+01 
7.710191e+01 
7.710191e+01 
7.710191e+01 
7.710191e+01 
7.710191e+01 
7.710191e+01 
7.710191e+01 
7.710191e+01 
7.710191e+01 
7.710191e+01 
7.710191e+01 
7.710191e+01 
7.710191e+01 
7.710191e+01 
7.710191e+01 
7.710191e+01 
7.710191e+01 
7.710191e+01 
7.710191e+01 
7.710191e+01 
7.710191e+01 
7.710191e+01 
7.710191e+01 
7.710191e+01 
7.710191e+01 
7.710191e+01 
7.710191e+01 
7.710191e+01 
7.710191e+01 
7.710191e+01 
7.710191e+01 
7.710191e+01 
7.710191e+01 
7.710191e+01 
7.710191e+01 
7.710191e+01 
7.710191e+01 
7.710191e+01 
7.710191e+01 
7.710191e+01 
7.710191e+01 
7.710191e+01 
7.710191e+01 
7.710191e+01 
7.710191e+01 
7.710191e+01 
7.710191e+01 
7.710191e+01 
7.710191e+01 
7.710191e+01 
7.710191e+01 
7.710191e+01 
7.710191e+01 
7.710191e+01 
7.710191e+01 
7.710191e+01 
7.710191e+01 
7.710191e+01 
7.710191e+01 
7.710191e+01 
7.710191e+01 
7.710191e+01 
7.710191e+01 
7.710191e+01 
7.710191e+01 
7.710191e+01 
7.710191e+01 
7.710191e+01 
7.710191e+01 
7.710191e+01 
7.710191e+01 
7.710191e+01 
7.710191e+01 
7.710191e+01 
7.710191e+01 
7.710191e+01 
7.710191e+01 
7.710191e+01 
7.710191e+01 
7.710191e+01 
7.710191e+01 
7.710191e+01 
7.710191e+01 
7.710191e+01 
7.710191e+01 
7.710191e+01 
7.710191e+01 
7.710191e+01 
7.710191e+01 
7.710191e+01 
7.710191e+01 
7.710191e+01 
7.710191e+01 
7.710191e+01 
7.710191e+01 
7.710191e+01 
7.710191e+01 
7.710191e+01 
7.710191e+01 
7.710191e+01 
7.710191e+01 
7.710191e+01 
7.710191e+01 
7.710191e+01 
7.710191e+01 
7.710191e+01 
7.710191e+01 
7.710191e+01 
7.710191e+01 
7.710191e+01 
7.710191e+01 
7.710191e+01 
7.710191e+01 
7.710191e+01 
7.710191e+01 
7.710191e+01 
7.710191e+01 
7.710191e+01 
7.710191e+01 
7.710191e+01 
7.710191e+01 
7.710191e+01 
7.710191e+01 
7.710191e+01 
7.710191e+01 
7.710191e+01 
7.710191e+01 
7.710191e+01 
7.710191e+01 
7.710191e+01 
7.710191e+01 
7.710191e+01 
7.710191e+01 
7.710191e+01 
7.710191e+01 
7.710191e+01 
7.710191e+01 
7.710191e+01 
7.710191e+01 
7.710191e+01 
7.710191e+01 
7.710191e+01 
7.710191e+01 
7.710191e+01 
7.710191e+01 
7.710191e+01 
7.710191e+01 
7.710191e+01 
7.710191e+01 
7.710191e+01 
7.710191e+01 
7.710191e+01 
7.710191e+01 
7.710191e+01 
7.710191e+01 
7.710191e+01 
7.710191e+01 
7.710191e+01 
7.710191e+01 
7.710191e+01 
7.710191e+01 
7.710191e+01 
7.710191e+01 
7.710191e+01 
7.710191e+01 
7.710191e+01 
7.710191e+01 
7.710191e+01 
7.710191e+01 
7.710191e+01 
7.710191e+01 
7.710191e+01 
7.710191e+01 
7.710191e+01 
7.710191e+01 
7.710191e+01 
7.710191e+01 
7.710191e+01 
7.710191e+01 
7.710191e+01 
7.710191e+01 
7.710191e+01 
7.710191e+01 
7.710191e+01 
7.710191e+01 
7.710191e+01 
7.710191e+01 
7.710191e+01 
7.710191e+01 
7.710191e+01 
7.710191e+01 
7.710191e+01 
7.710191e+01 
7.710191e+01 
7.710191e+01 
7.710191e+01 
7.710191e+01 
7.710191e+01 
7.710191e+01 
7.710191e+01 
7.710191e+01 
7.710191e+01 
7.710191e+01 
7.710191e+01 
7.710191e+01 
7.710191e+01 
7.710191e+01 
7.710191e+01 
7.710191e+01 
7.710191e+01 
7.710191e+01 
7.710191e+01 
7.710191e+01 
7.710191e+01 
7.710191e+01 
7.710191e+01 
7.710191e+01 
7.710191e+01 
7.710191e+01 
7.710191e+01 
7.710191e+01 
7.710191e+01 
7.710191e+01 
7.710191e+01 
7.710191e+01 
7.710191e+01 
7.710191e+01 
7.710191e+01 
7.710191e+01 
7.710191e+01 
7.710191e+01 
7.710191e+01 
7.710191e+01 
7.710191e+01 
7.710191e+01 
7.710191e+01 
7.710191e+01 
7.710191e+01 
7.710191e+01 
7.710191e+01 
7.710191e+01 
7.710191e+01 
7.710191e+01 
7.710191e+01 
7.710191e+01 
7.710191e+01 
7.710191e+01 
7.710191e+01 
7.710191e+01 
7.710191e+01 
7.710191e+01 
7.710191e+01 
7.710191e+01 
7.710191e+01 
7.710191e+01 
7.710191e+01 
7.710191e+01 
7.710191e+01 
7.710191e+01 
7.710191e+01 
7.710191e+01 
7.710191e+01 
7.710191e+01 
7.710191e+01 
7.710191e+01 
7.710191e+01 
7.710191e+01 
7.710191e+01 
7.710191e+01 
7.710191e+01 
7.710191e+01 
7.710191e+01 
7.710191e+01 
7.710191e+01 
7.710191e+01 
7.710191e+01 
7.710191e+01 
7.710191e+01 
7.710191e+01 
7.710191e+01 
7.710191e+01 
7.710191e+01 
7.710191e+01 
7.710191e+01 
7.710191e+01 
7.710191e+01 
7.710191e+01 
7.710191e+01 
7.710191e+01 
7.710191e+01 
7.710191e+01 
7.710191e+01 
7.710191e+01 
7.710191e+01 
7.710191e+01 
7.710191e+01 
7.710191e+01 
7.710191e+01 
7.710191e+01 
7.710191e+01 
7.710191e+01 
7.710191e+01 
7.710191e+01 
7.710191e+01 
7.710191e+01 
7.710191e+01 
7.710191e+01 
7.710191e+01 
7.710191e+01 
7.710191e+01 
7.710191e+01 
7.710191e+01 
7.710191e+01 
7.710191e+01 
7.710191e+01 
7.710191e+01 
7.710191e+01 
7.710191e+01 
7.710191e+01 
7.710191e+01 
7.710191e+01 
7.710191e+01 
7.710191e+01 
7.710191e+01 
7.710191e+01 
7.710191e+01 
7.710191e+01 
7.710191e+01 
7.710191e+01 
7.710191e+01 
7.710191e+01 
7.710191e+01 
7.710191e+01 
7.710191e+01 
7.710191e+01 
7.710191e+01 
7.710191e+01 
7.710191e+01 
7.710191e+01 
7.710191e+01 
7.710191e+01 
7.710191e+01 
7.710191e+01 
7.710191e+01 
7.710191e+01 
7.710191e+01 
7.710191e+01 
7.710191e+01 
7.710191e+01 
7.710191e+01 
7.710191e+01 
7.710191e+01 
7.710191e+01 
7.710191e+01 
7.710191e+01 
7.710191e+01 
7.710191e+01 
7.710191e+01 
7.710191e+01 
7.710191e+01 
7.710191e+01 
7.710191e+01 
7.710191e+01 
7.710191e+01 
7.710191e+01 
7.710191e+01 
7.710191e+01 
7.710191e+01 
7.710191e+01 
7.710191e+01 
7.710191e+01 
7.710191e+01 
7.710191e+01 
7.710191e+01 
7.710191e+01 
7.710191e+01 
7.710191e+01 
7.710191e+01 
7.710191e+01 
7.710191e+01 
7.710191e+01 
7.710191e+01 
7.710191e+01 
7.710191e+01 
7.710191e+01 
7.710191e+01 
7.710191e+01 
7.710191e+01 
7.710191e+01 
7.710191e+01 
7.710191e+01 
7.710191e+01 
7.710191e+01 
7.710191e+01 
7.710191e+01 
7.710191e+01 
7.710191e+01 
7.710191e+01 
7.710191e+01 
7.710191e+01 
7.710191e+01 
7.710191e+01 
7.710191e+01 
7.710191e+01 
7.710191e+01 
7.710191e+01 
7.710191e+01 
7.710191e+01 
7.710191e+01 
7.710191e+01 
7.710191e+01 
7.710191e+01 
7.710191e+01 
7.710191e+01 
7.710191e+01 
7.710191e+01 
7.710191e+01 
7.710191e+01 
7.710191e+01 
7.710191e+01 
7.710191e+01 
7.710191e+01 
7.710191e+01 
7.710191e+01 
7.710191e+01 
7.710191e+01 
7.710191e+01 
7.710191e+01 
7.710191e+01 
7.710191e+01 
7.710191e+01 
7.710191e+01 
7.710191e+01 
7.710191e+01 
7.710191e+01 
7.710191e+01 
7.710191e+01 
7.710191e+01 
7.710191e+01 
7.710191e+01 
7.710191e+01 
7.710191e+01 
7.710191e+01 
7.710191e+01 
7.710191e+01 
7.710191e+01 
7.710191e+01 
7.710191e+01 
7.710191e+01 
7.710191e+01 
7.710191e+01 
7.710191e+01 
7.710191e+01 
7.710191e+01 
7.710191e+01 
7.710191e+01 
7.710191e+01 
7.710191e+01 
7.710191e+01 
7.710191e+01 
7.710191e+01 
7.710191e+01 
7.710191e+01 
7.710191e+01 
7.710191e+01 
7.710191e+01 
7.710191e+01 
7.710191e+01 
7.710191e+01 
7.710191e+01 
7.710191e+01 
7.710191e+01 
7.710191e+01 
7.710191e+01 
7.710191e+01 
7.710191e+01 
7.710191e+01 
7.710191e+01 
7.710191e+01 
7.710191e+01 
7.710191e+01 
7.710191e+01 
7.710191e+01 
7.710191e+01 
7.710191e+01 
7.710191e+01 
7.710191e+01 
7.710191e+01 
7.710191e+01 
7.710191e+01 
7.710191e+01 
7.710191e+01 
7.710191e+01 
7.710191e+01 
7.710191e+01 
7.710191e+01 
7.710191e+01 
7.710191e+01 
7.710191e+01 
7.710191e+01 
7.710191e+01 
7.710191e+01 
7.710191e+01 
7.710191e+01 
7.710191e+01 
7.710191e+01 
7.710191e+01 
7.710191e+01 
7.710191e+01 
7.710191e+01 
7.710191e+01 
7.710191e+01 
7.710191e+01 
7.710191e+01 
7.710191e+01 
7.710191e+01 
7.710191e+01 
7.710191e+01 
7.710191e+01 
7.710191e+01 
7.710191e+01 
7.710191e+01 
7.710191e+01 
7.710191e+01 
7.710191e+01 
7.710191e+01 
7.710191e+01 
7.710191e+01 
7.710191e+01 
7.710191e+01 
7.710191e+01 
7.710191e+01 
7.710191e+01 
7.710191e+01 
7.710191e+01 
7.710191e+01 
7.710191e+01 
7.710191e+01 
7.710191e+01 
7.710191e+01 
7.710191e+01 
7.710191e+01 
7.710191e+01 
7.710191e+01 
7.710191e+01 
7.710191e+01 
7.710191e+01 
7.710191e+01 
7.710191e+01 
7.710191e+01 
7.710191e+01 
7.710191e+01 
7.710191e+01 
7.710191e+01 
7.710191e+01 
7.710191e+01 
7.710191e+01 
7.710191e+01 
7.710191e+01 
7.710191e+01 
7.710191e+01 
7.710191e+01 
7.710191e+01 
7.710191e+01 
7.710191e+01 
7.710191e+01 
7.710191e+01 
7.710191e+01 
7.710191e+01 
7.710191e+01 
7.710191e+01 
7.710191e+01 
7.710191e+01 
7.710191e+01 
7.710191e+01 
7.710191e+01 
7.710191e+01 
7.710191e+01 
7.710191e+01 
7.710191e+01 
7.710191e+01 
7.710191e+01 
7.710191e+01 
7.710191e+01 
7.710191e+01 
7.710191e+01 
7.710191e+01 
7.710191e+01 
7.710191e+01 
7.710191e+01 
7.710191e+01 
7.710191e+01 
7.710191e+01 
7.710191e+01 
7.710191e+01 
7.710191e+01 
7.710191e+01 
7.710191e+01 
7.710191e+01 
7.710191e+01 
7.710191e+01 
7.710191e+01 
7.710191e+01 
7.710191e+01 
7.710191e+01 
7.710191e+01 
7.710191e+01 
7.710191e+01 
7.710191e+01 
7.710191e+01 
7.710191e+01 
7.710191e+01 
7.710191e+01 
7.710191e+01 
7.710191e+01 
7.710191e+01 
7.710191e+01 
7.710191e+01 
7.710191e+01 
7.710191e+01 
7.710191e+01 
7.710191e+01 
7.710191e+01 
7.710191e+01 
7.710191e+01 
7.710191e+01 
7.710191e+01 
7.710191e+01 
7.710191e+01 
7.710191e+01 
7.710191e+01 
7.710191e+01 
7.710191e+01 
7.710191e+01 
7.710191e+01 
7.710191e+01 
7.710191e+01 
7.710191e+01 
7.710191e+01 
7.710191e+01 
7.710191e+01 
7.710191e+01 
7.710191e+01 
7.710191e+01 
7.710191e+01 
7.710191e+01 
7.710191e+01 
7.710191e+01 
7.710191e+01 
7.710191e+01 
7.710191e+01 
7.710191e+01 
7.710191e+01 
7.710191e+01 
7.710191e+01 
7.710191e+01 
7.710191e+01 
7.710191e+01 
7.710191e+01 
7.710191e+01 
7.710191e+01 
7.710191e+01 
7.710191e+01 
7.710191e+01 
7.710191e+01 
7.710191e+01 
7.710191e+01 
7.710191e+01 
7.710191e+01 
7.710191e+01 
7.710191e+01 
7.710191e+01 
7.710191e+01 
7.710191e+01 
7.710191e+01 
7.710191e+01 
7.710191e+01 
7.710191e+01 
7.710191e+01 
7.710191e+01 
7.710191e+01 
7.710191e+01 
7.710191e+01 
7.710191e+01 
7.710191e+01 
7.710191e+01 
7.710191e+01 
7.710191e+01 
7.710191e+01 
7.710191e+01 
7.710191e+01 
7.710191e+01 
7.710191e+01 
7.710191e+01 
7.710191e+01 
7.710191e+01 
7.710191e+01 
7.710191e+01 
7.710191e+01 
7.710191e+01 
7.710191e+01 
7.710191e+01 
7.710191e+01 
7.710191e+01 
7.710191e+01 
7.710191e+01 
7.710191e+01 
7.710191e+01 
7.710191e+01 
7.710191e+01 
7.710191e+01 
7.710191e+01 
7.710191e+01 
7.710191e+01 
7.710191e+01 
7.710191e+01 
7.710191e+01 
7.710191e+01 
7.710191e+01 
7.710191e+01 
7.710191e+01 
7.710191e+01 
7.710191e+01 
7.710191e+01 
7.710191e+01 
7.710191e+01 
7.710191e+01 
7.710191e+01 
7.710191e+01 
7.710191e+01 
7.710191e+01 
7.710191e+01 
7.710191e+01 
7.710191e+01 
7.710191e+01 
7.710191e+01 
7.710191e+01 
7.710191e+01 
7.710191e+01 
7.710191e+01 
7.710191e+01 
7.710191e+01 
7.710191e+01 
7.710191e+01 
7.710191e+01 
7.710191e+01 
7.710191e+01 
7.710191e+01 
7.710191e+01 
7.710191e+01 
7.710191e+01 
7.710191e+01 
7.710191e+01 
7.710191e+01 
7.710191e+01 
7.710191e+01 
7.710191e+01 
7.710191e+01 
7.710191e+01 
