1.391709e+10 
8.722885e+09 
6.024598e+09 
5.031782e+09 
2.727454e+09 
2.727454e+09 
2.684739e+09 
1.940165e+09 
1.940165e+09 
1.597437e+09 
1.139153e+09 
1.121540e+09 
1.121540e+09 
9.813133e+08 
7.659329e+08 
7.659329e+08 
6.839725e+08 
4.955149e+08 
3.748050e+08 
3.691411e+08 
3.651814e+08 
2.760651e+08 
2.760651e+08 
2.548966e+08 
2.479613e+08 
2.071663e+08 
1.759240e+08 
1.759240e+08 
1.533143e+08 
1.468741e+08 
1.468741e+08 
1.360293e+08 
1.144291e+08 
9.919354e+07 
8.836059e+07 
7.573279e+07 
6.612728e+07 
6.042797e+07 
6.042797e+07 
5.912748e+07 
5.912748e+07 
5.653855e+07 
4.969620e+07 
4.853035e+07 
4.853035e+07 
4.010697e+07 
3.425810e+07 
3.425810e+07 
2.891429e+07 
2.562818e+07 
1.908181e+07 
1.551200e+07 
1.520104e+07 
1.520104e+07 
8.691457e+06 
8.691457e+06 
8.691457e+06 
7.370183e+06 
7.359402e+06 
7.359402e+06 
5.940817e+06 
4.514611e+06 
4.514611e+06 
4.514611e+06 
4.475869e+06 
4.475869e+06 
3.972247e+06 
3.165807e+06 
2.905554e+06 
2.541507e+06 
1.704166e+06 
1.704166e+06 
1.704166e+06 
1.294023e+06 
1.027230e+06 
8.483064e+05 
8.483064e+05 
8.483064e+05 
7.911331e+05 
7.550464e+05 
7.167046e+05 
6.884577e+05 
5.367078e+05 
5.367078e+05 
5.367078e+05 
5.330338e+05 
4.161797e+05 
4.161797e+05 
4.161797e+05 
3.596856e+05 
3.558104e+05 
3.558104e+05 
3.415484e+05 
3.415484e+05 
2.509121e+05 
2.509121e+05 
2.509121e+05 
2.509121e+05 
2.235823e+05 
2.206039e+05 
2.041043e+05 
1.715683e+05 
1.567624e+05 
1.279373e+05 
1.279373e+05 
1.279373e+05 
1.236147e+05 
1.037816e+05 
8.907982e+04 
6.965142e+04 
6.045585e+04 
6.045585e+04 
5.132863e+04 
5.132863e+04 
4.932051e+04 
3.841593e+04 
3.510913e+04 
3.439036e+04 
3.168684e+04 
3.168684e+04 
3.016901e+04 
2.813737e+04 
2.122625e+04 
2.116097e+04 
2.116097e+04 
2.116097e+04 
1.558326e+04 
1.385837e+04 
1.385837e+04 
1.312612e+04 
1.312612e+04 
1.312612e+04 
8.437963e+03 
7.879139e+03 
7.879139e+03 
7.350295e+03 
7.350295e+03 
7.129578e+03 
6.737409e+03 
6.737409e+03 
6.711005e+03 
6.078980e+03 
6.078980e+03 
4.840448e+03 
4.840448e+03 
4.840448e+03 
4.209698e+03 
4.209698e+03 
4.209698e+03 
3.851161e+03 
3.059723e+03 
3.059723e+03 
3.059723e+03 
2.790760e+03 
2.773840e+03 
2.678079e+03 
2.678079e+03 
1.769340e+03 
1.769340e+03 
1.769340e+03 
1.769340e+03 
1.762476e+03 
1.676126e+03 
1.676126e+03 
1.601346e+03 
1.578203e+03 
1.578203e+03 
1.436361e+03 
1.252709e+03 
1.231125e+03 
1.231125e+03 
1.123321e+03 
1.116716e+03 
9.819463e+02 
9.819463e+02 
8.490481e+02 
8.490481e+02 
8.291137e+02 
8.291137e+02 
8.291137e+02 
7.871981e+02 
6.393240e+02 
5.029639e+02 
4.237000e+02 
3.679779e+02 
3.359782e+02 
2.681491e+02 
2.343340e+02 
2.343340e+02 
2.095526e+02 
1.976384e+02 
1.846793e+02 
1.292372e+02 
1.262005e+02 
1.262005e+02 
1.082035e+02 
7.604258e+01 
7.604258e+01 
7.437727e+01 
6.544780e+01 
5.454512e+01 
3.859362e+01 
3.859362e+01 
3.276017e+01 
2.133888e+01 
2.133888e+01 
2.133888e+01 
2.133888e+01 
2.133888e+01 
2.015771e+01 
1.912854e+01 
1.902100e+01 
1.819516e+01 
1.493577e+01 
1.280201e+01 
1.151054e+01 
1.151054e+01 
1.052339e+01 
9.892779e+00 
6.426802e+00 
6.114350e+00 
6.114350e+00 
6.114350e+00 
5.320520e+00 
4.419836e+00 
4.419836e+00 
4.419836e+00 
3.775289e+00 
3.207876e+00 
2.965852e+00 
2.668677e+00 
2.329735e+00 
2.303774e+00 
2.303774e+00 
2.303774e+00 
2.259488e+00 
2.259133e+00 
2.259133e+00 
1.639256e+00 
1.299736e+00 
1.270890e+00 
1.270890e+00 
1.270890e+00 
1.218198e+00 
1.182540e+00 
1.182540e+00 
1.182540e+00 
1.067364e+00 
1.067364e+00 
8.639714e-01 
8.639714e-01 
8.639714e-01 
7.658973e-01 
5.920223e-01 
5.920223e-01 
5.224702e-01 
5.016981e-01 
5.016981e-01 
3.474884e-01 
3.474884e-01 
3.474884e-01 
3.474884e-01 
3.474884e-01 
3.239679e-01 
3.038741e-01 
2.678779e-01 
2.678779e-01 
2.421162e-01 
2.421162e-01 
2.280672e-01 
2.280672e-01 
2.280672e-01 
1.841646e-01 
1.731683e-01 
1.639179e-01 
1.639179e-01 
1.290126e-01 
1.290126e-01 
8.870655e-02 
8.870655e-02 
8.870655e-02 
8.870655e-02 
5.861450e-02 
5.861450e-02 
5.861450e-02 
5.861450e-02 
5.762125e-02 
5.751885e-02 
4.879071e-02 
3.991753e-02 
3.694844e-02 
3.694844e-02 
3.487811e-02 
3.164567e-02 
3.140115e-02 
2.417207e-02 
2.150615e-02 
2.029457e-02 
1.699039e-02 
1.699039e-02 
1.642447e-02 
1.364899e-02 
1.043013e-02 
1.043013e-02 
8.094876e-03 
8.094876e-03 
6.048286e-03 
5.929542e-03 
5.680000e-03 
5.608071e-03 
5.027065e-03 
4.923300e-03 
4.923300e-03 
4.127028e-03 
4.127028e-03 
3.824066e-03 
3.824066e-03 
2.999788e-03 
2.999788e-03 
2.528816e-03 
2.528816e-03 
2.393500e-03 
2.393500e-03 
2.368934e-03 
2.368934e-03 
2.154353e-03 
1.938572e-03 
1.938572e-03 
1.938572e-03 
1.712605e-03 
1.678033e-03 
1.242282e-03 
1.242282e-03 
1.242282e-03 
1.120217e-03 
9.563724e-04 
9.563724e-04 
9.129873e-04 
8.960370e-04 
8.238492e-04 
5.096471e-04 
5.096471e-04 
3.882385e-04 
3.882385e-04 
3.391223e-04 
3.391223e-04 
3.018670e-04 
3.018670e-04 
2.218645e-04 
2.009006e-04 
2.009006e-04 
2.009006e-04 
1.727438e-04 
1.640540e-04 
1.284915e-04 
1.243877e-04 
1.243877e-04 
1.207295e-04 
9.662846e-05 
7.329576e-05 
6.573416e-05 
6.573416e-05 
5.159753e-05 
4.501382e-05 
4.501382e-05 
4.152249e-05 
4.152249e-05 
3.902023e-05 
3.825107e-05 
3.825107e-05 
3.207906e-05 
3.207906e-05 
3.061938e-05 
3.061938e-05 
2.521973e-05 
2.299936e-05 
2.124353e-05 
2.022695e-05 
1.793651e-05 
1.753710e-05 
1.753710e-05 
1.705826e-05 
1.656075e-05 
1.384490e-05 
1.289677e-05 
1.225213e-05 
1.042646e-05 
1.042646e-05 
9.418368e-06 
8.466773e-06 
7.088641e-06 
6.443757e-06 
5.115995e-06 
5.003301e-06 
5.003301e-06 
3.736832e-06 
3.238881e-06 
3.238881e-06 
3.238881e-06 
2.810623e-06 
2.304644e-06 
2.304644e-06 
2.244074e-06 
1.605741e-06 
1.605741e-06 
1.605741e-06 
1.605741e-06 
1.157077e-06 
1.096228e-06 
1.079299e-06 
7.650918e-07 
6.708834e-07 
6.142332e-07 
4.849396e-07 
4.223936e-07 
3.771234e-07 
3.771234e-07 
3.639031e-07 
3.285625e-07 
2.790595e-07 
2.729785e-07 
2.502768e-07 
2.502768e-07 
2.482548e-07 
2.195414e-07 
2.127059e-07 
2.014946e-07 
1.443535e-07 
1.443535e-07 
9.814431e-08 
8.713602e-08 
7.946003e-08 
7.064959e-08 
7.064959e-08 
5.543009e-08 
5.543009e-08 
5.543009e-08 
3.968280e-08 
3.921759e-08 
3.458330e-08 
3.189004e-08 
3.189004e-08 
3.189004e-08 
3.179788e-08 
2.915902e-08 
2.621593e-08 
2.196960e-08 
1.786869e-08 
1.397518e-08 
1.376481e-08 
1.083446e-08 
1.001089e-08 
9.749133e-09 
8.750794e-09 
6.854590e-09 
5.941895e-09 
5.857761e-09 
5.348201e-09 
4.038687e-09 
4.033509e-09 
3.871763e-09 
3.632638e-09 
2.824090e-09 
2.824090e-09 
2.824090e-09 
2.256853e-09 
2.202331e-09 
2.202331e-09 
2.202331e-09 
2.202331e-09 
2.182181e-09 
1.892173e-09 
1.892173e-09 
1.613435e-09 
1.199461e-09 
1.171668e-09 
1.171668e-09 
1.171668e-09 
1.115491e-09 
1.115491e-09 
1.115491e-09 
1.032836e-09 
9.097800e-10 
9.097800e-10 
9.097800e-10 
7.097407e-10 
6.160495e-10 
6.062250e-10 
4.647146e-10 
4.229703e-10 
3.698725e-10 
2.852525e-10 
1.974635e-10 
1.974635e-10 
1.526996e-10 
1.526996e-10 
1.526996e-10 
1.526996e-10 
1.342093e-10 
1.308550e-10 
1.308550e-10 
1.134887e-10 
1.100740e-10 
1.100740e-10 
1.097143e-10 
1.063117e-10 
7.524474e-11 
7.524474e-11 
6.144788e-11 
6.144788e-11 
4.177327e-11 
4.177327e-11 
4.017386e-11 
4.017386e-11 
3.628085e-11 
3.628085e-11 
3.504724e-11 
3.207450e-11 
2.555832e-11 
2.507048e-11 
2.507048e-11 
2.173795e-11 
1.882239e-11 
1.877578e-11 
1.809928e-11 
1.762763e-11 
1.571863e-11 
1.571863e-11 
1.419861e-11 
1.419861e-11 
1.332426e-11 
1.332426e-11 
1.017609e-11 
9.474933e-12 
6.763224e-12 
6.763224e-12 
6.763224e-12 
5.148436e-12 
5.148436e-12 
4.924146e-12 
4.924146e-12 
4.071274e-12 
3.205382e-12 
3.205382e-12 
3.083362e-12 
2.745504e-12 
2.745504e-12 
2.442567e-12 
1.595379e-12 
1.595379e-12 
1.595379e-12 
1.413618e-12 
9.691809e-13 
9.691809e-13 
8.720018e-13 
7.913308e-13 
7.913308e-13 
6.989395e-13 
5.830873e-13 
4.150693e-13 
3.782095e-13 
3.090470e-13 
3.090470e-13 
2.989621e-13 
2.989621e-13 
2.989621e-13 
2.226474e-13 
2.040389e-13 
1.919915e-13 
1.773960e-13 
1.773960e-13 
1.618902e-13 
1.539287e-13 
1.539287e-13 
1.161312e-13 
1.161312e-13 
1.161312e-13 
9.711589e-14 
7.937776e-14 
6.814533e-14 
5.878490e-14 
5.758672e-14 
5.314749e-14 
5.314749e-14 
5.147374e-14 
3.561029e-14 
3.381773e-14 
3.086134e-14 
1.954458e-14 
1.954458e-14 
1.954458e-14 
1.621167e-14 
1.621167e-14 
1.621167e-14 
1.442506e-14 
1.442506e-14 
1.442506e-14 
1.279046e-14 
1.208641e-14 
9.685242e-15 
8.658330e-15 
8.658330e-15 
8.658330e-15 
6.777751e-15 
6.777751e-15 
6.777751e-15 
6.257831e-15 
5.713640e-15 
5.713640e-15 
4.578219e-15 
4.572006e-15 
3.991644e-15 
3.406680e-15 
2.970628e-15 
2.970628e-15 
2.970628e-15 
2.970628e-15 
2.283310e-15 
2.283310e-15 
2.004490e-15 
1.696230e-15 
1.696230e-15 
1.610165e-15 
1.254169e-15 
1.254169e-15 
1.236479e-15 
7.174572e-16 
6.602812e-16 
6.602812e-16 
6.367836e-16 
6.351360e-16 
6.054089e-16 
6.054089e-16 
5.873260e-16 
5.873260e-16 
4.709216e-16 
4.709216e-16 
3.338170e-16 
3.338170e-16 
3.076818e-16 
3.076818e-16 
2.894292e-16 
2.894292e-16 
2.489606e-16 
2.260298e-16 
2.260298e-16 
1.859038e-16 
1.799284e-16 
1.633493e-16 
1.633493e-16 
1.466943e-16 
1.374381e-16 
1.117119e-16 
9.246309e-17 
9.246309e-17 
9.246309e-17 
7.251461e-17 
3.881192e-17 
3.881192e-17 
3.881192e-17 
3.100085e-17 
2.926361e-17 
2.868807e-17 
2.486614e-17 
2.159594e-17 
2.159594e-17 
2.012253e-17 
1.374204e-17 
1.374204e-17 
1.190973e-17 
1.080010e-17 
1.040898e-17 
7.997782e-18 
6.989960e-18 
6.989960e-18 
6.989960e-18 
5.335108e-18 
5.335108e-18 
5.138503e-18 
5.062988e-18 
4.756349e-18 
4.756349e-18 
4.590682e-18 
3.921930e-18 
3.864858e-18 
3.340767e-18 
3.146548e-18 
3.146548e-18 
2.937429e-18 
2.528237e-18 
2.443284e-18 
2.068175e-18 
2.068175e-18 
1.687839e-18 
1.499928e-18 
1.499928e-18 
1.306692e-18 
1.168525e-18 
1.168525e-18 
1.035343e-18 
1.035343e-18 
1.035343e-18 
7.732281e-19 
6.228987e-19 
6.228987e-19 
6.228987e-19 
5.576602e-19 
5.077823e-19 
4.598507e-19 
4.574197e-19 
4.406321e-19 
4.066960e-19 
3.700028e-19 
3.290306e-19 
3.290306e-19 
2.528344e-19 
2.528344e-19 
2.528344e-19 
2.415147e-19 
2.415147e-19 
2.244903e-19 
1.827832e-19 
1.521507e-19 
1.465866e-19 
1.012213e-19 
1.012213e-19 
9.166744e-20 
7.974216e-20 
7.326254e-20 
6.630950e-20 
6.630950e-20 
5.866867e-20 
5.866867e-20 
4.271263e-20 
3.928739e-20 
3.928739e-20 
3.831940e-20 
2.597700e-20 
2.514235e-20 
2.514235e-20 
2.380971e-20 
2.255210e-20 
2.079422e-20 
2.079422e-20 
1.553805e-20 
1.553805e-20 
1.553805e-20 
1.544660e-20 
1.544660e-20 
1.544660e-20 
1.544660e-20 
1.412622e-20 
1.188623e-20 
1.025141e-20 
9.484342e-21 
9.484342e-21 
8.689133e-21 
8.348413e-21 
6.398676e-21 
6.398676e-21 
5.598169e-21 
5.598169e-21 
4.970907e-21 
4.811665e-21 
4.406838e-21 
4.118609e-21 
3.623966e-21 
2.535732e-21 
2.517227e-21 
2.501486e-21 
2.501486e-21 
2.434242e-21 
1.949037e-21 
1.833674e-21 
1.727744e-21 
1.516576e-21 
1.216300e-21 
1.216300e-21 
1.109219e-21 
1.109219e-21 
1.004465e-21 
9.500934e-22 
9.500934e-22 
6.580400e-22 
6.580400e-22 
5.267332e-22 
3.759462e-22 
3.629178e-22 
3.301246e-22 
3.301246e-22 
3.047045e-22 
2.956565e-22 
2.824590e-22 
2.824590e-22 
2.758598e-22 
2.758598e-22 
2.197642e-22 
1.445250e-22 
1.445250e-22 
1.254691e-22 
1.175556e-22 
1.069181e-22 
9.493060e-23 
9.493060e-23 
9.162216e-23 
8.850277e-23 
8.665753e-23 
7.950170e-23 
7.950170e-23 
7.950170e-23 
7.950170e-23 
7.700841e-23 
7.048498e-23 
6.946104e-23 
6.771407e-23 
6.461863e-23 
6.461863e-23 
5.566320e-23 
5.566320e-23 
5.566320e-23 
5.557999e-23 
5.284620e-23 
5.025200e-23 
5.025200e-23 
4.008090e-23 
3.798760e-23 
3.440283e-23 
3.070541e-23 
3.070541e-23 
3.070541e-23 
2.999083e-23 
2.999083e-23 
2.999083e-23 
2.584356e-23 
2.348843e-23 
2.156008e-23 
2.135983e-23 
1.840532e-23 
1.676734e-23 
1.506708e-23 
1.092070e-23 
1.092070e-23 
1.092070e-23 
1.092070e-23 
1.004565e-23 
9.972391e-24 
9.391118e-24 
8.685138e-24 
6.979244e-24 
6.479350e-24 
5.428162e-24 
4.664504e-24 
4.664504e-24 
4.153624e-24 
4.153624e-24 
4.153624e-24 
4.105118e-24 
3.320007e-24 
3.244699e-24 
3.127062e-24 
2.574364e-24 
2.574364e-24 
1.708752e-24 
1.324016e-24 
1.243899e-24 
1.243899e-24 
1.243899e-24 
1.026200e-24 
1.026200e-24 
9.173445e-25 
9.173445e-25 
7.781308e-25 
6.770298e-25 
6.163451e-25 
5.861405e-25 
5.861405e-25 
4.694416e-25 
4.694416e-25 
3.647999e-25 
3.647999e-25 
3.647999e-25 
3.201480e-25 
3.201480e-25 
2.844561e-25 
2.393861e-25 
1.849321e-25 
1.454458e-25 
1.454458e-25 
1.333452e-25 
1.333452e-25 
1.308049e-25 
1.308049e-25 
1.308000e-25 
1.101048e-25 
9.321575e-26 
9.321575e-26 
9.182786e-26 
9.182786e-26 
9.182786e-26 
6.748384e-26 
6.013157e-26 
6.013157e-26 
5.182013e-26 
5.182013e-26 
5.182013e-26 
3.832616e-26 
3.832616e-26 
3.308263e-26 
2.841802e-26 
2.121372e-26 
2.121372e-26 
1.980299e-26 
1.766927e-26 
1.399786e-26 
1.354215e-26 
1.249391e-26 
1.148287e-26 
1.015851e-26 
1.015851e-26 
1.015851e-26 
9.525745e-27 
9.525745e-27 
8.376351e-27 
7.207780e-27 
5.837899e-27 
5.022783e-27 
5.022783e-27 
4.408928e-27 
4.312397e-27 
3.982413e-27 
3.731850e-27 
3.513063e-27 
3.431021e-27 
3.431021e-27 
3.120857e-27 
2.882635e-27 
2.882635e-27 
2.625246e-27 
2.350927e-27 
1.974841e-27 
1.915511e-27 
1.915511e-27 
1.802979e-27 
1.802979e-27 
1.319217e-27 
1.319217e-27 
1.227319e-27 
1.165607e-27 
1.165607e-27 
7.332847e-28 
7.332847e-28 
7.332847e-28 
7.141437e-28 
6.845065e-28 
6.845065e-28 
5.745404e-28 
5.745404e-28 
5.745404e-28 
5.163582e-28 
4.402730e-28 
4.402730e-28 
4.206140e-28 
4.206140e-28 
4.206140e-28 
3.721968e-28 
2.928608e-28 
2.691680e-28 
2.691680e-28 
2.594862e-28 
2.594862e-28 
2.594862e-28 
2.285560e-28 
2.176289e-28 
2.105843e-28 
2.105843e-28 
2.105843e-28 
1.550725e-28 
1.205085e-28 
1.073522e-28 
1.073522e-28 
9.925670e-29 
8.309456e-29 
6.293340e-29 
6.261186e-29 
6.261186e-29 
6.261186e-29 
5.750371e-29 
5.214231e-29 
2.919472e-29 
2.919472e-29 
2.919472e-29 
2.805217e-29 
1.608637e-29 
1.065569e-29 
1.065569e-29 
1.065569e-29 
9.752979e-30 
9.696688e-30 
9.696688e-30 
9.008470e-30 
8.020024e-30 
5.819956e-30 
5.731266e-30 
4.621801e-30 
4.117797e-30 
3.257209e-30 
3.257209e-30 
3.257209e-30 
3.239947e-30 
3.239947e-30 
2.233876e-30 
2.233876e-30 
2.135920e-30 
2.032800e-30 
2.032800e-30 
2.015773e-30 
2.015773e-30 
1.998633e-30 
1.806374e-30 
1.616529e-30 
1.616529e-30 
1.312591e-30 
1.312591e-30 
1.197673e-30 
1.054106e-30 
1.054106e-30 
9.514639e-31 
9.245248e-31 
9.245248e-31 
8.647444e-31 
6.680897e-31 
5.699546e-31 
5.400483e-31 
5.094467e-31 
5.094467e-31 
5.094467e-31 
4.516140e-31 
4.516140e-31 
4.043260e-31 
3.848167e-31 
3.668392e-31 
3.166402e-31 
3.166402e-31 
2.405898e-31 
2.219296e-31 
2.219296e-31 
1.677561e-31 
1.322526e-31 
1.234140e-31 
1.234140e-31 
8.718407e-32 
8.718407e-32 
8.718407e-32 
6.850668e-32 
6.850668e-32 
6.850668e-32 
3.731618e-32 
3.731618e-32 
3.731618e-32 
3.236931e-32 
2.360150e-32 
2.201947e-32 
2.201947e-32 
2.095448e-32 
1.653483e-32 
1.559486e-32 
1.480800e-32 
1.363197e-32 
1.363197e-32 
1.160975e-32 
7.997547e-33 
7.997547e-33 
4.587386e-33 
3.406591e-33 
3.406591e-33 
3.269063e-33 
2.721754e-33 
2.422727e-33 
2.422727e-33 
2.097918e-33 
2.097918e-33 
1.571724e-33 
1.571724e-33 
1.571724e-33 
1.242020e-33 
7.452222e-34 
7.452222e-34 
7.452222e-34 
6.534801e-34 
6.534801e-34 
6.216267e-34 
6.067719e-34 
5.849332e-34 
5.849332e-34 
4.660776e-34 
3.784773e-34 
3.258385e-34 
3.069414e-34 
2.425889e-34 
1.844229e-34 
1.683365e-34 
1.683365e-34 
1.683365e-34 
1.520811e-34 
1.316708e-34 
1.058528e-34 
1.008117e-34 
1.008117e-34 
8.350060e-35 
8.350060e-35 
8.350060e-35 
7.787670e-35 
7.043263e-35 
6.833586e-35 
6.833586e-35 
6.833586e-35 
6.577987e-35 
5.285100e-35 
5.202646e-35 
4.755619e-35 
4.269503e-35 
3.985100e-35 
3.371810e-35 
2.206333e-35 
2.206333e-35 
2.206333e-35 
1.543574e-35 
1.543574e-35 
1.387947e-35 
1.387947e-35 
1.286552e-35 
1.122551e-35 
1.119399e-35 
1.119399e-35 
1.105915e-35 
1.104436e-35 
1.104436e-35 
9.496156e-36 
9.361946e-36 
8.698809e-36 
6.875536e-36 
6.569714e-36 
5.666386e-36 
5.260401e-36 
4.338449e-36 
4.338449e-36 
4.338449e-36 
3.416950e-36 
3.416950e-36 
3.416950e-36 
3.416950e-36 
2.806003e-36 
1.970652e-36 
1.970652e-36 
1.970652e-36 
1.833175e-36 
1.814246e-36 
1.530781e-36 
1.057741e-36 
1.057741e-36 
1.057741e-36 
9.757279e-37 
8.041316e-37 
8.041316e-37 
7.160551e-37 
7.160551e-37 
6.308066e-37 
5.243793e-37 
4.947396e-37 
4.947396e-37 
4.292679e-37 
4.213151e-37 
4.213151e-37 
4.213151e-37 
3.457070e-37 
3.457070e-37 
2.924347e-37 
2.039428e-37 
2.000249e-37 
1.698151e-37 
1.631386e-37 
1.631386e-37 
1.529760e-37 
1.339012e-37 
1.287156e-37 
1.177496e-37 
9.770697e-38 
9.073033e-38 
7.301878e-38 
6.927507e-38 
6.826206e-38 
6.487709e-38 
6.487709e-38 
6.487709e-38 
4.947315e-38 
4.866095e-38 
4.078949e-38 
3.071390e-38 
3.071390e-38 
2.776050e-38 
2.776050e-38 
2.776050e-38 
2.452121e-38 
1.597736e-38 
1.597736e-38 
1.545753e-38 
1.323269e-38 
1.266353e-38 
1.238836e-38 
1.163531e-38 
1.145792e-38 
1.082361e-38 
9.652989e-39 
9.264229e-39 
8.585651e-39 
8.521955e-39 
3.586769e-39 
3.586769e-39 
3.586769e-39 
3.573718e-39 
3.142373e-39 
2.681217e-39 
2.681217e-39 
2.681217e-39 
2.542251e-39 
2.374864e-39 
2.206852e-39 
2.020818e-39 
2.020818e-39 
1.796317e-39 
1.796317e-39 
1.532537e-39 
1.532537e-39 
1.529885e-39 
1.432762e-39 
1.432762e-39 
1.334644e-39 
1.334644e-39 
1.296743e-39 
1.164577e-39 
1.164577e-39 
1.063522e-39 
1.063522e-39 
9.640640e-40 
8.965148e-40 
8.965148e-40 
8.965148e-40 
8.965148e-40 
7.656991e-40 
7.369947e-40 
7.369947e-40 
6.247820e-40 
5.957757e-40 
5.833925e-40 
5.833925e-40 
5.409959e-40 
5.323959e-40 
5.323959e-40 
5.323959e-40 
3.862916e-40 
2.223699e-40 
2.145424e-40 
2.099565e-40 
1.742751e-40 
1.521003e-40 
1.204931e-40 
1.020022e-40 
1.020022e-40 
9.098912e-41 
7.542770e-41 
7.508141e-41 
6.190921e-41 
6.190921e-41 
5.926120e-41 
5.374351e-41 
4.815640e-41 
3.969105e-41 
3.969105e-41 
3.848837e-41 
3.848837e-41 
2.875801e-41 
2.518314e-41 
2.518314e-41 
2.403986e-41 
2.162215e-41 
1.760882e-41 
1.760882e-41 
1.760882e-41 
1.465186e-41 
1.094872e-41 
1.066651e-41 
9.715879e-42 
9.402431e-42 
9.314825e-42 
8.194446e-42 
8.194446e-42 
7.078826e-42 
5.237031e-42 
5.237031e-42 
5.237031e-42 
5.237031e-42 
5.237031e-42 
3.930831e-42 
3.797780e-42 
3.165863e-42 
3.165863e-42 
2.550661e-42 
2.109608e-42 
2.045627e-42 
1.718015e-42 
1.718015e-42 
1.586357e-42 
1.586357e-42 
1.383638e-42 
1.170355e-42 
1.001740e-42 
8.888883e-43 
8.379386e-43 
6.868383e-43 
6.817364e-43 
6.297184e-43 
5.295696e-43 
5.295696e-43 
5.002438e-43 
5.002438e-43 
5.002438e-43 
4.719394e-43 
3.770606e-43 
2.280302e-43 
1.824712e-43 
1.401969e-43 
1.401969e-43 
1.388659e-43 
1.388659e-43 
1.388659e-43 
1.181291e-43 
1.144552e-43 
1.144552e-43 
9.884312e-44 
9.457692e-44 
7.884849e-44 
6.435615e-44 
6.138374e-44 
6.138374e-44 
5.647370e-44 
4.650253e-44 
4.395084e-44 
4.023823e-44 
3.664551e-44 
3.664551e-44 
3.664551e-44 
3.425002e-44 
3.145366e-44 
3.145366e-44 
2.274234e-44 
2.274234e-44 
2.274234e-44 
1.934243e-44 
1.731933e-44 
1.731933e-44 
1.705220e-44 
1.479762e-44 
1.128310e-44 
1.128310e-44 
1.124828e-44 
1.124828e-44 
1.107425e-44 
1.107425e-44 
1.019217e-44 
1.019217e-44 
8.573785e-45 
8.573785e-45 
6.772585e-45 
6.663648e-45 
6.663648e-45 
6.663648e-45 
5.804084e-45 
5.804084e-45 
5.326875e-45 
4.422633e-45 
4.126122e-45 
4.126122e-45 
2.575606e-45 
2.326966e-45 
2.326966e-45 
2.105301e-45 
2.105301e-45 
1.928145e-45 
1.782290e-45 
1.760472e-45 
1.236430e-45 
1.223696e-45 
1.223696e-45 
9.198939e-46 
9.053297e-46 
9.053297e-46 
7.753453e-46 
7.753453e-46 
7.238466e-46 
7.153904e-46 
6.388484e-46 
5.223375e-46 
4.405252e-46 
4.226871e-46 
3.503648e-46 
3.498181e-46 
3.013785e-46 
2.703403e-46 
2.703403e-46 
2.196409e-46 
1.953223e-46 
1.493075e-46 
1.493075e-46 
1.474225e-46 
1.010399e-46 
1.010399e-46 
8.165324e-47 
8.165324e-47 
6.994524e-47 
6.994524e-47 
6.425515e-47 
5.632127e-47 
5.632127e-47 
4.162306e-47 
4.157345e-47 
4.157345e-47 
4.064528e-47 
4.064528e-47 
2.734012e-47 
2.734012e-47 
2.734012e-47 
2.315050e-47 
1.596541e-47 
1.596541e-47 
1.596541e-47 
1.381318e-47 
1.353626e-47 
1.114374e-47 
1.114374e-47 
1.114374e-47 
1.114374e-47 
9.392375e-48 
9.392375e-48 
9.392375e-48 
8.489246e-48 
6.285783e-48 
6.285783e-48 
6.285783e-48 
6.285783e-48 
5.878501e-48 
5.576828e-48 
4.353543e-48 
4.353543e-48 
3.477580e-48 
3.477580e-48 
3.126617e-48 
3.126617e-48 
2.878303e-48 
2.878303e-48 
2.738967e-48 
2.738967e-48 
2.277121e-48 
2.207714e-48 
2.207714e-48 
2.141233e-48 
1.892613e-48 
1.668508e-48 
1.668508e-48 
1.668508e-48 
1.652243e-48 
1.391268e-48 
1.323484e-48 
1.076875e-48 
6.026584e-49 
6.026584e-49 
5.339954e-49 
5.312125e-49 
5.043367e-49 
3.812787e-49 
3.812787e-49 
3.812787e-49 
3.004814e-49 
3.004814e-49 
2.634592e-49 
2.209223e-49 
2.002123e-49 
2.002123e-49 
2.002123e-49 
1.654684e-49 
1.654684e-49 
1.468143e-49 
1.385111e-49 
1.165632e-49 
1.165632e-49 
1.165632e-49 
1.062757e-49 
9.336870e-50 
8.652992e-50 
7.821490e-50 
4.389787e-50 
3.170125e-50 
3.170125e-50 
2.750344e-50 
2.509783e-50 
2.509783e-50 
2.272926e-50 
1.863938e-50 
1.020604e-50 
1.020604e-50 
1.020604e-50 
9.665414e-51 
9.665414e-51 
9.008714e-51 
8.448720e-51 
8.135008e-51 
8.135008e-51 
8.135008e-51 
6.197163e-51 
5.380699e-51 
5.380699e-51 
5.217011e-51 
5.076926e-51 
4.624392e-51 
4.624392e-51 
4.624392e-51 
4.298317e-51 
3.817682e-51 
3.817682e-51 
3.046309e-51 
2.582727e-51 
2.331904e-51 
2.331904e-51 
2.331904e-51 
1.926369e-51 
1.084008e-51 
7.802266e-52 
7.151828e-52 
7.151828e-52 
5.256173e-52 
5.256173e-52 
5.256173e-52 
5.256173e-52 
4.613168e-52 
3.791537e-52 
2.390469e-52 
2.390469e-52 
2.207909e-52 
1.965142e-52 
1.965142e-52 
1.811299e-52 
1.660003e-52 
1.526200e-52 
1.459945e-52 
1.375416e-52 
1.375416e-52 
1.344644e-52 
1.332874e-52 
1.188041e-52 
1.117785e-52 
1.117785e-52 
1.008225e-52 
1.008225e-52 
8.583682e-53 
8.583682e-53 
6.876105e-53 
6.428410e-53 
6.085326e-53 
6.085326e-53 
6.085326e-53 
6.048096e-53 
6.048096e-53 
5.225978e-53 
5.116620e-53 
5.116620e-53 
4.157151e-53 
3.515552e-53 
3.515552e-53 
3.331633e-53 
3.327537e-53 
3.029569e-53 
2.373832e-53 
2.373832e-53 
2.045967e-53 
2.045967e-53 
1.937523e-53 
1.460326e-53 
1.460326e-53 
1.460326e-53 
1.460326e-53 
1.169004e-53 
1.169004e-53 
8.705521e-54 
8.419882e-54 
8.419882e-54 
7.600559e-54 
5.928568e-54 
5.928568e-54 
5.928568e-54 
5.928568e-54 
5.928568e-54 
5.495174e-54 
5.136433e-54 
4.795919e-54 
4.242653e-54 
4.242653e-54 
4.151778e-54 
2.946179e-54 
2.946179e-54 
2.946179e-54 
2.946179e-54 
2.426373e-54 
2.426373e-54 
2.426373e-54 
1.243025e-54 
1.243025e-54 
1.243025e-54 
1.243025e-54 
1.114337e-54 
1.114337e-54 
1.114337e-54 
1.114337e-54 
9.943269e-55 
9.596471e-55 
8.530701e-55 
8.009053e-55 
8.009053e-55 
6.677555e-55 
6.677555e-55 
5.576584e-55 
4.783073e-55 
4.783073e-55 
4.520266e-55 
4.520266e-55 
4.120419e-55 
4.098793e-55 
4.098793e-55 
3.870026e-55 
2.889555e-55 
2.444977e-55 
2.444977e-55 
2.444977e-55 
1.876540e-55 
1.450464e-55 
1.450464e-55 
1.450464e-55 
1.169191e-55 
1.085392e-55 
1.012564e-55 
1.012564e-55 
7.721760e-56 
7.721760e-56 
7.015747e-56 
7.015747e-56 
6.825073e-56 
6.427152e-56 
6.190270e-56 
6.190270e-56 
4.761962e-56 
4.555803e-56 
4.555803e-56 
3.423015e-56 
3.423015e-56 
3.212324e-56 
2.953391e-56 
2.234042e-56 
2.234042e-56 
2.234042e-56 
2.234042e-56 
2.181243e-56 
1.793266e-56 
1.363564e-56 
1.363564e-56 
1.363564e-56 
1.072872e-56 
1.072872e-56 
1.072872e-56 
9.019618e-57 
8.684364e-57 
8.684364e-57 
8.684364e-57 
8.019734e-57 
8.019734e-57 
6.674843e-57 
6.548485e-57 
6.146946e-57 
5.163490e-57 
4.950104e-57 
4.950104e-57 
3.704821e-57 
3.137423e-57 
3.078756e-57 
2.738362e-57 
2.738362e-57 
2.674775e-57 
2.212528e-57 
2.095012e-57 
2.095012e-57 
1.707677e-57 
1.473884e-57 
1.276473e-57 
1.179756e-57 
1.148175e-57 
1.143139e-57 
9.745576e-58 
9.745576e-58 
9.745576e-58 
9.745576e-58 
9.475091e-58 
9.475091e-58 
7.858480e-58 
7.858480e-58 
7.233003e-58 
6.097196e-58 
6.097196e-58 
6.097196e-58 
4.362978e-58 
3.901715e-58 
3.389381e-58 
3.293125e-58 
3.293125e-58 
3.293125e-58 
2.993449e-58 
2.431526e-58 
2.431526e-58 
1.879890e-58 
1.763889e-58 
1.763889e-58 
1.687166e-58 
1.014641e-58 
7.355657e-59 
7.355657e-59 
7.355657e-59 
7.355657e-59 
6.811341e-59 
6.514176e-59 
5.435993e-59 
5.435993e-59 
4.967017e-59 
4.272479e-59 
3.268244e-59 
3.268244e-59 
2.372548e-59 
2.295294e-59 
1.733907e-59 
1.447360e-59 
1.447360e-59 
1.252144e-59 
9.510632e-60 
9.467503e-60 
9.467503e-60 
6.323572e-60 
6.145842e-60 
6.115303e-60 
6.115303e-60 
5.268253e-60 
4.970503e-60 
4.970503e-60 
4.499157e-60 
3.462646e-60 
3.348537e-60 
3.348537e-60 
3.071860e-60 
2.605368e-60 
1.855408e-60 
1.421696e-60 
1.421696e-60 
1.261095e-60 
1.261095e-60 
1.261095e-60 
1.231680e-60 
1.217442e-60 
1.217442e-60 
1.064835e-60 
1.064835e-60 
8.781480e-61 
7.292977e-61 
5.450893e-61 
5.450893e-61 
5.410655e-61 
5.237921e-61 
5.237921e-61 
4.830407e-61 
4.830407e-61 
3.495974e-61 
3.495974e-61 
2.543421e-61 
2.543421e-61 
2.516133e-61 
2.516133e-61 
2.470569e-61 
2.470569e-61 
1.880996e-61 
1.388401e-61 
1.388401e-61 
1.388401e-61 
1.388401e-61 
1.190173e-61 
9.595546e-62 
9.115896e-62 
9.115896e-62 
9.115896e-62 
9.115896e-62 
8.396440e-62 
7.228767e-62 
5.857633e-62 
5.857633e-62 
5.540173e-62 
5.540173e-62 
5.039522e-62 
4.765577e-62 
4.765577e-62 
4.464600e-62 
3.481078e-62 
3.020480e-62 
3.020480e-62 
2.753055e-62 
2.753055e-62 
2.733498e-62 
2.733498e-62 
2.668869e-62 
2.411368e-62 
2.411368e-62 
2.411368e-62 
2.200901e-62 
1.943600e-62 
1.943600e-62 
1.771159e-62 
1.235844e-62 
1.235844e-62 
1.058209e-62 
1.058209e-62 
1.058209e-62 
9.572755e-63 
9.199331e-63 
7.973161e-63 
7.973161e-63 
6.237906e-63 
5.080081e-63 
4.632323e-63 
4.632323e-63 
4.632323e-63 
3.552528e-63 
2.126220e-63 
1.826424e-63 
1.826424e-63 
1.532822e-63 
1.515593e-63 
1.515593e-63 
1.451334e-63 
1.251923e-63 
1.233578e-63 
1.233578e-63 
1.233578e-63 
9.698624e-64 
9.698624e-64 
8.968304e-64 
7.570845e-64 
7.570845e-64 
7.157820e-64 
7.157820e-64 
7.079715e-64 
7.079715e-64 
6.506395e-64 
5.578614e-64 
4.914409e-64 
4.914409e-64 
4.914409e-64 
4.189006e-64 
3.857763e-64 
3.357161e-64 
2.793425e-64 
2.312523e-64 
2.312523e-64 
2.312523e-64 
1.958895e-64 
1.758665e-64 
1.758665e-64 
1.686025e-64 
1.680394e-64 
1.271233e-64 
1.271233e-64 
1.258825e-64 
1.258825e-64 
1.204377e-64 
1.178002e-64 
1.178002e-64 
1.178002e-64 
1.178002e-64 
1.131057e-64 
1.131057e-64 
1.049130e-64 
8.286172e-65 
8.094227e-65 
7.452522e-65 
7.452522e-65 
6.882509e-65 
6.783795e-65 
6.128286e-65 
5.279234e-65 
4.723102e-65 
3.420910e-65 
3.420910e-65 
2.526504e-65 
2.526504e-65 
2.024994e-65 
2.024994e-65 
1.996729e-65 
1.996729e-65 
1.865574e-65 
1.592450e-65 
1.425429e-65 
1.425429e-65 
1.425429e-65 
1.111444e-65 
1.111444e-65 
1.111444e-65 
1.111444e-65 
9.635173e-66 
9.087510e-66 
7.403520e-66 
7.275844e-66 
6.267362e-66 
6.267362e-66 
4.151267e-66 
4.151267e-66 
4.151267e-66 
2.943352e-66 
2.943352e-66 
2.943352e-66 
2.126689e-66 
2.126689e-66 
2.126689e-66 
1.981530e-66 
1.729050e-66 
1.729050e-66 
1.475158e-66 
1.199576e-66 
1.139397e-66 
1.062511e-66 
8.218943e-67 
5.377415e-67 
5.377415e-67 
5.377415e-67 
4.117010e-67 
4.117010e-67 
4.117010e-67 
3.980602e-67 
3.980602e-67 
3.855330e-67 
3.689614e-67 
2.988927e-67 
2.968806e-67 
2.442739e-67 
2.442739e-67 
2.324764e-67 
2.324764e-67 
2.262096e-67 
2.262096e-67 
1.996562e-67 
1.975963e-67 
1.724357e-67 
1.724357e-67 
1.525610e-67 
1.279133e-67 
1.024700e-67 
9.513968e-68 
9.513968e-68 
9.513968e-68 
8.345908e-68 
6.044233e-68 
6.044233e-68 
6.044233e-68 
5.390974e-68 
5.390974e-68 
3.692451e-68 
3.688520e-68 
3.688520e-68 
3.161123e-68 
2.640674e-68 
2.640674e-68 
2.507755e-68 
2.405219e-68 
2.405219e-68 
2.169230e-68 
1.608124e-68 
1.608124e-68 
1.608124e-68 
1.495251e-68 
1.495251e-68 
1.309178e-68 
1.133686e-68 
9.242779e-69 
7.931386e-69 
5.318372e-69 
5.318372e-69 
5.318372e-69 
5.318372e-69 
4.627137e-69 
4.627137e-69 
4.627137e-69 
3.982132e-69 
2.937768e-69 
2.937768e-69 
2.937768e-69 
2.679493e-69 
1.810685e-69 
1.810685e-69 
1.810685e-69 
1.632977e-69 
1.632977e-69 
1.435430e-69 
1.296069e-69 
1.178881e-69 
1.178881e-69 
9.274312e-70 
9.274312e-70 
6.628285e-70 
5.737245e-70 
5.638158e-70 
5.638158e-70 
5.336472e-70 
3.322565e-70 
3.322565e-70 
3.259342e-70 
3.259342e-70 
3.259342e-70 
2.776614e-70 
2.086527e-70 
2.083881e-70 
1.970350e-70 
1.364521e-70 
1.364521e-70 
1.364521e-70 
1.364521e-70 
1.364521e-70 
1.307781e-70 
9.914915e-71 
9.749833e-71 
9.749833e-71 
9.647569e-71 
9.605638e-71 
9.605638e-71 
9.351657e-71 
9.351657e-71 
8.559977e-71 
5.819385e-71 
4.562730e-71 
4.365491e-71 
3.757157e-71 
2.388135e-71 
2.388135e-71 
1.859461e-71 
1.859461e-71 
1.859461e-71 
1.609714e-71 
1.609714e-71 
1.609714e-71 
1.526400e-71 
1.219746e-71 
9.574132e-72 
8.958891e-72 
8.682544e-72 
8.179786e-72 
7.817009e-72 
5.867818e-72 
4.735259e-72 
4.735259e-72 
4.735259e-72 
4.554566e-72 
4.170349e-72 
3.749893e-72 
2.849950e-72 
2.849950e-72 
2.731059e-72 
1.784111e-72 
1.784111e-72 
1.784111e-72 
1.401783e-72 
1.237630e-72 
1.237630e-72 
1.193843e-72 
1.014377e-72 
7.930047e-73 
7.930047e-73 
7.930047e-73 
7.591866e-73 
7.444872e-73 
7.444872e-73 
5.989067e-73 
5.688848e-73 
5.400259e-73 
4.541289e-73 
4.541289e-73 
4.268369e-73 
3.907981e-73 
3.907981e-73 
2.023470e-73 
1.762303e-73 
1.762303e-73 
1.641436e-73 
1.537177e-73 
1.160329e-73 
1.045891e-73 
8.264483e-74 
7.692612e-74 
7.692612e-74 
6.861874e-74 
5.309874e-74 
4.940652e-74 
4.562023e-74 
3.602194e-74 
3.431221e-74 
3.218433e-74 
2.826082e-74 
2.826082e-74 
2.826082e-74 
2.637853e-74 
2.637853e-74 
2.637853e-74 
2.637853e-74 
2.272041e-74 
2.040480e-74 
2.040480e-74 
2.040480e-74 
1.832827e-74 
1.832827e-74 
1.832827e-74 
1.617790e-74 
1.464891e-74 
1.261150e-74 
1.261150e-74 
1.213968e-74 
1.213968e-74 
9.691633e-75 
9.691633e-75 
9.362974e-75 
9.362974e-75 
8.178335e-75 
6.129695e-75 
6.129695e-75 
6.129695e-75 
4.135315e-75 
4.135315e-75 
3.661077e-75 
2.949899e-75 
2.924474e-75 
2.750422e-75 
2.292986e-75 
2.292986e-75 
2.292986e-75 
2.092210e-75 
1.688616e-75 
1.578349e-75 
1.393557e-75 
1.160834e-75 
9.769136e-76 
8.658814e-76 
8.059973e-76 
8.059973e-76 
8.059973e-76 
7.799252e-76 
5.652395e-76 
5.652395e-76 
4.548342e-76 
4.548342e-76 
4.548342e-76 
2.501895e-76 
2.074085e-76 
2.074085e-76 
2.074085e-76 
1.404355e-76 
1.338375e-76 
1.338375e-76 
1.029947e-76 
6.810895e-77 
6.810895e-77 
6.810895e-77 
5.913515e-77 
4.930482e-77 
4.676512e-77 
4.676512e-77 
4.284388e-77 
4.284388e-77 
4.284388e-77 
3.783829e-77 
3.783829e-77 
2.685609e-77 
2.227081e-77 
2.227081e-77 
2.227081e-77 
1.522332e-77 
1.522332e-77 
1.506092e-77 
1.501293e-77 
1.423019e-77 
1.245564e-77 
1.088085e-77 
1.075490e-77 
9.883195e-78 
9.883195e-78 
9.883195e-78 
8.632206e-78 
7.698942e-78 
7.292215e-78 
6.443021e-78 
5.584592e-78 
5.576017e-78 
4.242618e-78 
4.034119e-78 
3.943645e-78 
3.609312e-78 
2.788685e-78 
2.617797e-78 
2.436778e-78 
1.470964e-78 
1.470964e-78 
1.470964e-78 
1.470964e-78 
1.470964e-78 
1.141614e-78 
1.122621e-78 
1.122621e-78 
1.122621e-78 
9.595577e-79 
8.658462e-79 
7.841398e-79 
6.292033e-79 
6.292033e-79 
5.865376e-79 
5.865376e-79 
3.603494e-79 
3.222468e-79 
3.222468e-79 
2.555759e-79 
1.812310e-79 
1.812310e-79 
1.786720e-79 
1.731115e-79 
1.462639e-79 
1.462639e-79 
1.159113e-79 
1.159113e-79 
1.147721e-79 
9.088084e-80 
7.407566e-80 
7.131419e-80 
6.583149e-80 
6.583149e-80 
6.583149e-80 
5.339734e-80 
4.881645e-80 
4.881645e-80 
4.604677e-80 
4.604677e-80 
2.032580e-80 
2.032580e-80 
1.796555e-80 
1.796555e-80 
1.692078e-80 
1.448385e-80 
1.448385e-80 
1.227953e-80 
1.227953e-80 
1.143389e-80 
9.883362e-81 
8.532525e-81 
7.611842e-81 
5.876575e-81 
4.772572e-81 
4.627523e-81 
4.627523e-81 
3.141243e-81 
2.963479e-81 
2.963479e-81 
2.650868e-81 
2.650868e-81 
2.505767e-81 
1.876255e-81 
1.862108e-81 
1.791679e-81 
1.791679e-81 
1.763507e-81 
1.270819e-81 
1.241741e-81 
1.241741e-81 
1.080257e-81 
7.004802e-82 
7.004802e-82 
5.862113e-82 
5.862113e-82 
4.550097e-82 
3.985567e-82 
3.687175e-82 
3.687175e-82 
3.687175e-82 
2.667904e-82 
2.541207e-82 
2.541207e-82 
2.477667e-82 
2.069774e-82 
1.775842e-82 
1.775842e-82 
1.775842e-82 
1.356170e-82 
1.127688e-82 
9.453870e-83 
6.799040e-83 
6.361353e-83 
5.400900e-83 
4.844871e-83 
4.844871e-83 
4.336475e-83 
3.843135e-83 
2.945861e-83 
2.929539e-83 
2.602340e-83 
2.220402e-83 
2.158702e-83 
1.823873e-83 
1.730253e-83 
1.593672e-83 
1.517477e-83 
1.441250e-83 
1.422045e-83 
1.239864e-83 
9.393122e-84 
8.168919e-84 
6.736844e-84 
6.287882e-84 
6.287882e-84 
6.287882e-84 
6.117969e-84 
4.664419e-84 
3.197810e-84 
3.197810e-84 
3.197810e-84 
2.925480e-84 
2.388675e-84 
2.388675e-84 
2.388675e-84 
2.114831e-84 
1.952422e-84 
1.868240e-84 
1.682665e-84 
1.682665e-84 
1.423211e-84 
1.423211e-84 
1.423211e-84 
1.234581e-84 
1.234581e-84 
1.234581e-84 
1.030499e-84 
1.030499e-84 
1.030499e-84 
1.030499e-84 
9.372229e-85 
8.054992e-85 
5.664977e-85 
5.368958e-85 
4.040122e-85 
2.860367e-85 
2.860367e-85 
2.860367e-85 
2.570980e-85 
1.977516e-85 
1.977516e-85 
1.475295e-85 
1.299565e-85 
1.299565e-85 
1.299565e-85 
1.086547e-85 
9.432837e-86 
8.986866e-86 
7.643197e-86 
7.636130e-86 
7.446320e-86 
6.477207e-86 
4.574144e-86 
4.574144e-86 
4.324949e-86 
4.324949e-86 
4.248805e-86 
4.248805e-86 
4.181260e-86 
3.709473e-86 
3.292083e-86 
3.156018e-86 
3.156018e-86 
2.796517e-86 
2.724154e-86 
2.126237e-86 
1.920224e-86 
1.892167e-86 
1.613161e-86 
1.613161e-86 
1.381702e-86 
1.115982e-86 
1.099900e-86 
7.597337e-87 
6.980896e-87 
5.653645e-87 
5.653645e-87 
5.174528e-87 
5.174528e-87 
4.878587e-87 
4.482731e-87 
4.184662e-87 
2.727310e-87 
2.727310e-87 
2.680362e-87 
2.359999e-87 
2.359999e-87 
2.145833e-87 
2.043595e-87 
1.717702e-87 
1.717702e-87 
1.654697e-87 
1.273731e-87 
1.273731e-87 
1.139206e-87 
1.011676e-87 
9.768837e-88 
9.138993e-88 
8.850595e-88 
8.850595e-88 
6.342092e-88 
6.342092e-88 
5.649396e-88 
5.591669e-88 
5.591669e-88 
4.658102e-88 
4.658102e-88 
4.108112e-88 
4.108112e-88 
3.895154e-88 
3.895154e-88 
3.895154e-88 
3.474363e-88 
3.238669e-88 
2.620108e-88 
2.532119e-88 
2.532119e-88 
2.445417e-88 
2.049503e-88 
1.413783e-88 
1.413783e-88 
1.116911e-88 
1.116911e-88 
1.113374e-88 
1.074629e-88 
9.977114e-89 
9.977114e-89 
6.987967e-89 
6.262483e-89 
6.262483e-89 
5.751950e-89 
5.751950e-89 
5.423033e-89 
4.973083e-89 
4.973083e-89 
3.079152e-89 
3.079152e-89 
3.001387e-89 
2.986335e-89 
2.482509e-89 
1.972706e-89 
1.972706e-89 
1.972706e-89 
1.573671e-89 
1.407802e-89 
1.320931e-89 
1.137946e-89 
9.773487e-90 
8.944441e-90 
6.643298e-90 
6.643298e-90 
6.508290e-90 
6.259137e-90 
6.259137e-90 
5.092471e-90 
5.092471e-90 
4.022194e-90 
4.022194e-90 
4.022194e-90 
2.630745e-90 
2.452613e-90 
2.452613e-90 
2.089098e-90 
2.089098e-90 
2.041850e-90 
2.041850e-90 
1.944101e-90 
1.897290e-90 
1.514134e-90 
9.716585e-91 
9.716585e-91 
8.656893e-91 
6.755407e-91 
6.755407e-91 
6.103930e-91 
6.103930e-91 
4.006933e-91 
4.006933e-91 
4.006933e-91 
4.006933e-91 
2.596172e-91 
2.547029e-91 
2.368428e-91 
2.002303e-91 
1.849703e-91 
1.352948e-91 
1.352948e-91 
1.352948e-91 
1.347281e-91 
9.960811e-92 
9.497349e-92 
7.194236e-92 
6.893789e-92 
6.392255e-92 
6.392255e-92 
6.392255e-92 
5.898119e-92 
4.370516e-92 
4.192329e-92 
4.192329e-92 
4.091286e-92 
4.091286e-92 
3.870928e-92 
3.870928e-92 
3.870928e-92 
3.603266e-92 
3.235523e-92 
2.705409e-92 
2.395852e-92 
2.295894e-92 
2.181431e-92 
1.969102e-92 
1.162018e-92 
1.162018e-92 
1.104978e-92 
1.076215e-92 
8.970238e-93 
7.334919e-93 
7.334919e-93 
6.514319e-93 
6.514319e-93 
5.726017e-93 
5.575099e-93 
5.575099e-93 
5.287299e-93 
5.019051e-93 
4.726754e-93 
4.546319e-93 
4.008344e-93 
2.862805e-93 
2.862805e-93 
2.682528e-93 
2.682528e-93 
2.319782e-93 
1.955835e-93 
1.955835e-93 
1.955835e-93 
1.494861e-93 
1.494861e-93 
1.114652e-93 
1.114652e-93 
7.621906e-94 
6.972900e-94 
6.972900e-94 
6.436174e-94 
5.324479e-94 
5.324479e-94 
4.322180e-94 
4.322180e-94 
4.322180e-94 
3.986574e-94 
3.880964e-94 
3.869121e-94 
3.869121e-94 
2.662129e-94 
2.524777e-94 
2.524777e-94 
2.238528e-94 
2.227554e-94 
2.087266e-94 
2.087266e-94 
1.888904e-94 
1.388796e-94 
1.388796e-94 
1.388796e-94 
1.388796e-94 
1.388796e-94 
1.247169e-94 
1.076682e-94 
9.391152e-95 
9.391152e-95 
9.391152e-95 
6.984134e-95 
6.984134e-95 
6.449881e-95 
5.227968e-95 
5.227968e-95 
5.227968e-95 
4.299081e-95 
3.724481e-95 
3.724481e-95 
3.329631e-95 
3.072323e-95 
3.072323e-95 
3.072323e-95 
2.423189e-95 
2.069611e-95 
2.069611e-95 
1.999356e-95 
1.862202e-95 
1.516170e-95 
1.415879e-95 
1.111151e-95 
1.043114e-95 
9.197403e-96 
7.145940e-96 
7.145940e-96 
7.145940e-96 
7.145940e-96 
7.017805e-96 
5.986522e-96 
5.199050e-96 
4.842556e-96 
3.486225e-96 
3.486225e-96 
2.541962e-96 
2.541962e-96 
1.998186e-96 
1.998186e-96 
1.998186e-96 
1.652026e-96 
1.249668e-96 
1.249668e-96 
1.242539e-96 
5.306616e-97 
5.306616e-97 
5.306616e-97 
5.128699e-97 
5.128699e-97 
5.128699e-97 
4.003916e-97 
3.733988e-97 
3.733988e-97 
3.140395e-97 
3.021828e-97 
2.719199e-97 
2.605948e-97 
2.196944e-97 
1.994910e-97 
1.963165e-97 
1.532366e-97 
1.356200e-97 
1.255548e-97 
1.224145e-97 
1.204697e-97 
1.125952e-97 
9.977119e-98 
9.821526e-98 
9.142997e-98 
8.555471e-98 
8.116417e-98 
6.912848e-98 
6.172612e-98 
5.151258e-98 
4.886247e-98 
4.828154e-98 
3.475143e-98 
3.475143e-98 
2.704526e-98 
1.994173e-98 
1.994173e-98 
1.495362e-98 
1.495362e-98 
1.495362e-98 
1.381455e-98 
1.234681e-98 
1.118716e-98 
9.178915e-99 
9.178915e-99 
8.491492e-99 
8.235574e-99 
7.719273e-99 
6.811120e-99 
5.679569e-99 
3.458629e-99 
3.287381e-99 
3.230495e-99 
2.719687e-99 
2.381619e-99 
2.138211e-99 
1.971529e-99 
1.863781e-99 
1.416967e-99 
1.319835e-99 
1.254441e-99 
1.116305e-99 
1.071909e-99 
1.071909e-99 
8.351416e-100 
8.193949e-100 
8.193949e-100 
8.040565e-100 
7.335434e-100 
7.335434e-100 
7.319397e-100 
7.021677e-100 
7.021677e-100 
5.755811e-100 
5.755811e-100 
5.755811e-100 
4.103502e-100 
4.103502e-100 
3.893133e-100 
3.793505e-100 
3.694201e-100 
3.694201e-100 
3.673099e-100 
2.903410e-100 
2.175596e-100 
1.945004e-100 
1.945004e-100 
1.868911e-100 
1.868911e-100 
1.868911e-100 
1.868911e-100 
1.714140e-100 
1.595363e-100 
1.463781e-100 
1.181259e-100 
1.058360e-100 
6.207568e-101 
5.699917e-101 
5.028130e-101 
4.307560e-101 
3.742179e-101 
3.742179e-101 
3.742179e-101 
3.388407e-101 
3.318305e-101 
2.973652e-101 
2.463000e-101 
2.034215e-101 
1.893489e-101 
1.784861e-101 
1.647003e-101 
1.542402e-101 
1.542402e-101 
1.088562e-101 
1.088562e-101 
1.088562e-101 
9.970746e-102 
9.970746e-102 
9.671182e-102 
9.449808e-102 
9.449808e-102 
8.183288e-102 
7.726840e-102 
7.457724e-102 
7.457724e-102 
7.374288e-102 
7.150332e-102 
5.548340e-102 
5.548340e-102 
5.548340e-102 
5.108296e-102 
4.997277e-102 
4.264291e-102 
3.820635e-102 
2.989718e-102 
2.507606e-102 
2.507606e-102 
2.283180e-102 
1.960866e-102 
1.631254e-102 
1.221644e-102 
9.831700e-103 
8.599110e-103 
7.903318e-103 
7.903318e-103 
7.903318e-103 
6.895130e-103 
6.554051e-103 
5.959113e-103 
5.450918e-103 
5.154609e-103 
4.715327e-103 
4.715327e-103 
3.091703e-103 
3.091703e-103 
3.091703e-103 
2.768364e-103 
2.512512e-103 
2.484099e-103 
2.484099e-103 
2.484099e-103 
2.479990e-103 
2.479990e-103 
2.106305e-103 
2.106305e-103 
1.906333e-103 
1.906333e-103 
1.663865e-103 
1.663865e-103 
1.535797e-103 
1.377426e-103 
1.282983e-103 
1.032488e-103 
8.983294e-104 
7.966477e-104 
7.220834e-104 
7.220834e-104 
7.220834e-104 
6.955240e-104 
6.562312e-104 
5.432820e-104 
3.861216e-104 
3.861216e-104 
3.676847e-104 
3.676847e-104 
2.973753e-104 
2.973753e-104 
2.643875e-104 
2.592711e-104 
2.592711e-104 
1.861527e-104 
1.747345e-104 
1.646849e-104 
1.646849e-104 
1.583122e-104 
1.583122e-104 
1.583122e-104 
1.516017e-104 
1.285015e-104 
1.285015e-104 
9.481995e-105 
9.481995e-105 
9.481995e-105 
8.112528e-105 
7.887406e-105 
7.815503e-105 
6.652784e-105 
6.320357e-105 
6.320357e-105 
5.656325e-105 
5.656325e-105 
5.013144e-105 
5.013144e-105 
5.013144e-105 
5.013144e-105 
4.738736e-105 
4.569851e-105 
4.569851e-105 
4.376342e-105 
4.004816e-105 
3.749215e-105 
3.412592e-105 
3.134247e-105 
2.679382e-105 
2.215299e-105 
2.027167e-105 
1.783223e-105 
1.330851e-105 
1.237596e-105 
1.172927e-105 
7.652481e-106 
7.652481e-106 
7.617445e-106 
6.116251e-106 
5.773649e-106 
5.773649e-106 
5.597787e-106 
5.274869e-106 
5.036723e-106 
5.036723e-106 
5.036723e-106 
3.499965e-106 
3.499965e-106 
2.524632e-106 
2.524632e-106 
2.524632e-106 
2.264756e-106 
1.988337e-106 
1.988337e-106 
1.520713e-106 
1.386833e-106 
1.122850e-106 
1.076794e-106 
8.665426e-107 
6.853672e-107 
6.853672e-107 
6.066597e-107 
5.793743e-107 
5.406421e-107 
4.975911e-107 
4.532005e-107 
4.303885e-107 
4.303885e-107 
3.456712e-107 
2.977787e-107 
2.977787e-107 
2.807422e-107 
2.770148e-107 
2.770148e-107 
1.945146e-107 
1.361113e-107 
1.361113e-107 
1.256218e-107 
1.256218e-107 
1.207808e-107 
1.146615e-107 
1.082896e-107 
1.082896e-107 
9.929566e-108 
9.929566e-108 
9.215206e-108 
8.432254e-108 
8.432254e-108 
7.785977e-108 
7.522769e-108 
7.522769e-108 
7.522769e-108 
6.478204e-108 
5.957876e-108 
3.760498e-108 
3.565983e-108 
2.638396e-108 
2.126724e-108 
1.992155e-108 
1.992155e-108 
1.694477e-108 
1.413992e-108 
1.413992e-108 
1.291971e-108 
1.175702e-108 
8.139898e-109 
7.366073e-109 
6.992412e-109 
6.753339e-109 
5.592144e-109 
5.592144e-109 
4.552814e-109 
4.325252e-109 
4.022633e-109 
3.554673e-109 
2.755464e-109 
2.755464e-109 
2.749676e-109 
2.586659e-109 
2.159491e-109 
2.159491e-109 
2.133168e-109 
1.766694e-109 
1.634489e-109 
1.443324e-109 
1.277082e-109 
1.188468e-109 
1.188468e-109 
9.918465e-110 
9.918465e-110 
9.918465e-110 
8.202117e-110 
7.861619e-110 
6.354606e-110 
5.614235e-110 
5.399438e-110 
5.399438e-110 
4.266672e-110 
2.895638e-110 
2.742350e-110 
2.742350e-110 
2.526896e-110 
1.996911e-110 
1.996911e-110 
1.996911e-110 
1.996911e-110 
1.971662e-110 
1.844587e-110 
1.844587e-110 
1.677432e-110 
1.647294e-110 
1.441225e-110 
1.265395e-110 
1.265395e-110 
1.258420e-110 
1.122098e-110 
1.085598e-110 
1.085598e-110 
1.041998e-110 
9.368155e-111 
9.368155e-111 
6.653680e-111 
6.653680e-111 
5.009397e-111 
5.009397e-111 
4.531528e-111 
4.089706e-111 
4.087381e-111 
4.087381e-111 
3.068761e-111 
3.068761e-111 
3.068761e-111 
2.716623e-111 
2.669229e-111 
2.554855e-111 
2.326577e-111 
2.072084e-111 
1.582405e-111 
1.582405e-111 
1.252529e-111 
1.252529e-111 
1.213220e-111 
1.213220e-111 
9.394738e-112 
9.394738e-112 
9.080259e-112 
9.080259e-112 
8.474367e-112 
7.782054e-112 
7.782054e-112 
7.736650e-112 
7.736650e-112 
5.631948e-112 
4.688567e-112 
4.688567e-112 
4.230722e-112 
4.230722e-112 
4.230722e-112 
2.739380e-112 
2.739380e-112 
2.739380e-112 
2.297821e-112 
2.297821e-112 
1.958787e-112 
1.956299e-112 
1.651223e-112 
1.585284e-112 
1.585284e-112 
1.233780e-112 
1.015967e-112 
9.188403e-113 
8.335902e-113 
5.573119e-113 
5.208341e-113 
4.603111e-113 
4.603111e-113 
4.011682e-113 
3.501911e-113 
2.894264e-113 
2.894264e-113 
2.858325e-113 
2.858325e-113 
2.540439e-113 
2.434644e-113 
2.359585e-113 
2.359585e-113 
2.142046e-113 
1.623893e-113 
1.343823e-113 
1.343823e-113 
1.102422e-113 
1.085017e-113 
1.003665e-113 
9.014028e-114 
8.388128e-114 
7.857105e-114 
7.427434e-114 
7.379496e-114 
7.379496e-114 
4.059308e-114 
4.059308e-114 
4.059308e-114 
2.945773e-114 
2.477518e-114 
2.477518e-114 
2.477518e-114 
2.230655e-114 
2.230655e-114 
2.230655e-114 
1.961521e-114 
1.465912e-114 
1.465912e-114 
1.343764e-114 
1.183417e-114 
9.796553e-115 
9.796553e-115 
8.416946e-115 
8.416946e-115 
7.660420e-115 
6.768210e-115 
6.768210e-115 
6.768210e-115 
4.791522e-115 
4.405175e-115 
4.405175e-115 
4.316124e-115 
3.535308e-115 
3.535038e-115 
2.641416e-115 
2.641416e-115 
2.212217e-115 
2.041154e-115 
1.935809e-115 
1.814013e-115 
1.814013e-115 
1.545040e-115 
1.169381e-115 
9.321424e-116 
9.281122e-116 
9.281122e-116 
9.281122e-116 
7.429392e-116 
7.258225e-116 
6.154092e-116 
6.154092e-116 
5.587385e-116 
5.380905e-116 
5.222485e-116 
5.099024e-116 
5.019420e-116 
5.019420e-116 
4.402593e-116 
4.402593e-116 
4.402593e-116 
4.402593e-116 
4.402593e-116 
3.680713e-116 
3.175747e-116 
3.074010e-116 
2.812301e-116 
2.789592e-116 
2.789592e-116 
2.667176e-116 
2.667176e-116 
2.501941e-116 
2.458845e-116 
2.457232e-116 
2.118394e-116 
1.831731e-116 
1.831731e-116 
1.522612e-116 
1.522612e-116 
1.103908e-116 
1.014432e-116 
5.517596e-117 
5.517596e-117 
5.517596e-117 
5.517596e-117 
5.179438e-117 
5.179438e-117 
3.924081e-117 
3.924081e-117 
3.597752e-117 
3.031579e-117 
2.202524e-117 
1.692275e-117 
1.692275e-117 
1.578664e-117 
1.101640e-117 
1.101640e-117 
8.342360e-118 
7.347549e-118 
7.030831e-118 
6.768776e-118 
5.904252e-118 
5.904252e-118 
5.514641e-118 
5.514641e-118 
4.574649e-118 
3.998244e-118 
3.718952e-118 
3.462447e-118 
3.120217e-118 
2.568750e-118 
2.059975e-118 
1.855683e-118 
1.434361e-118 
1.434361e-118 
1.210875e-118 
8.839688e-119 
8.839688e-119 
8.839688e-119 
5.993349e-119 
5.031029e-119 
5.031029e-119 
4.259824e-119 
2.783208e-119 
2.455771e-119 
2.382448e-119 
1.958425e-119 
1.958425e-119 
1.784180e-119 
1.758824e-119 
1.503635e-119 
1.083409e-119 
9.321193e-120 
7.010544e-120 
6.955276e-120 
6.400216e-120 
6.400216e-120 
6.134622e-120 
6.134622e-120 
5.310504e-120 
5.310504e-120 
4.837121e-120 
3.875427e-120 
3.310751e-120 
3.289235e-120 
3.090221e-120 
3.090221e-120 
2.536886e-120 
2.536886e-120 
2.175113e-120 
2.175113e-120 
2.108757e-120 
2.108757e-120 
2.001113e-120 
1.564691e-120 
1.456314e-120 
1.252162e-120 
1.060335e-120 
9.219715e-121 
9.018701e-121 
9.018701e-121 
6.553896e-121 
6.553896e-121 
6.230926e-121 
5.748684e-121 
4.166485e-121 
4.166485e-121 
4.166485e-121 
2.941581e-121 
2.941581e-121 
2.941581e-121 
2.226902e-121 
2.226902e-121 
2.086593e-121 
2.086593e-121 
2.046777e-121 
1.859537e-121 
1.859537e-121 
1.185810e-121 
9.945223e-122 
9.945223e-122 
9.016150e-122 
9.016150e-122 
8.328702e-122 
5.824053e-122 
4.666560e-122 
4.072760e-122 
4.072760e-122 
3.141339e-122 
2.945184e-122 
2.473577e-122 
2.421382e-122 
1.993919e-122 
1.993919e-122 
1.882783e-122 
1.882783e-122 
1.557003e-122 
1.434069e-122 
1.434069e-122 
1.434069e-122 
1.247363e-122 
1.187961e-122 
1.187961e-122 
1.187961e-122 
9.351068e-123 
8.321796e-123 
7.329860e-123 
7.329860e-123 
5.283065e-123 
4.295909e-123 
4.295909e-123 
4.068394e-123 
3.937706e-123 
3.937706e-123 
3.464279e-123 
3.087723e-123 
2.775151e-123 
2.604040e-123 
2.027475e-123 
2.027475e-123 
1.611814e-123 
1.502642e-123 
1.502642e-123 
1.082828e-123 
8.281469e-124 
8.281469e-124 
8.281469e-124 
8.251502e-124 
6.985786e-124 
6.985786e-124 
6.626635e-124 
6.424079e-124 
6.424079e-124 
5.766904e-124 
5.760765e-124 
4.887241e-124 
4.368194e-124 
4.368194e-124 
4.368194e-124 
3.547353e-124 
3.356995e-124 
2.320028e-124 
1.897945e-124 
1.897945e-124 
1.770377e-124 
1.431489e-124 
1.431489e-124 
1.415181e-124 
1.362491e-124 
8.391334e-125 
8.391334e-125 
7.395500e-125 
5.854390e-125 
5.784049e-125 
4.707636e-125 
4.707636e-125 
4.680563e-125 
4.403725e-125 
4.403725e-125 
4.007061e-125 
4.007061e-125 
3.683108e-125 
3.683108e-125 
3.270934e-125 
2.903628e-125 
2.237432e-125 
2.237432e-125 
