6.527591e+03 
5.831350e+03 
5.316385e+03 
3.956697e+03 
3.956697e+03 
3.956697e+03 
3.956697e+03 
3.956697e+03 
3.956697e+03 
3.623903e+03 
3.623903e+03 
3.443537e+03 
3.173546e+03 
3.173546e+03 
3.173546e+03 
2.553091e+03 
2.553091e+03 
2.553091e+03 
2.553091e+03 
2.477327e+03 
2.372766e+03 
2.141507e+03 
2.141507e+03 
2.141507e+03 
2.127442e+03 
2.127250e+03 
1.998912e+03 
1.980438e+03 
1.980438e+03 
1.921795e+03 
1.679628e+03 
1.553177e+03 
1.522266e+03 
1.521212e+03 
1.493342e+03 
1.493342e+03 
1.473789e+03 
1.464101e+03 
1.358666e+03 
1.358666e+03 
1.358666e+03 
1.292127e+03 
1.292127e+03 
1.250385e+03 
1.235164e+03 
1.189461e+03 
1.174369e+03 
1.111201e+03 
1.075974e+03 
1.048594e+03 
1.048594e+03 
9.939795e+02 
9.939795e+02 
9.934658e+02 
9.689587e+02 
9.689587e+02 
9.632885e+02 
9.630749e+02 
9.630749e+02 
9.413418e+02 
9.413418e+02 
9.173029e+02 
9.173029e+02 
9.126426e+02 
9.118856e+02 
9.086586e+02 
9.086586e+02 
9.086586e+02 
9.014047e+02 
9.014047e+02 
8.980194e+02 
8.980194e+02 
8.936081e+02 
8.927578e+02 
8.927578e+02 
8.927578e+02 
8.857314e+02 
8.849140e+02 
8.849140e+02 
8.836229e+02 
8.827042e+02 
8.801566e+02 
8.759990e+02 
8.759990e+02 
8.736294e+02 
8.736294e+02 
8.723796e+02 
8.710998e+02 
8.698778e+02 
8.684434e+02 
8.659975e+02 
8.659975e+02 
8.642566e+02 
8.642566e+02 
8.125346e+02 
8.125346e+02 
6.857627e+02 
6.857627e+02 
6.847263e+02 
6.847263e+02 
6.847263e+02 
6.749128e+02 
6.749128e+02 
6.737007e+02 
6.725379e+02 
6.621386e+02 
6.621386e+02 
6.621386e+02 
6.621386e+02 
6.585481e+02 
6.585481e+02 
6.562791e+02 
6.562791e+02 
6.508396e+02 
6.258509e+02 
6.258509e+02 
5.280531e+02 
4.511846e+02 
4.511846e+02 
4.511846e+02 
4.296963e+02 
4.296963e+02 
4.292462e+02 
4.215242e+02 
4.183158e+02 
4.183158e+02 
4.142501e+02 
4.142501e+02 
4.127010e+02 
4.127010e+02 
4.127010e+02 
4.114364e+02 
3.975573e+02 
3.969792e+02 
3.944018e+02 
3.944018e+02 
3.861402e+02 
3.839832e+02 
3.839832e+02 
3.774433e+02 
3.761608e+02 
3.761608e+02 
3.751278e+02 
3.751278e+02 
3.721532e+02 
3.688623e+02 
3.688041e+02 
3.671623e+02 
3.671623e+02 
3.670319e+02 
3.654040e+02 
3.654040e+02 
3.645055e+02 
3.627370e+02 
3.620409e+02 
3.620409e+02 
3.613222e+02 
3.611466e+02 
3.607067e+02 
3.606608e+02 
3.606048e+02 
3.606048e+02 
3.604575e+02 
3.604575e+02 
3.604575e+02 
3.603964e+02 
3.601753e+02 
3.598624e+02 
3.598624e+02 
3.598624e+02 
3.598044e+02 
3.598044e+02 
3.596773e+02 
3.595960e+02 
3.595835e+02 
3.595750e+02 
3.595591e+02 
3.595372e+02 
3.595372e+02 
3.592829e+02 
3.592829e+02 
3.592467e+02 
3.592124e+02 
3.592124e+02 
3.591794e+02 
3.591231e+02 
3.591231e+02 
3.590933e+02 
3.590933e+02 
3.590933e+02 
3.590871e+02 
3.590871e+02 
3.590632e+02 
3.590632e+02 
3.590510e+02 
3.590401e+02 
3.590401e+02 
3.590401e+02 
3.590331e+02 
3.590209e+02 
3.590135e+02 
3.590049e+02 
3.589999e+02 
3.589951e+02 
3.589904e+02 
3.589889e+02 
3.589777e+02 
3.589748e+02 
3.589722e+02 
3.589698e+02 
3.589698e+02 
3.589698e+02 
3.589659e+02 
3.589587e+02 
3.589587e+02 
3.589582e+02 
3.589582e+02 
3.589491e+02 
3.589479e+02 
3.589479e+02 
3.589424e+02 
3.589424e+02 
3.589424e+02 
3.589379e+02 
3.589373e+02 
3.589373e+02 
3.589345e+02 
3.589297e+02 
3.589297e+02 
3.589288e+02 
3.589288e+02 
3.589288e+02 
3.589275e+02 
3.589275e+02 
3.589257e+02 
3.589257e+02 
3.589252e+02 
3.589252e+02 
3.589252e+02 
3.589220e+02 
3.589220e+02 
3.589217e+02 
3.589217e+02 
3.589213e+02 
3.589206e+02 
3.589206e+02 
3.589200e+02 
3.589200e+02 
3.589200e+02 
3.589200e+02 
3.589199e+02 
3.589197e+02 
3.589197e+02 
3.589192e+02 
3.589191e+02 
3.589190e+02 
3.589189e+02 
3.589184e+02 
3.589183e+02 
3.589183e+02 
3.589179e+02 
3.589179e+02 
3.589179e+02 
3.589178e+02 
3.589178e+02 
3.589178e+02 
3.589178e+02 
3.589178e+02 
3.589177e+02 
3.589176e+02 
3.589176e+02 
3.589176e+02 
3.589176e+02 
3.589176e+02 
3.589176e+02 
3.589176e+02 
3.589176e+02 
3.589176e+02 
3.589175e+02 
3.589175e+02 
3.589175e+02 
3.589175e+02 
3.589175e+02 
3.589175e+02 
3.589175e+02 
3.589175e+02 
3.589175e+02 
3.589175e+02 
3.589175e+02 
3.589175e+02 
3.589175e+02 
3.589175e+02 
3.589175e+02 
3.589175e+02 
3.589175e+02 
3.589175e+02 
3.589175e+02 
3.589175e+02 
3.589175e+02 
3.589175e+02 
3.589175e+02 
3.589175e+02 
3.589175e+02 
3.589175e+02 
3.589175e+02 
3.589175e+02 
3.589175e+02 
3.589175e+02 
3.589175e+02 
3.589175e+02 
3.589175e+02 
3.589175e+02 
3.589175e+02 
3.589175e+02 
3.589175e+02 
3.589175e+02 
3.589175e+02 
3.589175e+02 
3.589175e+02 
3.589175e+02 
3.589175e+02 
3.589175e+02 
3.589175e+02 
3.589175e+02 
3.589175e+02 
3.589175e+02 
3.589175e+02 
3.589175e+02 
3.589175e+02 
3.589175e+02 
3.589175e+02 
3.589175e+02 
3.589175e+02 
3.589175e+02 
3.589175e+02 
3.589175e+02 
3.589175e+02 
3.589175e+02 
3.589175e+02 
3.589175e+02 
3.589175e+02 
3.589175e+02 
3.589175e+02 
3.589175e+02 
3.589175e+02 
3.589175e+02 
3.589175e+02 
3.589175e+02 
3.589175e+02 
3.589175e+02 
3.589175e+02 
3.589175e+02 
3.589175e+02 
3.589175e+02 
3.589175e+02 
3.589175e+02 
3.589175e+02 
3.589175e+02 
3.589175e+02 
3.589175e+02 
3.589175e+02 
3.589175e+02 
3.589175e+02 
3.589175e+02 
3.589175e+02 
3.589175e+02 
3.589175e+02 
3.589175e+02 
3.589175e+02 
3.589175e+02 
3.589175e+02 
3.589175e+02 
3.589175e+02 
3.589175e+02 
3.589175e+02 
3.589175e+02 
3.589175e+02 
3.589175e+02 
3.589175e+02 
3.589175e+02 
3.589175e+02 
3.589175e+02 
3.589175e+02 
3.589175e+02 
3.589175e+02 
3.589175e+02 
3.589175e+02 
3.589175e+02 
3.589175e+02 
3.589175e+02 
3.589175e+02 
3.589175e+02 
3.589175e+02 
3.589175e+02 
3.589175e+02 
3.589175e+02 
3.589175e+02 
3.589175e+02 
3.589175e+02 
3.589175e+02 
3.589175e+02 
3.589175e+02 
3.589175e+02 
3.589175e+02 
3.589175e+02 
3.589175e+02 
3.589175e+02 
3.589175e+02 
3.589175e+02 
3.589175e+02 
3.589175e+02 
3.589175e+02 
3.589175e+02 
3.589175e+02 
3.589175e+02 
3.589175e+02 
3.589175e+02 
3.589175e+02 
3.589175e+02 
3.589175e+02 
3.589175e+02 
3.589175e+02 
3.589175e+02 
3.589175e+02 
3.589175e+02 
3.589175e+02 
3.589175e+02 
3.589175e+02 
3.589175e+02 
3.589175e+02 
3.589175e+02 
3.589175e+02 
3.589175e+02 
3.589175e+02 
3.589175e+02 
3.589175e+02 
3.589175e+02 
3.589175e+02 
3.589175e+02 
3.589175e+02 
3.589175e+02 
3.589175e+02 
3.589175e+02 
3.589175e+02 
3.589175e+02 
3.589175e+02 
3.589175e+02 
3.589175e+02 
3.589175e+02 
3.589175e+02 
3.589175e+02 
3.589175e+02 
3.589175e+02 
3.589175e+02 
3.589175e+02 
3.589175e+02 
3.589175e+02 
3.589175e+02 
3.589175e+02 
3.589175e+02 
3.589175e+02 
3.589175e+02 
3.589175e+02 
3.589175e+02 
3.589175e+02 
3.589175e+02 
3.589175e+02 
3.589175e+02 
3.589175e+02 
3.589175e+02 
3.589175e+02 
3.589175e+02 
3.589175e+02 
3.589175e+02 
3.589175e+02 
3.589175e+02 
3.589175e+02 
3.589175e+02 
3.589175e+02 
3.589175e+02 
3.589175e+02 
3.589175e+02 
3.589175e+02 
3.589175e+02 
3.589175e+02 
3.589175e+02 
3.589175e+02 
3.589175e+02 
3.589175e+02 
3.589175e+02 
3.589175e+02 
3.589175e+02 
3.589175e+02 
3.589175e+02 
3.589175e+02 
3.589175e+02 
3.589175e+02 
3.589175e+02 
3.589175e+02 
3.589175e+02 
3.589175e+02 
3.589175e+02 
3.589175e+02 
3.589175e+02 
3.589175e+02 
3.589175e+02 
3.589175e+02 
3.589175e+02 
3.589175e+02 
3.589175e+02 
3.589175e+02 
3.589175e+02 
3.589175e+02 
3.589175e+02 
3.589175e+02 
3.589175e+02 
3.589175e+02 
3.589175e+02 
3.589175e+02 
3.589175e+02 
3.589175e+02 
3.589175e+02 
3.589175e+02 
3.589175e+02 
3.589175e+02 
3.589175e+02 
3.589175e+02 
3.589175e+02 
3.589175e+02 
3.589175e+02 
3.589175e+02 
3.589175e+02 
3.589175e+02 
3.589175e+02 
3.589175e+02 
3.589175e+02 
3.589175e+02 
3.589175e+02 
3.589175e+02 
3.589175e+02 
3.589175e+02 
3.589175e+02 
3.589175e+02 
3.589175e+02 
3.589175e+02 
3.589175e+02 
3.589175e+02 
3.589175e+02 
3.589175e+02 
3.589175e+02 
3.589175e+02 
3.589175e+02 
3.589175e+02 
3.589175e+02 
3.589175e+02 
3.589175e+02 
3.589175e+02 
3.589175e+02 
3.589175e+02 
3.589175e+02 
3.589175e+02 
3.589175e+02 
3.589175e+02 
3.589175e+02 
3.589175e+02 
3.589175e+02 
3.589175e+02 
3.589175e+02 
3.589175e+02 
3.589175e+02 
3.589175e+02 
3.589175e+02 
3.589175e+02 
3.589175e+02 
3.589175e+02 
3.589175e+02 
3.589175e+02 
3.589175e+02 
3.589175e+02 
3.589175e+02 
3.589175e+02 
3.589175e+02 
3.589175e+02 
3.589175e+02 
3.589175e+02 
3.589175e+02 
3.589175e+02 
3.589175e+02 
3.589175e+02 
3.589175e+02 
3.589175e+02 
3.589175e+02 
3.589175e+02 
3.589175e+02 
3.589175e+02 
3.589175e+02 
3.589175e+02 
3.589175e+02 
3.589175e+02 
3.589175e+02 
3.589175e+02 
3.589175e+02 
3.589175e+02 
3.589175e+02 
3.589175e+02 
3.589175e+02 
3.589175e+02 
3.589175e+02 
3.589175e+02 
3.589175e+02 
3.589175e+02 
3.589175e+02 
3.589175e+02 
3.589175e+02 
3.589175e+02 
3.589175e+02 
3.589175e+02 
3.589175e+02 
3.589175e+02 
3.589175e+02 
3.589175e+02 
3.589175e+02 
3.589175e+02 
3.589175e+02 
3.589175e+02 
3.589175e+02 
3.589175e+02 
3.589175e+02 
3.589175e+02 
3.589175e+02 
3.589175e+02 
3.589175e+02 
3.589175e+02 
3.589175e+02 
3.589175e+02 
3.589175e+02 
3.589175e+02 
3.589175e+02 
3.589175e+02 
3.589175e+02 
3.589175e+02 
3.589175e+02 
3.589175e+02 
3.589175e+02 
3.589175e+02 
3.589175e+02 
3.589175e+02 
3.589175e+02 
3.589175e+02 
3.589175e+02 
3.589175e+02 
3.589175e+02 
3.589175e+02 
3.589175e+02 
3.589175e+02 
3.589175e+02 
3.589175e+02 
3.589175e+02 
3.589175e+02 
3.589175e+02 
3.589175e+02 
3.589175e+02 
3.589175e+02 
3.589175e+02 
3.589175e+02 
3.589175e+02 
3.589175e+02 
3.589175e+02 
3.589175e+02 
3.589175e+02 
3.589175e+02 
3.589175e+02 
3.589175e+02 
3.589175e+02 
3.589175e+02 
3.589175e+02 
3.589175e+02 
3.589175e+02 
3.589175e+02 
3.589175e+02 
3.589175e+02 
3.589175e+02 
3.589175e+02 
3.589175e+02 
3.589175e+02 
3.589175e+02 
3.589175e+02 
3.589175e+02 
3.589175e+02 
3.589175e+02 
3.589175e+02 
3.589175e+02 
3.589175e+02 
3.589175e+02 
3.589175e+02 
3.589175e+02 
3.589175e+02 
3.589175e+02 
3.589175e+02 
3.589175e+02 
3.589175e+02 
3.589175e+02 
3.589175e+02 
3.589175e+02 
3.589175e+02 
3.589175e+02 
3.589175e+02 
3.589175e+02 
3.589175e+02 
3.589175e+02 
3.589175e+02 
3.589175e+02 
3.589175e+02 
3.589175e+02 
3.589175e+02 
3.589175e+02 
3.589175e+02 
3.589175e+02 
3.589175e+02 
3.589175e+02 
3.589175e+02 
3.589175e+02 
3.589175e+02 
3.589175e+02 
3.589175e+02 
3.589175e+02 
3.589175e+02 
3.589175e+02 
3.589175e+02 
3.589175e+02 
3.589175e+02 
3.589175e+02 
3.589175e+02 
3.589175e+02 
3.589175e+02 
3.589175e+02 
3.589175e+02 
3.589175e+02 
3.589175e+02 
3.589175e+02 
3.589175e+02 
3.589175e+02 
3.589175e+02 
3.589175e+02 
3.589175e+02 
3.589175e+02 
3.589175e+02 
3.589175e+02 
3.589175e+02 
3.589175e+02 
3.589175e+02 
3.589175e+02 
3.589175e+02 
3.589175e+02 
3.589175e+02 
3.589175e+02 
3.589175e+02 
3.589175e+02 
3.589175e+02 
3.589175e+02 
3.589175e+02 
3.589175e+02 
3.589175e+02 
3.589175e+02 
3.589175e+02 
3.589175e+02 
3.589175e+02 
3.589175e+02 
3.589175e+02 
3.589175e+02 
3.589175e+02 
3.589175e+02 
3.589175e+02 
3.589175e+02 
3.589175e+02 
3.589175e+02 
3.589175e+02 
3.589175e+02 
3.589175e+02 
3.589175e+02 
3.589175e+02 
3.589175e+02 
3.589175e+02 
3.589175e+02 
3.589175e+02 
3.589175e+02 
3.589175e+02 
3.589175e+02 
3.589175e+02 
3.589175e+02 
3.589175e+02 
3.589175e+02 
3.589175e+02 
3.589175e+02 
3.589175e+02 
3.589175e+02 
3.589175e+02 
3.589175e+02 
3.589175e+02 
3.589175e+02 
3.589175e+02 
3.589175e+02 
3.589175e+02 
3.589175e+02 
3.589175e+02 
3.589175e+02 
3.589175e+02 
3.589175e+02 
3.589175e+02 
3.589175e+02 
3.589175e+02 
3.589175e+02 
3.589175e+02 
3.589175e+02 
3.589175e+02 
3.589175e+02 
3.589175e+02 
3.589175e+02 
3.589175e+02 
3.589175e+02 
3.589175e+02 
3.589175e+02 
3.589175e+02 
3.589175e+02 
3.589175e+02 
3.589175e+02 
3.589175e+02 
3.589175e+02 
3.589175e+02 
3.589175e+02 
3.589175e+02 
3.589175e+02 
3.589175e+02 
3.589175e+02 
3.589175e+02 
3.589175e+02 
3.589175e+02 
3.589175e+02 
3.589175e+02 
3.589175e+02 
3.589175e+02 
3.589175e+02 
3.589175e+02 
3.589175e+02 
3.589175e+02 
3.589175e+02 
3.589175e+02 
3.589175e+02 
3.589175e+02 
3.589175e+02 
3.589175e+02 
3.589175e+02 
3.589175e+02 
3.589175e+02 
3.589175e+02 
3.589175e+02 
3.589175e+02 
3.589175e+02 
3.589175e+02 
3.589175e+02 
3.589175e+02 
3.589175e+02 
3.589175e+02 
3.589175e+02 
3.589175e+02 
3.589175e+02 
3.589175e+02 
3.589175e+02 
3.589175e+02 
3.589175e+02 
3.589175e+02 
3.589175e+02 
3.589175e+02 
3.589175e+02 
3.589175e+02 
3.589175e+02 
3.589175e+02 
3.589175e+02 
3.589175e+02 
3.589175e+02 
3.589175e+02 
3.589175e+02 
3.589175e+02 
3.589175e+02 
3.589175e+02 
3.589175e+02 
3.589175e+02 
3.589175e+02 
3.589175e+02 
3.589175e+02 
3.589175e+02 
3.589175e+02 
3.589175e+02 
3.589175e+02 
3.589175e+02 
3.589175e+02 
3.589175e+02 
3.589175e+02 
3.589175e+02 
3.589175e+02 
3.589175e+02 
3.589175e+02 
3.589175e+02 
3.589175e+02 
3.589175e+02 
3.589175e+02 
3.589175e+02 
3.589175e+02 
3.589175e+02 
3.589175e+02 
3.589175e+02 
3.589175e+02 
3.589175e+02 
3.589175e+02 
3.589175e+02 
3.589175e+02 
3.589175e+02 
3.589175e+02 
3.589175e+02 
3.589175e+02 
3.589175e+02 
3.589175e+02 
3.589175e+02 
3.589175e+02 
3.589175e+02 
3.589175e+02 
3.589175e+02 
3.589175e+02 
3.589175e+02 
3.589175e+02 
3.589175e+02 
3.589175e+02 
3.589175e+02 
3.589175e+02 
3.589175e+02 
3.589175e+02 
3.589175e+02 
3.589175e+02 
3.589175e+02 
3.589175e+02 
3.589175e+02 
3.589175e+02 
3.589175e+02 
3.589175e+02 
3.589175e+02 
3.589175e+02 
3.589175e+02 
3.589175e+02 
3.589175e+02 
3.589175e+02 
3.589175e+02 
3.589175e+02 
3.589175e+02 
3.589175e+02 
3.589175e+02 
3.589175e+02 
3.589175e+02 
3.589175e+02 
3.589175e+02 
3.589175e+02 
3.589175e+02 
3.589175e+02 
3.589175e+02 
3.589175e+02 
3.589175e+02 
3.589175e+02 
3.589175e+02 
3.589175e+02 
3.589175e+02 
3.589175e+02 
3.589175e+02 
3.589175e+02 
3.589175e+02 
3.589175e+02 
3.589175e+02 
3.589175e+02 
3.589175e+02 
3.589175e+02 
3.589175e+02 
3.589175e+02 
3.589175e+02 
3.589175e+02 
3.589175e+02 
3.589175e+02 
3.589175e+02 
3.589175e+02 
3.589175e+02 
3.589175e+02 
3.589175e+02 
3.589175e+02 
3.589175e+02 
3.589175e+02 
3.589175e+02 
3.589175e+02 
3.589175e+02 
3.589175e+02 
3.589175e+02 
3.589175e+02 
3.589175e+02 
3.589175e+02 
3.589175e+02 
3.589175e+02 
3.589175e+02 
3.589175e+02 
3.589175e+02 
3.589175e+02 
3.589175e+02 
3.589175e+02 
3.589175e+02 
3.589175e+02 
3.589175e+02 
3.589175e+02 
3.589175e+02 
3.589175e+02 
3.589175e+02 
3.589175e+02 
3.589175e+02 
3.589175e+02 
3.589175e+02 
3.589175e+02 
3.589175e+02 
3.589175e+02 
3.589175e+02 
3.589175e+02 
3.589175e+02 
3.589175e+02 
3.589175e+02 
3.589175e+02 
3.589175e+02 
3.589175e+02 
3.589175e+02 
3.589175e+02 
3.589175e+02 
3.589175e+02 
3.589175e+02 
3.589175e+02 
3.589175e+02 
3.589175e+02 
3.589175e+02 
3.589175e+02 
3.589175e+02 
3.589175e+02 
3.589175e+02 
3.589175e+02 
3.589175e+02 
3.589175e+02 
3.589175e+02 
3.589175e+02 
3.589175e+02 
3.589175e+02 
3.589175e+02 
3.589175e+02 
3.589175e+02 
3.589175e+02 
3.589175e+02 
3.589175e+02 
3.589175e+02 
3.589175e+02 
3.589175e+02 
3.589175e+02 
3.589175e+02 
3.589175e+02 
3.589175e+02 
3.589175e+02 
3.589175e+02 
3.589175e+02 
3.589175e+02 
3.589175e+02 
3.589175e+02 
3.589175e+02 
3.589175e+02 
3.589175e+02 
3.589175e+02 
3.589175e+02 
3.589175e+02 
3.589175e+02 
3.589175e+02 
3.589175e+02 
3.589175e+02 
3.589175e+02 
3.589175e+02 
3.589175e+02 
3.589175e+02 
3.589175e+02 
3.589175e+02 
3.589175e+02 
3.589175e+02 
3.589175e+02 
3.589175e+02 
3.589175e+02 
3.589175e+02 
3.589175e+02 
3.589175e+02 
3.589175e+02 
3.589175e+02 
3.589175e+02 
3.589175e+02 
3.589175e+02 
3.589175e+02 
3.589175e+02 
3.589175e+02 
3.589175e+02 
3.589175e+02 
3.589175e+02 
3.589175e+02 
3.589175e+02 
3.589175e+02 
3.589175e+02 
3.589175e+02 
3.589175e+02 
3.589175e+02 
3.589175e+02 
3.589175e+02 
3.589175e+02 
3.589175e+02 
3.589175e+02 
3.589175e+02 
3.589175e+02 
3.589175e+02 
3.589175e+02 
3.589175e+02 
3.589175e+02 
3.589175e+02 
3.589175e+02 
3.589175e+02 
3.589175e+02 
3.589175e+02 
3.589175e+02 
3.589175e+02 
3.589175e+02 
3.589175e+02 
3.589175e+02 
3.589175e+02 
3.589175e+02 
3.589175e+02 
3.589175e+02 
3.589175e+02 
3.589175e+02 
3.589175e+02 
3.589175e+02 
3.589175e+02 
3.589175e+02 
3.589175e+02 
3.589175e+02 
3.589175e+02 
3.589175e+02 
3.589175e+02 
3.589175e+02 
3.589175e+02 
3.589175e+02 
3.589175e+02 
3.589175e+02 
3.589175e+02 
3.589175e+02 
3.589175e+02 
3.589175e+02 
3.589175e+02 
3.589175e+02 
3.589175e+02 
3.589175e+02 
3.589175e+02 
3.589175e+02 
3.589175e+02 
3.589175e+02 
3.589175e+02 
3.589175e+02 
3.589175e+02 
3.589175e+02 
3.589175e+02 
3.589175e+02 
3.589175e+02 
3.589175e+02 
3.589175e+02 
3.589175e+02 
3.589175e+02 
3.589175e+02 
3.589175e+02 
3.589175e+02 
3.589175e+02 
3.589175e+02 
3.589175e+02 
3.589175e+02 
3.589175e+02 
3.589175e+02 
3.589175e+02 
3.589175e+02 
3.589175e+02 
3.589175e+02 
3.589175e+02 
3.589175e+02 
3.589175e+02 
3.589175e+02 
3.589175e+02 
3.589175e+02 
3.589175e+02 
3.589175e+02 
3.589175e+02 
3.589175e+02 
3.589175e+02 
3.589175e+02 
3.589175e+02 
3.589175e+02 
3.589175e+02 
3.589175e+02 
3.589175e+02 
3.589175e+02 
3.589175e+02 
3.589175e+02 
3.589175e+02 
3.589175e+02 
3.589175e+02 
3.589175e+02 
3.589175e+02 
3.589175e+02 
3.589175e+02 
3.589175e+02 
3.589175e+02 
3.589175e+02 
3.589175e+02 
3.589175e+02 
3.589175e+02 
3.589175e+02 
3.589175e+02 
3.589175e+02 
3.589175e+02 
3.589175e+02 
3.589175e+02 
3.589175e+02 
3.589175e+02 
3.589175e+02 
3.589175e+02 
3.589175e+02 
3.589175e+02 
3.589175e+02 
3.589175e+02 
3.589175e+02 
3.589175e+02 
3.589175e+02 
3.589175e+02 
3.589175e+02 
3.589175e+02 
3.589175e+02 
3.589175e+02 
3.589175e+02 
3.589175e+02 
3.589175e+02 
3.589175e+02 
3.589175e+02 
3.589175e+02 
3.589175e+02 
3.589175e+02 
3.589175e+02 
3.589175e+02 
3.589175e+02 
3.589175e+02 
3.589175e+02 
3.589175e+02 
3.589175e+02 
3.589175e+02 
3.589175e+02 
3.589175e+02 
3.589175e+02 
3.589175e+02 
3.589175e+02 
3.589175e+02 
3.589175e+02 
3.589175e+02 
3.589175e+02 
3.589175e+02 
3.589175e+02 
3.589175e+02 
3.589175e+02 
3.589175e+02 
3.589175e+02 
3.589175e+02 
3.589175e+02 
3.589175e+02 
3.589175e+02 
3.589175e+02 
3.589175e+02 
3.589175e+02 
3.589175e+02 
3.589175e+02 
3.589175e+02 
3.589175e+02 
3.589175e+02 
3.589175e+02 
3.589175e+02 
3.589175e+02 
3.589175e+02 
3.589175e+02 
3.589175e+02 
3.589175e+02 
3.589175e+02 
3.589175e+02 
3.589175e+02 
3.589175e+02 
3.589175e+02 
3.589175e+02 
3.589175e+02 
3.589175e+02 
3.589175e+02 
3.589175e+02 
3.589175e+02 
3.589175e+02 
3.589175e+02 
3.589175e+02 
3.589175e+02 
3.589175e+02 
3.589175e+02 
3.589175e+02 
3.589175e+02 
3.589175e+02 
3.589175e+02 
3.589175e+02 
3.589175e+02 
3.589175e+02 
3.589175e+02 
3.589175e+02 
3.589175e+02 
3.589175e+02 
3.589175e+02 
3.589175e+02 
3.589175e+02 
3.589175e+02 
3.589175e+02 
3.589175e+02 
3.589175e+02 
3.589175e+02 
3.589175e+02 
3.589175e+02 
3.589175e+02 
3.589175e+02 
3.589175e+02 
3.589175e+02 
3.589175e+02 
3.589175e+02 
3.589175e+02 
3.589175e+02 
3.589175e+02 
3.589175e+02 
3.589175e+02 
3.589175e+02 
3.589175e+02 
3.589175e+02 
3.589175e+02 
3.589175e+02 
3.589175e+02 
3.589175e+02 
3.589175e+02 
3.589175e+02 
3.589175e+02 
3.589175e+02 
3.589175e+02 
3.589175e+02 
3.589175e+02 
3.589175e+02 
3.589175e+02 
3.589175e+02 
3.589175e+02 
3.589175e+02 
3.589175e+02 
3.589175e+02 
3.589175e+02 
3.589175e+02 
3.589175e+02 
3.589175e+02 
3.589175e+02 
3.589175e+02 
3.589175e+02 
3.589175e+02 
3.589175e+02 
3.589175e+02 
3.589175e+02 
3.589175e+02 
3.589175e+02 
3.589175e+02 
3.589175e+02 
3.589175e+02 
3.589175e+02 
3.589175e+02 
3.589175e+02 
3.589175e+02 
3.589175e+02 
3.589175e+02 
3.589175e+02 
3.589175e+02 
3.589175e+02 
3.589175e+02 
3.589175e+02 
3.589175e+02 
3.589175e+02 
3.589175e+02 
3.589175e+02 
3.589175e+02 
3.589175e+02 
3.589175e+02 
3.589175e+02 
3.589175e+02 
3.589175e+02 
3.589175e+02 
3.589175e+02 
3.589175e+02 
3.589175e+02 
3.589175e+02 
3.589175e+02 
3.589175e+02 
3.589175e+02 
3.589175e+02 
3.589175e+02 
3.589175e+02 
3.589175e+02 
3.589175e+02 
3.589175e+02 
3.589175e+02 
3.589175e+02 
3.589175e+02 
3.589175e+02 
3.589175e+02 
3.589175e+02 
3.589175e+02 
3.589175e+02 
3.589175e+02 
3.589175e+02 
3.589175e+02 
3.589175e+02 
3.589175e+02 
3.589175e+02 
3.589175e+02 
3.589175e+02 
3.589175e+02 
3.589175e+02 
3.589175e+02 
3.589175e+02 
3.589175e+02 
3.589175e+02 
3.589175e+02 
3.589175e+02 
3.589175e+02 
3.589175e+02 
3.589175e+02 
3.589175e+02 
3.589175e+02 
3.589175e+02 
3.589175e+02 
3.589175e+02 
3.589175e+02 
3.589175e+02 
3.589175e+02 
3.589175e+02 
3.589175e+02 
3.589175e+02 
3.589175e+02 
3.589175e+02 
3.589175e+02 
3.589175e+02 
3.589175e+02 
3.589175e+02 
3.589175e+02 
3.589175e+02 
3.589175e+02 
3.589175e+02 
3.589175e+02 
3.589175e+02 
3.589175e+02 
3.589175e+02 
3.589175e+02 
3.589175e+02 
3.589175e+02 
3.589175e+02 
3.589175e+02 
3.589175e+02 
3.589175e+02 
3.589175e+02 
3.589175e+02 
3.589175e+02 
3.589175e+02 
3.589175e+02 
3.589175e+02 
3.589175e+02 
3.589175e+02 
3.589175e+02 
3.589175e+02 
3.589175e+02 
3.589175e+02 
3.589175e+02 
3.589175e+02 
3.589175e+02 
3.589175e+02 
3.589175e+02 
3.589175e+02 
3.589175e+02 
3.589175e+02 
3.589175e+02 
3.589175e+02 
3.589175e+02 
3.589175e+02 
3.589175e+02 
3.589175e+02 
3.589175e+02 
3.589175e+02 
3.589175e+02 
3.589175e+02 
3.589175e+02 
3.589175e+02 
3.589175e+02 
3.589175e+02 
3.589175e+02 
3.589175e+02 
3.589175e+02 
3.589175e+02 
3.589175e+02 
3.589175e+02 
3.589175e+02 
3.589175e+02 
3.589175e+02 
3.589175e+02 
3.589175e+02 
3.589175e+02 
3.589175e+02 
3.589175e+02 
3.589175e+02 
3.589175e+02 
3.589175e+02 
3.589175e+02 
3.589175e+02 
3.589175e+02 
3.589175e+02 
3.589175e+02 
3.589175e+02 
3.589175e+02 
3.589175e+02 
3.589175e+02 
3.589175e+02 
3.589175e+02 
3.589175e+02 
3.589175e+02 
3.589175e+02 
3.589175e+02 
3.589175e+02 
3.589175e+02 
3.589175e+02 
3.589175e+02 
3.589175e+02 
3.589175e+02 
3.589175e+02 
3.589175e+02 
3.589175e+02 
3.589175e+02 
3.589175e+02 
3.589175e+02 
3.589175e+02 
3.589175e+02 
3.589175e+02 
3.589175e+02 
3.589175e+02 
3.589175e+02 
3.589175e+02 
3.589175e+02 
3.589175e+02 
3.589175e+02 
3.589175e+02 
3.589175e+02 
3.589175e+02 
3.589175e+02 
3.589175e+02 
3.589175e+02 
3.589175e+02 
3.589175e+02 
3.589175e+02 
3.589175e+02 
3.589175e+02 
3.589175e+02 
3.589175e+02 
3.589175e+02 
3.589175e+02 
3.589175e+02 
3.589175e+02 
3.589175e+02 
3.589175e+02 
3.589175e+02 
3.589175e+02 
3.589175e+02 
3.589175e+02 
3.589175e+02 
3.589175e+02 
3.589175e+02 
3.589175e+02 
3.589175e+02 
3.589175e+02 
3.589175e+02 
3.589175e+02 
3.589175e+02 
3.589175e+02 
3.589175e+02 
3.589175e+02 
3.589175e+02 
3.589175e+02 
3.589175e+02 
3.589175e+02 
3.589175e+02 
3.589175e+02 
3.589175e+02 
3.589175e+02 
3.589175e+02 
3.589175e+02 
3.589175e+02 
3.589175e+02 
3.589175e+02 
3.589175e+02 
3.589175e+02 
3.589175e+02 
3.589175e+02 
3.589175e+02 
3.589175e+02 
3.589175e+02 
3.589175e+02 
3.589175e+02 
3.589175e+02 
3.589175e+02 
3.589175e+02 
3.589175e+02 
3.589175e+02 
3.589175e+02 
3.589175e+02 
3.589175e+02 
3.589175e+02 
3.589175e+02 
3.589175e+02 
3.589175e+02 
3.589175e+02 
3.589175e+02 
3.589175e+02 
3.589175e+02 
3.589175e+02 
3.589175e+02 
3.589175e+02 
3.589175e+02 
3.589175e+02 
3.589175e+02 
3.589175e+02 
3.589175e+02 
3.589175e+02 
3.589175e+02 
3.589175e+02 
3.589175e+02 
3.589175e+02 
3.589175e+02 
3.589175e+02 
3.589175e+02 
3.589175e+02 
3.589175e+02 
3.589175e+02 
3.589175e+02 
3.589175e+02 
3.589175e+02 
3.589175e+02 
3.589175e+02 
3.589175e+02 
3.589175e+02 
3.589175e+02 
3.589175e+02 
3.589175e+02 
3.589175e+02 
3.589175e+02 
3.589175e+02 
3.589175e+02 
3.589175e+02 
3.589175e+02 
3.589175e+02 
3.589175e+02 
3.589175e+02 
3.589175e+02 
3.589175e+02 
3.589175e+02 
3.589175e+02 
3.589175e+02 
3.589175e+02 
3.589175e+02 
3.589175e+02 
3.589175e+02 
3.589175e+02 
3.589175e+02 
3.589175e+02 
3.589175e+02 
3.589175e+02 
3.589175e+02 
3.589175e+02 
3.589175e+02 
3.589175e+02 
3.589175e+02 
3.589175e+02 
3.589175e+02 
3.589175e+02 
3.589175e+02 
3.589175e+02 
3.589175e+02 
3.589175e+02 
3.589175e+02 
3.589175e+02 
3.589175e+02 
3.589175e+02 
3.589175e+02 
3.589175e+02 
3.589175e+02 
3.589175e+02 
3.589175e+02 
3.589175e+02 
3.589175e+02 
3.589175e+02 
3.589175e+02 
3.589175e+02 
3.589175e+02 
3.589175e+02 
3.589175e+02 
3.589175e+02 
3.589175e+02 
3.589175e+02 
3.589175e+02 
3.589175e+02 
3.589175e+02 
3.589175e+02 
3.589175e+02 
3.589175e+02 
3.589175e+02 
3.589175e+02 
3.589175e+02 
3.589175e+02 
3.589175e+02 
3.589175e+02 
3.589175e+02 
3.589175e+02 
3.589175e+02 
3.589175e+02 
3.589175e+02 
3.589175e+02 
3.589175e+02 
3.589175e+02 
3.589175e+02 
3.589175e+02 
3.589175e+02 
3.589175e+02 
3.589175e+02 
3.589175e+02 
3.589175e+02 
3.589175e+02 
3.589175e+02 
3.589175e+02 
3.589175e+02 
3.589175e+02 
3.589175e+02 
3.589175e+02 
3.589175e+02 
3.589175e+02 
3.589175e+02 
3.589175e+02 
3.589175e+02 
3.589175e+02 
3.589175e+02 
3.589175e+02 
3.589175e+02 
3.589175e+02 
3.589175e+02 
3.589175e+02 
3.589175e+02 
3.589175e+02 
3.589175e+02 
3.589175e+02 
3.589175e+02 
3.589175e+02 
3.589175e+02 
3.589175e+02 
3.589175e+02 
3.589175e+02 
3.589175e+02 
3.589175e+02 
3.589175e+02 
3.589175e+02 
3.589175e+02 
3.589175e+02 
3.589175e+02 
3.589175e+02 
3.589175e+02 
3.589175e+02 
3.589175e+02 
3.589175e+02 
3.589175e+02 
3.589175e+02 
3.589175e+02 
3.589175e+02 
3.589175e+02 
3.589175e+02 
3.589175e+02 
3.589175e+02 
3.589175e+02 
3.589175e+02 
3.589175e+02 
3.589175e+02 
3.589175e+02 
3.589175e+02 
3.589175e+02 
3.589175e+02 
3.589175e+02 
3.589175e+02 
3.589175e+02 
3.589175e+02 
3.589175e+02 
3.589175e+02 
3.589175e+02 
3.589175e+02 
3.589175e+02 
3.589175e+02 
3.589175e+02 
3.589175e+02 
3.589175e+02 
3.589175e+02 
3.589175e+02 
3.589175e+02 
3.589175e+02 
3.589175e+02 
3.589175e+02 
3.589175e+02 
3.589175e+02 
3.589175e+02 
3.589175e+02 
3.589175e+02 
3.589175e+02 
3.589175e+02 
3.589175e+02 
3.589175e+02 
3.589175e+02 
3.589175e+02 
3.589175e+02 
3.589175e+02 
3.589175e+02 
3.589175e+02 
3.589175e+02 
3.589175e+02 
3.589175e+02 
3.589175e+02 
3.589175e+02 
3.589175e+02 
3.589175e+02 
3.589175e+02 
3.589175e+02 
3.589175e+02 
3.589175e+02 
3.589175e+02 
3.589175e+02 
3.589175e+02 
3.589175e+02 
3.589175e+02 
3.589175e+02 
3.589175e+02 
3.589175e+02 
3.589175e+02 
3.589175e+02 
3.589175e+02 
3.589175e+02 
3.589175e+02 
3.589175e+02 
3.589175e+02 
3.589175e+02 
3.589175e+02 
3.589175e+02 
3.589175e+02 
3.589175e+02 
3.589175e+02 
3.589175e+02 
3.589175e+02 
3.589175e+02 
3.589175e+02 
3.589175e+02 
3.589175e+02 
3.589175e+02 
3.589175e+02 
3.589175e+02 
3.589175e+02 
3.589175e+02 
3.589175e+02 
3.589175e+02 
3.589175e+02 
3.589175e+02 
3.589175e+02 
3.589175e+02 
3.589175e+02 
3.589175e+02 
3.589175e+02 
3.589175e+02 
3.589175e+02 
3.589175e+02 
3.589175e+02 
3.589175e+02 
3.589175e+02 
3.589175e+02 
3.589175e+02 
3.589175e+02 
3.589175e+02 
3.589175e+02 
3.589175e+02 
3.589175e+02 
3.589175e+02 
3.589175e+02 
3.589175e+02 
3.589175e+02 
3.589175e+02 
3.589175e+02 
3.589175e+02 
3.589175e+02 
3.589175e+02 
3.589175e+02 
3.589175e+02 
3.589175e+02 
3.589175e+02 
3.589175e+02 
3.589175e+02 
3.589175e+02 
3.589175e+02 
3.589175e+02 
3.589175e+02 
3.589175e+02 
3.589175e+02 
3.589175e+02 
3.589175e+02 
3.589175e+02 
3.589175e+02 
3.589175e+02 
3.589175e+02 
3.589175e+02 
3.589175e+02 
3.589175e+02 
3.589175e+02 
3.589175e+02 
3.589175e+02 
3.589175e+02 
3.589175e+02 
3.589175e+02 
3.589175e+02 
3.589175e+02 
3.589175e+02 
3.589175e+02 
3.589175e+02 
3.589175e+02 
3.589175e+02 
3.589175e+02 
3.589175e+02 
3.589175e+02 
3.589175e+02 
3.589175e+02 
3.589175e+02 
3.589175e+02 
3.589175e+02 
3.589175e+02 
3.589175e+02 
3.589175e+02 
3.589175e+02 
3.589175e+02 
3.589175e+02 
3.589175e+02 
3.589175e+02 
3.589175e+02 
3.589175e+02 
3.589175e+02 
3.589175e+02 
3.589175e+02 
3.589175e+02 
3.589175e+02 
3.589175e+02 
3.589175e+02 
3.589175e+02 
3.589175e+02 
3.589175e+02 
3.589175e+02 
3.589175e+02 
3.589175e+02 
3.589175e+02 
3.589175e+02 
3.589175e+02 
3.589175e+02 
3.589175e+02 
3.589175e+02 
3.589175e+02 
3.589175e+02 
3.589175e+02 
3.589175e+02 
3.589175e+02 
3.589175e+02 
3.589175e+02 
3.589175e+02 
3.589175e+02 
3.589175e+02 
3.589175e+02 
3.589175e+02 
3.589175e+02 
3.589175e+02 
3.589175e+02 
3.589175e+02 
3.589175e+02 
3.589175e+02 
3.589175e+02 
3.589175e+02 
3.589175e+02 
3.589175e+02 
3.589175e+02 
3.589175e+02 
3.589175e+02 
3.589175e+02 
3.589175e+02 
3.589175e+02 
3.589175e+02 
3.589175e+02 
3.589175e+02 
3.589175e+02 
3.589175e+02 
3.589175e+02 
3.589175e+02 
3.589175e+02 
3.589175e+02 
3.589175e+02 
3.589175e+02 
3.589175e+02 
3.589175e+02 
3.589175e+02 
3.589175e+02 
3.589175e+02 
3.589175e+02 
3.589175e+02 
3.589175e+02 
3.589175e+02 
3.589175e+02 
3.589175e+02 
3.589175e+02 
3.589175e+02 
3.589175e+02 
3.589175e+02 
3.589175e+02 
3.589175e+02 
3.589175e+02 
3.589175e+02 
3.589175e+02 
3.589175e+02 
3.589175e+02 
3.589175e+02 
3.589175e+02 
3.589175e+02 
3.589175e+02 
3.589175e+02 
3.589175e+02 
3.589175e+02 
3.589175e+02 
3.589175e+02 
3.589175e+02 
3.589175e+02 
3.589175e+02 
3.589175e+02 
3.589175e+02 
3.589175e+02 
3.589175e+02 
3.589175e+02 
3.589175e+02 
3.589175e+02 
3.589175e+02 
3.589175e+02 
3.589175e+02 
3.589175e+02 
3.589175e+02 
3.589175e+02 
3.589175e+02 
3.589175e+02 
3.589175e+02 
3.589175e+02 
3.589175e+02 
3.589175e+02 
3.589175e+02 
3.589175e+02 
3.589175e+02 
3.589175e+02 
3.589175e+02 
3.589175e+02 
3.589175e+02 
3.589175e+02 
3.589175e+02 
3.589175e+02 
3.589175e+02 
3.589175e+02 
3.589175e+02 
3.589175e+02 
3.589175e+02 
3.589175e+02 
3.589175e+02 
3.589175e+02 
3.589175e+02 
3.589175e+02 
3.589175e+02 
3.589175e+02 
3.589175e+02 
3.589175e+02 
3.589175e+02 
3.589175e+02 
3.589175e+02 
3.589175e+02 
3.589175e+02 
3.589175e+02 
3.589175e+02 
3.589175e+02 
3.589175e+02 
3.589175e+02 
3.589175e+02 
3.589175e+02 
3.589175e+02 
3.589175e+02 
3.589175e+02 
3.589175e+02 
3.589175e+02 
3.589175e+02 
3.589175e+02 
3.589175e+02 
3.589175e+02 
3.589175e+02 
3.589175e+02 
3.589175e+02 
3.589175e+02 
3.589175e+02 
3.589175e+02 
3.589175e+02 
3.589175e+02 
3.589175e+02 
3.589175e+02 
3.589175e+02 
3.589175e+02 
3.589175e+02 
3.589175e+02 
3.589175e+02 
3.589175e+02 
3.589175e+02 
3.589175e+02 
3.589175e+02 
3.589175e+02 
3.589175e+02 
3.589175e+02 
3.589175e+02 
3.589175e+02 
3.589175e+02 
3.589175e+02 
3.589175e+02 
3.589175e+02 
3.589175e+02 
3.589175e+02 
3.589175e+02 
3.589175e+02 
3.589175e+02 
3.589175e+02 
3.589175e+02 
3.589175e+02 
3.589175e+02 
3.589175e+02 
3.589175e+02 
3.589175e+02 
3.589175e+02 
3.589175e+02 
3.589175e+02 
3.589175e+02 
3.589175e+02 
3.589175e+02 
3.589175e+02 
3.589175e+02 
3.589175e+02 
3.589175e+02 
3.589175e+02 
3.589175e+02 
3.589175e+02 
3.589175e+02 
3.589175e+02 
3.589175e+02 
3.589175e+02 
3.589175e+02 
3.589175e+02 
3.589175e+02 
3.589175e+02 
3.589175e+02 
3.589175e+02 
3.589175e+02 
3.589175e+02 
3.589175e+02 
3.589175e+02 
3.589175e+02 
3.589175e+02 
3.589175e+02 
3.589175e+02 
3.589175e+02 
3.589175e+02 
3.589175e+02 
3.589175e+02 
3.589175e+02 
3.589175e+02 
3.589175e+02 
3.589175e+02 
3.589175e+02 
3.589175e+02 
3.589175e+02 
3.589175e+02 
3.589175e+02 
3.589175e+02 
3.589175e+02 
3.589175e+02 
3.589175e+02 
3.589175e+02 
3.589175e+02 
3.589175e+02 
3.589175e+02 
3.589175e+02 
3.589175e+02 
3.589175e+02 
3.589175e+02 
3.589175e+02 
3.589175e+02 
3.589175e+02 
3.589175e+02 
3.589175e+02 
3.589175e+02 
3.589175e+02 
3.589175e+02 
3.589175e+02 
3.589175e+02 
3.589175e+02 
3.589175e+02 
3.589175e+02 
3.589175e+02 
3.589175e+02 
3.589175e+02 
3.589175e+02 
3.589175e+02 
3.589175e+02 
3.589175e+02 
3.589175e+02 
3.589175e+02 
3.589175e+02 
3.589175e+02 
3.589175e+02 
3.589175e+02 
3.589175e+02 
3.589175e+02 
3.589175e+02 
3.589175e+02 
3.589175e+02 
3.589175e+02 
3.589175e+02 
3.589175e+02 
3.589175e+02 
3.589175e+02 
3.589175e+02 
3.589175e+02 
3.589175e+02 
3.589175e+02 
3.589175e+02 
3.589175e+02 
3.589175e+02 
3.589175e+02 
3.589175e+02 
3.589175e+02 
3.589175e+02 
3.589175e+02 
3.589175e+02 
3.589175e+02 
3.589175e+02 
3.589175e+02 
3.589175e+02 
3.589175e+02 
3.589175e+02 
3.589175e+02 
3.589175e+02 
3.589175e+02 
3.589175e+02 
3.589175e+02 
3.589175e+02 
3.589175e+02 
3.589175e+02 
3.589175e+02 
3.589175e+02 
3.589175e+02 
3.589175e+02 
3.589175e+02 
3.589175e+02 
3.589175e+02 
3.589175e+02 
3.589175e+02 
3.589175e+02 
3.589175e+02 
3.589175e+02 
3.589175e+02 
3.589175e+02 
3.589175e+02 
3.589175e+02 
3.589175e+02 
3.589175e+02 
3.589175e+02 
3.589175e+02 
3.589175e+02 
3.589175e+02 
3.589175e+02 
3.589175e+02 
3.589175e+02 
3.589175e+02 
3.589175e+02 
3.589175e+02 
3.589175e+02 
3.589175e+02 
3.589175e+02 
3.589175e+02 
3.589175e+02 
3.589175e+02 
3.589175e+02 
3.589175e+02 
3.589175e+02 
3.589175e+02 
3.589175e+02 
3.589175e+02 
3.589175e+02 
3.589175e+02 
3.589175e+02 
3.589175e+02 
3.589175e+02 
3.589175e+02 
3.589175e+02 
3.589175e+02 
3.589175e+02 
3.589175e+02 
3.589175e+02 
3.589175e+02 
3.589175e+02 
3.589175e+02 
3.589175e+02 
3.589175e+02 
3.589175e+02 
3.589175e+02 
3.589175e+02 
3.589175e+02 
3.589175e+02 
3.589175e+02 
3.589175e+02 
3.589175e+02 
3.589175e+02 
3.589175e+02 
3.589175e+02 
3.589175e+02 
3.589175e+02 
3.589175e+02 
3.589175e+02 
3.589175e+02 
3.589175e+02 
3.589175e+02 
3.589175e+02 
3.589175e+02 
3.589175e+02 
3.589175e+02 
3.589175e+02 
3.589175e+02 
3.589175e+02 
3.589175e+02 
3.589175e+02 
3.589175e+02 
3.589175e+02 
3.589175e+02 
3.589175e+02 
3.589175e+02 
3.589175e+02 
3.589175e+02 
3.589175e+02 
3.589175e+02 
3.589175e+02 
3.589175e+02 
3.589175e+02 
3.589175e+02 
3.589175e+02 
3.589175e+02 
3.589175e+02 
3.589175e+02 
3.589175e+02 
3.589175e+02 
3.589175e+02 
3.589175e+02 
3.589175e+02 
3.589175e+02 
3.589175e+02 
3.589175e+02 
3.589175e+02 
3.589175e+02 
3.589175e+02 
3.589175e+02 
3.589175e+02 
3.589175e+02 
3.589175e+02 
3.589175e+02 
3.589175e+02 
3.589175e+02 
3.589175e+02 
3.589175e+02 
3.589175e+02 
3.589175e+02 
3.589175e+02 
3.589175e+02 
3.589175e+02 
3.589175e+02 
3.589175e+02 
3.589175e+02 
3.589175e+02 
3.589175e+02 
3.589175e+02 
3.589175e+02 
3.589175e+02 
3.589175e+02 
3.589175e+02 
3.589175e+02 
3.589175e+02 
3.589175e+02 
3.589175e+02 
3.589175e+02 
3.589175e+02 
3.589175e+02 
3.589175e+02 
3.589175e+02 
3.589175e+02 
3.589175e+02 
3.589175e+02 
3.589175e+02 
3.589175e+02 
3.589175e+02 
3.589175e+02 
3.589175e+02 
3.589175e+02 
3.589175e+02 
3.589175e+02 
3.589175e+02 
3.589175e+02 
3.589175e+02 
3.589175e+02 
3.589175e+02 
3.589175e+02 
3.589175e+02 
3.589175e+02 
3.589175e+02 
3.589175e+02 
3.589175e+02 
3.589175e+02 
3.589175e+02 
3.589175e+02 
3.589175e+02 
3.589175e+02 
3.589175e+02 
3.589175e+02 
3.589175e+02 
3.589175e+02 
3.589175e+02 
3.589175e+02 
3.589175e+02 
3.589175e+02 
3.589175e+02 
3.589175e+02 
3.589175e+02 
3.589175e+02 
3.589175e+02 
3.589175e+02 
3.589175e+02 
3.589175e+02 
3.589175e+02 
3.589175e+02 
3.589175e+02 
3.589175e+02 
3.589175e+02 
3.589175e+02 
3.589175e+02 
3.589175e+02 
3.589175e+02 
3.589175e+02 
3.589175e+02 
3.589175e+02 
3.589175e+02 
3.589175e+02 
3.589175e+02 
3.589175e+02 
3.589175e+02 
3.589175e+02 
3.589175e+02 
3.589175e+02 
3.589175e+02 
3.589175e+02 
3.589175e+02 
3.589175e+02 
3.589175e+02 
3.589175e+02 
3.589175e+02 
3.589175e+02 
3.589175e+02 
3.589175e+02 
3.589175e+02 
3.589175e+02 
3.589175e+02 
3.589175e+02 
3.589175e+02 
3.589175e+02 
3.589175e+02 
3.589175e+02 
3.589175e+02 
3.589175e+02 
3.589175e+02 
3.589175e+02 
3.589175e+02 
3.589175e+02 
3.589175e+02 
3.589175e+02 
3.589175e+02 
3.589175e+02 
3.589175e+02 
3.589175e+02 
3.589175e+02 
3.589175e+02 
3.589175e+02 
3.589175e+02 
3.589175e+02 
3.589175e+02 
3.589175e+02 
3.589175e+02 
3.589175e+02 
3.589175e+02 
3.589175e+02 
3.589175e+02 
3.589175e+02 
3.589175e+02 
3.589175e+02 
3.589175e+02 
3.589175e+02 
3.589175e+02 
3.589175e+02 
3.589175e+02 
3.589175e+02 
3.589175e+02 
3.589175e+02 
3.589175e+02 
3.589175e+02 
3.589175e+02 
3.589175e+02 
3.589175e+02 
3.589175e+02 
3.589175e+02 
3.589175e+02 
3.589175e+02 
3.589175e+02 
3.589175e+02 
3.589175e+02 
3.589175e+02 
3.589175e+02 
3.589175e+02 
3.589175e+02 
3.589175e+02 
3.589175e+02 
3.589175e+02 
3.589175e+02 
3.589175e+02 
3.589175e+02 
3.589175e+02 
3.589175e+02 
3.589175e+02 
3.589175e+02 
3.589175e+02 
3.589175e+02 
3.589175e+02 
3.589175e+02 
3.589175e+02 
3.589175e+02 
3.589175e+02 
3.589175e+02 
3.589175e+02 
3.589175e+02 
3.589175e+02 
3.589175e+02 
3.589175e+02 
3.589175e+02 
3.589175e+02 
3.589175e+02 
3.589175e+02 
3.589175e+02 
3.589175e+02 
3.589175e+02 
3.589175e+02 
3.589175e+02 
3.589175e+02 
3.589175e+02 
3.589175e+02 
3.589175e+02 
3.589175e+02 
3.589175e+02 
3.589175e+02 
3.589175e+02 
3.589175e+02 
3.589175e+02 
3.589175e+02 
3.589175e+02 
3.589175e+02 
3.589175e+02 
3.589175e+02 
3.589175e+02 
3.589175e+02 
3.589175e+02 
3.589175e+02 
3.589175e+02 
3.589175e+02 
3.589175e+02 
3.589175e+02 
3.589175e+02 
3.589175e+02 
3.589175e+02 
3.589175e+02 
3.589175e+02 
3.589175e+02 
3.589175e+02 
3.589175e+02 
3.589175e+02 
3.589175e+02 
3.589175e+02 
3.589175e+02 
3.589175e+02 
3.589175e+02 
3.589175e+02 
3.589175e+02 
3.589175e+02 
3.589175e+02 
3.589175e+02 
3.589175e+02 
3.589175e+02 
3.589175e+02 
3.589175e+02 
3.589175e+02 
3.589175e+02 
3.589175e+02 
3.589175e+02 
3.589175e+02 
3.589175e+02 
3.589175e+02 
3.589175e+02 
3.589175e+02 
3.589175e+02 
3.589175e+02 
3.589175e+02 
3.589175e+02 
3.589175e+02 
3.589175e+02 
3.589175e+02 
3.589175e+02 
3.589175e+02 
3.589175e+02 
3.589175e+02 
3.589175e+02 
3.589175e+02 
3.589175e+02 
3.589175e+02 
3.589175e+02 
3.589175e+02 
3.589175e+02 
3.589175e+02 
3.589175e+02 
3.589175e+02 
3.589175e+02 
3.589175e+02 
3.589175e+02 
3.589175e+02 
3.589175e+02 
3.589175e+02 
3.589175e+02 
3.589175e+02 
3.589175e+02 
3.589175e+02 
3.589175e+02 
3.589175e+02 
3.589175e+02 
3.589175e+02 
3.589175e+02 
3.589175e+02 
3.589175e+02 
3.589175e+02 
3.589175e+02 
3.589175e+02 
3.589175e+02 
3.589175e+02 
3.589175e+02 
3.589175e+02 
3.589175e+02 
3.589175e+02 
3.589175e+02 
3.589175e+02 
3.589175e+02 
3.589175e+02 
3.589175e+02 
3.589175e+02 
3.589175e+02 
3.589175e+02 
3.589175e+02 
3.589175e+02 
3.589175e+02 
3.589175e+02 
3.589175e+02 
3.589175e+02 
3.589175e+02 
3.589175e+02 
3.589175e+02 
3.589175e+02 
3.589175e+02 
3.589175e+02 
3.589175e+02 
3.589175e+02 
3.589175e+02 
3.589175e+02 
3.589175e+02 
3.589175e+02 
3.589175e+02 
3.589175e+02 
3.589175e+02 
3.589175e+02 
3.589175e+02 
3.589175e+02 
3.589175e+02 
3.589175e+02 
3.589175e+02 
3.589175e+02 
3.589175e+02 
3.589175e+02 
3.589175e+02 
3.589175e+02 
3.589175e+02 
3.589175e+02 
3.589175e+02 
3.589175e+02 
3.589175e+02 
3.589175e+02 
3.589175e+02 
3.589175e+02 
3.589175e+02 
3.589175e+02 
3.589175e+02 
3.589175e+02 
3.589175e+02 
3.589175e+02 
3.589175e+02 
3.589175e+02 
3.589175e+02 
3.589175e+02 
3.589175e+02 
3.589175e+02 
3.589175e+02 
3.589175e+02 
3.589175e+02 
3.589175e+02 
3.589175e+02 
3.589175e+02 
3.589175e+02 
3.589175e+02 
3.589175e+02 
3.589175e+02 
3.589175e+02 
3.589175e+02 
3.589175e+02 
3.589175e+02 
3.589175e+02 
3.589175e+02 
3.589175e+02 
3.589175e+02 
3.589175e+02 
3.589175e+02 
3.589175e+02 
3.589175e+02 
3.589175e+02 
3.589175e+02 
3.589175e+02 
3.589175e+02 
3.589175e+02 
3.589175e+02 
3.589175e+02 
3.589175e+02 
3.589175e+02 
3.589175e+02 
3.589175e+02 
3.589175e+02 
3.589175e+02 
3.589175e+02 
3.589175e+02 
3.589175e+02 
3.589175e+02 
3.589175e+02 
3.589175e+02 
3.589175e+02 
3.589175e+02 
3.589175e+02 
3.589175e+02 
3.589175e+02 
3.589175e+02 
3.589175e+02 
3.589175e+02 
3.589175e+02 
3.589175e+02 
3.589175e+02 
3.589175e+02 
3.589175e+02 
3.589175e+02 
3.589175e+02 
3.589175e+02 
3.589175e+02 
3.589175e+02 
3.589175e+02 
3.589175e+02 
3.589175e+02 
3.589175e+02 
3.589175e+02 
3.589175e+02 
3.589175e+02 
3.589175e+02 
3.589175e+02 
3.589175e+02 
3.589175e+02 
3.589175e+02 
3.589175e+02 
3.589175e+02 
3.589175e+02 
3.589175e+02 
3.589175e+02 
3.589175e+02 
3.589175e+02 
3.589175e+02 
3.589175e+02 
3.589175e+02 
3.589175e+02 
3.589175e+02 
3.589175e+02 
3.589175e+02 
3.589175e+02 
3.589175e+02 
3.589175e+02 
3.589175e+02 
3.589175e+02 
3.589175e+02 
3.589175e+02 
3.589175e+02 
3.589175e+02 
3.589175e+02 
3.589175e+02 
3.589175e+02 
3.589175e+02 
3.589175e+02 
3.589175e+02 
3.589175e+02 
3.589175e+02 
3.589175e+02 
3.589175e+02 
3.589175e+02 
3.589175e+02 
3.589175e+02 
3.589175e+02 
3.589175e+02 
3.589175e+02 
3.589175e+02 
3.589175e+02 
3.589175e+02 
3.589175e+02 
3.589175e+02 
3.589175e+02 
3.589175e+02 
3.589175e+02 
3.589175e+02 
3.589175e+02 
3.589175e+02 
3.589175e+02 
3.589175e+02 
3.589175e+02 
3.589175e+02 
3.589175e+02 
3.589175e+02 
3.589175e+02 
3.589175e+02 
3.589175e+02 
3.589175e+02 
3.589175e+02 
3.589175e+02 
3.589175e+02 
3.589175e+02 
3.589175e+02 
3.589175e+02 
3.589175e+02 
3.589175e+02 
3.589175e+02 
3.589175e+02 
3.589175e+02 
3.589175e+02 
3.589175e+02 
3.589175e+02 
3.589175e+02 
3.589175e+02 
3.589175e+02 
3.589175e+02 
3.589175e+02 
3.589175e+02 
3.589175e+02 
3.589175e+02 
3.589175e+02 
3.589175e+02 
3.589175e+02 
3.589175e+02 
3.589175e+02 
3.589175e+02 
3.589175e+02 
3.589175e+02 
3.589175e+02 
3.589175e+02 
3.589175e+02 
3.589175e+02 
3.589175e+02 
3.589175e+02 
3.589175e+02 
3.589175e+02 
3.589175e+02 
3.589175e+02 
3.589175e+02 
3.589175e+02 
3.589175e+02 
3.589175e+02 
3.589175e+02 
3.589175e+02 
3.589175e+02 
3.589175e+02 
3.589175e+02 
3.589175e+02 
3.589175e+02 
3.589175e+02 
3.589175e+02 
3.589175e+02 
3.589175e+02 
3.589175e+02 
3.589175e+02 
3.589175e+02 
3.589175e+02 
3.589175e+02 
3.589175e+02 
3.589175e+02 
3.589175e+02 
3.589175e+02 
3.589175e+02 
3.589175e+02 
3.589175e+02 
3.589175e+02 
3.589175e+02 
3.589175e+02 
3.589175e+02 
3.589175e+02 
3.589175e+02 
3.589175e+02 
3.589175e+02 
3.589175e+02 
3.589175e+02 
3.589175e+02 
3.589175e+02 
3.589175e+02 
3.589175e+02 
3.589175e+02 
3.589175e+02 
3.589175e+02 
3.589175e+02 
3.589175e+02 
3.589175e+02 
3.589175e+02 
3.589175e+02 
3.589175e+02 
3.589175e+02 
3.589175e+02 
3.589175e+02 
3.589175e+02 
3.589175e+02 
3.589175e+02 
3.589175e+02 
3.589175e+02 
3.589175e+02 
3.589175e+02 
3.589175e+02 
3.589175e+02 
3.589175e+02 
3.589175e+02 
3.589175e+02 
3.589175e+02 
3.589175e+02 
3.589175e+02 
3.589175e+02 
3.589175e+02 
3.589175e+02 
3.589175e+02 
3.589175e+02 
3.589175e+02 
3.589175e+02 
3.589175e+02 
3.589175e+02 
3.589175e+02 
3.589175e+02 
3.589175e+02 
3.589175e+02 
3.589175e+02 
3.589175e+02 
3.589175e+02 
3.589175e+02 
3.589175e+02 
3.589175e+02 
3.589175e+02 
3.589175e+02 
3.589175e+02 
3.589175e+02 
3.589175e+02 
3.589175e+02 
3.589175e+02 
3.589175e+02 
3.589175e+02 
3.589175e+02 
3.589175e+02 
3.589175e+02 
3.589175e+02 
3.589175e+02 
3.589175e+02 
3.589175e+02 
3.589175e+02 
3.589175e+02 
3.589175e+02 
3.589175e+02 
3.589175e+02 
3.589175e+02 
3.589175e+02 
3.589175e+02 
3.589175e+02 
3.589175e+02 
3.589175e+02 
3.589175e+02 
3.589175e+02 
3.589175e+02 
3.589175e+02 
3.589175e+02 
3.589175e+02 
3.589175e+02 
3.589175e+02 
3.589175e+02 
3.589175e+02 
3.589175e+02 
3.589175e+02 
3.589175e+02 
3.589175e+02 
3.589175e+02 
3.589175e+02 
3.589175e+02 
3.589175e+02 
3.589175e+02 
3.589175e+02 
3.589175e+02 
3.589175e+02 
3.589175e+02 
3.589175e+02 
3.589175e+02 
3.589175e+02 
3.589175e+02 
3.589175e+02 
3.589175e+02 
3.589175e+02 
3.589175e+02 
3.589175e+02 
3.589175e+02 
3.589175e+02 
3.589175e+02 
3.589175e+02 
3.589175e+02 
3.589175e+02 
3.589175e+02 
3.589175e+02 
3.589175e+02 
3.589175e+02 
3.589175e+02 
3.589175e+02 
3.589175e+02 
3.589175e+02 
3.589175e+02 
3.589175e+02 
3.589175e+02 
3.589175e+02 
3.589175e+02 
3.589175e+02 
3.589175e+02 
3.589175e+02 
3.589175e+02 
3.589175e+02 
3.589175e+02 
3.589175e+02 
3.589175e+02 
3.589175e+02 
3.589175e+02 
3.589175e+02 
3.589175e+02 
3.589175e+02 
3.589175e+02 
3.589175e+02 
3.589175e+02 
3.589175e+02 
3.589175e+02 
3.589175e+02 
3.589175e+02 
3.589175e+02 
3.589175e+02 
3.589175e+02 
3.589175e+02 
3.589175e+02 
3.589175e+02 
3.589175e+02 
3.589175e+02 
3.589175e+02 
3.589175e+02 
3.589175e+02 
3.589175e+02 
3.589175e+02 
3.589175e+02 
3.589175e+02 
3.589175e+02 
3.589175e+02 
3.589175e+02 
3.589175e+02 
3.589175e+02 
3.589175e+02 
3.589175e+02 
3.589175e+02 
3.589175e+02 
3.589175e+02 
3.589175e+02 
3.589175e+02 
3.589175e+02 
3.589175e+02 
3.589175e+02 
3.589175e+02 
3.589175e+02 
3.589175e+02 
3.589175e+02 
3.589175e+02 
3.589175e+02 
3.589175e+02 
3.589175e+02 
3.589175e+02 
3.589175e+02 
3.589175e+02 
3.589175e+02 
3.589175e+02 
3.589175e+02 
3.589175e+02 
3.589175e+02 
3.589175e+02 
3.589175e+02 
3.589175e+02 
3.589175e+02 
3.589175e+02 
3.589175e+02 
3.589175e+02 
3.589175e+02 
3.589175e+02 
3.589175e+02 
3.589175e+02 
3.589175e+02 
3.589175e+02 
3.589175e+02 
3.589175e+02 
3.589175e+02 
3.589175e+02 
3.589175e+02 
3.589175e+02 
3.589175e+02 
3.589175e+02 
3.589175e+02 
3.589175e+02 
3.589175e+02 
3.589175e+02 
3.589175e+02 
3.589175e+02 
3.589175e+02 
3.589175e+02 
3.589175e+02 
3.589175e+02 
3.589175e+02 
3.589175e+02 
3.589175e+02 
3.589175e+02 
3.589175e+02 
3.589175e+02 
3.589175e+02 
3.589175e+02 
3.589175e+02 
3.589175e+02 
3.589175e+02 
3.589175e+02 
3.589175e+02 
3.589175e+02 
3.589175e+02 
3.589175e+02 
3.589175e+02 
3.589175e+02 
3.589175e+02 
3.589175e+02 
3.589175e+02 
3.589175e+02 
3.589175e+02 
3.589175e+02 
3.589175e+02 
3.589175e+02 
3.589175e+02 
3.589175e+02 
3.589175e+02 
3.589175e+02 
3.589175e+02 
3.589175e+02 
3.589175e+02 
3.589175e+02 
3.589175e+02 
3.589175e+02 
3.589175e+02 
3.589175e+02 
3.589175e+02 
3.589175e+02 
3.589175e+02 
3.589175e+02 
3.589175e+02 
3.589175e+02 
3.589175e+02 
3.589175e+02 
3.589175e+02 
3.589175e+02 
3.589175e+02 
3.589175e+02 
3.589175e+02 
3.589175e+02 
3.589175e+02 
3.589175e+02 
3.589175e+02 
3.589175e+02 
3.589175e+02 
3.589175e+02 
3.589175e+02 
3.589175e+02 
3.589175e+02 
3.589175e+02 
3.589175e+02 
3.589175e+02 
3.589175e+02 
3.589175e+02 
3.589175e+02 
3.589175e+02 
3.589175e+02 
3.589175e+02 
3.589175e+02 
3.589175e+02 
3.589175e+02 
3.589175e+02 
3.589175e+02 
3.589175e+02 
3.589175e+02 
3.589175e+02 
3.589175e+02 
3.589175e+02 
3.589175e+02 
3.589175e+02 
3.589175e+02 
3.589175e+02 
3.589175e+02 
3.589175e+02 
3.589175e+02 
3.589175e+02 
3.589175e+02 
3.589175e+02 
3.589175e+02 
3.589175e+02 
3.589175e+02 
3.589175e+02 
3.589175e+02 
3.589175e+02 
3.589175e+02 
3.589175e+02 
3.589175e+02 
3.589175e+02 
3.589175e+02 
3.589175e+02 
3.589175e+02 
3.589175e+02 
3.589175e+02 
3.589175e+02 
3.589175e+02 
3.589175e+02 
3.589175e+02 
3.589175e+02 
3.589175e+02 
3.589175e+02 
3.589175e+02 
3.589175e+02 
3.589175e+02 
3.589175e+02 
3.589175e+02 
3.589175e+02 
3.589175e+02 
3.589175e+02 
3.589175e+02 
3.589175e+02 
3.589175e+02 
3.589175e+02 
3.589175e+02 
3.589175e+02 
3.589175e+02 
3.589175e+02 
3.589175e+02 
3.589175e+02 
3.589175e+02 
3.589175e+02 
3.589175e+02 
3.589175e+02 
3.589175e+02 
3.589175e+02 
3.589175e+02 
3.589175e+02 
3.589175e+02 
3.589175e+02 
3.589175e+02 
3.589175e+02 
3.589175e+02 
3.589175e+02 
3.589175e+02 
3.589175e+02 
3.589175e+02 
3.589175e+02 
3.589175e+02 
3.589175e+02 
3.589175e+02 
3.589175e+02 
3.589175e+02 
3.589175e+02 
