5.902316e+04 
2.832166e+03 
1.425440e+03 
7.556913e+02 
7.044731e+02 
4.324188e+02 
2.054334e+02 
1.544705e+02 
5.864877e+01 
4.880186e+01 
2.823843e+01 
2.823843e+01 
2.823843e+01 
2.658652e+01 
2.658652e+01 
2.498423e+01 
2.238250e+01 
1.934633e+01 
1.934633e+01 
1.934633e+01 
1.934633e+01 
1.934633e+01 
1.653876e+01 
1.653876e+01 
1.653876e+01 
1.653876e+01 
1.653876e+01 
1.653876e+01 
1.653876e+01 
1.420341e+01 
1.420341e+01 
1.420341e+01 
1.420341e+01 
1.420341e+01 
1.420341e+01 
1.420341e+01 
1.420341e+01 
1.110571e+01 
1.110571e+01 
1.110571e+01 
1.045304e+01 
1.045304e+01 
1.045304e+01 
1.045304e+01 
1.045304e+01 
1.045304e+01 
1.045304e+01 
1.045304e+01 
1.045304e+01 
1.045304e+01 
1.045304e+01 
1.045304e+01 
1.045304e+01 
1.045304e+01 
1.019184e+01 
1.019184e+01 
1.017474e+01 
1.017474e+01 
1.017474e+01 
1.013672e+01 
1.013672e+01 
1.013672e+01 
1.013672e+01 
1.013672e+01 
1.013672e+01 
1.013672e+01 
1.013672e+01 
1.013672e+01 
1.013672e+01 
1.013672e+01 
1.013672e+01 
1.013672e+01 
9.808436e+00 
9.808436e+00 
9.746113e+00 
9.746113e+00 
9.746113e+00 
9.746113e+00 
9.746113e+00 
8.108945e+00 
8.108945e+00 
8.108945e+00 
6.988797e+00 
6.988797e+00 
6.988797e+00 
6.988797e+00 
6.988797e+00 
6.761552e+00 
6.761552e+00 
6.761552e+00 
6.761552e+00 
6.761552e+00 
6.761552e+00 
6.761552e+00 
6.761552e+00 
6.761552e+00 
6.546783e+00 
6.460815e+00 
6.263762e+00 
6.263762e+00 
6.263762e+00 
6.007476e+00 
5.984780e+00 
5.984780e+00 
5.906462e+00 
5.865385e+00 
5.547210e+00 
5.511662e+00 
5.511662e+00 
5.281199e+00 
5.281199e+00 
5.281199e+00 
5.236389e+00 
5.236389e+00 
5.222058e+00 
5.222058e+00 
5.222058e+00 
5.045679e+00 
4.954875e+00 
4.954875e+00 
4.867639e+00 
4.867639e+00 
4.867639e+00 
4.801834e+00 
4.741172e+00 
4.741172e+00 
4.741172e+00 
4.741172e+00 
4.710127e+00 
4.567534e+00 
4.567534e+00 
4.567534e+00 
4.548648e+00 
4.509507e+00 
4.509507e+00 
4.503239e+00 
4.484272e+00 
4.484272e+00 
4.475851e+00 
4.443344e+00 
4.443344e+00 
4.432029e+00 
4.406880e+00 
4.405631e+00 
4.405631e+00 
4.402659e+00 
4.366066e+00 
4.332381e+00 
4.329386e+00 
4.329386e+00 
4.302831e+00 
4.263215e+00 
4.215665e+00 
4.215665e+00 
4.215665e+00 
4.215665e+00 
4.215643e+00 
4.215452e+00 
4.215452e+00 
4.212707e+00 
4.211149e+00 
4.208796e+00 
4.208796e+00 
4.207361e+00 
4.205579e+00 
4.204573e+00 
4.202855e+00 
4.200365e+00 
4.198918e+00 
4.197344e+00 
4.195873e+00 
4.193640e+00 
4.191915e+00 
4.190573e+00 
4.189174e+00 
4.188241e+00 
4.186761e+00 
4.184950e+00 
4.183780e+00 
4.182585e+00 
4.181154e+00 
4.179981e+00 
4.178942e+00 
4.178193e+00 
4.177570e+00 
4.176157e+00 
4.174134e+00 
4.172400e+00 
3.705887e+00 
3.381176e+00 
3.203555e+00 
3.203555e+00 
3.203555e+00 
3.203555e+00 
3.203555e+00 
3.203555e+00 
3.203555e+00 
3.196359e+00 
3.196359e+00 
3.194075e+00 
3.194075e+00 
3.194075e+00 
3.182355e+00 
3.167913e+00 
3.167913e+00 
3.167913e+00 
3.167913e+00 
3.167913e+00 
3.165886e+00 
3.165278e+00 
3.165278e+00 
3.162252e+00 
3.160475e+00 
3.154243e+00 
3.154243e+00 
3.153920e+00 
3.151382e+00 
3.148401e+00 
3.147827e+00 
3.147827e+00 
3.146812e+00 
3.146812e+00 
3.146421e+00 
3.144505e+00 
3.142824e+00 
3.142724e+00 
3.142724e+00 
3.142724e+00 
3.142011e+00 
3.140457e+00 
3.139740e+00 
3.139503e+00 
3.137961e+00 
3.137212e+00 
3.136399e+00 
3.135568e+00 
3.135094e+00 
3.135094e+00 
3.134358e+00 
3.134282e+00 
3.133677e+00 
3.133677e+00 
3.131387e+00 
3.131387e+00 
3.130417e+00 
3.130417e+00 
3.128609e+00 
3.128609e+00 
3.128609e+00 
3.128090e+00 
3.127364e+00 
3.127364e+00 
3.126883e+00 
3.124087e+00 
3.124087e+00 
3.124087e+00 
3.122894e+00 
3.122894e+00 
3.122465e+00 
3.121563e+00 
3.119357e+00 
3.119357e+00 
3.119357e+00 
3.119357e+00 
3.118115e+00 
3.117413e+00 
3.117413e+00 
3.117413e+00 
3.116650e+00 
3.115958e+00 
3.114722e+00 
3.113904e+00 
3.113647e+00 
3.113068e+00 
3.112400e+00 
3.110816e+00 
3.110730e+00 
3.110053e+00 
3.109964e+00 
3.109808e+00 
3.109764e+00 
3.109345e+00 
3.108409e+00 
3.108409e+00 
3.107755e+00 
3.107211e+00 
3.106854e+00 
3.106557e+00 
3.106427e+00 
3.106397e+00 
3.106090e+00 
3.105851e+00 
3.105440e+00 
3.104853e+00 
3.104614e+00 
3.104409e+00 
3.104273e+00 
3.103025e+00 
3.102893e+00 
3.102893e+00 
3.102741e+00 
3.102587e+00 
3.101920e+00 
3.101845e+00 
3.101845e+00 
3.101258e+00 
3.101258e+00 
3.100880e+00 
3.100512e+00 
3.100512e+00 
3.100512e+00 
3.100512e+00 
3.099980e+00 
3.099980e+00 
3.099966e+00 
3.099763e+00 
3.098924e+00 
3.098882e+00 
3.098787e+00 
3.098634e+00 
3.098285e+00 
3.097982e+00 
3.097868e+00 
3.097469e+00 
3.097171e+00 
3.096772e+00 
3.096470e+00 
3.095719e+00 
3.095719e+00 
3.095719e+00 
3.095233e+00 
3.095233e+00 
3.095078e+00 
3.095043e+00 
3.094879e+00 
3.094775e+00 
3.094729e+00 
3.094729e+00 
3.094643e+00 
3.094371e+00 
3.094240e+00 
3.094240e+00 
3.094240e+00 
3.094225e+00 
3.094149e+00 
3.094149e+00 
3.094005e+00 
3.093898e+00 
3.093898e+00 
3.093496e+00 
3.093496e+00 
3.093496e+00 
3.093496e+00 
3.093496e+00 
3.093496e+00 
3.093496e+00 
3.093391e+00 
3.093251e+00 
3.093163e+00 
3.093064e+00 
3.092994e+00 
3.092951e+00 
3.092806e+00 
3.092612e+00 
3.092610e+00 
3.092439e+00 
3.092175e+00 
3.092134e+00 
3.091064e+00 
3.091064e+00 
3.091064e+00 
3.090997e+00 
3.090895e+00 
3.090523e+00 
3.090523e+00 
3.090485e+00 
3.090485e+00 
3.090001e+00 
3.089512e+00 
3.089417e+00 
3.089389e+00 
3.089231e+00 
3.088909e+00 
3.088909e+00 
3.088546e+00 
3.088461e+00 
3.088437e+00 
3.088437e+00 
3.088288e+00 
3.088090e+00 
3.087951e+00 
3.087564e+00 
3.087497e+00 
3.087453e+00 
3.087453e+00 
3.087453e+00 
3.087265e+00 
3.087049e+00 
3.086981e+00 
3.086597e+00 
3.086597e+00 
3.086480e+00 
3.086249e+00 
3.086229e+00 
3.086229e+00 
3.086111e+00 
3.085975e+00 
3.085887e+00 
3.085542e+00 
3.085396e+00 
3.085329e+00 
3.085196e+00 
3.085079e+00 
3.084944e+00 
3.084944e+00 
3.084938e+00 
3.084734e+00 
3.084550e+00 
3.083842e+00 
3.083351e+00 
3.082961e+00 
3.082861e+00 
3.082160e+00 
3.082148e+00 
3.082148e+00 
3.082148e+00 
3.081988e+00 
3.081988e+00 
3.081752e+00 
3.081710e+00 
3.081710e+00 
3.081710e+00 
3.081090e+00 
3.081090e+00 
3.081090e+00 
3.081005e+00 
3.081005e+00 
3.080672e+00 
3.080080e+00 
3.080056e+00 
3.080056e+00 
3.080056e+00 
3.080056e+00 
3.080046e+00 
3.079974e+00 
3.079755e+00 
3.079476e+00 
3.079415e+00 
3.079399e+00 
3.079394e+00 
3.079298e+00 
3.079244e+00 
3.078814e+00 
3.078724e+00 
3.078724e+00 
3.078636e+00 
3.078566e+00 
3.078566e+00 
3.078566e+00 
3.078566e+00 
3.078566e+00 
3.078531e+00 
3.078531e+00 
3.078531e+00 
3.078394e+00 
3.078394e+00 
3.078394e+00 
3.078291e+00 
3.078273e+00 
3.078273e+00 
3.078273e+00 
3.078257e+00 
3.078249e+00 
3.078249e+00 
3.078123e+00 
3.077662e+00 
3.077480e+00 
3.077395e+00 
3.077242e+00 
3.076972e+00 
3.076951e+00 
3.076859e+00 
3.076811e+00 
3.076724e+00 
3.076520e+00 
3.076477e+00 
3.076438e+00 
3.076393e+00 
3.076373e+00 
3.076366e+00 
3.076336e+00 
3.076322e+00 
3.076056e+00 
3.075968e+00 
3.075968e+00 
3.066856e+00 
3.065858e+00 
3.065858e+00 
3.064669e+00 
3.064669e+00 
3.064669e+00 
3.064669e+00 
3.053393e+00 
3.053393e+00 
3.053393e+00 
3.053393e+00 
3.053393e+00 
3.053393e+00 
3.053393e+00 
3.053393e+00 
3.053393e+00 
3.053393e+00 
3.053393e+00 
3.053393e+00 
3.053393e+00 
3.053393e+00 
3.053393e+00 
3.053393e+00 
3.037443e+00 
3.037443e+00 
3.037443e+00 
2.977494e+00 
2.977494e+00 
2.977494e+00 
2.977494e+00 
2.977494e+00 
2.977494e+00 
2.977494e+00 
2.972831e+00 
2.972831e+00 
2.972831e+00 
2.972831e+00 
2.972831e+00 
2.972831e+00 
2.972831e+00 
2.972831e+00 
2.967694e+00 
2.966584e+00 
2.966584e+00 
2.966584e+00 
2.959447e+00 
2.959447e+00 
2.959447e+00 
2.959447e+00 
2.954350e+00 
2.953099e+00 
2.952795e+00 
2.947627e+00 
2.942906e+00 
2.942027e+00 
2.938861e+00 
2.937991e+00 
2.937991e+00 
2.937193e+00 
2.936557e+00 
2.936127e+00 
2.936043e+00 
2.935781e+00 
2.932719e+00 
2.932719e+00 
2.932719e+00 
2.932719e+00 
2.927811e+00 
2.927212e+00 
2.927212e+00 
2.927212e+00 
2.927212e+00 
2.927212e+00 
2.927212e+00 
2.927212e+00 
2.927212e+00 
2.922968e+00 
2.922462e+00 
2.920873e+00 
2.919060e+00 
2.919060e+00 
2.918707e+00 
2.917473e+00 
2.917473e+00 
2.917473e+00 
2.915666e+00 
2.915666e+00 
2.915234e+00 
2.915234e+00 
2.915234e+00 
2.914687e+00 
2.914010e+00 
2.913803e+00 
2.913803e+00 
2.913424e+00 
2.913424e+00 
2.913104e+00 
2.912939e+00 
2.912831e+00 
2.912831e+00 
2.912566e+00 
2.912483e+00 
2.912455e+00 
2.912445e+00 
2.912441e+00 
2.912387e+00 
2.912387e+00 
2.911528e+00 
2.911528e+00 
2.911182e+00 
2.910502e+00 
2.910196e+00 
2.910196e+00 
2.909761e+00 
2.909649e+00 
2.909444e+00 
2.909430e+00 
2.909430e+00 
2.909414e+00 
2.909412e+00 
2.909231e+00 
2.908768e+00 
2.908768e+00 
2.908514e+00 
2.908354e+00 
2.908278e+00 
2.908216e+00 
2.908105e+00 
2.907994e+00 
2.907844e+00 
2.907698e+00 
2.907306e+00 
2.907300e+00 
2.907030e+00 
2.906834e+00 
2.906834e+00 
2.906682e+00 
2.906464e+00 
2.906464e+00 
2.906464e+00 
2.906462e+00 
2.906462e+00 
2.906462e+00 
2.906260e+00 
2.906117e+00 
2.905871e+00 
2.905724e+00 
2.905692e+00 
2.905577e+00 
2.905577e+00 
2.905570e+00 
2.905570e+00 
2.905340e+00 
2.905340e+00 
2.905340e+00 
2.905189e+00 
2.905189e+00 
2.905189e+00 
2.905189e+00 
2.905189e+00 
2.905048e+00 
2.904818e+00 
2.904732e+00 
2.904732e+00 
2.904689e+00 
2.904678e+00 
2.904674e+00 
2.904674e+00 
2.904659e+00 
2.904572e+00 
2.904572e+00 
2.904567e+00 
2.904545e+00 
2.904280e+00 
2.904280e+00 
2.904189e+00 
2.904189e+00 
2.904032e+00 
2.903858e+00 
2.903631e+00 
2.903631e+00 
2.903631e+00 
2.903631e+00 
2.903588e+00 
2.903588e+00 
2.903477e+00 
2.903477e+00 
2.903417e+00 
2.903351e+00 
2.903351e+00 
2.903296e+00 
2.903264e+00 
2.903216e+00 
2.903216e+00 
2.903134e+00 
2.903105e+00 
2.903066e+00 
2.903022e+00 
2.903022e+00 
2.903022e+00 
2.902985e+00 
2.902970e+00 
2.902720e+00 
2.902720e+00 
2.902720e+00 
2.902720e+00 
2.902720e+00 
2.902661e+00 
2.902271e+00 
2.902271e+00 
2.901773e+00 
2.901773e+00 
2.901773e+00 
2.901773e+00 
2.901694e+00 
2.901694e+00 
2.901694e+00 
2.901611e+00 
2.901363e+00 
2.901285e+00 
2.901260e+00 
2.901176e+00 
2.901176e+00 
2.901176e+00 
2.901092e+00 
2.900943e+00 
2.900943e+00 
2.900847e+00 
2.900847e+00 
2.900785e+00 
2.900740e+00 
2.900700e+00 
2.900159e+00 
2.900043e+00 
2.900036e+00 
2.899992e+00 
2.899992e+00 
2.899992e+00 
2.899961e+00 
2.899707e+00 
2.899632e+00 
2.899625e+00 
2.899557e+00 
2.899557e+00 
2.899557e+00 
2.899557e+00 
2.899557e+00 
2.899544e+00 
2.899462e+00 
2.899449e+00 
2.899436e+00 
2.899425e+00 
2.899170e+00 
2.899170e+00 
2.899134e+00 
2.899134e+00 
2.899099e+00 
2.899099e+00 
2.898966e+00 
2.898962e+00 
2.898962e+00 
2.898962e+00 
2.898962e+00 
2.898962e+00 
2.898947e+00 
2.898947e+00 
2.898947e+00 
2.898947e+00 
2.898940e+00 
2.898938e+00 
2.898855e+00 
2.898819e+00 
2.898819e+00 
2.898819e+00 
2.898770e+00 
2.898770e+00 
2.898770e+00 
2.898757e+00 
2.898753e+00 
2.898745e+00 
2.898742e+00 
2.898742e+00 
2.898722e+00 
2.898697e+00 
2.898697e+00 
2.898697e+00 
2.898697e+00 
2.898686e+00 
2.898615e+00 
2.898599e+00 
2.898599e+00 
2.898557e+00 
2.898456e+00 
2.898374e+00 
2.898374e+00 
2.898374e+00 
2.898374e+00 
2.898374e+00 
2.898312e+00 
2.898312e+00 
2.898312e+00 
2.898312e+00 
2.898222e+00 
2.898222e+00 
2.898188e+00 
2.898179e+00 
2.898131e+00 
2.898131e+00 
2.898100e+00 
2.898074e+00 
2.898074e+00 
2.898028e+00 
2.898028e+00 
2.897988e+00 
2.897988e+00 
2.897988e+00 
2.897931e+00 
2.897931e+00 
2.897896e+00 
2.897896e+00 
2.897896e+00 
2.897896e+00 
2.897896e+00 
2.897896e+00 
2.897896e+00 
2.897872e+00 
2.897855e+00 
2.897855e+00 
2.897855e+00 
2.897855e+00 
2.897843e+00 
2.897815e+00 
2.897769e+00 
2.897687e+00 
2.897593e+00 
2.897593e+00 
2.897542e+00 
2.897542e+00 
2.897512e+00 
2.897512e+00 
2.897512e+00 
2.897505e+00 
2.897497e+00 
2.897497e+00 
2.897454e+00 
2.897444e+00 
2.897444e+00 
2.897444e+00 
2.897444e+00 
2.897438e+00 
2.897436e+00 
2.897415e+00 
2.897415e+00 
2.897412e+00 
2.897354e+00 
2.897354e+00 
2.897334e+00 
2.897257e+00 
2.897219e+00 
2.897180e+00 
2.897154e+00 
2.897152e+00 
2.897152e+00 
2.897138e+00 
2.897136e+00 
2.897136e+00 
2.897136e+00 
2.897116e+00 
2.897116e+00 
2.897112e+00 
2.897092e+00 
2.897090e+00 
2.897090e+00 
2.897073e+00 
2.897055e+00 
2.897055e+00 
2.897039e+00 
2.897036e+00 
2.897036e+00 
2.897026e+00 
2.897026e+00 
2.896991e+00 
2.896988e+00 
2.896973e+00 
2.896973e+00 
2.896900e+00 
2.896900e+00 
2.896900e+00 
2.896816e+00 
2.896816e+00 
2.896816e+00 
2.896766e+00 
2.896766e+00 
2.896748e+00 
2.896713e+00 
2.896679e+00 
2.896633e+00 
2.896633e+00 
2.896632e+00 
2.896632e+00 
2.896565e+00 
2.896565e+00 
2.896561e+00 
2.896513e+00 
2.896509e+00 
2.896509e+00 
2.896509e+00 
2.896509e+00 
2.896509e+00 
2.896508e+00 
2.896493e+00 
2.896493e+00 
2.896493e+00 
2.896484e+00 
2.896483e+00 
2.896475e+00 
2.896398e+00 
2.896394e+00 
2.896394e+00 
2.896291e+00 
2.896256e+00 
2.896196e+00 
2.896159e+00 
2.896159e+00 
2.896159e+00 
2.896159e+00 
2.896159e+00 
2.896156e+00 
2.896156e+00 
2.896156e+00 
2.896156e+00 
2.896146e+00 
2.896141e+00 
2.896131e+00 
2.896131e+00 
2.896131e+00 
2.896126e+00 
2.896126e+00 
2.896119e+00 
2.896087e+00 
2.896026e+00 
2.896026e+00 
2.896026e+00 
2.895970e+00 
2.895970e+00 
2.895965e+00 
2.895944e+00 
2.895944e+00 
2.895912e+00 
2.895912e+00 
2.895912e+00 
2.895769e+00 
2.895752e+00 
2.895732e+00 
2.895732e+00 
2.895721e+00 
2.895700e+00 
2.895677e+00 
2.895628e+00 
2.895628e+00 
2.895628e+00 
2.895628e+00 
2.895623e+00 
2.895610e+00 
2.895610e+00 
2.895610e+00 
2.895610e+00 
2.895587e+00 
2.895576e+00 
2.895557e+00 
2.895557e+00 
2.895549e+00 
2.895549e+00 
2.895549e+00 
2.895521e+00 
2.895494e+00 
2.895486e+00 
2.895484e+00 
2.895484e+00 
2.895477e+00 
2.895476e+00 
2.895474e+00 
2.895474e+00 
2.895472e+00 
2.895471e+00 
2.895469e+00 
2.895461e+00 
2.895441e+00 
2.895434e+00 
2.895403e+00 
2.895367e+00 
2.895349e+00 
2.895341e+00 
2.895341e+00 
2.895341e+00 
2.895340e+00 
2.895312e+00 
2.895306e+00 
2.895306e+00 
2.895292e+00 
2.895292e+00 
2.895292e+00 
2.895260e+00 
2.895186e+00 
2.895186e+00 
2.895141e+00 
2.895141e+00 
2.895116e+00 
2.895058e+00 
2.895058e+00 
2.895020e+00 
2.895020e+00 
2.895020e+00 
2.894939e+00 
2.894906e+00 
2.894906e+00 
2.894906e+00 
2.894906e+00 
2.894906e+00 
2.894817e+00 
2.894506e+00 
2.894506e+00 
2.894480e+00 
2.894452e+00 
2.894452e+00 
2.894432e+00 
2.894432e+00 
2.894408e+00 
2.894408e+00 
2.894356e+00 
2.894325e+00 
2.894325e+00 
2.894325e+00 
2.894322e+00 
2.894317e+00 
2.894317e+00 
2.894303e+00 
2.894298e+00 
2.894298e+00 
2.894283e+00 
2.894265e+00 
2.894265e+00 
2.894265e+00 
2.894265e+00 
2.894265e+00 
2.894249e+00 
2.894249e+00 
2.894249e+00 
2.894249e+00 
2.894249e+00 
2.894249e+00 
2.894244e+00 
2.894224e+00 
2.894192e+00 
2.894192e+00 
2.894192e+00 
2.894181e+00 
2.894130e+00 
2.894115e+00 
2.894115e+00 
2.894090e+00 
2.894078e+00 
2.894007e+00 
2.894007e+00 
2.894007e+00 
2.894007e+00 
2.894007e+00 
2.893993e+00 
2.893991e+00 
2.893958e+00 
2.893939e+00 
2.893923e+00 
2.893908e+00 
2.893887e+00 
2.893867e+00 
2.893858e+00 
2.893850e+00 
2.893831e+00 
2.893822e+00 
2.893816e+00 
2.893800e+00 
2.893785e+00 
2.893770e+00 
2.893755e+00 
2.893730e+00 
2.893725e+00 
2.893711e+00 
2.893708e+00 
2.893705e+00 
2.893699e+00 
2.893698e+00 
2.893692e+00 
2.893676e+00 
2.893676e+00 
2.893671e+00 
2.893671e+00 
2.893667e+00 
2.893667e+00 
2.893652e+00 
2.893652e+00 
2.893651e+00 
2.893640e+00 
2.893634e+00 
2.893622e+00 
2.893618e+00 
2.893610e+00 
2.893602e+00 
2.893600e+00 
2.893597e+00 
2.893586e+00 
2.893569e+00 
2.893569e+00 
2.893565e+00 
2.893565e+00 
2.893558e+00 
2.893557e+00 
2.893553e+00 
2.893547e+00 
2.893536e+00 
2.893532e+00 
2.893529e+00 
2.893529e+00 
2.893524e+00 
2.893524e+00 
2.893521e+00 
2.893499e+00 
2.893499e+00 
2.893490e+00 
2.893488e+00 
2.893488e+00 
2.893483e+00 
2.893480e+00 
2.893471e+00 
2.893471e+00 
2.893451e+00 
2.893448e+00 
2.893437e+00 
2.893437e+00 
2.893427e+00 
2.893425e+00 
2.893425e+00 
2.893416e+00 
2.893416e+00 
2.893416e+00 
2.893400e+00 
2.893397e+00 
2.893397e+00 
2.893388e+00 
2.893386e+00 
2.893386e+00 
2.893383e+00 
2.893381e+00 
2.893379e+00 
2.893374e+00 
2.893358e+00 
2.893349e+00 
2.893342e+00 
2.893330e+00 
2.893324e+00 
2.893324e+00 
2.893316e+00 
2.893315e+00 
2.893311e+00 
2.893305e+00 
2.893301e+00 
2.893297e+00 
2.893296e+00 
2.893292e+00 
2.893281e+00 
2.893278e+00 
2.893263e+00 
2.893257e+00 
2.893255e+00 
2.893255e+00 
2.893255e+00 
2.893254e+00 
2.893250e+00 
2.893250e+00 
2.893241e+00 
2.893239e+00 
2.893235e+00 
2.893221e+00 
2.893212e+00 
2.893199e+00 
2.893195e+00 
2.893194e+00 
2.893186e+00 
2.893177e+00 
2.893177e+00 
2.893175e+00 
2.893173e+00 
2.893137e+00 
2.893124e+00 
2.893110e+00 
2.893109e+00 
2.893105e+00 
2.893101e+00 
2.893096e+00 
2.893092e+00 
2.893091e+00 
2.893089e+00 
2.893089e+00 
2.893088e+00 
2.893075e+00 
2.893075e+00 
2.893059e+00 
2.893053e+00 
2.893053e+00 
2.893053e+00 
2.893047e+00 
2.893047e+00 
2.893047e+00 
2.893047e+00 
2.893046e+00 
2.893045e+00 
2.893043e+00 
2.893038e+00 
2.893034e+00 
2.893032e+00 
2.893032e+00 
2.893023e+00 
2.893023e+00 
2.893018e+00 
2.893007e+00 
2.892984e+00 
2.892979e+00 
2.892973e+00 
2.892973e+00 
2.892972e+00 
2.892971e+00 
2.892967e+00 
2.892922e+00 
2.892915e+00 
2.892911e+00 
2.892897e+00 
2.892888e+00 
2.892888e+00 
2.892866e+00 
2.892866e+00 
2.892847e+00 
2.892847e+00 
2.892807e+00 
2.892750e+00 
2.892662e+00 
2.892662e+00 
2.892662e+00 
2.892622e+00 
2.892622e+00 
2.892611e+00 
2.892611e+00 
2.892598e+00 
2.892577e+00 
2.892577e+00 
2.892577e+00 
2.892577e+00 
2.892565e+00 
2.892565e+00 
2.892565e+00 
2.892565e+00 
2.892565e+00 
2.892491e+00 
2.892430e+00 
2.892430e+00 
2.892430e+00 
2.892430e+00 
2.892430e+00 
2.892430e+00 
2.892428e+00 
2.892428e+00 
2.892361e+00 
2.892346e+00 
2.892346e+00 
2.892317e+00 
2.892317e+00 
2.892317e+00 
2.892310e+00 
2.892310e+00 
2.892310e+00 
2.892300e+00 
2.892298e+00 
2.892289e+00 
2.892289e+00 
2.892289e+00 
2.892285e+00 
2.892284e+00 
2.892281e+00 
2.892273e+00 
2.892273e+00 
2.892266e+00 
2.892262e+00 
2.892251e+00 
2.892247e+00 
2.892241e+00 
2.892224e+00 
2.892222e+00 
2.892221e+00 
2.892221e+00 
2.892221e+00 
2.892208e+00 
2.892208e+00 
2.892200e+00 
2.892200e+00 
2.892200e+00 
2.892200e+00 
2.892190e+00 
2.892190e+00 
2.892181e+00 
2.892181e+00 
2.892181e+00 
2.892181e+00 
2.892178e+00 
2.892176e+00 
2.892173e+00 
2.892173e+00 
2.892173e+00 
2.892172e+00 
2.892172e+00 
2.892172e+00 
2.892168e+00 
2.892144e+00 
2.892143e+00 
2.892143e+00 
2.892132e+00 
2.892132e+00 
2.892125e+00 
2.892125e+00 
2.892125e+00 
2.892124e+00 
2.892124e+00 
2.892124e+00 
2.892123e+00 
2.892123e+00 
2.892123e+00 
2.892121e+00 
2.892119e+00 
2.892117e+00 
2.892116e+00 
2.892111e+00 
2.892108e+00 
2.892108e+00 
2.892106e+00 
2.892103e+00 
2.892097e+00 
2.892086e+00 
2.892079e+00 
2.892066e+00 
2.892058e+00 
2.892050e+00 
2.892039e+00 
2.892035e+00 
2.892026e+00 
2.892006e+00 
2.891993e+00 
2.891987e+00 
2.891969e+00 
2.891967e+00 
2.891967e+00 
2.891945e+00 
2.891938e+00 
2.891931e+00 
2.891931e+00 
2.891931e+00 
2.891925e+00 
2.891910e+00 
2.891894e+00 
2.891886e+00 
2.891869e+00 
2.891864e+00 
2.891860e+00 
2.891845e+00 
2.891834e+00 
2.891832e+00 
2.891823e+00 
2.891820e+00 
2.891815e+00 
2.891783e+00 
2.891776e+00 
2.891776e+00 
2.891769e+00 
2.891731e+00 
2.891731e+00 
2.891720e+00 
2.891720e+00 
2.891707e+00 
2.891680e+00 
2.891653e+00 
2.891653e+00 
2.891639e+00 
2.891625e+00 
2.891615e+00 
2.891605e+00 
2.891597e+00 
2.891593e+00 
2.891587e+00 
2.891576e+00 
2.891574e+00 
2.891567e+00 
2.891560e+00 
2.891554e+00 
2.891547e+00 
2.891531e+00 
2.891531e+00 
2.891531e+00 
2.891524e+00 
2.891523e+00 
2.891518e+00 
2.891513e+00 
2.891493e+00 
2.891493e+00 
2.891493e+00 
2.891487e+00 
2.891485e+00 
2.891481e+00 
2.891466e+00 
2.891466e+00 
2.891460e+00 
2.891451e+00 
2.891442e+00 
2.891432e+00 
2.891422e+00 
2.891411e+00 
2.891392e+00 
2.891386e+00 
2.891384e+00 
2.891369e+00 
2.891361e+00 
2.891353e+00 
2.891347e+00 
2.891319e+00 
2.891287e+00 
2.891266e+00 
2.891254e+00 
2.891238e+00 
2.891226e+00 
2.891211e+00 
2.891201e+00 
2.891195e+00 
2.891187e+00 
2.891184e+00 
2.891172e+00 
2.891164e+00 
2.891124e+00 
2.891088e+00 
2.891078e+00 
2.891078e+00 
2.891078e+00 
2.891028e+00 
2.891022e+00 
2.891014e+00 
2.891014e+00 
2.891006e+00 
2.890990e+00 
2.890987e+00 
2.890987e+00 
2.890980e+00 
2.890980e+00 
2.890977e+00 
2.890966e+00 
2.890932e+00 
2.890932e+00 
2.890932e+00 
2.890924e+00 
2.890898e+00 
2.890885e+00 
2.890883e+00 
2.890878e+00 
2.890877e+00 
2.890877e+00 
2.890873e+00 
2.890873e+00 
2.890873e+00 
2.890873e+00 
2.890873e+00 
2.890864e+00 
2.890863e+00 
2.890861e+00 
2.890860e+00 
2.890845e+00 
2.890839e+00 
2.890834e+00 
2.890834e+00 
2.890834e+00 
2.890827e+00 
2.890827e+00 
2.890826e+00 
2.890825e+00 
2.890825e+00 
2.890822e+00 
2.890822e+00 
2.890819e+00 
2.890819e+00 
2.890819e+00 
2.890811e+00 
2.890811e+00 
2.890805e+00 
2.890804e+00 
2.890802e+00 
2.890796e+00 
2.890789e+00 
2.890781e+00 
2.890781e+00 
2.890765e+00 
2.890757e+00 
2.890756e+00 
2.890752e+00 
2.890749e+00 
2.890746e+00 
2.890740e+00 
2.890737e+00 
2.890736e+00 
2.890736e+00 
2.890729e+00 
2.890723e+00 
2.890723e+00 
2.890716e+00 
2.890713e+00 
2.890712e+00 
2.890711e+00 
2.890711e+00 
2.890709e+00 
2.890706e+00 
2.890697e+00 
2.890697e+00 
2.890697e+00 
2.890697e+00 
2.890696e+00 
2.890695e+00 
2.890681e+00 
2.890681e+00 
2.890681e+00 
2.890675e+00 
2.890673e+00 
2.890673e+00 
2.890673e+00 
2.890673e+00 
2.890670e+00 
2.890665e+00 
2.890662e+00 
2.890660e+00 
2.890657e+00 
2.890655e+00 
2.890653e+00 
2.890652e+00 
2.890651e+00 
2.890650e+00 
2.890649e+00 
2.890648e+00 
2.890641e+00 
2.890633e+00 
2.890631e+00 
2.890629e+00 
2.890627e+00 
2.890623e+00 
2.890620e+00 
2.890618e+00 
2.890617e+00 
2.890616e+00 
2.890616e+00 
2.890616e+00 
2.890603e+00 
2.890603e+00 
2.890591e+00 
2.890585e+00 
2.890576e+00 
2.890569e+00 
2.890558e+00 
2.890547e+00 
2.890546e+00 
2.890544e+00 
2.890538e+00 
2.890537e+00 
2.890534e+00 
2.890534e+00 
2.890534e+00 
2.890529e+00 
2.890529e+00 
2.890529e+00 
2.890529e+00 
2.890528e+00 
2.890522e+00 
2.890520e+00 
2.890516e+00 
2.890516e+00 
2.890515e+00 
2.890512e+00 
2.890512e+00 
2.890511e+00 
2.890511e+00 
2.890510e+00 
2.890509e+00 
2.890507e+00 
2.890505e+00 
2.890501e+00 
2.890496e+00 
2.890494e+00 
2.890487e+00 
2.890482e+00 
2.890473e+00 
2.890465e+00 
2.890459e+00 
2.890454e+00 
2.890451e+00 
2.890449e+00 
2.890445e+00 
2.890443e+00 
2.890443e+00 
2.890440e+00 
2.890438e+00 
2.890438e+00 
2.890437e+00 
2.890434e+00 
2.890431e+00 
2.890429e+00 
2.890427e+00 
2.890425e+00 
2.890421e+00 
2.890421e+00 
2.890412e+00 
2.890406e+00 
2.890399e+00 
2.890393e+00 
2.890391e+00 
2.890388e+00 
2.890382e+00 
2.890379e+00 
2.890376e+00 
2.890373e+00 
2.890370e+00 
2.890364e+00 
2.890361e+00 
2.890358e+00 
2.890355e+00 
2.890351e+00 
2.890346e+00 
2.890340e+00 
2.890337e+00 
2.890334e+00 
2.890331e+00 
2.890329e+00 
2.890328e+00 
2.890327e+00 
2.890325e+00 
2.890324e+00 
2.890323e+00 
2.890322e+00 
2.890321e+00 
2.890321e+00 
2.890320e+00 
2.890320e+00 
2.890320e+00 
2.890320e+00 
2.890319e+00 
2.890319e+00 
2.890318e+00 
2.890318e+00 
2.890318e+00 
2.890317e+00 
2.890317e+00 
2.890317e+00 
2.890317e+00 
2.890317e+00 
2.890317e+00 
2.890316e+00 
2.890316e+00 
2.890316e+00 
2.890316e+00 
2.890316e+00 
2.890315e+00 
2.890315e+00 
2.890315e+00 
2.890315e+00 
2.890314e+00 
2.890314e+00 
2.890314e+00 
2.890314e+00 
2.890314e+00 
2.890314e+00 
2.890313e+00 
2.890313e+00 
2.890313e+00 
2.890313e+00 
2.890313e+00 
2.890312e+00 
2.890312e+00 
2.890312e+00 
2.890311e+00 
2.890311e+00 
2.890311e+00 
2.890311e+00 
2.890310e+00 
2.890310e+00 
2.890309e+00 
2.890308e+00 
2.890308e+00 
2.890307e+00 
2.890307e+00 
2.890306e+00 
2.890306e+00 
2.890306e+00 
2.890306e+00 
2.890306e+00 
2.890306e+00 
2.890306e+00 
2.890306e+00 
2.890306e+00 
2.890306e+00 
2.890306e+00 
2.890306e+00 
2.890306e+00 
2.890306e+00 
2.890306e+00 
2.890306e+00 
2.890306e+00 
2.890306e+00 
2.890306e+00 
2.890306e+00 
2.890306e+00 
2.890306e+00 
2.890306e+00 
2.890287e+00 
2.890274e+00 
2.890271e+00 
2.890268e+00 
2.890267e+00 
2.890263e+00 
2.890259e+00 
2.890256e+00 
2.890252e+00 
2.890248e+00 
2.890248e+00 
2.890237e+00 
2.890231e+00 
2.890224e+00 
2.890216e+00 
2.890211e+00 
2.890207e+00 
2.890202e+00 
2.890191e+00 
2.890181e+00 
2.890173e+00 
2.890165e+00 
2.890158e+00 
2.890138e+00 
2.890133e+00 
2.890121e+00 
2.890115e+00 
2.890108e+00 
2.890092e+00 
2.890084e+00 
2.890078e+00 
2.890075e+00 
2.890068e+00 
2.890060e+00 
2.890056e+00 
2.890051e+00 
2.890042e+00 
2.890034e+00 
2.890028e+00 
2.890023e+00 
2.890014e+00 
2.890010e+00 
2.890006e+00 
2.890000e+00 
2.889995e+00 
2.889986e+00 
2.889977e+00 
2.889969e+00 
2.889961e+00 
2.889948e+00 
2.889944e+00 
2.889926e+00 
2.889923e+00 
2.889922e+00 
2.889920e+00 
2.889918e+00 
2.889916e+00 
2.889911e+00 
2.889909e+00 
2.889909e+00 
2.889906e+00 
2.889900e+00 
2.889897e+00 
2.889894e+00 
2.889890e+00 
2.889890e+00 
2.889888e+00 
2.889887e+00 
2.889884e+00 
2.889884e+00 
2.889884e+00 
2.889884e+00 
2.889884e+00 
2.889879e+00 
2.889879e+00 
2.889878e+00 
2.889878e+00 
2.889877e+00 
2.889875e+00 
2.889874e+00 
2.889873e+00 
2.889871e+00 
2.889868e+00 
2.889868e+00 
2.889868e+00 
2.889868e+00 
2.889868e+00 
2.889866e+00 
2.889866e+00 
2.889866e+00 
2.889866e+00 
2.889866e+00 
2.889859e+00 
2.889852e+00 
2.889848e+00 
2.889841e+00 
2.889836e+00 
2.889833e+00 
2.889830e+00 
2.889827e+00 
2.889811e+00 
2.889776e+00 
2.889765e+00 
2.889759e+00 
2.889758e+00 
2.889734e+00 
2.889730e+00 
2.889729e+00 
2.889717e+00 
2.889705e+00 
2.889705e+00 
2.889682e+00 
2.889682e+00 
2.889676e+00 
2.889676e+00 
2.889676e+00 
2.889676e+00 
2.889676e+00 
2.889676e+00 
2.889665e+00 
2.889665e+00 
2.889665e+00 
2.889664e+00 
2.889664e+00 
2.889664e+00 
2.889663e+00 
2.889652e+00 
2.889652e+00 
2.889652e+00 
2.889652e+00 
2.889651e+00 
2.889651e+00 
2.889651e+00 
2.889651e+00 
2.889651e+00 
2.889650e+00 
2.889649e+00 
2.889648e+00 
2.889648e+00 
2.889648e+00 
2.889648e+00 
2.889648e+00 
2.889648e+00 
2.889647e+00 
2.889647e+00 
2.889643e+00 
2.889643e+00 
2.889643e+00 
2.889642e+00 
2.889641e+00 
2.889641e+00 
2.889641e+00 
2.889640e+00 
2.889640e+00 
2.889640e+00 
2.889640e+00 
2.889639e+00 
2.889638e+00 
2.889638e+00 
2.889638e+00 
2.889638e+00 
2.889637e+00 
2.889636e+00 
2.889635e+00 
2.889634e+00 
2.889633e+00 
2.889633e+00 
2.889633e+00 
2.889632e+00 
2.889629e+00 
2.889629e+00 
2.889627e+00 
2.889624e+00 
2.889623e+00 
2.889623e+00 
2.889623e+00 
2.889622e+00 
2.889621e+00 
2.889620e+00 
2.889619e+00 
2.889618e+00 
2.889617e+00 
2.889617e+00 
2.889616e+00 
2.889615e+00 
2.889615e+00 
2.889613e+00 
2.889612e+00 
2.889611e+00 
2.889610e+00 
2.889608e+00 
2.889607e+00 
2.889605e+00 
2.889604e+00 
2.889600e+00 
2.889595e+00 
2.889592e+00 
2.889588e+00 
2.889585e+00 
2.889579e+00 
2.889572e+00 
2.889565e+00 
2.889557e+00 
2.889551e+00 
2.889543e+00 
2.889535e+00 
2.889526e+00 
2.889524e+00 
2.889520e+00 
2.889514e+00 
2.889512e+00 
2.889508e+00 
2.889504e+00 
2.889499e+00 
2.889496e+00 
2.889493e+00 
2.889487e+00 
2.889484e+00 
2.889483e+00 
2.889482e+00 
2.889477e+00 
2.889474e+00 
2.889472e+00 
2.889472e+00 
2.889472e+00 
2.889467e+00 
2.889464e+00 
2.889464e+00 
2.889461e+00 
2.889460e+00 
2.889459e+00 
2.889457e+00 
2.889454e+00 
2.889451e+00 
2.889449e+00 
2.889447e+00 
2.889443e+00 
2.889440e+00 
2.889436e+00 
2.889433e+00 
2.889431e+00 
2.889428e+00 
2.889424e+00 
2.889422e+00 
2.889419e+00 
2.889417e+00 
2.889415e+00 
2.889414e+00 
2.889413e+00 
2.889412e+00 
2.889412e+00 
2.889411e+00 
2.889410e+00 
2.889410e+00 
2.889409e+00 
2.889409e+00 
2.889408e+00 
2.889407e+00 
2.889407e+00 
2.889406e+00 
2.889405e+00 
2.889405e+00 
2.889404e+00 
2.889404e+00 
2.889403e+00 
2.889403e+00 
2.889403e+00 
2.889403e+00 
2.889403e+00 
2.889402e+00 
2.889402e+00 
2.889402e+00 
2.889402e+00 
2.889402e+00 
2.889402e+00 
2.889402e+00 
2.889402e+00 
2.889402e+00 
2.889402e+00 
2.889402e+00 
2.889402e+00 
2.889402e+00 
2.889402e+00 
2.889402e+00 
2.889402e+00 
2.889402e+00 
2.889402e+00 
2.889402e+00 
2.889402e+00 
2.889402e+00 
2.889402e+00 
2.889402e+00 
2.889401e+00 
2.889401e+00 
2.889401e+00 
2.889401e+00 
2.889401e+00 
2.889401e+00 
2.889401e+00 
2.889401e+00 
2.889401e+00 
2.889401e+00 
2.889401e+00 
2.889401e+00 
2.889401e+00 
2.889401e+00 
2.889401e+00 
2.889401e+00 
2.889401e+00 
2.889401e+00 
2.889401e+00 
2.889401e+00 
2.889401e+00 
2.889401e+00 
2.889400e+00 
2.889400e+00 
2.889400e+00 
2.889400e+00 
2.889400e+00 
2.889400e+00 
2.889400e+00 
2.889399e+00 
2.889399e+00 
2.889399e+00 
2.889398e+00 
2.889398e+00 
2.889398e+00 
2.889397e+00 
2.889397e+00 
2.889396e+00 
2.889396e+00 
2.889395e+00 
2.889394e+00 
2.889393e+00 
2.889392e+00 
2.889390e+00 
2.889388e+00 
2.889387e+00 
2.889385e+00 
2.889384e+00 
2.889384e+00 
2.889383e+00 
2.889382e+00 
2.889382e+00 
2.889382e+00 
2.889381e+00 
2.889381e+00 
2.889381e+00 
2.889381e+00 
2.889381e+00 
2.889380e+00 
2.889380e+00 
2.889380e+00 
2.889380e+00 
2.889380e+00 
2.889380e+00 
2.889380e+00 
2.889380e+00 
2.889380e+00 
2.889380e+00 
2.889380e+00 
2.889380e+00 
2.889380e+00 
2.889380e+00 
2.889380e+00 
2.889380e+00 
2.889380e+00 
2.889380e+00 
2.889380e+00 
2.889380e+00 
2.889380e+00 
2.889380e+00 
2.889380e+00 
2.889380e+00 
2.889380e+00 
2.889380e+00 
2.889380e+00 
2.889380e+00 
2.889380e+00 
2.889380e+00 
2.889380e+00 
2.889380e+00 
2.889380e+00 
2.889380e+00 
2.889380e+00 
2.889380e+00 
2.889380e+00 
2.889380e+00 
2.889380e+00 
2.889380e+00 
2.889380e+00 
2.889380e+00 
2.889380e+00 
2.889380e+00 
2.889380e+00 
2.889380e+00 
2.889380e+00 
2.889380e+00 
2.889380e+00 
2.889380e+00 
2.889380e+00 
2.889380e+00 
2.889380e+00 
2.889380e+00 
2.889380e+00 
2.889380e+00 
2.889380e+00 
2.889380e+00 
2.889380e+00 
2.889380e+00 
2.889380e+00 
2.889380e+00 
2.889380e+00 
2.889380e+00 
2.889380e+00 
2.889380e+00 
2.889380e+00 
2.889380e+00 
2.889380e+00 
2.889380e+00 
2.889380e+00 
2.889380e+00 
2.889380e+00 
2.889380e+00 
2.889380e+00 
2.889380e+00 
2.889380e+00 
2.889380e+00 
2.889380e+00 
2.889380e+00 
2.889380e+00 
2.889380e+00 
2.889380e+00 
2.889380e+00 
2.889380e+00 
2.889380e+00 
2.889380e+00 
2.889380e+00 
2.889380e+00 
2.889380e+00 
2.889380e+00 
2.889380e+00 
2.889380e+00 
2.889380e+00 
2.889380e+00 
2.889380e+00 
2.889380e+00 
2.889380e+00 
2.889380e+00 
2.889380e+00 
2.889380e+00 
2.889380e+00 
2.889380e+00 
2.889380e+00 
2.889380e+00 
2.889380e+00 
2.889380e+00 
2.889380e+00 
2.889380e+00 
2.889380e+00 
2.889380e+00 
2.889380e+00 
2.889380e+00 
2.889380e+00 
2.889380e+00 
2.889380e+00 
2.889380e+00 
2.889380e+00 
2.889380e+00 
2.889380e+00 
2.889380e+00 
2.889380e+00 
2.889380e+00 
2.889380e+00 
2.889380e+00 
2.889380e+00 
2.889380e+00 
2.889380e+00 
2.889380e+00 
2.889380e+00 
2.889380e+00 
2.889380e+00 
2.889380e+00 
2.889380e+00 
2.889380e+00 
2.889380e+00 
2.889380e+00 
2.889380e+00 
2.889380e+00 
2.889380e+00 
2.889380e+00 
2.889380e+00 
2.889380e+00 
2.889380e+00 
2.889380e+00 
2.889380e+00 
2.889380e+00 
2.889380e+00 
2.889380e+00 
2.889380e+00 
2.889380e+00 
2.889380e+00 
2.889380e+00 
2.889380e+00 
2.889380e+00 
2.889380e+00 
2.889380e+00 
2.889380e+00 
2.889380e+00 
2.889378e+00 
2.889378e+00 
2.889377e+00 
2.889376e+00 
2.889375e+00 
2.889374e+00 
2.889372e+00 
2.889371e+00 
2.889369e+00 
2.889368e+00 
2.889367e+00 
2.889366e+00 
2.889365e+00 
2.889365e+00 
2.889364e+00 
2.889363e+00 
2.889362e+00 
2.889361e+00 
2.889360e+00 
2.889358e+00 
2.889358e+00 
2.889356e+00 
2.889355e+00 
2.889354e+00 
2.889352e+00 
2.889351e+00 
2.889350e+00 
2.889349e+00 
2.889348e+00 
2.889347e+00 
2.889346e+00 
2.889346e+00 
2.889345e+00 
2.889344e+00 
2.889344e+00 
2.889343e+00 
2.889343e+00 
2.889342e+00 
2.889341e+00 
2.889340e+00 
2.889339e+00 
2.889339e+00 
2.889339e+00 
2.889338e+00 
2.889337e+00 
2.889337e+00 
2.889336e+00 
2.889336e+00 
2.889336e+00 
2.889335e+00 
2.889333e+00 
2.889332e+00 
2.889330e+00 
2.889328e+00 
2.889325e+00 
2.889323e+00 
2.889320e+00 
2.889318e+00 
2.889314e+00 
2.889312e+00 
2.889309e+00 
2.889307e+00 
2.889306e+00 
2.889305e+00 
2.889302e+00 
2.889300e+00 
2.889298e+00 
2.889296e+00 
2.889294e+00 
2.889292e+00 
2.889290e+00 
2.889289e+00 
2.889288e+00 
2.889288e+00 
2.889288e+00 
2.889288e+00 
2.889288e+00 
2.889288e+00 
2.889288e+00 
2.889287e+00 
2.889287e+00 
2.889287e+00 
2.889287e+00 
2.889287e+00 
2.889287e+00 
2.889287e+00 
2.889286e+00 
2.889286e+00 
2.889285e+00 
2.889285e+00 
2.889284e+00 
2.889284e+00 
2.889283e+00 
2.889282e+00 
2.889281e+00 
2.889281e+00 
2.889280e+00 
2.889278e+00 
2.889278e+00 
2.889276e+00 
2.889274e+00 
2.889273e+00 
2.889272e+00 
2.889270e+00 
2.889268e+00 
2.889266e+00 
2.889263e+00 
2.889260e+00 
2.889257e+00 
2.889251e+00 
2.889248e+00 
2.889243e+00 
2.889237e+00 
2.889233e+00 
2.889229e+00 
2.889227e+00 
2.889226e+00 
2.889223e+00 
2.889221e+00 
2.889219e+00 
2.889217e+00 
2.889215e+00 
2.889212e+00 
2.889210e+00 
2.889206e+00 
2.889204e+00 
2.889202e+00 
2.889199e+00 
2.889197e+00 
2.889194e+00 
2.889192e+00 
2.889190e+00 
2.889187e+00 
2.889185e+00 
2.889183e+00 
2.889181e+00 
2.889180e+00 
2.889178e+00 
2.889177e+00 
2.889175e+00 
2.889171e+00 
2.889168e+00 
2.889166e+00 
2.889164e+00 
2.889161e+00 
2.889160e+00 
2.889159e+00 
2.889159e+00 
2.889158e+00 
2.889157e+00 
2.889156e+00 
2.889155e+00 
2.889154e+00 
2.889150e+00 
2.889147e+00 
2.889144e+00 
2.889141e+00 
2.889138e+00 
2.889136e+00 
2.889135e+00 
2.889134e+00 
2.889133e+00 
2.889132e+00 
2.889131e+00 
2.889130e+00 
2.889129e+00 
2.889129e+00 
2.889128e+00 
2.889127e+00 
2.889127e+00 
2.889127e+00 
2.889126e+00 
2.889126e+00 
2.889125e+00 
2.889124e+00 
2.889124e+00 
2.889123e+00 
2.889123e+00 
2.889122e+00 
2.889122e+00 
2.889121e+00 
2.889120e+00 
2.889120e+00 
2.889119e+00 
2.889118e+00 
2.889118e+00 
2.889118e+00 
2.889117e+00 
2.889117e+00 
2.889117e+00 
2.889116e+00 
2.889116e+00 
2.889116e+00 
2.889115e+00 
2.889115e+00 
2.889115e+00 
2.889115e+00 
2.889115e+00 
2.889115e+00 
2.889114e+00 
2.889114e+00 
2.889114e+00 
2.889113e+00 
2.889113e+00 
2.889113e+00 
2.889112e+00 
2.889112e+00 
2.889112e+00 
2.889112e+00 
2.889112e+00 
2.889112e+00 
2.889112e+00 
2.889112e+00 
2.889112e+00 
2.889112e+00 
2.889112e+00 
2.889111e+00 
2.889111e+00 
2.889111e+00 
2.889111e+00 
2.889111e+00 
2.889111e+00 
2.889111e+00 
2.889111e+00 
2.889111e+00 
2.889111e+00 
2.889111e+00 
2.889111e+00 
2.889111e+00 
2.889111e+00 
2.889111e+00 
2.889111e+00 
2.889111e+00 
2.889111e+00 
2.889111e+00 
2.889111e+00 
2.889111e+00 
2.889111e+00 
2.889111e+00 
2.889111e+00 
2.889111e+00 
2.889111e+00 
2.889111e+00 
2.889111e+00 
2.889111e+00 
2.889111e+00 
2.889111e+00 
2.889111e+00 
2.889111e+00 
2.889111e+00 
2.889111e+00 
2.889111e+00 
2.889111e+00 
2.889111e+00 
2.889111e+00 
2.889111e+00 
2.889111e+00 
2.889111e+00 
2.889111e+00 
2.889111e+00 
2.889111e+00 
2.889111e+00 
2.889111e+00 
2.889111e+00 
2.889111e+00 
2.889111e+00 
2.889111e+00 
2.889111e+00 
2.889111e+00 
2.889111e+00 
2.889111e+00 
2.889111e+00 
2.889111e+00 
2.889111e+00 
2.889111e+00 
2.889111e+00 
2.889111e+00 
2.889111e+00 
2.889111e+00 
2.889111e+00 
2.889111e+00 
2.889111e+00 
2.889111e+00 
2.889111e+00 
2.889111e+00 
2.889111e+00 
2.889111e+00 
2.889111e+00 
2.889111e+00 
2.889111e+00 
2.889111e+00 
2.889111e+00 
2.889111e+00 
2.889111e+00 
2.889111e+00 
2.889111e+00 
2.889111e+00 
2.889111e+00 
2.889111e+00 
2.889111e+00 
2.889111e+00 
2.889111e+00 
2.889111e+00 
2.889111e+00 
2.889111e+00 
2.889111e+00 
2.889111e+00 
2.889111e+00 
2.889111e+00 
2.889111e+00 
2.889111e+00 
2.889111e+00 
2.889111e+00 
2.889111e+00 
2.889111e+00 
2.889111e+00 
2.889111e+00 
2.889111e+00 
2.889111e+00 
2.889111e+00 
2.889111e+00 
2.889111e+00 
2.889111e+00 
2.889111e+00 
2.889111e+00 
2.889111e+00 
2.889111e+00 
2.889111e+00 
2.889111e+00 
2.889111e+00 
2.889111e+00 
2.889111e+00 
2.889111e+00 
2.889111e+00 
2.889111e+00 
2.889111e+00 
2.889111e+00 
2.889111e+00 
2.889111e+00 
2.889111e+00 
2.889111e+00 
2.889111e+00 
2.889111e+00 
2.889111e+00 
2.889111e+00 
2.889111e+00 
2.889111e+00 
2.889111e+00 
2.889111e+00 
2.889111e+00 
2.889111e+00 
2.889111e+00 
2.889111e+00 
2.889111e+00 
2.889111e+00 
2.889111e+00 
2.889111e+00 
2.889111e+00 
2.889111e+00 
2.889111e+00 
2.889111e+00 
2.889111e+00 
2.889111e+00 
2.889111e+00 
2.889111e+00 
2.889111e+00 
2.889111e+00 
2.889111e+00 
2.889111e+00 
2.889111e+00 
2.889111e+00 
2.889111e+00 
2.889111e+00 
2.889111e+00 
2.889111e+00 
2.889111e+00 
2.889111e+00 
2.889111e+00 
2.889111e+00 
2.889111e+00 
2.889111e+00 
2.889111e+00 
2.889111e+00 
2.889111e+00 
2.889111e+00 
2.889111e+00 
2.889111e+00 
2.889111e+00 
2.889111e+00 
2.889111e+00 
2.889111e+00 
2.889111e+00 
2.889111e+00 
2.889111e+00 
2.889111e+00 
2.889111e+00 
2.889111e+00 
2.889111e+00 
2.889111e+00 
2.889111e+00 
2.889111e+00 
2.889111e+00 
2.889111e+00 
2.889111e+00 
2.889111e+00 
2.889111e+00 
2.889111e+00 
2.889111e+00 
2.889111e+00 
2.889111e+00 
2.889111e+00 
2.889111e+00 
2.889111e+00 
2.889111e+00 
2.889111e+00 
2.889111e+00 
2.889111e+00 
2.889111e+00 
2.889111e+00 
2.889111e+00 
2.889111e+00 
2.889111e+00 
2.889111e+00 
2.889111e+00 
2.889111e+00 
2.889111e+00 
2.889111e+00 
2.889111e+00 
2.889111e+00 
2.889111e+00 
2.889111e+00 
2.889111e+00 
2.889111e+00 
2.889111e+00 
2.889111e+00 
2.889111e+00 
2.889111e+00 
2.889111e+00 
2.889111e+00 
2.889111e+00 
2.889111e+00 
2.889111e+00 
2.889111e+00 
2.889111e+00 
2.889111e+00 
2.889111e+00 
2.889111e+00 
2.889111e+00 
2.889111e+00 
2.889111e+00 
2.889111e+00 
2.889111e+00 
2.889111e+00 
2.889111e+00 
2.889111e+00 
2.889111e+00 
2.889111e+00 
2.889111e+00 
2.889111e+00 
2.889111e+00 
2.889111e+00 
2.889111e+00 
2.889111e+00 
2.889111e+00 
2.889111e+00 
2.889111e+00 
2.889111e+00 
2.889111e+00 
2.889111e+00 
2.889111e+00 
2.889111e+00 
2.889111e+00 
2.889111e+00 
2.889111e+00 
2.889111e+00 
2.889111e+00 
2.889111e+00 
2.889111e+00 
2.889111e+00 
2.889111e+00 
2.889111e+00 
2.889111e+00 
2.889111e+00 
2.889111e+00 
2.889111e+00 
2.889111e+00 
2.889111e+00 
2.889111e+00 
2.889111e+00 
2.889111e+00 
2.889111e+00 
2.889111e+00 
2.889111e+00 
2.889111e+00 
2.889111e+00 
2.889111e+00 
2.889111e+00 
2.889111e+00 
2.889111e+00 
2.889111e+00 
2.889111e+00 
2.889111e+00 
2.889111e+00 
2.889111e+00 
2.889111e+00 
2.889111e+00 
2.889111e+00 
2.889111e+00 
2.889111e+00 
2.889111e+00 
2.889111e+00 
2.889111e+00 
2.889111e+00 
2.889111e+00 
2.889111e+00 
2.889111e+00 
2.889111e+00 
2.889111e+00 
2.889111e+00 
2.889111e+00 
2.889111e+00 
2.889111e+00 
2.889111e+00 
2.889111e+00 
2.889111e+00 
2.889111e+00 
2.889111e+00 
2.889111e+00 
2.889111e+00 
2.889111e+00 
2.889111e+00 
2.889111e+00 
2.889111e+00 
2.889111e+00 
2.889111e+00 
2.889111e+00 
2.889111e+00 
2.889111e+00 
2.889111e+00 
2.889111e+00 
2.889111e+00 
2.889111e+00 
2.889111e+00 
2.889111e+00 
2.889111e+00 
2.889111e+00 
2.889111e+00 
2.889111e+00 
2.889111e+00 
2.889111e+00 
2.889111e+00 
2.889111e+00 
2.889111e+00 
2.889111e+00 
2.889111e+00 
2.889111e+00 
2.889111e+00 
2.889111e+00 
2.889111e+00 
2.889111e+00 
2.889111e+00 
2.889111e+00 
2.889111e+00 
2.889111e+00 
2.889111e+00 
2.889111e+00 
2.889111e+00 
2.889111e+00 
2.889111e+00 
2.889111e+00 
2.889111e+00 
2.889111e+00 
2.889111e+00 
2.889111e+00 
2.889111e+00 
2.889111e+00 
2.889111e+00 
2.889111e+00 
2.889111e+00 
2.889111e+00 
2.889111e+00 
2.889111e+00 
2.889111e+00 
2.889111e+00 
2.889111e+00 
2.889111e+00 
2.889111e+00 
2.889111e+00 
2.889111e+00 
2.889111e+00 
2.889111e+00 
2.889111e+00 
2.889111e+00 
2.889111e+00 
2.889111e+00 
2.889111e+00 
2.889111e+00 
2.889111e+00 
2.889111e+00 
2.889111e+00 
2.889111e+00 
2.889111e+00 
2.889111e+00 
2.889111e+00 
2.889111e+00 
2.889111e+00 
2.889111e+00 
2.889111e+00 
2.889111e+00 
2.889111e+00 
2.889111e+00 
2.889111e+00 
2.889111e+00 
2.889111e+00 
2.889111e+00 
2.889111e+00 
2.889111e+00 
2.889111e+00 
2.889111e+00 
2.889111e+00 
2.889111e+00 
2.889111e+00 
2.889111e+00 
2.889111e+00 
2.889111e+00 
2.889111e+00 
2.889111e+00 
2.889111e+00 
2.889111e+00 
2.889111e+00 
2.889111e+00 
2.889111e+00 
2.889111e+00 
2.889111e+00 
2.889111e+00 
2.889111e+00 
2.889111e+00 
2.889111e+00 
2.889111e+00 
2.889111e+00 
2.889111e+00 
2.889111e+00 
2.889111e+00 
2.889111e+00 
2.889111e+00 
2.889111e+00 
2.889111e+00 
2.889111e+00 
2.889111e+00 
2.889111e+00 
2.889111e+00 
2.889111e+00 
2.889111e+00 
2.889111e+00 
2.889111e+00 
2.889111e+00 
2.889111e+00 
2.889111e+00 
2.889111e+00 
2.889111e+00 
2.889111e+00 
2.889111e+00 
2.889111e+00 
2.889111e+00 
2.889111e+00 
2.889111e+00 
2.889111e+00 
2.889111e+00 
2.889111e+00 
2.889111e+00 
2.889111e+00 
2.889111e+00 
2.889111e+00 
2.889111e+00 
2.889111e+00 
2.889111e+00 
2.889111e+00 
2.889111e+00 
2.889111e+00 
2.889111e+00 
2.889111e+00 
2.889111e+00 
2.889111e+00 
2.889111e+00 
2.889111e+00 
2.889111e+00 
2.889111e+00 
2.889111e+00 
2.889111e+00 
2.889111e+00 
2.889111e+00 
2.889111e+00 
2.889111e+00 
2.889111e+00 
2.889111e+00 
2.889111e+00 
2.889111e+00 
2.889111e+00 
2.889111e+00 
2.889111e+00 
2.889111e+00 
2.889111e+00 
2.889111e+00 
2.889111e+00 
2.889111e+00 
2.889111e+00 
2.889111e+00 
2.889111e+00 
2.889111e+00 
2.889111e+00 
2.889111e+00 
2.889111e+00 
2.889111e+00 
2.889111e+00 
2.889111e+00 
2.889111e+00 
2.889111e+00 
2.889111e+00 
2.889111e+00 
2.889111e+00 
2.889111e+00 
2.889111e+00 
2.889111e+00 
2.889111e+00 
2.889111e+00 
2.889111e+00 
2.889111e+00 
2.889111e+00 
2.889111e+00 
2.889111e+00 
2.889111e+00 
2.889111e+00 
2.889111e+00 
2.889111e+00 
2.889111e+00 
2.889111e+00 
2.889111e+00 
2.889111e+00 
2.889111e+00 
2.889111e+00 
2.889111e+00 
2.889111e+00 
2.889111e+00 
2.889111e+00 
2.889111e+00 
2.889111e+00 
2.889111e+00 
2.889111e+00 
2.889111e+00 
2.889111e+00 
2.889111e+00 
2.889111e+00 
2.889111e+00 
2.889111e+00 
2.889111e+00 
2.889111e+00 
2.889111e+00 
2.889111e+00 
2.889111e+00 
2.889111e+00 
2.889111e+00 
2.889111e+00 
2.889111e+00 
2.889111e+00 
2.889111e+00 
2.889111e+00 
2.889111e+00 
2.889111e+00 
2.889111e+00 
2.889111e+00 
2.889111e+00 
2.889111e+00 
2.889111e+00 
2.889111e+00 
2.889111e+00 
2.889111e+00 
2.889111e+00 
2.889111e+00 
2.889111e+00 
2.889111e+00 
2.889111e+00 
2.889111e+00 
2.889111e+00 
2.889111e+00 
2.889111e+00 
2.889111e+00 
2.889111e+00 
2.889111e+00 
2.889111e+00 
2.889111e+00 
2.889111e+00 
2.889111e+00 
2.889111e+00 
2.889111e+00 
2.889111e+00 
2.889111e+00 
2.889111e+00 
2.889111e+00 
2.889111e+00 
2.889111e+00 
2.889111e+00 
2.889111e+00 
2.889111e+00 
2.889111e+00 
2.889111e+00 
2.889111e+00 
2.889111e+00 
2.889111e+00 
2.889111e+00 
2.889111e+00 
2.889111e+00 
2.889111e+00 
2.889111e+00 
2.889111e+00 
2.889111e+00 
2.889111e+00 
2.889111e+00 
2.889111e+00 
2.889111e+00 
2.889111e+00 
2.889111e+00 
2.889111e+00 
2.889111e+00 
2.889111e+00 
2.889111e+00 
2.889111e+00 
2.889111e+00 
2.889111e+00 
2.889111e+00 
2.889111e+00 
2.889111e+00 
2.889111e+00 
2.889111e+00 
2.889111e+00 
2.889111e+00 
2.889111e+00 
2.889111e+00 
2.889111e+00 
2.889111e+00 
2.889111e+00 
2.889111e+00 
2.889111e+00 
2.889111e+00 
2.889111e+00 
2.889111e+00 
2.889111e+00 
2.889111e+00 
2.889111e+00 
2.889111e+00 
2.889111e+00 
2.889111e+00 
2.889111e+00 
2.889111e+00 
2.889111e+00 
2.889111e+00 
2.889111e+00 
2.889111e+00 
2.889111e+00 
2.889111e+00 
2.889111e+00 
2.889111e+00 
2.889111e+00 
2.889111e+00 
2.889111e+00 
2.889111e+00 
2.889111e+00 
2.889111e+00 
2.889111e+00 
2.889111e+00 
2.889111e+00 
2.889111e+00 
2.889111e+00 
2.889111e+00 
2.889111e+00 
2.889111e+00 
2.889111e+00 
2.889111e+00 
2.889111e+00 
2.889111e+00 
2.889111e+00 
2.889111e+00 
2.889111e+00 
2.889111e+00 
2.889111e+00 
2.889111e+00 
2.889111e+00 
2.889111e+00 
2.889111e+00 
2.889111e+00 
2.889111e+00 
2.889111e+00 
2.889111e+00 
2.889111e+00 
2.889111e+00 
2.889111e+00 
2.889111e+00 
2.889111e+00 
2.889111e+00 
2.889111e+00 
2.889111e+00 
2.889111e+00 
2.889111e+00 
2.889111e+00 
2.889111e+00 
2.889111e+00 
2.889111e+00 
2.889111e+00 
2.889111e+00 
2.889111e+00 
2.889111e+00 
2.889111e+00 
2.889111e+00 
2.889111e+00 
2.889111e+00 
2.889111e+00 
2.889111e+00 
2.889111e+00 
2.889111e+00 
2.889111e+00 
2.889111e+00 
2.889111e+00 
2.889111e+00 
2.889111e+00 
2.889111e+00 
2.889111e+00 
2.889111e+00 
2.889111e+00 
2.889111e+00 
2.889111e+00 
2.889111e+00 
2.889111e+00 
2.889111e+00 
2.889111e+00 
2.889111e+00 
2.889111e+00 
2.889111e+00 
2.889111e+00 
2.889111e+00 
2.889111e+00 
2.889111e+00 
2.889111e+00 
2.889111e+00 
2.889111e+00 
2.889111e+00 
2.889111e+00 
2.889111e+00 
2.889111e+00 
2.889111e+00 
2.889111e+00 
2.889111e+00 
2.889111e+00 
2.889111e+00 
2.889111e+00 
2.889111e+00 
2.889111e+00 
2.889111e+00 
2.889111e+00 
2.889111e+00 
2.889111e+00 
2.889111e+00 
2.889111e+00 
2.889111e+00 
2.889111e+00 
2.889111e+00 
2.889111e+00 
2.889111e+00 
2.889111e+00 
2.889111e+00 
2.889111e+00 
2.889111e+00 
2.889111e+00 
2.889111e+00 
2.889111e+00 
2.889111e+00 
2.889111e+00 
2.889111e+00 
2.889111e+00 
2.889111e+00 
2.889111e+00 
2.889111e+00 
2.889111e+00 
2.889111e+00 
2.889111e+00 
2.889111e+00 
2.889111e+00 
2.889111e+00 
2.889111e+00 
2.889111e+00 
2.889111e+00 
2.889111e+00 
2.889111e+00 
2.889111e+00 
2.889111e+00 
2.889111e+00 
2.889111e+00 
2.889111e+00 
2.889111e+00 
2.889111e+00 
2.889111e+00 
2.889111e+00 
2.889111e+00 
2.889111e+00 
2.889111e+00 
2.889111e+00 
2.889111e+00 
2.889111e+00 
2.889111e+00 
2.889111e+00 
2.889111e+00 
2.889111e+00 
2.889111e+00 
2.889111e+00 
2.889111e+00 
2.889111e+00 
2.889111e+00 
2.889111e+00 
2.889111e+00 
2.889111e+00 
2.889111e+00 
2.889111e+00 
2.889111e+00 
2.889111e+00 
2.889111e+00 
2.889111e+00 
2.889111e+00 
2.889111e+00 
2.889111e+00 
2.889111e+00 
2.889111e+00 
2.889111e+00 
2.889111e+00 
2.889111e+00 
2.889111e+00 
2.889111e+00 
2.889111e+00 
2.889111e+00 
2.889111e+00 
2.889111e+00 
2.889111e+00 
2.889111e+00 
2.889111e+00 
2.889111e+00 
2.889111e+00 
2.889111e+00 
2.889111e+00 
2.889111e+00 
2.889111e+00 
2.889111e+00 
2.889111e+00 
2.889111e+00 
2.889111e+00 
2.889111e+00 
2.889111e+00 
2.889111e+00 
2.889111e+00 
2.889111e+00 
2.889111e+00 
2.889111e+00 
2.889111e+00 
2.889111e+00 
2.889111e+00 
2.889111e+00 
2.889111e+00 
2.889111e+00 
2.889111e+00 
2.889111e+00 
2.889111e+00 
2.889111e+00 
2.889111e+00 
2.889111e+00 
2.889111e+00 
2.889111e+00 
2.889111e+00 
2.889111e+00 
2.889111e+00 
2.889111e+00 
2.889111e+00 
2.889111e+00 
2.889111e+00 
2.889111e+00 
2.889111e+00 
2.889111e+00 
2.889111e+00 
2.889111e+00 
2.889111e+00 
2.889111e+00 
2.889111e+00 
2.889111e+00 
2.889111e+00 
2.889111e+00 
2.889111e+00 
2.889111e+00 
2.889111e+00 
2.889111e+00 
2.889111e+00 
2.889111e+00 
2.889111e+00 
2.889111e+00 
2.889111e+00 
2.889111e+00 
2.889111e+00 
2.889111e+00 
2.889111e+00 
2.889111e+00 
2.889111e+00 
2.889111e+00 
2.889111e+00 
2.889111e+00 
2.889111e+00 
2.889111e+00 
2.889111e+00 
