2.154664e+03 
1.113998e+03 
1.113998e+03 
7.558193e+02 
7.558193e+02 
7.558193e+02 
7.558193e+02 
5.340953e+02 
5.340953e+02 
3.683848e+02 
3.683848e+02 
3.683848e+02 
2.990568e+02 
2.990568e+02 
2.060808e+02 
2.060808e+02 
1.625589e+02 
1.625589e+02 
1.625589e+02 
1.584824e+02 
1.471632e+02 
1.387574e+02 
1.387574e+02 
1.204538e+02 
1.204538e+02 
1.194416e+02 
1.144628e+02 
1.133499e+02 
1.003156e+02 
8.706617e+01 
8.706617e+01 
8.706617e+01 
6.919110e+01 
6.919110e+01 
6.532224e+01 
6.532224e+01 
5.593382e+01 
5.593382e+01 
5.514717e+01 
5.000639e+01 
4.779869e+01 
4.779869e+01 
4.757365e+01 
4.686175e+01 
4.480302e+01 
4.309365e+01 
4.139371e+01 
4.139371e+01 
3.139445e+01 
3.139445e+01 
2.680629e+01 
2.665094e+01 
2.554461e+01 
2.382340e+01 
2.229548e+01 
2.229548e+01 
2.229548e+01 
2.046536e+01 
1.944264e+01 
1.944264e+01 
1.944264e+01 
1.944264e+01 
1.944264e+01 
1.937270e+01 
1.921634e+01 
1.851801e+01 
1.851801e+01 
1.851801e+01 
1.851801e+01 
1.851801e+01 
1.835720e+01 
1.835720e+01 
1.823138e+01 
1.823138e+01 
1.823138e+01 
1.823138e+01 
1.823138e+01 
1.823138e+01 
1.823138e+01 
1.821777e+01 
1.821777e+01 
1.821777e+01 
1.821777e+01 
1.821777e+01 
1.812193e+01 
1.812193e+01 
1.812193e+01 
1.812193e+01 
1.812193e+01 
1.812193e+01 
1.791250e+01 
1.791250e+01 
1.791250e+01 
1.791250e+01 
1.790266e+01 
1.789052e+01 
1.789052e+01 
1.788101e+01 
1.784849e+01 
1.784849e+01 
1.784849e+01 
1.783952e+01 
1.783952e+01 
1.783952e+01 
1.782100e+01 
1.782100e+01 
1.776267e+01 
1.766081e+01 
1.766081e+01 
1.766081e+01 
1.766081e+01 
1.766081e+01 
1.766081e+01 
1.766081e+01 
1.766081e+01 
1.766081e+01 
1.766081e+01 
1.766081e+01 
1.766081e+01 
1.766081e+01 
1.766081e+01 
1.766081e+01 
1.765935e+01 
1.763533e+01 
1.763533e+01 
1.762144e+01 
1.762144e+01 
1.754097e+01 
1.754097e+01 
1.754097e+01 
1.754097e+01 
1.754097e+01 
1.754097e+01 
1.754097e+01 
1.752773e+01 
1.752773e+01 
1.752773e+01 
1.752773e+01 
1.752773e+01 
1.751636e+01 
1.751636e+01 
1.750968e+01 
1.750968e+01 
1.750968e+01 
1.750968e+01 
1.750968e+01 
1.725082e+01 
1.725082e+01 
1.725082e+01 
1.725082e+01 
1.715881e+01 
1.702891e+01 
1.702891e+01 
1.702891e+01 
1.702891e+01 
1.694180e+01 
1.694180e+01 
1.694180e+01 
1.694180e+01 
1.694180e+01 
1.694180e+01 
1.694180e+01 
1.694180e+01 
1.694180e+01 
1.694180e+01 
1.694180e+01 
1.694180e+01 
1.694180e+01 
1.694180e+01 
1.694180e+01 
1.694180e+01 
1.694180e+01 
1.694180e+01 
1.694180e+01 
1.694180e+01 
1.694180e+01 
1.689641e+01 
1.689641e+01 
1.689641e+01 
1.689641e+01 
1.687384e+01 
1.687384e+01 
1.687384e+01 
1.687384e+01 
1.687150e+01 
1.687150e+01 
1.686116e+01 
1.686075e+01 
1.686075e+01 
1.686056e+01 
1.685783e+01 
1.685664e+01 
1.685614e+01 
1.685593e+01 
1.685585e+01 
1.685582e+01 
1.685580e+01 
1.685580e+01 
1.684040e+01 
1.683786e+01 
1.683184e+01 
1.683184e+01 
1.682273e+01 
1.682273e+01 
1.682115e+01 
1.682038e+01 
1.682010e+01 
1.681999e+01 
1.681994e+01 
1.679843e+01 
1.679218e+01 
1.679218e+01 
1.679218e+01 
1.678211e+01 
1.677078e+01 
1.677078e+01 
1.676923e+01 
1.676923e+01 
1.676923e+01 
1.676923e+01 
1.676122e+01 
1.673352e+01 
1.673352e+01 
1.673352e+01 
1.673352e+01 
1.673352e+01 
1.673143e+01 
1.672408e+01 
1.671933e+01 
1.671594e+01 
1.671008e+01 
1.670964e+01 
1.670703e+01 
1.669647e+01 
1.668585e+01 
1.668585e+01 
1.667140e+01 
1.667140e+01 
1.667140e+01 
1.657992e+01 
1.657992e+01 
1.653760e+01 
1.653760e+01 
1.653760e+01 
1.653760e+01 
1.653760e+01 
1.653760e+01 
1.653760e+01 
1.653081e+01 
1.650233e+01 
1.650233e+01 
1.650233e+01 
1.645533e+01 
1.645533e+01 
1.644941e+01 
1.644941e+01 
1.644269e+01 
1.643812e+01 
1.643250e+01 
1.639562e+01 
1.639562e+01 
1.639188e+01 
1.639188e+01 
1.639188e+01 
1.639188e+01 
1.639188e+01 
1.639188e+01 
1.639188e+01 
1.639188e+01 
1.638955e+01 
1.638955e+01 
1.638820e+01 
1.638760e+01 
1.638736e+01 
1.638726e+01 
1.638722e+01 
1.638720e+01 
1.638720e+01 
1.638719e+01 
1.638496e+01 
1.638005e+01 
1.638005e+01 
1.638005e+01 
1.637828e+01 
1.637789e+01 
1.637646e+01 
1.637547e+01 
1.637239e+01 
1.637239e+01 
1.637239e+01 
1.637239e+01 
1.636847e+01 
1.636790e+01 
1.636790e+01 
1.636790e+01 
1.636790e+01 
1.636541e+01 
1.636405e+01 
1.635459e+01 
1.632478e+01 
1.632401e+01 
1.632401e+01 
1.632401e+01 
1.632401e+01 
1.632401e+01 
1.632401e+01 
1.631702e+01 
1.627155e+01 
1.624122e+01 
1.618822e+01 
1.611780e+01 
1.610304e+01 
1.607997e+01 
1.599715e+01 
1.594948e+01 
1.592296e+01 
1.592031e+01 
1.582699e+01 
1.582699e+01 
1.582699e+01 
1.582699e+01 
1.580249e+01 
1.580249e+01 
1.580249e+01 
1.580249e+01 
1.576787e+01 
1.576787e+01 
1.572110e+01 
1.572110e+01 
1.572110e+01 
1.572110e+01 
1.572110e+01 
1.572110e+01 
1.572110e+01 
1.572110e+01 
1.571931e+01 
1.568129e+01 
1.565644e+01 
1.565644e+01 
1.559964e+01 
1.559964e+01 
1.558534e+01 
1.558534e+01 
1.558534e+01 
1.558534e+01 
1.558534e+01 
1.556020e+01 
1.556020e+01 
1.556020e+01 
1.556020e+01 
1.555438e+01 
1.554593e+01 
1.554178e+01 
1.554178e+01 
1.554178e+01 
1.554178e+01 
1.554178e+01 
1.554178e+01 
1.553201e+01 
1.552572e+01 
1.551024e+01 
1.551024e+01 
1.551024e+01 
1.550464e+01 
1.549533e+01 
1.548574e+01 
1.548279e+01 
1.548279e+01 
1.547995e+01 
1.547283e+01 
1.547283e+01 
1.546927e+01 
1.546927e+01 
1.546927e+01 
1.546166e+01 
1.545933e+01 
1.545695e+01 
1.545695e+01 
1.545043e+01 
1.545043e+01 
1.545043e+01 
1.545043e+01 
1.545043e+01 
1.545043e+01 
1.544458e+01 
1.544458e+01 
1.544176e+01 
1.543896e+01 
1.543796e+01 
1.543481e+01 
1.543481e+01 
1.543481e+01 
1.543351e+01 
1.543229e+01 
1.543229e+01 
1.543229e+01 
1.542516e+01 
1.542296e+01 
1.542296e+01 
1.542296e+01 
1.542296e+01 
1.542296e+01 
1.542296e+01 
1.542185e+01 
1.542185e+01 
1.542185e+01 
1.542185e+01 
1.542185e+01 
1.541232e+01 
1.540850e+01 
1.540850e+01 
1.540850e+01 
1.540850e+01 
1.540850e+01 
1.540850e+01 
1.540850e+01 
1.540601e+01 
1.540132e+01 
1.539456e+01 
1.539411e+01 
1.538705e+01 
1.536591e+01 
1.535711e+01 
1.534483e+01 
1.533955e+01 
1.533955e+01 
1.531822e+01 
1.531649e+01 
1.531649e+01 
1.531082e+01 
1.531082e+01 
1.531082e+01 
1.531082e+01 
1.531082e+01 
1.531082e+01 
1.531082e+01 
1.531082e+01 
1.531082e+01 
1.531082e+01 
1.530611e+01 
1.530464e+01 
1.530464e+01 
1.529970e+01 
1.528571e+01 
1.528261e+01 
1.528175e+01 
1.527757e+01 
1.527757e+01 
1.527295e+01 
1.527295e+01 
1.525536e+01 
1.523302e+01 
1.522912e+01 
1.522511e+01 
1.520324e+01 
1.520324e+01 
1.520324e+01 
1.520004e+01 
1.520004e+01 
1.518968e+01 
1.518968e+01 
1.518856e+01 
1.518010e+01 
1.518010e+01 
1.518010e+01 
1.517771e+01 
1.517771e+01 
1.517771e+01 
1.516670e+01 
1.516670e+01 
1.516670e+01 
1.516670e+01 
1.516670e+01 
1.516203e+01 
1.516203e+01 
1.516203e+01 
1.516203e+01 
1.516203e+01 
1.516203e+01 
1.516203e+01 
1.513172e+01 
1.513172e+01 
1.512475e+01 
1.512475e+01 
1.512170e+01 
1.512170e+01 
1.510503e+01 
1.510503e+01 
1.509733e+01 
1.509279e+01 
1.509279e+01 
1.509279e+01 
1.508004e+01 
1.508004e+01 
1.508004e+01 
1.506897e+01 
1.503784e+01 
1.502564e+01 
1.502564e+01 
1.502564e+01 
1.500437e+01 
1.499902e+01 
1.497411e+01 
1.497195e+01 
1.497195e+01 
1.495757e+01 
1.495757e+01 
1.493862e+01 
1.493862e+01 
1.493862e+01 
1.493097e+01 
1.492985e+01 
1.492360e+01 
1.490075e+01 
1.490016e+01 
1.488696e+01 
1.488696e+01 
1.487968e+01 
1.487511e+01 
1.485572e+01 
1.485572e+01 
1.483686e+01 
1.483618e+01 
1.483618e+01 
1.483618e+01 
1.483140e+01 
1.482997e+01 
1.482934e+01 
1.481962e+01 
1.481837e+01 
1.481253e+01 
1.481253e+01 
1.481050e+01 
1.480809e+01 
1.480125e+01 
1.479974e+01 
1.479974e+01 
1.479102e+01 
1.479102e+01 
1.479102e+01 
1.479102e+01 
1.479102e+01 
1.479102e+01 
1.478833e+01 
1.475534e+01 
1.474522e+01 
1.472114e+01 
1.471997e+01 
1.469878e+01 
1.469878e+01 
1.468664e+01 
1.467383e+01 
1.467383e+01 
1.467383e+01 
1.467098e+01 
1.466849e+01 
1.466849e+01 
1.465705e+01 
1.465705e+01 
1.465705e+01 
1.465705e+01 
1.465705e+01 
1.465007e+01 
1.464686e+01 
1.464155e+01 
1.463018e+01 
1.460929e+01 
1.460341e+01 
1.458120e+01 
1.457208e+01 
1.456573e+01 
1.455119e+01 
1.455119e+01 
1.454823e+01 
1.453958e+01 
1.453555e+01 
1.453555e+01 
1.442435e+01 
1.442435e+01 
1.442435e+01 
1.440164e+01 
1.438841e+01 
1.438834e+01 
1.438834e+01 
1.437517e+01 
1.435329e+01 
1.434356e+01 
1.432848e+01 
1.432848e+01 
1.432848e+01 
1.432848e+01 
1.431445e+01 
1.431445e+01 
1.430536e+01 
1.429084e+01 
1.429084e+01 
1.429084e+01 
1.429084e+01 
1.429084e+01 
1.429084e+01 
1.429084e+01 
1.428791e+01 
1.428791e+01 
1.428791e+01 
1.428171e+01 
1.427747e+01 
1.427657e+01 
1.427657e+01 
1.427533e+01 
1.427533e+01 
1.427431e+01 
1.427431e+01 
1.427431e+01 
1.427431e+01 
1.427431e+01 
1.427431e+01 
1.427431e+01 
1.427431e+01 
1.427431e+01 
1.427413e+01 
1.427413e+01 
1.427413e+01 
1.427413e+01 
1.427413e+01 
1.427295e+01 
1.427099e+01 
1.426949e+01 
1.426949e+01 
1.426949e+01 
1.426926e+01 
1.426835e+01 
1.426481e+01 
1.426481e+01 
1.426480e+01 
1.426032e+01 
1.425515e+01 
1.425206e+01 
1.425103e+01 
1.424910e+01 
1.424773e+01 
1.424341e+01 
1.424142e+01 
1.423868e+01 
1.423275e+01 
1.423275e+01 
1.423275e+01 
1.423071e+01 
1.422507e+01 
1.421868e+01 
1.421868e+01 
1.421868e+01 
1.421864e+01 
1.421479e+01 
1.421479e+01 
1.421479e+01 
1.421479e+01 
1.421476e+01 
1.421476e+01 
1.421476e+01 
1.421476e+01 
1.421476e+01 
1.421476e+01 
1.421476e+01 
1.421476e+01 
1.421476e+01 
1.421476e+01 
1.421476e+01 
1.421476e+01 
1.421449e+01 
1.421106e+01 
1.420448e+01 
1.420305e+01 
1.420132e+01 
1.419705e+01 
1.419648e+01 
1.419150e+01 
1.419105e+01 
1.419105e+01 
1.419105e+01 
1.418640e+01 
1.418640e+01 
1.418640e+01 
1.418640e+01 
1.418563e+01 
1.418524e+01 
1.418524e+01 
1.417257e+01 
1.417257e+01 
1.417257e+01 
1.415554e+01 
1.415295e+01 
1.415295e+01 
1.415152e+01 
1.415152e+01 
1.415152e+01 
1.415152e+01 
1.415152e+01 
1.415152e+01 
1.415152e+01 
1.415152e+01 
1.414985e+01 
1.414985e+01 
1.414985e+01 
1.414600e+01 
1.413793e+01 
1.413698e+01 
1.413272e+01 
1.413122e+01 
1.413122e+01 
1.412856e+01 
1.411432e+01 
1.411383e+01 
1.411383e+01 
1.411163e+01 
1.411092e+01 
1.410542e+01 
1.408888e+01 
1.408276e+01 
1.408276e+01 
1.408191e+01 
1.408191e+01 
1.408191e+01 
1.408118e+01 
1.407149e+01 
1.407149e+01 
1.406472e+01 
1.406472e+01 
1.406472e+01 
1.406472e+01 
1.406472e+01 
1.406472e+01 
1.406472e+01 
1.405984e+01 
1.405984e+01 
1.405493e+01 
1.404554e+01 
1.404554e+01 
1.404117e+01 
1.404117e+01 
1.404117e+01 
1.404115e+01 
1.404115e+01 
1.403876e+01 
1.403876e+01 
1.403876e+01 
1.403876e+01 
1.403876e+01 
1.403422e+01 
1.403196e+01 
1.403018e+01 
1.403018e+01 
1.403018e+01 
1.403018e+01 
1.402621e+01 
1.402621e+01 
1.402495e+01 
1.402495e+01 
1.402495e+01 
1.402495e+01 
1.402470e+01 
1.402450e+01 
1.402442e+01 
1.402439e+01 
1.402437e+01 
1.402206e+01 
1.402206e+01 
1.402206e+01 
1.402206e+01 
1.402206e+01 
1.402206e+01 
1.402206e+01 
1.402206e+01 
1.402206e+01 
1.402206e+01 
1.402206e+01 
1.402206e+01 
1.402206e+01 
1.402206e+01 
1.402206e+01 
1.402164e+01 
1.402032e+01 
1.401848e+01 
1.401696e+01 
1.401245e+01 
1.401245e+01 
1.400813e+01 
1.400652e+01 
1.400652e+01 
1.400246e+01 
1.399726e+01 
1.399409e+01 
1.399017e+01 
1.398101e+01 
1.397522e+01 
1.397522e+01 
1.397522e+01 
1.397522e+01 
1.397444e+01 
1.397444e+01 
1.397337e+01 
1.397139e+01 
1.396383e+01 
1.396383e+01 
1.396383e+01 
1.396383e+01 
1.396352e+01 
1.396347e+01 
1.395923e+01 
1.395908e+01 
1.395788e+01 
1.395241e+01 
1.395241e+01 
1.394871e+01 
1.394871e+01 
1.394871e+01 
1.394777e+01 
1.394626e+01 
1.394626e+01 
1.394626e+01 
1.394585e+01 
1.394438e+01 
1.394249e+01 
1.393676e+01 
1.393149e+01 
1.392730e+01 
1.392620e+01 
1.391164e+01 
1.390844e+01 
1.390820e+01 
1.389662e+01 
1.389156e+01 
1.388909e+01 
1.388827e+01 
1.388788e+01 
1.388699e+01 
1.388614e+01 
1.387849e+01 
1.386549e+01 
1.384291e+01 
1.384291e+01 
1.384291e+01 
1.384291e+01 
1.384291e+01 
1.384291e+01 
1.382453e+01 
1.382366e+01 
1.382366e+01 
1.382366e+01 
1.381953e+01 
1.381527e+01 
1.381527e+01 
1.381527e+01 
1.381527e+01 
1.381527e+01 
1.381150e+01 
1.381150e+01 
1.380562e+01 
1.380202e+01 
1.380202e+01 
1.379334e+01 
1.378307e+01 
1.378020e+01 
1.378020e+01 
1.377055e+01 
1.377055e+01 
1.376222e+01 
1.376222e+01 
1.375975e+01 
1.375975e+01 
1.375712e+01 
1.375712e+01 
1.375103e+01 
1.374843e+01 
1.374771e+01 
1.373966e+01 
1.373831e+01 
1.373176e+01 
1.373176e+01 
1.372674e+01 
1.372674e+01 
1.372426e+01 
1.372180e+01 
1.371575e+01 
1.371575e+01 
1.370924e+01 
1.370705e+01 
1.369623e+01 
1.369068e+01 
1.368800e+01 
1.368090e+01 
1.367468e+01 
1.367208e+01 
1.366203e+01 
1.365763e+01 
1.363499e+01 
1.363334e+01 
1.362584e+01 
1.362287e+01 
1.361749e+01 
1.361749e+01 
1.361229e+01 
1.359258e+01 
1.359258e+01 
1.359258e+01 
1.358741e+01 
1.358674e+01 
1.357036e+01 
1.357036e+01 
1.357036e+01 
1.356637e+01 
1.356297e+01 
1.356297e+01 
1.356297e+01 
1.356297e+01 
1.355919e+01 
1.355343e+01 
1.354700e+01 
1.354112e+01 
1.354112e+01 
1.354112e+01 
1.354011e+01 
1.353988e+01 
1.353927e+01 
1.353873e+01 
1.353347e+01 
1.353347e+01 
1.353341e+01 
1.353341e+01 
1.353167e+01 
1.353167e+01 
1.353058e+01 
1.353058e+01 
1.353058e+01 
1.353058e+01 
1.353058e+01 
1.353006e+01 
1.353006e+01 
1.353006e+01 
1.353006e+01 
1.353006e+01 
1.353006e+01 
1.353006e+01 
1.352690e+01 
1.352149e+01 
1.352149e+01 
1.352149e+01 
1.351788e+01 
1.351567e+01 
1.351495e+01 
1.351414e+01 
1.351291e+01 
1.351291e+01 
1.351291e+01 
1.351291e+01 
1.351291e+01 
1.351291e+01 
1.351291e+01 
1.351291e+01 
1.350742e+01 
1.350742e+01 
1.350742e+01 
1.350742e+01 
1.350742e+01 
1.350742e+01 
1.350742e+01 
1.350742e+01 
1.350742e+01 
1.350677e+01 
1.350677e+01 
1.350677e+01 
1.350677e+01 
1.350677e+01 
1.350677e+01 
1.350677e+01 
1.350677e+01 
1.350677e+01 
1.350347e+01 
1.350347e+01 
1.350347e+01 
1.350347e+01 
1.350347e+01 
1.350347e+01 
1.350179e+01 
1.349653e+01 
1.349460e+01 
1.349460e+01 
1.349302e+01 
1.349183e+01 
1.349047e+01 
1.349000e+01 
1.348884e+01 
1.348884e+01 
1.348884e+01 
1.348578e+01 
1.348290e+01 
1.348157e+01 
1.347671e+01 
1.347671e+01 
1.347441e+01 
1.347314e+01 
1.347314e+01 
1.346707e+01 
1.346175e+01 
1.345970e+01 
1.345520e+01 
1.345520e+01 
1.345029e+01 
1.344306e+01 
1.343838e+01 
1.343838e+01 
1.343838e+01 
1.343838e+01 
1.343838e+01 
1.343667e+01 
1.343587e+01 
1.343366e+01 
1.343318e+01 
1.343100e+01 
1.342840e+01 
1.342840e+01 
1.342840e+01 
1.342535e+01 
1.342535e+01 
1.342535e+01 
1.342535e+01 
1.342535e+01 
1.342535e+01 
1.342519e+01 
1.342504e+01 
1.342504e+01 
1.342303e+01 
1.342152e+01 
1.342118e+01 
1.342118e+01 
1.341943e+01 
1.341943e+01 
1.341453e+01 
1.341225e+01 
1.341086e+01 
1.341048e+01 
1.341048e+01 
1.340937e+01 
1.340937e+01 
1.340813e+01 
1.340668e+01 
1.340489e+01 
1.340489e+01 
1.339665e+01 
1.339665e+01 
1.339665e+01 
1.339665e+01 
1.339650e+01 
1.339479e+01 
1.339407e+01 
1.339377e+01 
1.339365e+01 
1.339296e+01 
1.339293e+01 
1.339044e+01 
1.338953e+01 
1.338953e+01 
1.338926e+01 
1.338700e+01 
1.338601e+01 
1.338601e+01 
1.338472e+01 
1.338309e+01 
1.336787e+01 
1.336435e+01 
1.336435e+01 
1.336435e+01 
1.336373e+01 
1.335519e+01 
1.335156e+01 
1.335156e+01 
1.333230e+01 
1.333230e+01 
1.333230e+01 
1.333230e+01 
1.333230e+01 
1.333230e+01 
1.333230e+01 
1.333230e+01 
1.333230e+01 
1.333230e+01 
1.333003e+01 
1.333003e+01 
1.333003e+01 
1.332695e+01 
1.332487e+01 
1.332487e+01 
1.332487e+01 
1.332107e+01 
1.332107e+01 
1.332103e+01 
1.332064e+01 
1.332064e+01 
1.331534e+01 
1.331048e+01 
1.330908e+01 
1.330908e+01 
1.330839e+01 
1.330681e+01 
1.330606e+01 
1.330606e+01 
1.330606e+01 
1.330606e+01 
1.330606e+01 
1.330606e+01 
1.330606e+01 
1.330586e+01 
1.330586e+01 
1.330586e+01 
1.330580e+01 
1.330233e+01 
1.330233e+01 
1.330168e+01 
1.330141e+01 
1.330141e+01 
1.330141e+01 
1.330135e+01 
1.330107e+01 
1.330107e+01 
1.330094e+01 
1.330070e+01 
1.329907e+01 
1.329824e+01 
1.329824e+01 
1.329824e+01 
1.329824e+01 
1.329824e+01 
1.329824e+01 
1.329769e+01 
1.329377e+01 
1.329319e+01 
1.329319e+01 
1.329319e+01 
1.329319e+01 
1.329319e+01 
1.329319e+01 
1.329319e+01 
1.329151e+01 
1.329125e+01 
1.329075e+01 
1.328492e+01 
1.328437e+01 
1.327755e+01 
1.327755e+01 
1.327655e+01 
1.327479e+01 
1.327431e+01 
1.327371e+01 
1.327181e+01 
1.327068e+01 
1.326956e+01 
1.326954e+01 
1.326954e+01 
1.326941e+01 
1.326830e+01 
1.326822e+01 
1.326770e+01 
1.326700e+01 
1.326700e+01 
1.326657e+01 
1.326657e+01 
1.326599e+01 
1.326591e+01 
1.326497e+01 
1.326351e+01 
1.326283e+01 
1.326283e+01 
1.326127e+01 
1.326127e+01 
1.325966e+01 
1.325815e+01 
1.325695e+01 
1.325565e+01 
1.325565e+01 
1.325565e+01 
1.325040e+01 
1.324983e+01 
1.324756e+01 
1.324754e+01 
1.324493e+01 
1.324487e+01 
1.324229e+01 
1.323763e+01 
1.323594e+01 
1.323594e+01 
1.323411e+01 
1.323321e+01 
1.323321e+01 
1.323285e+01 
1.323243e+01 
1.323243e+01 
1.323154e+01 
1.323057e+01 
1.323057e+01 
1.322951e+01 
1.322951e+01 
1.322900e+01 
1.322715e+01 
1.322528e+01 
1.322436e+01 
1.322404e+01 
1.322118e+01 
1.321927e+01 
1.321679e+01 
1.321627e+01 
1.321583e+01 
1.321351e+01 
1.321351e+01 
1.321341e+01 
1.321341e+01 
1.321233e+01 
1.320939e+01 
1.320614e+01 
1.320339e+01 
1.320163e+01 
1.320092e+01 
1.320078e+01 
1.320074e+01 
1.320047e+01 
1.320047e+01 
1.320047e+01 
1.319972e+01 
1.319879e+01 
1.319860e+01 
1.319860e+01 
1.319810e+01 
1.319810e+01 
1.319683e+01 
1.319645e+01 
1.319588e+01 
1.319588e+01 
1.319525e+01 
1.319512e+01 
1.319512e+01 
1.319329e+01 
1.319095e+01 
1.318919e+01 
1.318583e+01 
1.318478e+01 
1.318443e+01 
1.318247e+01 
1.318127e+01 
1.317807e+01 
1.317807e+01 
1.317797e+01 
1.317599e+01 
1.317596e+01 
1.317262e+01 
1.317059e+01 
1.316924e+01 
1.316776e+01 
1.316603e+01 
1.316547e+01 
1.316547e+01 
1.316455e+01 
1.316455e+01 
1.316455e+01 
1.316134e+01 
1.316134e+01 
1.316053e+01 
1.316053e+01 
1.315424e+01 
1.315424e+01 
1.315332e+01 
1.315186e+01 
1.315186e+01 
1.315186e+01 
1.315037e+01 
1.315037e+01 
1.314750e+01 
1.314502e+01 
1.314502e+01 
1.314427e+01 
1.314427e+01 
1.314427e+01 
1.314273e+01 
1.314273e+01 
1.314273e+01 
1.314273e+01 
1.314273e+01 
1.314273e+01 
1.314237e+01 
1.314237e+01 
1.314237e+01 
1.314232e+01 
1.314232e+01 
1.314232e+01 
1.314210e+01 
1.314210e+01 
1.314210e+01 
1.314205e+01 
1.314205e+01 
1.314205e+01 
1.314205e+01 
1.314195e+01 
1.314195e+01 
1.314195e+01 
1.314195e+01 
1.314195e+01 
1.314195e+01 
1.314195e+01 
1.314194e+01 
1.314188e+01 
1.314184e+01 
1.314180e+01 
1.314172e+01 
1.314172e+01 
1.314172e+01 
1.314172e+01 
1.314172e+01 
1.314172e+01 
1.314172e+01 
1.314006e+01 
1.314006e+01 
1.314006e+01 
1.314006e+01 
1.314006e+01 
1.314006e+01 
1.314006e+01 
1.314006e+01 
1.313968e+01 
1.313968e+01 
1.313959e+01 
1.313959e+01 
1.313959e+01 
1.313959e+01 
1.313959e+01 
1.313959e+01 
1.313903e+01 
1.313892e+01 
1.313871e+01 
1.313871e+01 
1.313871e+01 
1.313871e+01 
1.313871e+01 
1.313871e+01 
1.313871e+01 
1.313871e+01 
1.313871e+01 
1.313871e+01 
1.313858e+01 
1.313780e+01 
1.313780e+01 
1.313780e+01 
1.313780e+01 
1.313780e+01 
1.313558e+01 
1.313558e+01 
1.313275e+01 
1.312877e+01 
1.312705e+01 
1.312689e+01 
1.312689e+01 
1.312642e+01 
1.312623e+01 
1.312623e+01 
1.312623e+01 
1.312579e+01 
1.312571e+01 
1.312571e+01 
1.312523e+01 
1.312523e+01 
1.312511e+01 
1.312511e+01 
1.312511e+01 
1.312461e+01 
1.312461e+01 
1.312461e+01 
1.312461e+01 
1.312434e+01 
1.312434e+01 
1.312418e+01 
1.312418e+01 
1.312418e+01 
1.312418e+01 
1.312418e+01 
1.312418e+01 
1.312418e+01 
1.312418e+01 
1.312418e+01 
1.312407e+01 
1.312396e+01 
1.312396e+01 
1.312389e+01 
1.312360e+01 
1.312360e+01 
1.312333e+01 
1.312333e+01 
1.312333e+01 
1.312333e+01 
1.312333e+01 
1.312267e+01 
1.312267e+01 
1.312267e+01 
1.312267e+01 
1.312067e+01 
1.312038e+01 
1.311994e+01 
1.311933e+01 
1.311917e+01 
1.311837e+01 
1.311750e+01 
1.311705e+01 
1.311497e+01 
1.311497e+01 
1.311457e+01 
1.311449e+01 
1.311449e+01 
1.311406e+01 
1.311406e+01 
1.311373e+01 
1.311197e+01 
1.311169e+01 
1.311169e+01 
1.311169e+01 
1.311165e+01 
1.311165e+01 
1.311165e+01 
1.311165e+01 
1.310599e+01 
1.310468e+01 
1.308572e+01 
1.308566e+01 
1.308566e+01 
1.308195e+01 
1.308195e+01 
1.307797e+01 
1.307797e+01 
1.307229e+01 
1.307136e+01 
1.307136e+01 
1.307136e+01 
1.306349e+01 
1.305920e+01 
1.305920e+01 
1.305820e+01 
1.305820e+01 
1.305562e+01 
1.305388e+01 
1.305388e+01 
1.304910e+01 
1.304910e+01 
1.304647e+01 
1.304647e+01 
1.304647e+01 
1.304647e+01 
1.304571e+01 
1.304571e+01 
1.304466e+01 
1.304466e+01 
1.304466e+01 
1.304466e+01 
1.304466e+01 
1.304466e+01 
1.304466e+01 
1.302282e+01 
1.302282e+01 
1.302282e+01 
1.302282e+01 
1.302282e+01 
1.302282e+01 
1.302282e+01 
1.301649e+01 
1.301616e+01 
1.301616e+01 
1.301616e+01 
1.301616e+01 
1.301616e+01 
1.301616e+01 
1.301616e+01 
1.301608e+01 
1.301608e+01 
1.301606e+01 
1.301503e+01 
1.301503e+01 
1.301393e+01 
1.301393e+01 
1.301393e+01 
1.301393e+01 
1.301393e+01 
1.301348e+01 
1.301292e+01 
1.301287e+01 
1.301287e+01 
1.301101e+01 
1.300966e+01 
1.300966e+01 
1.300669e+01 
1.300600e+01 
1.300600e+01 
1.300600e+01 
1.300600e+01 
1.300503e+01 
1.300503e+01 
1.300503e+01 
1.300503e+01 
1.300503e+01 
1.300479e+01 
1.300435e+01 
1.300414e+01 
1.300405e+01 
1.300368e+01 
1.300322e+01 
1.300305e+01 
1.300017e+01 
1.299766e+01 
1.299655e+01 
1.299629e+01 
1.299304e+01 
1.299223e+01 
1.299223e+01 
1.299104e+01 
1.299104e+01 
1.299104e+01 
1.299104e+01 
1.299045e+01 
1.298965e+01 
1.298965e+01 
1.298929e+01 
1.298929e+01 
1.298929e+01 
1.298929e+01 
1.298927e+01 
1.298888e+01 
1.298887e+01 
1.298863e+01 
1.298817e+01 
1.298806e+01 
1.298757e+01 
1.298693e+01 
1.298663e+01 
1.298620e+01 
1.298604e+01 
1.298412e+01 
1.298313e+01 
1.298282e+01 
1.298227e+01 
1.298192e+01 
1.298171e+01 
1.298171e+01 
1.298171e+01 
1.298150e+01 
1.298128e+01 
1.298078e+01 
1.298058e+01 
1.298000e+01 
1.297987e+01 
1.297976e+01 
1.297973e+01 
1.297957e+01 
1.297948e+01 
1.297944e+01 
1.297936e+01 
1.297917e+01 
1.297899e+01 
1.297863e+01 
1.297856e+01 
1.297826e+01 
1.297813e+01 
1.297802e+01 
1.297799e+01 
1.297799e+01 
1.297799e+01 
1.297786e+01 
1.297786e+01 
1.297773e+01 
1.297750e+01 
1.297750e+01 
1.297750e+01 
1.297744e+01 
1.297744e+01 
1.297740e+01 
1.297740e+01 
1.297740e+01 
1.297740e+01 
1.297740e+01 
1.297731e+01 
1.297707e+01 
1.297695e+01 
1.297695e+01 
1.297646e+01 
1.297646e+01 
1.297638e+01 
1.297638e+01 
1.297638e+01 
1.297638e+01 
1.297621e+01 
1.297616e+01 
1.297587e+01 
1.297587e+01 
1.297587e+01 
1.297587e+01 
1.297587e+01 
1.297587e+01 
1.297584e+01 
1.297584e+01 
1.297582e+01 
1.297582e+01 
1.297582e+01 
1.297552e+01 
1.297477e+01 
1.297468e+01 
1.297396e+01 
1.297270e+01 
1.297184e+01 
1.297110e+01 
1.297088e+01 
1.297040e+01 
1.297011e+01 
1.297011e+01 
1.296925e+01 
1.296925e+01 
1.296893e+01 
1.296893e+01 
1.296887e+01 
1.296887e+01 
1.296828e+01 
1.296828e+01 
1.296746e+01 
1.296746e+01 
1.296746e+01 
1.296698e+01 
1.296678e+01 
1.296678e+01 
1.296624e+01 
1.296624e+01 
1.296624e+01 
1.296589e+01 
1.296589e+01 
1.296589e+01 
1.296589e+01 
1.296589e+01 
1.296584e+01 
1.296511e+01 
1.296508e+01 
1.296481e+01 
1.296481e+01 
1.296468e+01 
1.296451e+01 
1.296416e+01 
1.296383e+01 
1.296346e+01 
1.296346e+01 
1.296317e+01 
1.296298e+01 
1.296272e+01 
1.296233e+01 
1.296233e+01 
1.296185e+01 
1.296179e+01 
1.296135e+01 
1.296113e+01 
1.296098e+01 
1.296083e+01 
1.296061e+01 
1.296061e+01 
1.296030e+01 
1.295988e+01 
1.295959e+01 
1.295918e+01 
1.295904e+01 
1.295900e+01 
1.295864e+01 
1.295841e+01 
1.295829e+01 
1.295819e+01 
1.295783e+01 
1.295733e+01 
1.295703e+01 
1.295664e+01 
1.295664e+01 
1.295657e+01 
1.295650e+01 
1.295650e+01 
1.295650e+01 
1.295650e+01 
1.295629e+01 
1.295629e+01 
1.295617e+01 
1.295614e+01 
1.295614e+01 
1.295599e+01 
1.295595e+01 
1.295595e+01 
1.295595e+01 
1.295576e+01 
1.295576e+01 
1.295576e+01 
1.295571e+01 
1.295529e+01 
1.295529e+01 
1.295529e+01 
1.295529e+01 
1.295529e+01 
1.295529e+01 
1.295529e+01 
1.295522e+01 
1.295522e+01 
1.295522e+01 
1.295522e+01 
1.295522e+01 
1.295491e+01 
1.295491e+01 
1.295491e+01 
1.295455e+01 
1.295455e+01 
1.295441e+01 
1.295436e+01 
1.295427e+01 
1.295373e+01 
1.295373e+01 
1.295373e+01 
1.295373e+01 
1.295373e+01 
1.295341e+01 
1.295293e+01 
1.295248e+01 
1.295248e+01 
1.295236e+01 
1.295138e+01 
1.295137e+01 
1.295134e+01 
1.295062e+01 
1.295016e+01 
1.294991e+01 
1.294969e+01 
1.294945e+01 
1.294776e+01 
1.294682e+01 
1.294682e+01 
1.294586e+01 
1.294502e+01 
1.294442e+01 
1.294357e+01 
1.294261e+01 
1.294178e+01 
1.294178e+01 
1.294178e+01 
1.294178e+01 
1.294115e+01 
1.294115e+01 
1.294115e+01 
1.294115e+01 
1.294115e+01 
1.294088e+01 
1.294032e+01 
1.294024e+01 
1.293853e+01 
1.293738e+01 
1.293648e+01 
1.293384e+01 
1.293163e+01 
1.292988e+01 
1.292980e+01 
1.292773e+01 
1.292724e+01 
1.292549e+01 
1.292521e+01 
1.292482e+01 
1.292482e+01 
1.292450e+01 
1.292306e+01 
1.292306e+01 
1.292306e+01 
1.292306e+01 
1.292306e+01 
1.292306e+01 
1.292069e+01 
1.292007e+01 
1.291777e+01 
1.291777e+01 
1.291777e+01 
1.291761e+01 
1.291606e+01 
1.291606e+01 
1.291502e+01 
1.291502e+01 
1.291502e+01 
1.291502e+01 
1.291502e+01 
1.291481e+01 
1.291396e+01 
1.291354e+01 
1.291306e+01 
1.291292e+01 
1.291285e+01 
1.291213e+01 
1.291200e+01 
1.291149e+01 
1.291079e+01 
1.291052e+01 
1.291001e+01 
1.290985e+01 
1.290984e+01 
1.290953e+01 
1.290953e+01 
1.290941e+01 
1.290941e+01 
1.290941e+01 
1.290941e+01 
1.290941e+01 
1.290941e+01 
1.290941e+01 
1.290938e+01 
1.290923e+01 
1.290905e+01 
1.290897e+01 
1.290860e+01 
1.290835e+01 
1.290822e+01 
1.290800e+01 
1.290786e+01 
1.290765e+01 
1.290726e+01 
1.290689e+01 
1.290599e+01 
1.290499e+01 
1.290464e+01 
1.290380e+01 
1.290366e+01 
1.290316e+01 
1.290305e+01 
1.290298e+01 
1.290286e+01 
1.290265e+01 
1.290193e+01 
1.290114e+01 
1.290098e+01 
1.290090e+01 
1.290050e+01 
1.290023e+01 
1.290003e+01 
1.289952e+01 
1.289924e+01 
1.289864e+01 
1.289834e+01 
1.289822e+01 
1.289805e+01 
1.289766e+01 
1.289757e+01 
1.289743e+01 
1.289726e+01 
1.289724e+01 
1.289711e+01 
1.289705e+01 
1.289664e+01 
1.289660e+01 
1.289641e+01 
1.289627e+01 
1.289614e+01 
1.289595e+01 
1.289591e+01 
1.289581e+01 
1.289571e+01 
1.289561e+01 
1.289549e+01 
1.289540e+01 
1.289530e+01 
1.289515e+01 
1.289503e+01 
1.289500e+01 
1.289484e+01 
1.289472e+01 
1.289468e+01 
1.289457e+01 
1.289455e+01 
1.289450e+01 
1.289447e+01 
1.289440e+01 
1.289435e+01 
1.289434e+01 
1.289426e+01 
1.289422e+01 
1.289421e+01 
1.289418e+01 
1.289412e+01 
1.289407e+01 
1.289389e+01 
1.289378e+01 
1.289370e+01 
1.289360e+01 
1.289352e+01 
1.289346e+01 
1.289341e+01 
1.289336e+01 
1.289331e+01 
1.289325e+01 
1.289322e+01 
1.289319e+01 
1.289314e+01 
1.289305e+01 
1.289299e+01 
1.289293e+01 
1.289281e+01 
1.289257e+01 
1.289242e+01 
1.289223e+01 
1.289201e+01 
1.289186e+01 
1.289167e+01 
1.289144e+01 
1.289122e+01 
1.289104e+01 
1.289087e+01 
1.289075e+01 
1.289064e+01 
1.289049e+01 
1.289034e+01 
1.289013e+01 
1.288993e+01 
1.288979e+01 
1.288949e+01 
1.288920e+01 
1.288888e+01 
1.288859e+01 
1.288817e+01 
1.288775e+01 
1.288732e+01 
1.288673e+01 
1.288625e+01 
1.288570e+01 
1.288524e+01 
1.288469e+01 
1.288442e+01 
1.288412e+01 
1.288407e+01 
1.288407e+01 
1.288405e+01 
1.288404e+01 
1.288402e+01 
1.288399e+01 
1.288396e+01 
1.288395e+01 
1.288391e+01 
1.288388e+01 
1.288382e+01 
1.288375e+01 
1.288366e+01 
1.288358e+01 
1.288349e+01 
1.288342e+01 
1.288330e+01 
1.288304e+01 
1.288282e+01 
1.288251e+01 
1.288231e+01 
1.288211e+01 
1.288191e+01 
1.288179e+01 
1.288178e+01 
1.288177e+01 
1.288177e+01 
1.288176e+01 
1.288176e+01 
1.288175e+01 
1.288175e+01 
1.288174e+01 
1.288172e+01 
1.288170e+01 
1.288169e+01 
1.288165e+01 
1.288158e+01 
1.288154e+01 
1.288147e+01 
1.288139e+01 
1.288131e+01 
1.288129e+01 
1.288129e+01 
1.288129e+01 
1.288129e+01 
1.288129e+01 
1.288129e+01 
1.288129e+01 
1.288128e+01 
1.288128e+01 
1.288128e+01 
1.288128e+01 
1.288128e+01 
1.288128e+01 
1.288128e+01 
1.288128e+01 
1.288128e+01 
1.288128e+01 
1.288128e+01 
1.288128e+01 
1.288128e+01 
1.288128e+01 
1.288128e+01 
1.288128e+01 
1.288128e+01 
1.288128e+01 
1.288128e+01 
1.288128e+01 
1.288128e+01 
1.288127e+01 
1.288127e+01 
1.288127e+01 
1.288127e+01 
1.288127e+01 
1.288126e+01 
1.288126e+01 
1.288125e+01 
1.288125e+01 
1.288124e+01 
1.288124e+01 
1.288123e+01 
1.288120e+01 
1.288117e+01 
1.288114e+01 
1.288109e+01 
1.288105e+01 
1.288102e+01 
1.288098e+01 
1.288093e+01 
1.288089e+01 
1.288084e+01 
1.288080e+01 
1.288075e+01 
1.288070e+01 
1.288065e+01 
1.288062e+01 
1.288062e+01 
1.288062e+01 
1.288062e+01 
1.288062e+01 
1.288062e+01 
1.288061e+01 
1.288061e+01 
1.288061e+01 
1.288061e+01 
1.288061e+01 
1.288061e+01 
1.288061e+01 
1.288061e+01 
1.288061e+01 
1.288061e+01 
1.288061e+01 
1.288061e+01 
1.288060e+01 
1.288060e+01 
1.288060e+01 
1.288060e+01 
1.288060e+01 
1.288060e+01 
1.288060e+01 
1.288059e+01 
1.288059e+01 
1.288059e+01 
1.288059e+01 
1.288059e+01 
1.288058e+01 
1.288058e+01 
1.288058e+01 
1.288057e+01 
1.288057e+01 
1.288057e+01 
1.288057e+01 
1.288056e+01 
1.288056e+01 
1.288055e+01 
1.288055e+01 
1.288054e+01 
1.288053e+01 
1.288052e+01 
1.288051e+01 
1.288051e+01 
1.288049e+01 
1.288048e+01 
1.288047e+01 
1.288046e+01 
1.288044e+01 
1.288043e+01 
1.288042e+01 
1.288041e+01 
1.288039e+01 
1.288038e+01 
1.288036e+01 
1.288035e+01 
1.288033e+01 
1.288031e+01 
1.288028e+01 
1.288027e+01 
1.288027e+01 
1.288027e+01 
1.288027e+01 
1.288027e+01 
1.288027e+01 
1.288027e+01 
1.288027e+01 
1.288027e+01 
1.288027e+01 
1.288027e+01 
1.288027e+01 
1.288027e+01 
1.288027e+01 
1.288027e+01 
1.288027e+01 
1.288027e+01 
1.288027e+01 
1.288027e+01 
1.288027e+01 
1.288027e+01 
1.288027e+01 
1.288027e+01 
1.288027e+01 
1.288027e+01 
1.288027e+01 
1.288027e+01 
1.288027e+01 
1.288027e+01 
1.288027e+01 
1.288027e+01 
1.288027e+01 
1.288027e+01 
1.288027e+01 
1.288027e+01 
1.288027e+01 
1.288027e+01 
1.288027e+01 
1.288027e+01 
1.288027e+01 
1.288027e+01 
1.288027e+01 
1.288027e+01 
1.288027e+01 
1.288026e+01 
1.288026e+01 
1.288026e+01 
1.288026e+01 
1.288026e+01 
1.288026e+01 
1.288026e+01 
1.288026e+01 
1.288026e+01 
1.288026e+01 
1.288026e+01 
1.288026e+01 
1.288026e+01 
1.288026e+01 
1.288026e+01 
1.288026e+01 
1.288026e+01 
1.288026e+01 
1.288026e+01 
1.288026e+01 
1.288026e+01 
1.288026e+01 
1.288026e+01 
1.288026e+01 
1.288026e+01 
1.288026e+01 
1.288026e+01 
1.288026e+01 
1.288026e+01 
1.288026e+01 
1.288026e+01 
1.288026e+01 
1.288026e+01 
1.288026e+01 
1.288026e+01 
1.288026e+01 
1.288026e+01 
1.288026e+01 
1.288026e+01 
1.288026e+01 
1.288026e+01 
1.288026e+01 
1.288026e+01 
1.288026e+01 
1.288026e+01 
1.288026e+01 
1.288026e+01 
1.288026e+01 
1.288026e+01 
1.288026e+01 
1.288026e+01 
1.288026e+01 
1.288026e+01 
1.288026e+01 
1.288026e+01 
1.288026e+01 
1.288026e+01 
1.288026e+01 
1.288026e+01 
1.288026e+01 
1.288026e+01 
1.288026e+01 
1.288026e+01 
1.288026e+01 
1.288026e+01 
1.288026e+01 
1.288026e+01 
1.288026e+01 
1.288026e+01 
1.288026e+01 
1.288026e+01 
1.288026e+01 
1.288026e+01 
1.288026e+01 
1.288026e+01 
1.288025e+01 
1.288025e+01 
1.288025e+01 
1.288025e+01 
1.288025e+01 
1.288025e+01 
1.288025e+01 
1.288025e+01 
1.288025e+01 
1.288025e+01 
1.288025e+01 
1.288025e+01 
1.288025e+01 
1.288025e+01 
1.288025e+01 
1.288025e+01 
1.288025e+01 
1.288025e+01 
1.288025e+01 
1.288025e+01 
1.288025e+01 
1.288025e+01 
1.288025e+01 
1.288025e+01 
1.288025e+01 
1.288025e+01 
1.288025e+01 
1.288025e+01 
1.288025e+01 
1.288025e+01 
1.288025e+01 
1.288025e+01 
1.288025e+01 
1.288025e+01 
1.288025e+01 
1.288025e+01 
1.288025e+01 
1.288025e+01 
1.288025e+01 
1.288025e+01 
1.288025e+01 
1.288025e+01 
1.288025e+01 
1.288025e+01 
1.288025e+01 
1.288025e+01 
1.288025e+01 
1.288025e+01 
1.288025e+01 
1.288025e+01 
1.288025e+01 
1.288025e+01 
1.288025e+01 
1.288025e+01 
1.288025e+01 
1.288025e+01 
1.288025e+01 
1.288025e+01 
1.288025e+01 
1.288025e+01 
1.288025e+01 
1.288025e+01 
1.288025e+01 
1.288025e+01 
1.288025e+01 
1.288025e+01 
1.288025e+01 
1.288025e+01 
1.288025e+01 
1.288025e+01 
1.288025e+01 
1.288025e+01 
1.288025e+01 
1.288025e+01 
1.288025e+01 
1.288025e+01 
1.288025e+01 
1.288025e+01 
1.288025e+01 
1.288025e+01 
1.288025e+01 
1.288025e+01 
1.288025e+01 
1.288025e+01 
1.288025e+01 
1.288025e+01 
1.288025e+01 
1.288025e+01 
1.288025e+01 
1.288025e+01 
1.288025e+01 
1.288025e+01 
1.288025e+01 
1.288025e+01 
1.288025e+01 
1.288025e+01 
1.288025e+01 
1.288025e+01 
1.288025e+01 
1.288025e+01 
1.288025e+01 
1.288025e+01 
1.288025e+01 
1.288025e+01 
1.288025e+01 
1.288025e+01 
1.288025e+01 
1.288025e+01 
1.288025e+01 
1.288025e+01 
1.288025e+01 
1.288025e+01 
1.288025e+01 
1.288025e+01 
1.288025e+01 
1.288025e+01 
1.288025e+01 
1.288025e+01 
1.288025e+01 
1.288025e+01 
1.288025e+01 
1.288025e+01 
1.288025e+01 
1.288025e+01 
1.288025e+01 
1.288025e+01 
1.288025e+01 
1.288025e+01 
1.288025e+01 
1.288025e+01 
1.288025e+01 
1.288025e+01 
1.288025e+01 
1.288025e+01 
1.288025e+01 
1.288025e+01 
1.288025e+01 
1.288025e+01 
1.288025e+01 
1.288025e+01 
1.288025e+01 
1.288025e+01 
1.288025e+01 
1.288025e+01 
1.288025e+01 
1.288025e+01 
1.288025e+01 
1.288025e+01 
1.288025e+01 
1.288025e+01 
1.288025e+01 
1.288025e+01 
1.288024e+01 
1.288024e+01 
1.288024e+01 
1.288023e+01 
1.288022e+01 
1.288022e+01 
1.288021e+01 
1.288020e+01 
1.288019e+01 
1.288018e+01 
1.288017e+01 
1.288016e+01 
1.288014e+01 
1.288012e+01 
1.288011e+01 
1.288009e+01 
1.288007e+01 
1.288007e+01 
1.288006e+01 
1.288006e+01 
1.288006e+01 
1.288006e+01 
1.288006e+01 
1.288006e+01 
1.288006e+01 
1.288006e+01 
1.288006e+01 
1.288006e+01 
1.288006e+01 
1.288006e+01 
1.288006e+01 
1.288006e+01 
1.288006e+01 
1.288006e+01 
1.288006e+01 
1.288006e+01 
1.288006e+01 
1.288006e+01 
1.288006e+01 
1.288006e+01 
1.288006e+01 
1.288006e+01 
1.288006e+01 
1.288006e+01 
1.288006e+01 
1.288006e+01 
1.288006e+01 
1.288006e+01 
1.288006e+01 
1.288006e+01 
1.288005e+01 
1.288005e+01 
1.288005e+01 
1.288005e+01 
1.288005e+01 
1.288005e+01 
1.287965e+01 
1.287926e+01 
1.287905e+01 
1.287905e+01 
1.287905e+01 
1.287883e+01 
1.287875e+01 
1.287875e+01 
1.287864e+01 
1.287864e+01 
1.287864e+01 
1.287854e+01 
1.287848e+01 
1.287825e+01 
1.287801e+01 
1.287799e+01 
1.287756e+01 
1.287635e+01 
1.287552e+01 
1.287492e+01 
1.287410e+01 
1.287335e+01 
1.287229e+01 
1.287165e+01 
1.287143e+01 
1.287132e+01 
1.287132e+01 
1.287117e+01 
1.287117e+01 
1.287091e+01 
1.287045e+01 
1.287024e+01 
1.286991e+01 
1.286916e+01 
1.286780e+01 
1.286773e+01 
1.286742e+01 
1.286697e+01 
1.286696e+01 
1.286579e+01 
1.286521e+01 
1.286502e+01 
1.286493e+01 
1.286262e+01 
1.286262e+01 
1.286250e+01 
1.286205e+01 
1.286175e+01 
1.286071e+01 
1.286010e+01 
1.285959e+01 
1.285929e+01 
1.285929e+01 
1.285929e+01 
1.285927e+01 
1.285927e+01 
1.285874e+01 
1.285874e+01 
1.285812e+01 
1.285812e+01 
1.285812e+01 
1.285808e+01 
1.285808e+01 
1.285808e+01 
1.285700e+01 
1.285682e+01 
1.285658e+01 
1.285631e+01 
1.285585e+01 
1.285565e+01 
1.285565e+01 
1.285565e+01 
1.285547e+01 
1.285547e+01 
1.285547e+01 
1.285520e+01 
1.285452e+01 
1.285421e+01 
1.285402e+01 
1.285343e+01 
1.285273e+01 
1.285273e+01 
1.285265e+01 
1.285061e+01 
1.285061e+01 
1.285025e+01 
1.284990e+01 
1.284978e+01 
1.284893e+01 
1.284893e+01 
1.284893e+01 
1.284867e+01 
1.284867e+01 
1.284862e+01 
1.284767e+01 
1.284726e+01 
1.284648e+01 
1.284638e+01 
1.284540e+01 
1.284540e+01 
1.284523e+01 
1.284500e+01 
1.284489e+01 
1.284489e+01 
1.284489e+01 
1.284444e+01 
1.284348e+01 
1.284317e+01 
1.284216e+01 
1.284146e+01 
1.284113e+01 
1.284002e+01 
1.283905e+01 
1.283815e+01 
1.283685e+01 
1.283550e+01 
1.283544e+01 
1.283544e+01 
1.283462e+01 
1.283462e+01 
1.283290e+01 
1.283238e+01 
1.283210e+01 
1.283151e+01 
1.283101e+01 
1.283095e+01 
1.283060e+01 
1.283037e+01 
1.282985e+01 
1.282898e+01 
1.282880e+01 
1.282855e+01 
1.282850e+01 
1.282850e+01 
1.282822e+01 
1.282785e+01 
1.282764e+01 
1.282764e+01 
1.282758e+01 
1.282758e+01 
1.282758e+01 
1.282758e+01 
1.282676e+01 
1.282676e+01 
1.282645e+01 
1.282610e+01 
1.282594e+01 
1.282589e+01 
1.282542e+01 
1.282542e+01 
1.282542e+01 
1.282542e+01 
1.282538e+01 
1.282485e+01 
1.282426e+01 
1.282398e+01 
1.282311e+01 
1.282282e+01 
1.282239e+01 
1.282184e+01 
1.282163e+01 
1.282130e+01 
1.282069e+01 
1.282006e+01 
1.281976e+01 
1.281943e+01 
1.281903e+01 
1.281857e+01 
1.281850e+01 
1.281843e+01 
1.281825e+01 
1.281823e+01 
1.281817e+01 
1.281814e+01 
1.281809e+01 
1.281803e+01 
1.281799e+01 
1.281792e+01 
1.281792e+01 
1.281779e+01 
1.281779e+01 
1.281779e+01 
1.281773e+01 
1.281758e+01 
1.281744e+01 
1.281744e+01 
1.281743e+01 
1.281732e+01 
1.281727e+01 
1.281726e+01 
1.281719e+01 
1.281708e+01 
1.281697e+01 
1.281692e+01 
1.281677e+01 
1.281666e+01 
1.281633e+01 
1.281629e+01 
1.281616e+01 
1.281609e+01 
1.281594e+01 
1.281567e+01 
1.281515e+01 
1.281503e+01 
1.281489e+01 
1.281466e+01 
1.281437e+01 
1.281406e+01 
1.281380e+01 
1.281358e+01 
1.281343e+01 
1.281314e+01 
1.281248e+01 
1.281222e+01 
1.281162e+01 
1.281124e+01 
1.281102e+01 
1.281073e+01 
1.281042e+01 
1.281014e+01 
1.280982e+01 
1.280947e+01 
1.280922e+01 
1.280881e+01 
1.280843e+01 
1.280806e+01 
1.280795e+01 
1.280791e+01 
1.280784e+01 
1.280779e+01 
1.280770e+01 
1.280768e+01 
1.280756e+01 
1.280747e+01 
1.280736e+01 
1.280734e+01 
1.280726e+01 
1.280725e+01 
1.280725e+01 
1.280719e+01 
1.280719e+01 
1.280719e+01 
1.280702e+01 
1.280693e+01 
1.280689e+01 
1.280652e+01 
1.280622e+01 
1.280591e+01 
1.280564e+01 
1.280539e+01 
1.280528e+01 
1.280492e+01 
1.280476e+01 
1.280451e+01 
1.280438e+01 
1.280425e+01 
1.280416e+01 
1.280408e+01 
1.280389e+01 
1.280388e+01 
1.280380e+01 
1.280369e+01 
1.280358e+01 
1.280346e+01 
1.280332e+01 
1.280317e+01 
1.280297e+01 
1.280280e+01 
1.280265e+01 
1.280249e+01 
1.280241e+01 
1.280228e+01 
1.280221e+01 
1.280213e+01 
1.280204e+01 
1.280198e+01 
1.280195e+01 
1.280192e+01 
1.280190e+01 
1.280186e+01 
1.280184e+01 
1.280182e+01 
1.280180e+01 
1.280178e+01 
1.280177e+01 
1.280177e+01 
1.280176e+01 
1.280176e+01 
1.280176e+01 
1.280176e+01 
1.280176e+01 
1.280175e+01 
1.280175e+01 
1.280175e+01 
1.280175e+01 
1.280175e+01 
1.280175e+01 
1.280174e+01 
1.280174e+01 
1.280174e+01 
1.280173e+01 
1.280173e+01 
1.280173e+01 
1.280173e+01 
1.280172e+01 
1.280172e+01 
1.280172e+01 
1.280172e+01 
1.280172e+01 
1.280171e+01 
1.280170e+01 
1.280169e+01 
1.280167e+01 
1.280166e+01 
1.280164e+01 
1.280162e+01 
1.280161e+01 
1.280158e+01 
1.280155e+01 
1.280152e+01 
1.280148e+01 
1.280144e+01 
1.280139e+01 
1.280134e+01 
1.280128e+01 
1.280124e+01 
1.280121e+01 
1.280118e+01 
1.280115e+01 
1.280114e+01 
1.280114e+01 
1.280113e+01 
1.280113e+01 
1.280113e+01 
1.280112e+01 
1.280112e+01 
1.280112e+01 
1.280112e+01 
1.280112e+01 
1.280111e+01 
1.280111e+01 
1.280111e+01 
1.280111e+01 
1.280111e+01 
1.280111e+01 
1.280111e+01 
1.280111e+01 
1.280111e+01 
1.280111e+01 
1.280111e+01 
1.280110e+01 
1.280110e+01 
1.280109e+01 
1.280109e+01 
1.280108e+01 
1.280107e+01 
1.280106e+01 
1.280105e+01 
1.280103e+01 
1.280102e+01 
1.280100e+01 
1.280097e+01 
1.280092e+01 
1.280088e+01 
1.280082e+01 
1.280078e+01 
1.280074e+01 
1.280070e+01 
1.280065e+01 
1.280041e+01 
1.280030e+01 
1.280013e+01 
1.279996e+01 
1.279985e+01 
1.279981e+01 
1.279981e+01 
1.279971e+01 
1.279958e+01 
1.279943e+01 
1.279934e+01 
1.279934e+01 
1.279906e+01 
1.279876e+01 
1.279847e+01 
1.279828e+01 
1.279808e+01 
1.279793e+01 
1.279789e+01 
1.279766e+01 
1.279754e+01 
1.279706e+01 
1.279666e+01 
1.279627e+01 
1.279600e+01 
1.279566e+01 
1.279537e+01 
1.279510e+01 
1.279471e+01 
1.279408e+01 
1.279304e+01 
1.279280e+01 
1.279238e+01 
1.279202e+01 
1.279172e+01 
1.279137e+01 
1.279113e+01 
1.279085e+01 
1.279077e+01 
1.279054e+01 
1.279047e+01 
1.279040e+01 
1.279019e+01 
1.278989e+01 
1.278984e+01 
1.278970e+01 
1.278965e+01 
1.278962e+01 
1.278941e+01 
1.278898e+01 
1.278882e+01 
1.278823e+01 
1.278767e+01 
1.278728e+01 
1.278671e+01 
1.278627e+01 
1.278584e+01 
1.278523e+01 
1.278474e+01 
1.278447e+01 
1.278434e+01 
1.278423e+01 
1.278412e+01 
1.278395e+01 
1.278368e+01 
1.278346e+01 
1.278325e+01 
1.278300e+01 
1.278284e+01 
1.278267e+01 
1.278245e+01 
1.278217e+01 
1.278198e+01 
1.278184e+01 
1.278178e+01 
1.278169e+01 
1.278156e+01 
1.278141e+01 
1.278127e+01 
1.278118e+01 
1.278102e+01 
1.278074e+01 
1.278070e+01 
1.278049e+01 
1.278047e+01 
1.278033e+01 
1.278000e+01 
1.277954e+01 
1.277910e+01 
1.277861e+01 
1.277832e+01 
1.277811e+01 
1.277776e+01 
1.277760e+01 
1.277733e+01 
1.277718e+01 
1.277697e+01 
1.277656e+01 
1.277613e+01 
1.277575e+01 
1.277549e+01 
1.277517e+01 
1.277482e+01 
1.277454e+01 
1.277429e+01 
1.277389e+01 
1.277363e+01 
1.277336e+01 
1.277332e+01 
1.277322e+01 
1.277319e+01 
1.277318e+01 
1.277309e+01 
1.277301e+01 
1.277294e+01 
1.277279e+01 
1.277266e+01 
1.277250e+01 
1.277237e+01 
1.277221e+01 
1.277208e+01 
1.277194e+01 
1.277181e+01 
1.277167e+01 
1.277153e+01 
1.277141e+01 
1.277133e+01 
1.277126e+01 
1.277118e+01 
1.277111e+01 
1.277103e+01 
1.277096e+01 
1.277093e+01 
1.277092e+01 
1.277089e+01 
1.277087e+01 
1.277085e+01 
1.277083e+01 
1.277080e+01 
1.277078e+01 
1.277072e+01 
1.277066e+01 
1.277065e+01 
1.277065e+01 
1.277064e+01 
1.277063e+01 
1.277061e+01 
1.277059e+01 
1.277057e+01 
1.277056e+01 
1.277053e+01 
1.277050e+01 
1.277047e+01 
1.277042e+01 
1.277036e+01 
1.277031e+01 
1.277025e+01 
1.277019e+01 
1.277013e+01 
1.277010e+01 
1.277009e+01 
1.277003e+01 
1.276995e+01 
1.276989e+01 
1.276985e+01 
1.276982e+01 
1.276981e+01 
1.276980e+01 
1.276979e+01 
1.276979e+01 
1.276979e+01 
1.276977e+01 
1.276976e+01 
1.276975e+01 
1.276972e+01 
1.276970e+01 
1.276968e+01 
1.276965e+01 
1.276962e+01 
1.276957e+01 
1.276955e+01 
1.276951e+01 
1.276948e+01 
1.276944e+01 
1.276940e+01 
1.276934e+01 
1.276927e+01 
1.276922e+01 
1.276915e+01 
1.276909e+01 
1.276903e+01 
1.276898e+01 
1.276896e+01 
1.276894e+01 
1.276892e+01 
1.276890e+01 
1.276887e+01 
1.276884e+01 
1.276882e+01 
1.276879e+01 
1.276877e+01 
1.276872e+01 
1.276868e+01 
1.276864e+01 
1.276859e+01 
1.276857e+01 
1.276855e+01 
1.276854e+01 
1.276852e+01 
1.276849e+01 
1.276846e+01 
1.276843e+01 
1.276841e+01 
1.276838e+01 
1.276835e+01 
1.276831e+01 
1.276828e+01 
1.276825e+01 
1.276823e+01 
1.276822e+01 
1.276821e+01 
1.276820e+01 
1.276817e+01 
1.276816e+01 
1.276814e+01 
1.276813e+01 
1.276813e+01 
1.276813e+01 
1.276813e+01 
1.276813e+01 
1.276813e+01 
1.276813e+01 
1.276813e+01 
1.276813e+01 
1.276813e+01 
1.276812e+01 
1.276812e+01 
1.276812e+01 
1.276812e+01 
1.276812e+01 
1.276812e+01 
1.276811e+01 
1.276811e+01 
1.276811e+01 
1.276810e+01 
1.276810e+01 
1.276810e+01 
1.276809e+01 
1.276808e+01 
1.276807e+01 
1.276806e+01 
1.276805e+01 
1.276802e+01 
1.276800e+01 
1.276797e+01 
1.276793e+01 
1.276789e+01 
1.276782e+01 
1.276778e+01 
1.276772e+01 
1.276764e+01 
1.276758e+01 
1.276750e+01 
1.276742e+01 
1.276738e+01 
1.276738e+01 
1.276737e+01 
1.276737e+01 
1.276737e+01 
1.276737e+01 
1.276736e+01 
1.276736e+01 
1.276735e+01 
1.276735e+01 
1.276734e+01 
1.276733e+01 
1.276732e+01 
1.276731e+01 
1.276729e+01 
1.276728e+01 
1.276727e+01 
1.276726e+01 
1.276724e+01 
1.276723e+01 
1.276721e+01 
1.276720e+01 
1.276718e+01 
1.276716e+01 
1.276715e+01 
1.276714e+01 
1.276713e+01 
1.276712e+01 
1.276712e+01 
1.276712e+01 
1.276712e+01 
1.276711e+01 
1.276711e+01 
1.276710e+01 
1.276710e+01 
1.276709e+01 
1.276709e+01 
1.276694e+01 
1.276649e+01 
1.276594e+01 
1.276524e+01 
1.276482e+01 
1.276442e+01 
1.276424e+01 
1.276420e+01 
1.276411e+01 
1.276410e+01 
1.276409e+01 
1.276409e+01 
1.276408e+01 
1.276396e+01 
1.276382e+01 
1.276382e+01 
1.276382e+01 
1.276382e+01 
1.276382e+01 
1.276382e+01 
1.276382e+01 
1.276380e+01 
1.276370e+01 
1.276364e+01 
1.276359e+01 
1.276343e+01 
1.276342e+01 
1.276336e+01 
1.276334e+01 
1.276333e+01 
1.276323e+01 
1.276321e+01 
1.276319e+01 
1.276317e+01 
1.276303e+01 
1.276274e+01 
1.276259e+01 
1.276259e+01 
1.276259e+01 
1.276259e+01 
1.276259e+01 
1.276259e+01 
1.276254e+01 
1.276253e+01 
1.276249e+01 
1.276239e+01 
1.276227e+01 
1.276210e+01 
1.276200e+01 
1.276192e+01 
1.276161e+01 
1.276145e+01 
1.276136e+01 
1.276126e+01 
1.276125e+01 
1.276118e+01 
1.276115e+01 
1.276109e+01 
1.276103e+01 
1.276093e+01 
1.276049e+01 
1.276036e+01 
1.276003e+01 
1.275984e+01 
1.275967e+01 
1.275949e+01 
1.275916e+01 
1.275873e+01 
1.275795e+01 
1.275740e+01 
1.275672e+01 
1.275629e+01 
1.275571e+01 
1.275448e+01 
1.275407e+01 
1.275324e+01 
1.275290e+01 
1.275242e+01 
1.275233e+01 
1.275233e+01 
1.275208e+01 
1.275189e+01 
1.275175e+01 
1.275137e+01 
1.275128e+01 
1.275093e+01 
1.275086e+01 
1.275070e+01 
1.275063e+01 
1.275051e+01 
1.275043e+01 
1.275011e+01 
1.274985e+01 
1.274930e+01 
1.274869e+01 
1.274842e+01 
1.274773e+01 
1.274724e+01 
1.274690e+01 
1.274665e+01 
1.274632e+01 
1.274598e+01 
1.274571e+01 
1.274542e+01 
1.274504e+01 
1.274423e+01 
1.274349e+01 
1.274281e+01 
1.274179e+01 
1.274146e+01 
1.274029e+01 
1.273982e+01 
1.273910e+01 
1.273864e+01 
1.273832e+01 
1.273786e+01 
1.273687e+01 
1.273687e+01 
1.273517e+01 
1.273413e+01 
1.273342e+01 
1.273342e+01 
1.273342e+01 
1.273214e+01 
1.273214e+01 
1.273214e+01 
1.273092e+01 
1.273092e+01 
1.273044e+01 
1.273044e+01 
1.273044e+01 
1.273016e+01 
1.273016e+01 
1.273007e+01 
1.273007e+01 
1.273002e+01 
1.272945e+01 
1.272920e+01 
1.272912e+01 
1.272909e+01 
1.272892e+01 
1.272892e+01 
1.272892e+01 
1.272839e+01 
1.272839e+01 
1.272811e+01 
1.272811e+01 
1.272811e+01 
1.272797e+01 
1.272760e+01 
1.272727e+01 
1.272702e+01 
1.272698e+01 
1.272602e+01 
1.272599e+01 
1.272592e+01 
1.272541e+01 
1.272528e+01 
1.272498e+01 
1.272456e+01 
1.272444e+01 
1.272405e+01 
1.272400e+01 
1.272399e+01 
1.272387e+01 
1.272372e+01 
1.272300e+01 
1.272300e+01 
1.272300e+01 
1.272300e+01 
1.272296e+01 
1.272296e+01 
1.272296e+01 
1.272291e+01 
1.272282e+01 
1.272282e+01 
1.272280e+01 
1.272263e+01 
1.272248e+01 
1.272243e+01 
1.272219e+01 
1.272212e+01 
1.272189e+01 
1.272185e+01 
1.272159e+01 
1.272097e+01 
1.272097e+01 
1.272085e+01 
1.272057e+01 
1.272014e+01 
1.272014e+01 
1.272014e+01 
1.271994e+01 
1.271994e+01 
1.271983e+01 
1.271983e+01 
1.271975e+01 
1.271974e+01 
1.271963e+01 
1.271953e+01 
1.271891e+01 
1.271862e+01 
1.271764e+01 
1.271708e+01 
1.271670e+01 
1.271638e+01 
1.271619e+01 
1.271564e+01 
1.271534e+01 
1.271534e+01 
1.271485e+01 
1.271485e+01 
1.271465e+01 
1.271445e+01 
1.271361e+01 
1.271355e+01 
1.271330e+01 
1.271330e+01 
1.271314e+01 
1.271278e+01 
1.271278e+01 
1.271254e+01 
1.271254e+01 
1.271254e+01 
1.271254e+01 
1.271254e+01 
1.271241e+01 
1.271220e+01 
1.271206e+01 
1.271206e+01 
1.271206e+01 
1.271180e+01 
1.271175e+01 
1.271152e+01 
1.271152e+01 
1.271141e+01 
1.271120e+01 
1.271111e+01 
1.271043e+01 
1.271038e+01 
1.271036e+01 
1.270997e+01 
1.270984e+01 
1.270969e+01 
1.270966e+01 
1.270912e+01 
1.270912e+01 
1.270912e+01 
1.270892e+01 
1.270866e+01 
1.270857e+01 
1.270838e+01 
