4.538235e+03 
3.825312e+03 
3.825312e+03 
3.825312e+03 
3.008485e+03 
3.008485e+03 
2.580378e+03 
2.580378e+03 
2.580378e+03 
2.580378e+03 
2.518136e+03 
2.518136e+03 
2.518136e+03 
2.518136e+03 
2.398820e+03 
2.398820e+03 
2.296881e+03 
2.296881e+03 
2.296881e+03 
2.296881e+03 
2.296881e+03 
2.188489e+03 
2.129475e+03 
2.129475e+03 
2.025674e+03 
2.025674e+03 
2.025674e+03 
1.436373e+03 
1.436373e+03 
1.318708e+03 
1.318708e+03 
1.318708e+03 
1.318708e+03 
1.318708e+03 
1.305863e+03 
1.263563e+03 
1.263563e+03 
1.263563e+03 
1.146735e+03 
1.146735e+03 
1.146735e+03 
1.146735e+03 
1.146735e+03 
1.146735e+03 
1.092702e+03 
1.087173e+03 
1.023551e+03 
8.408779e+02 
8.408779e+02 
7.548693e+02 
7.548693e+02 
7.548693e+02 
7.451933e+02 
6.721912e+02 
5.846489e+02 
5.846489e+02 
5.501218e+02 
5.501218e+02 
5.501218e+02 
5.392665e+02 
5.285602e+02 
4.463788e+02 
4.458452e+02 
4.458452e+02 
4.458452e+02 
4.458452e+02 
4.388201e+02 
4.388201e+02 
4.228858e+02 
4.132530e+02 
4.132530e+02 
3.794663e+02 
3.794663e+02 
3.770892e+02 
3.743533e+02 
3.743533e+02 
3.644405e+02 
3.399307e+02 
3.399307e+02 
3.391748e+02 
3.358375e+02 
3.337469e+02 
3.337469e+02 
2.954307e+02 
2.954307e+02 
2.843196e+02 
2.563306e+02 
2.563306e+02 
2.563306e+02 
2.563306e+02 
2.351229e+02 
2.351229e+02 
2.351229e+02 
2.293877e+02 
2.293877e+02 
2.293877e+02 
2.203529e+02 
2.161329e+02 
2.161329e+02 
2.140030e+02 
2.116980e+02 
2.116980e+02 
2.028144e+02 
2.008039e+02 
1.997232e+02 
1.997232e+02 
1.997232e+02 
1.977272e+02 
1.941442e+02 
1.931238e+02 
1.923076e+02 
1.923076e+02 
1.893627e+02 
1.893627e+02 
1.893627e+02 
1.876403e+02 
1.864759e+02 
1.854442e+02 
1.854442e+02 
1.821244e+02 
1.817790e+02 
1.804132e+02 
1.803375e+02 
1.795753e+02 
1.795753e+02 
1.795753e+02 
1.795753e+02 
1.788416e+02 
1.784125e+02 
1.777019e+02 
1.777019e+02 
1.762607e+02 
1.762244e+02 
1.762244e+02 
1.762049e+02 
1.758597e+02 
1.752789e+02 
1.752789e+02 
1.746414e+02 
1.746414e+02 
1.746414e+02 
1.744450e+02 
1.704103e+02 
1.014431e+02 
1.014431e+02 
8.691513e+01 
8.691513e+01 
8.691513e+01 
8.328282e+01 
8.231655e+01 
7.860665e+01 
7.860665e+01 
7.860665e+01 
7.860665e+01 
7.860665e+01 
7.814050e+01 
7.654880e+01 
7.654880e+01 
7.654880e+01 
7.649016e+01 
7.649016e+01 
7.581897e+01 
7.566024e+01 
7.566024e+01 
7.485603e+01 
7.476075e+01 
7.476075e+01 
7.476075e+01 
7.461016e+01 
7.448700e+01 
7.447833e+01 
7.447833e+01 
7.442902e+01 
7.422418e+01 
7.422418e+01 
7.391252e+01 
7.391252e+01 
7.391252e+01 
7.388811e+01 
7.388811e+01 
7.371287e+01 
7.371287e+01 
7.371287e+01 
7.371287e+01 
7.360850e+01 
7.360850e+01 
7.357033e+01 
7.338335e+01 
7.338335e+01 
7.338335e+01 
7.314947e+01 
7.310174e+01 
7.310174e+01 
7.306526e+01 
7.303468e+01 
7.293471e+01 
7.293471e+01 
7.293471e+01 
7.288311e+01 
7.277245e+01 
7.277245e+01 
7.275603e+01 
7.275603e+01 
7.275202e+01 
7.265255e+01 
7.261484e+01 
7.258559e+01 
7.257179e+01 
7.257179e+01 
7.255600e+01 
7.252306e+01 
7.247327e+01 
7.243401e+01 
7.240533e+01 
7.240056e+01 
7.239903e+01 
7.238587e+01 
7.238587e+01 
7.237116e+01 
7.236739e+01 
7.236031e+01 
7.234801e+01 
7.233736e+01 
7.233660e+01 
7.233355e+01 
7.233355e+01 
7.233320e+01 
7.233320e+01 
7.233007e+01 
7.232697e+01 
7.232670e+01 
7.232670e+01 
7.232528e+01 
7.232345e+01 
7.231783e+01 
7.231783e+01 
7.231783e+01 
7.231695e+01 
7.231695e+01 
7.231695e+01 
7.231363e+01 
7.231256e+01 
7.230847e+01 
7.230847e+01 
7.230847e+01 
7.230591e+01 
7.230411e+01 
7.230411e+01 
7.230391e+01 
7.230386e+01 
7.230386e+01 
7.230322e+01 
7.230322e+01 
7.230322e+01 
7.230291e+01 
7.230045e+01 
7.229941e+01 
7.229941e+01 
7.229941e+01 
7.229848e+01 
7.229845e+01 
7.229787e+01 
7.229787e+01 
7.229774e+01 
7.229765e+01 
7.229748e+01 
7.229680e+01 
7.229677e+01 
7.229661e+01 
7.229661e+01 
7.229651e+01 
7.229627e+01 
7.229627e+01 
7.229620e+01 
7.229620e+01 
7.229620e+01 
7.229610e+01 
7.229604e+01 
7.229603e+01 
7.229603e+01 
7.229600e+01 
7.229600e+01 
7.229599e+01 
7.229597e+01 
7.229597e+01 
7.229595e+01 
7.229595e+01 
7.229594e+01 
7.229593e+01 
7.229591e+01 
7.229591e+01 
7.229591e+01 
7.229591e+01 
7.229589e+01 
7.229587e+01 
7.229587e+01 
7.229587e+01 
7.229587e+01 
7.229587e+01 
7.229587e+01 
7.229586e+01 
7.229586e+01 
7.229586e+01 
7.229586e+01 
7.229585e+01 
7.229585e+01 
7.229585e+01 
7.229584e+01 
7.229584e+01 
7.229584e+01 
7.229584e+01 
7.229584e+01 
7.229584e+01 
7.229583e+01 
7.229583e+01 
7.229583e+01 
7.229583e+01 
7.229583e+01 
7.229583e+01 
7.229583e+01 
7.229583e+01 
7.229583e+01 
7.229583e+01 
7.229583e+01 
7.229583e+01 
7.229583e+01 
7.229583e+01 
7.229583e+01 
7.229583e+01 
7.229583e+01 
7.229583e+01 
7.229583e+01 
7.229583e+01 
7.229583e+01 
7.229583e+01 
7.229583e+01 
7.229583e+01 
7.229583e+01 
7.229583e+01 
7.229583e+01 
7.229583e+01 
7.229583e+01 
7.229583e+01 
7.229583e+01 
7.229583e+01 
7.229583e+01 
7.229583e+01 
7.229583e+01 
7.229583e+01 
7.229583e+01 
7.229583e+01 
7.229583e+01 
7.229583e+01 
7.229583e+01 
7.229583e+01 
7.229583e+01 
7.229583e+01 
7.229583e+01 
7.229583e+01 
7.229583e+01 
7.229583e+01 
7.229583e+01 
7.229583e+01 
7.229583e+01 
7.229583e+01 
7.229583e+01 
7.229583e+01 
7.229583e+01 
7.229583e+01 
7.229583e+01 
7.229583e+01 
7.229583e+01 
7.229583e+01 
7.229583e+01 
7.229583e+01 
7.229583e+01 
7.229583e+01 
7.229583e+01 
7.229583e+01 
7.229583e+01 
7.229583e+01 
7.229583e+01 
7.229583e+01 
7.229583e+01 
7.229583e+01 
7.229583e+01 
7.229583e+01 
7.229583e+01 
7.229583e+01 
7.229583e+01 
7.229583e+01 
7.229583e+01 
7.229583e+01 
7.229583e+01 
7.229583e+01 
7.229583e+01 
7.229583e+01 
7.229583e+01 
7.229583e+01 
7.229583e+01 
7.229583e+01 
7.229583e+01 
7.229583e+01 
7.229583e+01 
7.229583e+01 
7.229583e+01 
7.229583e+01 
7.229583e+01 
7.229583e+01 
7.229583e+01 
7.229583e+01 
7.229583e+01 
7.229583e+01 
7.229583e+01 
7.229583e+01 
7.229583e+01 
7.229583e+01 
7.229583e+01 
7.229583e+01 
7.229583e+01 
7.229583e+01 
7.229583e+01 
7.229583e+01 
7.229583e+01 
7.229583e+01 
7.229583e+01 
7.229583e+01 
7.229583e+01 
7.229583e+01 
7.229583e+01 
7.229583e+01 
7.229583e+01 
7.229583e+01 
7.229583e+01 
7.229583e+01 
7.229583e+01 
7.229583e+01 
7.229583e+01 
7.229583e+01 
7.229583e+01 
7.229583e+01 
7.229583e+01 
7.229583e+01 
7.229583e+01 
7.229583e+01 
7.229583e+01 
7.229583e+01 
7.229583e+01 
7.229583e+01 
7.229583e+01 
7.229583e+01 
7.229583e+01 
7.229583e+01 
7.229583e+01 
7.229583e+01 
7.229583e+01 
7.229583e+01 
7.229583e+01 
7.229583e+01 
7.229583e+01 
7.229583e+01 
7.229583e+01 
7.229583e+01 
7.229583e+01 
7.229583e+01 
7.229583e+01 
7.229583e+01 
7.229583e+01 
7.229583e+01 
7.229583e+01 
7.229583e+01 
7.229583e+01 
7.229583e+01 
7.229583e+01 
7.229583e+01 
7.229583e+01 
7.229583e+01 
7.229583e+01 
7.229583e+01 
7.229583e+01 
7.229583e+01 
7.229583e+01 
7.229583e+01 
7.229583e+01 
7.229583e+01 
7.229583e+01 
7.229583e+01 
7.229583e+01 
7.229583e+01 
7.229583e+01 
7.229583e+01 
7.229583e+01 
7.229583e+01 
7.229583e+01 
7.229583e+01 
7.229583e+01 
7.229583e+01 
7.229583e+01 
7.229583e+01 
7.229583e+01 
7.229583e+01 
7.229583e+01 
7.229583e+01 
7.229583e+01 
7.229583e+01 
7.229583e+01 
7.229583e+01 
7.229583e+01 
7.229583e+01 
7.229583e+01 
7.229583e+01 
7.229583e+01 
7.229583e+01 
7.229583e+01 
7.229583e+01 
7.229583e+01 
7.229583e+01 
7.229583e+01 
7.229583e+01 
7.229583e+01 
7.229583e+01 
7.229583e+01 
7.229583e+01 
7.229583e+01 
7.229583e+01 
7.229583e+01 
7.229583e+01 
7.229583e+01 
7.229583e+01 
7.229583e+01 
7.229583e+01 
7.229583e+01 
7.229583e+01 
7.229583e+01 
7.229583e+01 
7.229583e+01 
7.229583e+01 
7.229583e+01 
7.229583e+01 
7.229583e+01 
7.229583e+01 
7.229583e+01 
7.229583e+01 
7.229583e+01 
7.229583e+01 
7.229583e+01 
7.229583e+01 
7.229583e+01 
7.229583e+01 
7.229583e+01 
7.229583e+01 
7.229583e+01 
7.229583e+01 
7.229583e+01 
7.229583e+01 
7.229583e+01 
7.229583e+01 
7.229583e+01 
7.229583e+01 
7.229583e+01 
7.229583e+01 
7.229583e+01 
7.229583e+01 
7.229583e+01 
7.229583e+01 
7.229583e+01 
7.229583e+01 
7.229583e+01 
7.229583e+01 
7.229583e+01 
7.229583e+01 
7.229583e+01 
7.229583e+01 
7.229583e+01 
7.229583e+01 
7.229583e+01 
7.229583e+01 
7.229583e+01 
7.229583e+01 
7.229583e+01 
7.229583e+01 
7.229583e+01 
7.229583e+01 
7.229583e+01 
7.229583e+01 
7.229583e+01 
7.229583e+01 
7.229583e+01 
7.229583e+01 
7.229583e+01 
7.229583e+01 
7.229583e+01 
7.229583e+01 
7.229583e+01 
7.229583e+01 
7.229583e+01 
7.229583e+01 
7.229583e+01 
7.229583e+01 
7.229583e+01 
7.229583e+01 
7.229583e+01 
7.229583e+01 
7.229583e+01 
7.229583e+01 
7.229583e+01 
7.229583e+01 
7.229583e+01 
7.229583e+01 
7.229583e+01 
7.229583e+01 
7.229583e+01 
7.229583e+01 
7.229583e+01 
7.229583e+01 
7.229583e+01 
7.229583e+01 
7.229583e+01 
7.229583e+01 
7.229583e+01 
7.229583e+01 
7.229583e+01 
7.229583e+01 
7.229583e+01 
7.229583e+01 
7.229583e+01 
7.229583e+01 
7.229583e+01 
7.229583e+01 
7.229583e+01 
7.229583e+01 
7.229583e+01 
7.229583e+01 
7.229583e+01 
7.229583e+01 
7.229583e+01 
7.229583e+01 
7.229583e+01 
7.229583e+01 
7.229583e+01 
7.229583e+01 
7.229583e+01 
7.229583e+01 
7.229583e+01 
7.229583e+01 
7.229583e+01 
7.229583e+01 
7.229583e+01 
7.229583e+01 
7.229583e+01 
7.229583e+01 
7.229583e+01 
7.229583e+01 
7.229583e+01 
7.229583e+01 
7.229583e+01 
7.229583e+01 
7.229583e+01 
7.229583e+01 
7.229583e+01 
7.229583e+01 
7.229583e+01 
7.229583e+01 
7.229583e+01 
7.229583e+01 
7.229583e+01 
7.229583e+01 
7.229583e+01 
7.229583e+01 
7.229583e+01 
7.229583e+01 
7.229583e+01 
7.229583e+01 
7.229583e+01 
7.229583e+01 
7.229583e+01 
7.229583e+01 
7.229583e+01 
7.229583e+01 
7.229583e+01 
7.229583e+01 
7.229583e+01 
7.229583e+01 
7.229583e+01 
7.229583e+01 
7.229583e+01 
7.229583e+01 
7.229583e+01 
7.229583e+01 
7.229583e+01 
7.229583e+01 
7.229583e+01 
7.229583e+01 
7.229583e+01 
7.229583e+01 
7.229583e+01 
7.229583e+01 
7.229583e+01 
7.229583e+01 
7.229583e+01 
7.229583e+01 
7.229583e+01 
7.229583e+01 
7.229583e+01 
7.229583e+01 
7.229583e+01 
7.229583e+01 
7.229583e+01 
7.229583e+01 
7.229583e+01 
7.229583e+01 
7.229583e+01 
7.229583e+01 
7.229583e+01 
7.229583e+01 
7.229583e+01 
7.229583e+01 
7.229583e+01 
7.229583e+01 
7.229583e+01 
7.229583e+01 
7.229583e+01 
7.229583e+01 
7.229583e+01 
7.229583e+01 
7.229583e+01 
7.229583e+01 
7.229583e+01 
7.229583e+01 
7.229583e+01 
7.229583e+01 
7.229583e+01 
7.229583e+01 
7.229583e+01 
7.229583e+01 
7.229583e+01 
7.229583e+01 
7.229583e+01 
7.229583e+01 
7.229583e+01 
7.229583e+01 
7.229583e+01 
7.229583e+01 
7.229583e+01 
7.229583e+01 
7.229583e+01 
7.229583e+01 
7.229583e+01 
7.229583e+01 
7.229583e+01 
7.229583e+01 
7.229583e+01 
7.229583e+01 
7.229583e+01 
7.229583e+01 
7.229583e+01 
7.229583e+01 
7.229583e+01 
7.229583e+01 
7.229583e+01 
7.229583e+01 
7.229583e+01 
7.229583e+01 
7.229583e+01 
7.229583e+01 
7.229583e+01 
7.229583e+01 
7.229583e+01 
7.229583e+01 
7.229583e+01 
7.229583e+01 
7.229583e+01 
7.229583e+01 
7.229583e+01 
7.229583e+01 
7.229583e+01 
7.229583e+01 
7.229583e+01 
7.229583e+01 
7.229583e+01 
7.229583e+01 
7.229583e+01 
7.229583e+01 
7.229583e+01 
7.229583e+01 
7.229583e+01 
7.229583e+01 
7.229583e+01 
7.229583e+01 
7.229583e+01 
7.229583e+01 
7.229583e+01 
7.229583e+01 
7.229583e+01 
7.229583e+01 
7.229583e+01 
7.229583e+01 
7.229583e+01 
7.229583e+01 
7.229583e+01 
7.229583e+01 
7.229583e+01 
7.229583e+01 
7.229583e+01 
7.229583e+01 
7.229583e+01 
7.229583e+01 
7.229583e+01 
7.229583e+01 
7.229583e+01 
7.229583e+01 
7.229583e+01 
7.229583e+01 
7.229583e+01 
7.229583e+01 
7.229583e+01 
7.229583e+01 
7.229583e+01 
7.229583e+01 
7.229583e+01 
7.229583e+01 
7.229583e+01 
7.229583e+01 
7.229583e+01 
7.229583e+01 
7.229583e+01 
7.229583e+01 
7.229583e+01 
7.229583e+01 
7.229583e+01 
7.229583e+01 
7.229583e+01 
7.229583e+01 
7.229583e+01 
7.229583e+01 
7.229583e+01 
7.229583e+01 
7.229583e+01 
7.229583e+01 
7.229583e+01 
7.229583e+01 
7.229583e+01 
7.229583e+01 
7.229583e+01 
7.229583e+01 
7.229583e+01 
7.229583e+01 
7.229583e+01 
7.229583e+01 
7.229583e+01 
7.229583e+01 
7.229583e+01 
7.229583e+01 
7.229583e+01 
7.229583e+01 
7.229583e+01 
7.229583e+01 
7.229583e+01 
7.229583e+01 
7.229583e+01 
7.229583e+01 
7.229583e+01 
7.229583e+01 
7.229583e+01 
7.229583e+01 
7.229583e+01 
7.229583e+01 
7.229583e+01 
7.229583e+01 
7.229583e+01 
7.229583e+01 
7.229583e+01 
7.229583e+01 
7.229583e+01 
7.229583e+01 
7.229583e+01 
7.229583e+01 
7.229583e+01 
7.229583e+01 
7.229583e+01 
7.229583e+01 
7.229583e+01 
7.229583e+01 
7.229583e+01 
7.229583e+01 
7.229583e+01 
7.229583e+01 
7.229583e+01 
7.229583e+01 
7.229583e+01 
7.229583e+01 
7.229583e+01 
7.229583e+01 
7.229583e+01 
7.229583e+01 
7.229583e+01 
7.229583e+01 
7.229583e+01 
7.229583e+01 
7.229583e+01 
7.229583e+01 
7.229583e+01 
7.229583e+01 
7.229583e+01 
7.229583e+01 
7.229583e+01 
7.229583e+01 
7.229583e+01 
7.229583e+01 
7.229583e+01 
7.229583e+01 
7.229583e+01 
7.229583e+01 
7.229583e+01 
7.229583e+01 
7.229583e+01 
7.229583e+01 
7.229583e+01 
7.229583e+01 
7.229583e+01 
7.229583e+01 
7.229583e+01 
7.229583e+01 
7.229583e+01 
7.229583e+01 
7.229583e+01 
7.229583e+01 
7.229583e+01 
7.229583e+01 
7.229583e+01 
7.229583e+01 
7.229583e+01 
7.229583e+01 
7.229583e+01 
7.229583e+01 
7.229583e+01 
7.229583e+01 
7.229583e+01 
7.229583e+01 
7.229583e+01 
7.229583e+01 
7.229583e+01 
7.229583e+01 
7.229583e+01 
7.229583e+01 
7.229583e+01 
7.229583e+01 
7.229583e+01 
7.229583e+01 
7.229583e+01 
7.229583e+01 
7.229583e+01 
7.229583e+01 
7.229583e+01 
7.229583e+01 
7.229583e+01 
7.229583e+01 
7.229583e+01 
7.229583e+01 
7.229583e+01 
7.229583e+01 
7.229583e+01 
7.229583e+01 
7.229583e+01 
7.229583e+01 
7.229583e+01 
7.229583e+01 
7.229583e+01 
7.229583e+01 
7.229583e+01 
7.229583e+01 
7.229583e+01 
7.229583e+01 
7.229583e+01 
7.229583e+01 
7.229583e+01 
7.229583e+01 
7.229583e+01 
7.229583e+01 
7.229583e+01 
7.229583e+01 
7.229583e+01 
7.229583e+01 
7.229583e+01 
7.229583e+01 
7.229583e+01 
7.229583e+01 
7.229583e+01 
7.229583e+01 
7.229583e+01 
7.229583e+01 
7.229583e+01 
7.229583e+01 
7.229583e+01 
7.229583e+01 
7.229583e+01 
7.229583e+01 
7.229583e+01 
7.229583e+01 
7.229583e+01 
7.229583e+01 
7.229583e+01 
7.229583e+01 
7.229583e+01 
7.229583e+01 
7.229583e+01 
7.229583e+01 
7.229583e+01 
7.229583e+01 
7.229583e+01 
7.229583e+01 
7.229583e+01 
7.229583e+01 
7.229583e+01 
7.229583e+01 
7.229583e+01 
7.229583e+01 
7.229583e+01 
7.229583e+01 
7.229583e+01 
7.229583e+01 
7.229583e+01 
7.229583e+01 
7.229583e+01 
7.229583e+01 
7.229583e+01 
7.229583e+01 
7.229583e+01 
7.229583e+01 
7.229583e+01 
7.229583e+01 
7.229583e+01 
7.229583e+01 
7.229583e+01 
7.229583e+01 
7.229583e+01 
7.229583e+01 
7.229583e+01 
7.229583e+01 
7.229583e+01 
7.229583e+01 
7.229583e+01 
7.229583e+01 
7.229583e+01 
7.229583e+01 
7.229583e+01 
7.229583e+01 
7.229583e+01 
7.229583e+01 
7.229583e+01 
7.229583e+01 
7.229583e+01 
7.229583e+01 
7.229583e+01 
7.229583e+01 
7.229583e+01 
7.229583e+01 
7.229583e+01 
7.229583e+01 
7.229583e+01 
7.229583e+01 
7.229583e+01 
7.229583e+01 
7.229583e+01 
7.229583e+01 
7.229583e+01 
7.229583e+01 
7.229583e+01 
7.229583e+01 
7.229583e+01 
7.229583e+01 
7.229583e+01 
7.229583e+01 
7.229583e+01 
7.229583e+01 
7.229583e+01 
7.229583e+01 
7.229583e+01 
7.229583e+01 
7.229583e+01 
7.229583e+01 
7.229583e+01 
7.229583e+01 
7.229583e+01 
7.229583e+01 
7.229583e+01 
7.229583e+01 
7.229583e+01 
7.229583e+01 
7.229583e+01 
7.229583e+01 
7.229583e+01 
7.229583e+01 
7.229583e+01 
7.229583e+01 
7.229583e+01 
7.229583e+01 
7.229583e+01 
7.229583e+01 
7.229583e+01 
7.229583e+01 
7.229583e+01 
7.229583e+01 
7.229583e+01 
7.229583e+01 
7.229583e+01 
7.229583e+01 
7.229583e+01 
7.229583e+01 
7.229583e+01 
7.229583e+01 
7.229583e+01 
7.229583e+01 
7.229583e+01 
7.229583e+01 
7.229583e+01 
7.229583e+01 
7.229583e+01 
7.229583e+01 
7.229583e+01 
7.229583e+01 
7.229583e+01 
7.229583e+01 
7.229583e+01 
7.229583e+01 
7.229583e+01 
7.229583e+01 
7.229583e+01 
7.229583e+01 
7.229583e+01 
7.229583e+01 
7.229583e+01 
7.229583e+01 
7.229583e+01 
7.229583e+01 
7.229583e+01 
7.229583e+01 
7.229583e+01 
7.229583e+01 
7.229583e+01 
7.229583e+01 
7.229583e+01 
7.229583e+01 
7.229583e+01 
7.229583e+01 
7.229583e+01 
7.229583e+01 
7.229583e+01 
7.229583e+01 
7.229583e+01 
7.229583e+01 
7.229583e+01 
7.229583e+01 
7.229583e+01 
7.229583e+01 
7.229583e+01 
7.229583e+01 
7.229583e+01 
7.229583e+01 
7.229583e+01 
7.229583e+01 
7.229583e+01 
7.229583e+01 
7.229583e+01 
7.229583e+01 
7.229583e+01 
7.229583e+01 
7.229583e+01 
7.229583e+01 
7.229583e+01 
7.229583e+01 
7.229583e+01 
7.229583e+01 
7.229583e+01 
7.229583e+01 
7.229583e+01 
7.229583e+01 
7.229583e+01 
7.229583e+01 
7.229583e+01 
7.229583e+01 
7.229583e+01 
7.229583e+01 
7.229583e+01 
7.229583e+01 
7.229583e+01 
7.229583e+01 
7.229583e+01 
7.229583e+01 
7.229583e+01 
7.229583e+01 
7.229583e+01 
7.229583e+01 
7.229583e+01 
7.229583e+01 
7.229583e+01 
7.229583e+01 
7.229583e+01 
7.229583e+01 
7.229583e+01 
7.229583e+01 
7.229583e+01 
7.229583e+01 
7.229583e+01 
7.229583e+01 
7.229583e+01 
7.229583e+01 
7.229583e+01 
7.229583e+01 
7.229583e+01 
7.229583e+01 
7.229583e+01 
7.229583e+01 
7.229583e+01 
7.229583e+01 
7.229583e+01 
7.229583e+01 
7.229583e+01 
7.229583e+01 
7.229583e+01 
7.229583e+01 
7.229583e+01 
7.229583e+01 
7.229583e+01 
7.229583e+01 
7.229583e+01 
7.229583e+01 
7.229583e+01 
7.229583e+01 
7.229583e+01 
7.229583e+01 
7.229583e+01 
7.229583e+01 
7.229583e+01 
7.229583e+01 
7.229583e+01 
7.229583e+01 
7.229583e+01 
7.229583e+01 
7.229583e+01 
7.229583e+01 
7.229583e+01 
7.229583e+01 
7.229583e+01 
7.229583e+01 
7.229583e+01 
7.229583e+01 
7.229583e+01 
7.229583e+01 
7.229583e+01 
7.229583e+01 
7.229583e+01 
7.229583e+01 
7.229583e+01 
7.229583e+01 
7.229583e+01 
7.229583e+01 
7.229583e+01 
7.229583e+01 
7.229583e+01 
7.229583e+01 
7.229583e+01 
7.229583e+01 
7.229583e+01 
7.229583e+01 
7.229583e+01 
7.229583e+01 
7.229583e+01 
7.229583e+01 
7.229583e+01 
7.229583e+01 
7.229583e+01 
7.229583e+01 
7.229583e+01 
7.229583e+01 
7.229583e+01 
7.229583e+01 
7.229583e+01 
7.229583e+01 
7.229583e+01 
7.229583e+01 
7.229583e+01 
7.229583e+01 
7.229583e+01 
7.229583e+01 
7.229583e+01 
7.229583e+01 
7.229583e+01 
7.229583e+01 
7.229583e+01 
7.229583e+01 
7.229583e+01 
7.229583e+01 
7.229583e+01 
7.229583e+01 
7.229583e+01 
7.229583e+01 
7.229583e+01 
7.229583e+01 
7.229583e+01 
7.229583e+01 
7.229583e+01 
7.229583e+01 
7.229583e+01 
7.229583e+01 
7.229583e+01 
7.229583e+01 
7.229583e+01 
7.229583e+01 
7.229583e+01 
7.229583e+01 
7.229583e+01 
7.229583e+01 
7.229583e+01 
7.229583e+01 
7.229583e+01 
7.229583e+01 
7.229583e+01 
7.229583e+01 
7.229583e+01 
7.229583e+01 
7.229583e+01 
7.229583e+01 
7.229583e+01 
7.229583e+01 
7.229583e+01 
7.229583e+01 
7.229583e+01 
7.229583e+01 
7.229583e+01 
7.229583e+01 
7.229583e+01 
7.229583e+01 
7.229583e+01 
7.229583e+01 
7.229583e+01 
7.229583e+01 
7.229583e+01 
7.229583e+01 
7.229583e+01 
7.229583e+01 
7.229583e+01 
7.229583e+01 
7.229583e+01 
7.229583e+01 
7.229583e+01 
7.229583e+01 
7.229583e+01 
7.229583e+01 
7.229583e+01 
7.229583e+01 
7.229583e+01 
7.229583e+01 
7.229583e+01 
7.229583e+01 
7.229583e+01 
7.229583e+01 
7.229583e+01 
7.229583e+01 
7.229583e+01 
7.229583e+01 
7.229583e+01 
7.229583e+01 
7.229583e+01 
7.229583e+01 
7.229583e+01 
7.229583e+01 
7.229583e+01 
7.229583e+01 
7.229583e+01 
7.229583e+01 
7.229583e+01 
7.229583e+01 
7.229583e+01 
7.229583e+01 
7.229583e+01 
7.229583e+01 
7.229583e+01 
7.229583e+01 
7.229583e+01 
7.229583e+01 
7.229583e+01 
7.229583e+01 
7.229583e+01 
7.229583e+01 
7.229583e+01 
7.229583e+01 
7.229583e+01 
7.229583e+01 
7.229583e+01 
7.229583e+01 
7.229583e+01 
7.229583e+01 
7.229583e+01 
7.229583e+01 
7.229583e+01 
7.229583e+01 
7.229583e+01 
7.229583e+01 
7.229583e+01 
7.229583e+01 
7.229583e+01 
7.229583e+01 
7.229583e+01 
7.229583e+01 
7.229583e+01 
7.229583e+01 
7.229583e+01 
7.229583e+01 
7.229583e+01 
7.229583e+01 
7.229583e+01 
7.229583e+01 
7.229583e+01 
7.229583e+01 
7.229583e+01 
7.229583e+01 
7.229583e+01 
7.229583e+01 
7.229583e+01 
7.229583e+01 
7.229583e+01 
7.229583e+01 
7.229583e+01 
7.229583e+01 
7.229583e+01 
7.229583e+01 
7.229583e+01 
7.229583e+01 
7.229583e+01 
7.229583e+01 
7.229583e+01 
7.229583e+01 
7.229583e+01 
7.229583e+01 
7.229583e+01 
7.229583e+01 
7.229583e+01 
7.229583e+01 
7.229583e+01 
7.229583e+01 
7.229583e+01 
7.229583e+01 
7.229583e+01 
7.229583e+01 
7.229583e+01 
7.229583e+01 
7.229583e+01 
7.229583e+01 
7.229583e+01 
7.229583e+01 
7.229583e+01 
7.229583e+01 
7.229583e+01 
7.229583e+01 
7.229583e+01 
7.229583e+01 
7.229583e+01 
7.229583e+01 
7.229583e+01 
7.229583e+01 
7.229583e+01 
7.229583e+01 
7.229583e+01 
7.229583e+01 
7.229583e+01 
7.229583e+01 
7.229583e+01 
7.229583e+01 
7.229583e+01 
7.229583e+01 
7.229583e+01 
7.229583e+01 
7.229583e+01 
7.229583e+01 
7.229583e+01 
7.229583e+01 
7.229583e+01 
7.229583e+01 
7.229583e+01 
7.229583e+01 
7.229583e+01 
7.229583e+01 
7.229583e+01 
7.229583e+01 
7.229583e+01 
7.229583e+01 
7.229583e+01 
7.229583e+01 
7.229583e+01 
7.229583e+01 
7.229583e+01 
7.229583e+01 
7.229583e+01 
7.229583e+01 
7.229583e+01 
7.229583e+01 
7.229583e+01 
7.229583e+01 
7.229583e+01 
7.229583e+01 
7.229583e+01 
7.229583e+01 
7.229583e+01 
7.229583e+01 
7.229583e+01 
7.229583e+01 
7.229583e+01 
7.229583e+01 
7.229583e+01 
7.229583e+01 
7.229583e+01 
7.229583e+01 
7.229583e+01 
7.229583e+01 
7.229583e+01 
7.229583e+01 
7.229583e+01 
7.229583e+01 
7.229583e+01 
7.229583e+01 
7.229583e+01 
7.229583e+01 
7.229583e+01 
7.229583e+01 
7.229583e+01 
7.229583e+01 
7.229583e+01 
7.229583e+01 
7.229583e+01 
7.229583e+01 
7.229583e+01 
7.229583e+01 
7.229583e+01 
7.229583e+01 
7.229583e+01 
7.229583e+01 
7.229583e+01 
7.229583e+01 
7.229583e+01 
7.229583e+01 
7.229583e+01 
7.229583e+01 
7.229583e+01 
7.229583e+01 
7.229583e+01 
7.229583e+01 
7.229583e+01 
7.229583e+01 
7.229583e+01 
7.229583e+01 
7.229583e+01 
7.229583e+01 
7.229583e+01 
7.229583e+01 
7.229583e+01 
7.229583e+01 
7.229583e+01 
7.229583e+01 
7.229583e+01 
7.229583e+01 
7.229583e+01 
7.229583e+01 
7.229583e+01 
7.229583e+01 
7.229583e+01 
7.229583e+01 
7.229583e+01 
7.229583e+01 
7.229583e+01 
7.229583e+01 
7.229583e+01 
7.229583e+01 
7.229583e+01 
7.229583e+01 
7.229583e+01 
7.229583e+01 
7.229583e+01 
7.229583e+01 
7.229583e+01 
7.229583e+01 
7.229583e+01 
7.229583e+01 
7.229583e+01 
7.229583e+01 
7.229583e+01 
7.229583e+01 
7.229583e+01 
7.229583e+01 
7.229583e+01 
7.229583e+01 
7.229583e+01 
7.229583e+01 
7.229583e+01 
7.229583e+01 
7.229583e+01 
7.229583e+01 
7.229583e+01 
7.229583e+01 
7.229583e+01 
7.229583e+01 
7.229583e+01 
7.229583e+01 
7.229583e+01 
7.229583e+01 
7.229583e+01 
7.229583e+01 
7.229583e+01 
7.229583e+01 
7.229583e+01 
7.229583e+01 
7.229583e+01 
7.229583e+01 
7.229583e+01 
7.229583e+01 
7.229583e+01 
7.229583e+01 
7.229583e+01 
7.229583e+01 
7.229583e+01 
7.229583e+01 
7.229583e+01 
7.229583e+01 
7.229583e+01 
7.229583e+01 
7.229583e+01 
7.229583e+01 
7.229583e+01 
7.229583e+01 
7.229583e+01 
7.229583e+01 
7.229583e+01 
7.229583e+01 
7.229583e+01 
7.229583e+01 
7.229583e+01 
7.229583e+01 
7.229583e+01 
7.229583e+01 
7.229583e+01 
7.229583e+01 
7.229583e+01 
7.229583e+01 
7.229583e+01 
7.229583e+01 
7.229583e+01 
7.229583e+01 
7.229583e+01 
7.229583e+01 
7.229583e+01 
7.229583e+01 
7.229583e+01 
7.229583e+01 
7.229583e+01 
7.229583e+01 
7.229583e+01 
7.229583e+01 
7.229583e+01 
7.229583e+01 
7.229583e+01 
7.229583e+01 
7.229583e+01 
7.229583e+01 
7.229583e+01 
7.229583e+01 
7.229583e+01 
7.229583e+01 
7.229583e+01 
7.229583e+01 
7.229583e+01 
7.229583e+01 
7.229583e+01 
7.229583e+01 
7.229583e+01 
7.229583e+01 
7.229583e+01 
7.229583e+01 
7.229583e+01 
7.229583e+01 
7.229583e+01 
7.229583e+01 
7.229583e+01 
7.229583e+01 
7.229583e+01 
7.229583e+01 
7.229583e+01 
7.229583e+01 
7.229583e+01 
7.229583e+01 
7.229583e+01 
7.229583e+01 
7.229583e+01 
7.229583e+01 
7.229583e+01 
7.229583e+01 
7.229583e+01 
7.229583e+01 
7.229583e+01 
7.229583e+01 
7.229583e+01 
7.229583e+01 
7.229583e+01 
7.229583e+01 
7.229583e+01 
7.229583e+01 
7.229583e+01 
7.229583e+01 
7.229583e+01 
7.229583e+01 
7.229583e+01 
7.229583e+01 
7.229583e+01 
7.229583e+01 
7.229583e+01 
7.229583e+01 
7.229583e+01 
7.229583e+01 
7.229583e+01 
7.229583e+01 
7.229583e+01 
7.229583e+01 
7.229583e+01 
7.229583e+01 
7.229583e+01 
7.229583e+01 
7.229583e+01 
7.229583e+01 
7.229583e+01 
7.229583e+01 
7.229583e+01 
7.229583e+01 
7.229583e+01 
7.229583e+01 
7.229583e+01 
7.229583e+01 
7.229583e+01 
7.229583e+01 
7.229583e+01 
7.229583e+01 
7.229583e+01 
7.229583e+01 
7.229583e+01 
7.229583e+01 
7.229583e+01 
7.229583e+01 
7.229583e+01 
7.229583e+01 
7.229583e+01 
7.229583e+01 
7.229583e+01 
7.229583e+01 
7.229583e+01 
7.229583e+01 
7.229583e+01 
7.229583e+01 
7.229583e+01 
7.229583e+01 
7.229583e+01 
7.229583e+01 
7.229583e+01 
7.229583e+01 
7.229583e+01 
7.229583e+01 
7.229583e+01 
7.229583e+01 
7.229583e+01 
7.229583e+01 
7.229583e+01 
7.229583e+01 
7.229583e+01 
7.229583e+01 
7.229583e+01 
7.229583e+01 
7.229583e+01 
7.229583e+01 
7.229583e+01 
7.229583e+01 
7.229583e+01 
7.229583e+01 
7.229583e+01 
7.229583e+01 
7.229583e+01 
7.229583e+01 
7.229583e+01 
7.229583e+01 
7.229583e+01 
7.229583e+01 
7.229583e+01 
7.229583e+01 
7.229583e+01 
7.229583e+01 
7.229583e+01 
7.229583e+01 
7.229583e+01 
7.229583e+01 
7.229583e+01 
7.229583e+01 
7.229583e+01 
7.229583e+01 
7.229583e+01 
7.229583e+01 
7.229583e+01 
7.229583e+01 
7.229583e+01 
7.229583e+01 
7.229583e+01 
7.229583e+01 
7.229583e+01 
7.229583e+01 
7.229583e+01 
7.229583e+01 
7.229583e+01 
7.229583e+01 
7.229583e+01 
7.229583e+01 
7.229583e+01 
7.229583e+01 
7.229583e+01 
7.229583e+01 
7.229583e+01 
7.229583e+01 
7.229583e+01 
7.229583e+01 
7.229583e+01 
7.229583e+01 
7.229583e+01 
7.229583e+01 
7.229583e+01 
7.229583e+01 
7.229583e+01 
7.229583e+01 
7.229583e+01 
7.229583e+01 
7.229583e+01 
7.229583e+01 
7.229583e+01 
7.229583e+01 
7.229583e+01 
7.229583e+01 
7.229583e+01 
7.229583e+01 
7.229583e+01 
7.229583e+01 
7.229583e+01 
7.229583e+01 
7.229583e+01 
7.229583e+01 
7.229583e+01 
7.229583e+01 
7.229583e+01 
7.229583e+01 
7.229583e+01 
7.229583e+01 
7.229583e+01 
7.229583e+01 
7.229583e+01 
7.229583e+01 
7.229583e+01 
7.229583e+01 
7.229583e+01 
7.229583e+01 
7.229583e+01 
7.229583e+01 
7.229583e+01 
7.229583e+01 
7.229583e+01 
7.229583e+01 
7.229583e+01 
7.229583e+01 
7.229583e+01 
7.229583e+01 
7.229583e+01 
7.229583e+01 
7.229583e+01 
7.229583e+01 
7.229583e+01 
7.229583e+01 
7.229583e+01 
7.229583e+01 
7.229583e+01 
7.229583e+01 
7.229583e+01 
7.229583e+01 
7.229583e+01 
7.229583e+01 
7.229583e+01 
7.229583e+01 
7.229583e+01 
7.229583e+01 
7.229583e+01 
7.229583e+01 
7.229583e+01 
7.229583e+01 
7.229583e+01 
7.229583e+01 
7.229583e+01 
7.229583e+01 
7.229583e+01 
7.229583e+01 
7.229583e+01 
7.229583e+01 
7.229583e+01 
7.229583e+01 
7.229583e+01 
7.229583e+01 
7.229583e+01 
7.229583e+01 
7.229583e+01 
7.229583e+01 
7.229583e+01 
7.229583e+01 
7.229583e+01 
7.229583e+01 
7.229583e+01 
7.229583e+01 
7.229583e+01 
7.229583e+01 
7.229583e+01 
7.229583e+01 
7.229583e+01 
7.229583e+01 
7.229583e+01 
7.229583e+01 
7.229583e+01 
7.229583e+01 
7.229583e+01 
7.229583e+01 
7.229583e+01 
7.229583e+01 
7.229583e+01 
7.229583e+01 
7.229583e+01 
7.229583e+01 
7.229583e+01 
7.229583e+01 
7.229583e+01 
7.229583e+01 
7.229583e+01 
7.229583e+01 
7.229583e+01 
7.229583e+01 
7.229583e+01 
7.229583e+01 
7.229583e+01 
7.229583e+01 
7.229583e+01 
7.229583e+01 
7.229583e+01 
7.229583e+01 
7.229583e+01 
7.229583e+01 
7.229583e+01 
7.229583e+01 
7.229583e+01 
7.229583e+01 
7.229583e+01 
7.229583e+01 
7.229583e+01 
7.229583e+01 
7.229583e+01 
7.229583e+01 
7.229583e+01 
7.229583e+01 
7.229583e+01 
7.229583e+01 
7.229583e+01 
7.229583e+01 
7.229583e+01 
7.229583e+01 
7.229583e+01 
7.229583e+01 
7.229583e+01 
7.229583e+01 
7.229583e+01 
7.229583e+01 
7.229583e+01 
7.229583e+01 
7.229583e+01 
7.229583e+01 
7.229583e+01 
7.229583e+01 
7.229583e+01 
7.229583e+01 
7.229583e+01 
7.229583e+01 
7.229583e+01 
7.229583e+01 
7.229583e+01 
7.229583e+01 
7.229583e+01 
7.229583e+01 
7.229583e+01 
7.229583e+01 
7.229583e+01 
7.229583e+01 
7.229583e+01 
7.229583e+01 
7.229583e+01 
7.229583e+01 
7.229583e+01 
7.229583e+01 
7.229583e+01 
7.229583e+01 
7.229583e+01 
7.229583e+01 
7.229583e+01 
7.229583e+01 
7.229583e+01 
7.229583e+01 
7.229583e+01 
7.229583e+01 
7.229583e+01 
7.229583e+01 
7.229583e+01 
7.229583e+01 
7.229583e+01 
7.229583e+01 
7.229583e+01 
7.229583e+01 
7.229583e+01 
7.229583e+01 
7.229583e+01 
7.229583e+01 
7.229583e+01 
7.229583e+01 
7.229583e+01 
7.229583e+01 
7.229583e+01 
7.229583e+01 
7.229583e+01 
7.229583e+01 
7.229583e+01 
7.229583e+01 
7.229583e+01 
7.229583e+01 
7.229583e+01 
7.229583e+01 
7.229583e+01 
7.229583e+01 
7.229583e+01 
7.229583e+01 
7.229583e+01 
7.229583e+01 
7.229583e+01 
7.229583e+01 
7.229583e+01 
7.229583e+01 
7.229583e+01 
7.229583e+01 
7.229583e+01 
7.229583e+01 
7.229583e+01 
7.229583e+01 
7.229583e+01 
7.229583e+01 
7.229583e+01 
7.229583e+01 
7.229583e+01 
7.229583e+01 
7.229583e+01 
7.229583e+01 
7.229583e+01 
7.229583e+01 
7.229583e+01 
7.229583e+01 
7.229583e+01 
7.229583e+01 
7.229583e+01 
7.229583e+01 
7.229583e+01 
7.229583e+01 
7.229583e+01 
7.229583e+01 
7.229583e+01 
7.229583e+01 
7.229583e+01 
7.229583e+01 
7.229583e+01 
7.229583e+01 
7.229583e+01 
7.229583e+01 
7.229583e+01 
7.229583e+01 
7.229583e+01 
7.229583e+01 
7.229583e+01 
7.229583e+01 
7.229583e+01 
7.229583e+01 
7.229583e+01 
7.229583e+01 
7.229583e+01 
7.229583e+01 
7.229583e+01 
7.229583e+01 
7.229583e+01 
7.229583e+01 
7.229583e+01 
7.229583e+01 
7.229583e+01 
7.229583e+01 
7.229583e+01 
7.229583e+01 
7.229583e+01 
7.229583e+01 
7.229583e+01 
7.229583e+01 
7.229583e+01 
7.229583e+01 
7.229583e+01 
7.229583e+01 
7.229583e+01 
7.229583e+01 
7.229583e+01 
7.229583e+01 
7.229583e+01 
7.229583e+01 
7.229583e+01 
7.229583e+01 
7.229583e+01 
7.229583e+01 
7.229583e+01 
7.229583e+01 
7.229583e+01 
7.229583e+01 
7.229583e+01 
7.229583e+01 
7.229583e+01 
7.229583e+01 
7.229583e+01 
7.229583e+01 
7.229583e+01 
7.229583e+01 
7.229583e+01 
7.229583e+01 
7.229583e+01 
7.229583e+01 
7.229583e+01 
7.229583e+01 
7.229583e+01 
7.229583e+01 
7.229583e+01 
7.229583e+01 
7.229583e+01 
7.229583e+01 
7.229583e+01 
7.229583e+01 
7.229583e+01 
7.229583e+01 
7.229583e+01 
7.229583e+01 
7.229583e+01 
7.229583e+01 
7.229583e+01 
7.229583e+01 
7.229583e+01 
7.229583e+01 
7.229583e+01 
7.229583e+01 
7.229583e+01 
7.229583e+01 
7.229583e+01 
7.229583e+01 
7.229583e+01 
7.229583e+01 
7.229583e+01 
7.229583e+01 
7.229583e+01 
7.229583e+01 
7.229583e+01 
7.229583e+01 
7.229583e+01 
7.229583e+01 
7.229583e+01 
7.229583e+01 
7.229583e+01 
7.229583e+01 
7.229583e+01 
7.229583e+01 
7.229583e+01 
7.229583e+01 
7.229583e+01 
7.229583e+01 
7.229583e+01 
7.229583e+01 
7.229583e+01 
7.229583e+01 
7.229583e+01 
7.229583e+01 
7.229583e+01 
7.229583e+01 
7.229583e+01 
7.229583e+01 
7.229583e+01 
7.229583e+01 
7.229583e+01 
7.229583e+01 
7.229583e+01 
7.229583e+01 
7.229583e+01 
7.229583e+01 
7.229583e+01 
7.229583e+01 
7.229583e+01 
7.229583e+01 
7.229583e+01 
7.229583e+01 
7.229583e+01 
7.229583e+01 
7.229583e+01 
7.229583e+01 
7.229583e+01 
7.229583e+01 
7.229583e+01 
7.229583e+01 
7.229583e+01 
7.229583e+01 
7.229583e+01 
7.229583e+01 
7.229583e+01 
7.229583e+01 
7.229583e+01 
7.229583e+01 
7.229583e+01 
7.229583e+01 
7.229583e+01 
7.229583e+01 
7.229583e+01 
7.229583e+01 
7.229583e+01 
7.229583e+01 
7.229583e+01 
7.229583e+01 
7.229583e+01 
7.229583e+01 
7.229583e+01 
7.229583e+01 
7.229583e+01 
7.229583e+01 
7.229583e+01 
7.229583e+01 
7.229583e+01 
7.229583e+01 
7.229583e+01 
7.229583e+01 
7.229583e+01 
7.229583e+01 
7.229583e+01 
7.229583e+01 
7.229583e+01 
7.229583e+01 
7.229583e+01 
7.229583e+01 
7.229583e+01 
7.229583e+01 
7.229583e+01 
7.229583e+01 
7.229583e+01 
7.229583e+01 
7.229583e+01 
7.229583e+01 
7.229583e+01 
7.229583e+01 
7.229583e+01 
7.229583e+01 
7.229583e+01 
7.229583e+01 
7.229583e+01 
7.229583e+01 
7.229583e+01 
7.229583e+01 
7.229583e+01 
7.229583e+01 
7.229583e+01 
7.229583e+01 
7.229583e+01 
7.229583e+01 
7.229583e+01 
7.229583e+01 
7.229583e+01 
7.229583e+01 
7.229583e+01 
7.229583e+01 
7.229583e+01 
7.229583e+01 
7.229583e+01 
7.229583e+01 
7.229583e+01 
7.229583e+01 
7.229583e+01 
7.229583e+01 
7.229583e+01 
7.229583e+01 
7.229583e+01 
7.229583e+01 
7.229583e+01 
7.229583e+01 
7.229583e+01 
7.229583e+01 
7.229583e+01 
7.229583e+01 
7.229583e+01 
7.229583e+01 
7.229583e+01 
7.229583e+01 
7.229583e+01 
7.229583e+01 
7.229583e+01 
7.229583e+01 
7.229583e+01 
7.229583e+01 
7.229583e+01 
7.229583e+01 
7.229583e+01 
7.229583e+01 
7.229583e+01 
7.229583e+01 
7.229583e+01 
7.229583e+01 
7.229583e+01 
7.229583e+01 
7.229583e+01 
7.229583e+01 
7.229583e+01 
7.229583e+01 
7.229583e+01 
7.229583e+01 
7.229583e+01 
7.229583e+01 
7.229583e+01 
7.229583e+01 
7.229583e+01 
7.229583e+01 
7.229583e+01 
7.229583e+01 
7.229583e+01 
7.229583e+01 
7.229583e+01 
7.229583e+01 
7.229583e+01 
7.229583e+01 
7.229583e+01 
7.229583e+01 
7.229583e+01 
7.229583e+01 
7.229583e+01 
7.229583e+01 
7.229583e+01 
7.229583e+01 
7.229583e+01 
7.229583e+01 
7.229583e+01 
7.229583e+01 
7.229583e+01 
7.229583e+01 
7.229583e+01 
7.229583e+01 
7.229583e+01 
7.229583e+01 
7.229583e+01 
7.229583e+01 
7.229583e+01 
7.229583e+01 
7.229583e+01 
7.229583e+01 
7.229583e+01 
7.229583e+01 
7.229583e+01 
7.229583e+01 
7.229583e+01 
7.229583e+01 
7.229583e+01 
7.229583e+01 
7.229583e+01 
7.229583e+01 
7.229583e+01 
7.229583e+01 
7.229583e+01 
7.229583e+01 
7.229583e+01 
7.229583e+01 
7.229583e+01 
7.229583e+01 
7.229583e+01 
7.229583e+01 
7.229583e+01 
7.229583e+01 
7.229583e+01 
7.229583e+01 
7.229583e+01 
7.229583e+01 
7.229583e+01 
7.229583e+01 
7.229583e+01 
7.229583e+01 
7.229583e+01 
7.229583e+01 
7.229583e+01 
7.229583e+01 
7.229583e+01 
7.229583e+01 
7.229583e+01 
7.229583e+01 
7.229583e+01 
7.229583e+01 
7.229583e+01 
7.229583e+01 
7.229583e+01 
7.229583e+01 
7.229583e+01 
7.229583e+01 
7.229583e+01 
7.229583e+01 
7.229583e+01 
7.229583e+01 
7.229583e+01 
7.229583e+01 
7.229583e+01 
7.229583e+01 
7.229583e+01 
7.229583e+01 
7.229583e+01 
7.229583e+01 
7.229583e+01 
7.229583e+01 
7.229583e+01 
7.229583e+01 
7.229583e+01 
7.229583e+01 
7.229583e+01 
7.229583e+01 
7.229583e+01 
7.229583e+01 
7.229583e+01 
7.229583e+01 
7.229583e+01 
7.229583e+01 
7.229583e+01 
7.229583e+01 
7.229583e+01 
7.229583e+01 
7.229583e+01 
7.229583e+01 
7.229583e+01 
7.229583e+01 
7.229583e+01 
7.229583e+01 
7.229583e+01 
7.229583e+01 
7.229583e+01 
7.229583e+01 
7.229583e+01 
7.229583e+01 
7.229583e+01 
7.229583e+01 
7.229583e+01 
7.229583e+01 
7.229583e+01 
7.229583e+01 
7.229583e+01 
7.229583e+01 
7.229583e+01 
7.229583e+01 
7.229583e+01 
7.229583e+01 
7.229583e+01 
7.229583e+01 
7.229583e+01 
7.229583e+01 
7.229583e+01 
7.229583e+01 
7.229583e+01 
7.229583e+01 
7.229583e+01 
7.229583e+01 
7.229583e+01 
7.229583e+01 
7.229583e+01 
7.229583e+01 
7.229583e+01 
7.229583e+01 
7.229583e+01 
7.229583e+01 
7.229583e+01 
7.229583e+01 
7.229583e+01 
7.229583e+01 
7.229583e+01 
7.229583e+01 
7.229583e+01 
7.229583e+01 
7.229583e+01 
7.229583e+01 
7.229583e+01 
7.229583e+01 
7.229583e+01 
7.229583e+01 
7.229583e+01 
7.229583e+01 
7.229583e+01 
7.229583e+01 
7.229583e+01 
7.229583e+01 
7.229583e+01 
7.229583e+01 
7.229583e+01 
7.229583e+01 
7.229583e+01 
7.229583e+01 
7.229583e+01 
7.229583e+01 
7.229583e+01 
7.229583e+01 
7.229583e+01 
7.229583e+01 
7.229583e+01 
7.229583e+01 
7.229583e+01 
7.229583e+01 
7.229583e+01 
7.229583e+01 
7.229583e+01 
7.229583e+01 
7.229583e+01 
7.229583e+01 
7.229583e+01 
7.229583e+01 
7.229583e+01 
7.229583e+01 
7.229583e+01 
7.229583e+01 
7.229583e+01 
7.229583e+01 
7.229583e+01 
7.229583e+01 
7.229583e+01 
7.229583e+01 
7.229583e+01 
7.229583e+01 
7.229583e+01 
7.229583e+01 
7.229583e+01 
7.229583e+01 
7.229583e+01 
7.229583e+01 
7.229583e+01 
7.229583e+01 
7.229583e+01 
7.229583e+01 
7.229583e+01 
7.229583e+01 
7.229583e+01 
7.229583e+01 
7.229583e+01 
7.229583e+01 
7.229583e+01 
7.229583e+01 
7.229583e+01 
7.229583e+01 
7.229583e+01 
7.229583e+01 
7.229583e+01 
7.229583e+01 
7.229583e+01 
7.229583e+01 
7.229583e+01 
7.229583e+01 
7.229583e+01 
7.229583e+01 
7.229583e+01 
7.229583e+01 
7.229583e+01 
7.229583e+01 
7.229583e+01 
7.229583e+01 
7.229583e+01 
7.229583e+01 
7.229583e+01 
7.229583e+01 
7.229583e+01 
7.229583e+01 
7.229583e+01 
7.229583e+01 
7.229583e+01 
7.229583e+01 
7.229583e+01 
7.229583e+01 
7.229583e+01 
7.229583e+01 
7.229583e+01 
7.229583e+01 
7.229583e+01 
7.229583e+01 
7.229583e+01 
7.229583e+01 
7.229583e+01 
7.229583e+01 
7.229583e+01 
7.229583e+01 
7.229583e+01 
7.229583e+01 
7.229583e+01 
7.229583e+01 
7.229583e+01 
7.229583e+01 
7.229583e+01 
7.229583e+01 
7.229583e+01 
7.229583e+01 
7.229583e+01 
7.229583e+01 
7.229583e+01 
7.229583e+01 
7.229583e+01 
7.229583e+01 
7.229583e+01 
7.229583e+01 
7.229583e+01 
7.229583e+01 
7.229583e+01 
7.229583e+01 
7.229583e+01 
7.229583e+01 
7.229583e+01 
7.229583e+01 
7.229583e+01 
7.229583e+01 
7.229583e+01 
7.229583e+01 
7.229583e+01 
7.229583e+01 
7.229583e+01 
7.229583e+01 
7.229583e+01 
7.229583e+01 
7.229583e+01 
7.229583e+01 
7.229583e+01 
7.229583e+01 
7.229583e+01 
7.229583e+01 
7.229583e+01 
7.229583e+01 
7.229583e+01 
7.229583e+01 
7.229583e+01 
7.229583e+01 
7.229583e+01 
7.229583e+01 
7.229583e+01 
7.229583e+01 
7.229583e+01 
7.229583e+01 
7.229583e+01 
7.229583e+01 
7.229583e+01 
7.229583e+01 
7.229583e+01 
7.229583e+01 
7.229583e+01 
7.229583e+01 
7.229583e+01 
7.229583e+01 
7.229583e+01 
7.229583e+01 
7.229583e+01 
7.229583e+01 
7.229583e+01 
7.229583e+01 
7.229583e+01 
7.229583e+01 
7.229583e+01 
7.229583e+01 
7.229583e+01 
7.229583e+01 
7.229583e+01 
7.229583e+01 
7.229583e+01 
7.229583e+01 
7.229583e+01 
7.229583e+01 
7.229583e+01 
7.229583e+01 
7.229583e+01 
7.229583e+01 
7.229583e+01 
7.229583e+01 
7.229583e+01 
7.229583e+01 
7.229583e+01 
7.229583e+01 
7.229583e+01 
7.229583e+01 
7.229583e+01 
7.229583e+01 
7.229583e+01 
7.229583e+01 
7.229583e+01 
7.229583e+01 
7.229583e+01 
7.229583e+01 
7.229583e+01 
7.229583e+01 
7.229583e+01 
7.229583e+01 
7.229583e+01 
7.229583e+01 
7.229583e+01 
7.229583e+01 
7.229583e+01 
7.229583e+01 
7.229583e+01 
7.229583e+01 
7.229583e+01 
7.229583e+01 
7.229583e+01 
7.229583e+01 
7.229583e+01 
7.229583e+01 
7.229583e+01 
7.229583e+01 
7.229583e+01 
7.229583e+01 
7.229583e+01 
7.229583e+01 
7.229583e+01 
7.229583e+01 
7.229583e+01 
7.229583e+01 
7.229583e+01 
7.229583e+01 
7.229583e+01 
7.229583e+01 
7.229583e+01 
7.229583e+01 
7.229583e+01 
7.229583e+01 
7.229583e+01 
7.229583e+01 
7.229583e+01 
7.229583e+01 
7.229583e+01 
7.229583e+01 
7.229583e+01 
7.229583e+01 
7.229583e+01 
7.229583e+01 
7.229583e+01 
7.229583e+01 
7.229583e+01 
7.229583e+01 
7.229583e+01 
7.229583e+01 
7.229583e+01 
7.229583e+01 
7.229583e+01 
7.229583e+01 
7.229583e+01 
7.229583e+01 
7.229583e+01 
7.229583e+01 
7.229583e+01 
7.229583e+01 
7.229583e+01 
7.229583e+01 
7.229583e+01 
7.229583e+01 
7.229583e+01 
7.229583e+01 
7.229583e+01 
7.229583e+01 
7.229583e+01 
7.229583e+01 
7.229583e+01 
7.229583e+01 
7.229583e+01 
7.229583e+01 
7.229583e+01 
7.229583e+01 
7.229583e+01 
7.229583e+01 
7.229583e+01 
7.229583e+01 
7.229583e+01 
7.229583e+01 
7.229583e+01 
7.229583e+01 
7.229583e+01 
7.229583e+01 
7.229583e+01 
7.229583e+01 
7.229583e+01 
7.229583e+01 
7.229583e+01 
7.229583e+01 
7.229583e+01 
7.229583e+01 
7.229583e+01 
7.229583e+01 
7.229583e+01 
7.229583e+01 
7.229583e+01 
7.229583e+01 
7.229583e+01 
7.229583e+01 
7.229583e+01 
7.229583e+01 
7.229583e+01 
7.229583e+01 
7.229583e+01 
7.229583e+01 
7.229583e+01 
7.229583e+01 
7.229583e+01 
7.229583e+01 
7.229583e+01 
7.229583e+01 
7.229583e+01 
7.229583e+01 
7.229583e+01 
7.229583e+01 
7.229583e+01 
7.229583e+01 
7.229583e+01 
7.229583e+01 
7.229583e+01 
7.229583e+01 
7.229583e+01 
7.229583e+01 
7.229583e+01 
7.229583e+01 
7.229583e+01 
7.229583e+01 
7.229583e+01 
7.229583e+01 
7.229583e+01 
7.229583e+01 
7.229583e+01 
7.229583e+01 
7.229583e+01 
7.229583e+01 
7.229583e+01 
7.229583e+01 
7.229583e+01 
7.229583e+01 
7.229583e+01 
7.229583e+01 
7.229583e+01 
7.229583e+01 
7.229583e+01 
7.229583e+01 
7.229583e+01 
7.229583e+01 
7.229583e+01 
7.229583e+01 
7.229583e+01 
7.229583e+01 
7.229583e+01 
7.229583e+01 
7.229583e+01 
7.229583e+01 
7.229583e+01 
7.229583e+01 
7.229583e+01 
7.229583e+01 
7.229583e+01 
7.229583e+01 
7.229583e+01 
7.229583e+01 
7.229583e+01 
7.229583e+01 
7.229583e+01 
7.229583e+01 
7.229583e+01 
7.229583e+01 
7.229583e+01 
7.229583e+01 
7.229583e+01 
7.229583e+01 
7.229583e+01 
7.229583e+01 
7.229583e+01 
7.229583e+01 
7.229583e+01 
7.229583e+01 
7.229583e+01 
7.229583e+01 
7.229583e+01 
7.229583e+01 
7.229583e+01 
7.229583e+01 
7.229583e+01 
7.229583e+01 
7.229583e+01 
7.229583e+01 
7.229583e+01 
7.229583e+01 
7.229583e+01 
7.229583e+01 
7.229583e+01 
7.229583e+01 
7.229583e+01 
7.229583e+01 
7.229583e+01 
7.229583e+01 
7.229583e+01 
7.229583e+01 
7.229583e+01 
7.229583e+01 
7.229583e+01 
7.229583e+01 
7.229583e+01 
7.229583e+01 
7.229583e+01 
7.229583e+01 
7.229583e+01 
7.229583e+01 
7.229583e+01 
7.229583e+01 
7.229583e+01 
7.229583e+01 
7.229583e+01 
7.229583e+01 
7.229583e+01 
7.229583e+01 
7.229583e+01 
7.229583e+01 
7.229583e+01 
7.229583e+01 
7.229583e+01 
7.229583e+01 
7.229583e+01 
7.229583e+01 
7.229583e+01 
7.229583e+01 
7.229583e+01 
7.229583e+01 
7.229583e+01 
7.229583e+01 
7.229583e+01 
7.229583e+01 
7.229583e+01 
7.229583e+01 
7.229583e+01 
7.229583e+01 
7.229583e+01 
7.229583e+01 
7.229583e+01 
7.229583e+01 
7.229583e+01 
7.229583e+01 
7.229583e+01 
7.229583e+01 
7.229583e+01 
7.229583e+01 
7.229583e+01 
7.229583e+01 
7.229583e+01 
7.229583e+01 
7.229583e+01 
7.229583e+01 
7.229583e+01 
7.229583e+01 
7.229583e+01 
7.229583e+01 
7.229583e+01 
7.229583e+01 
7.229583e+01 
7.229583e+01 
7.229583e+01 
7.229583e+01 
7.229583e+01 
7.229583e+01 
7.229583e+01 
7.229583e+01 
7.229583e+01 
7.229583e+01 
7.229583e+01 
7.229583e+01 
7.229583e+01 
7.229583e+01 
7.229583e+01 
7.229583e+01 
7.229583e+01 
7.229583e+01 
7.229583e+01 
7.229583e+01 
7.229583e+01 
7.229583e+01 
7.229583e+01 
7.229583e+01 
7.229583e+01 
7.229583e+01 
7.229583e+01 
7.229583e+01 
7.229583e+01 
7.229583e+01 
7.229583e+01 
7.229583e+01 
7.229583e+01 
7.229583e+01 
7.229583e+01 
7.229583e+01 
7.229583e+01 
7.229583e+01 
7.229583e+01 
7.229583e+01 
7.229583e+01 
7.229583e+01 
7.229583e+01 
7.229583e+01 
7.229583e+01 
7.229583e+01 
7.229583e+01 
7.229583e+01 
7.229583e+01 
7.229583e+01 
7.229583e+01 
7.229583e+01 
7.229583e+01 
7.229583e+01 
7.229583e+01 
7.229583e+01 
7.229583e+01 
7.229583e+01 
7.229583e+01 
7.229583e+01 
7.229583e+01 
7.229583e+01 
7.229583e+01 
7.229583e+01 
7.229583e+01 
7.229583e+01 
7.229583e+01 
7.229583e+01 
7.229583e+01 
7.229583e+01 
7.229583e+01 
7.229583e+01 
7.229583e+01 
7.229583e+01 
7.229583e+01 
7.229583e+01 
7.229583e+01 
7.229583e+01 
7.229583e+01 
7.229583e+01 
7.229583e+01 
7.229583e+01 
7.229583e+01 
7.229583e+01 
7.229583e+01 
7.229583e+01 
7.229583e+01 
7.229583e+01 
7.229583e+01 
7.229583e+01 
7.229583e+01 
7.229583e+01 
7.229583e+01 
7.229583e+01 
7.229583e+01 
7.229583e+01 
7.229583e+01 
7.229583e+01 
7.229583e+01 
7.229583e+01 
7.229583e+01 
7.229583e+01 
7.229583e+01 
7.229583e+01 
7.229583e+01 
7.229583e+01 
7.229583e+01 
7.229583e+01 
7.229583e+01 
7.229583e+01 
7.229583e+01 
7.229583e+01 
7.229583e+01 
7.229583e+01 
7.229583e+01 
7.229583e+01 
7.229583e+01 
7.229583e+01 
7.229583e+01 
7.229583e+01 
7.229583e+01 
7.229583e+01 
7.229583e+01 
7.229583e+01 
7.229583e+01 
7.229583e+01 
7.229583e+01 
7.229583e+01 
7.229583e+01 
7.229583e+01 
7.229583e+01 
7.229583e+01 
7.229583e+01 
7.229583e+01 
7.229583e+01 
7.229583e+01 
7.229583e+01 
7.229583e+01 
7.229583e+01 
7.229583e+01 
7.229583e+01 
7.229583e+01 
7.229583e+01 
7.229583e+01 
7.229583e+01 
7.229583e+01 
7.229583e+01 
7.229583e+01 
7.229583e+01 
7.229583e+01 
7.229583e+01 
7.229583e+01 
7.229583e+01 
7.229583e+01 
7.229583e+01 
7.229583e+01 
7.229583e+01 
7.229583e+01 
7.229583e+01 
7.229583e+01 
7.229583e+01 
7.229583e+01 
7.229583e+01 
7.229583e+01 
7.229583e+01 
7.229583e+01 
7.229583e+01 
7.229583e+01 
7.229583e+01 
7.229583e+01 
7.229583e+01 
7.229583e+01 
7.229583e+01 
7.229583e+01 
7.229583e+01 
7.229583e+01 
7.229583e+01 
7.229583e+01 
7.229583e+01 
7.229583e+01 
7.229583e+01 
7.229583e+01 
7.229583e+01 
7.229583e+01 
7.229583e+01 
7.229583e+01 
7.229583e+01 
7.229583e+01 
7.229583e+01 
7.229583e+01 
7.229583e+01 
7.229583e+01 
7.229583e+01 
7.229583e+01 
7.229583e+01 
7.229583e+01 
7.229583e+01 
7.229583e+01 
7.229583e+01 
7.229583e+01 
7.229583e+01 
7.229583e+01 
7.229583e+01 
7.229583e+01 
7.229583e+01 
7.229583e+01 
7.229583e+01 
7.229583e+01 
7.229583e+01 
7.229583e+01 
7.229583e+01 
7.229583e+01 
7.229583e+01 
7.229583e+01 
7.229583e+01 
7.229583e+01 
7.229583e+01 
7.229583e+01 
7.229583e+01 
7.229583e+01 
7.229583e+01 
7.229583e+01 
7.229583e+01 
7.229583e+01 
7.229583e+01 
7.229583e+01 
7.229583e+01 
7.229583e+01 
7.229583e+01 
7.229583e+01 
7.229583e+01 
7.229583e+01 
7.229583e+01 
7.229583e+01 
7.229583e+01 
7.229583e+01 
7.229583e+01 
7.229583e+01 
7.229583e+01 
7.229583e+01 
7.229583e+01 
7.229583e+01 
7.229583e+01 
7.229583e+01 
7.229583e+01 
7.229583e+01 
7.229583e+01 
7.229583e+01 
7.229583e+01 
7.229583e+01 
7.229583e+01 
7.229583e+01 
7.229583e+01 
7.229583e+01 
7.229583e+01 
7.229583e+01 
7.229583e+01 
7.229583e+01 
7.229583e+01 
7.229583e+01 
7.229583e+01 
7.229583e+01 
7.229583e+01 
7.229583e+01 
7.229583e+01 
7.229583e+01 
7.229583e+01 
7.229583e+01 
7.229583e+01 
7.229583e+01 
7.229583e+01 
7.229583e+01 
7.229583e+01 
7.229583e+01 
7.229583e+01 
7.229583e+01 
7.229583e+01 
7.229583e+01 
7.229583e+01 
7.229583e+01 
7.229583e+01 
7.229583e+01 
7.229583e+01 
7.229583e+01 
7.229583e+01 
7.229583e+01 
7.229583e+01 
7.229583e+01 
7.229583e+01 
7.229583e+01 
7.229583e+01 
7.229583e+01 
7.229583e+01 
7.229583e+01 
7.229583e+01 
7.229583e+01 
7.229583e+01 
7.229583e+01 
7.229583e+01 
7.229583e+01 
7.229583e+01 
7.229583e+01 
7.229583e+01 
7.229583e+01 
7.229583e+01 
7.229583e+01 
7.229583e+01 
7.229583e+01 
7.229583e+01 
7.229583e+01 
7.229583e+01 
7.229583e+01 
7.229583e+01 
7.229583e+01 
7.229583e+01 
7.229583e+01 
7.229583e+01 
7.229583e+01 
7.229583e+01 
7.229583e+01 
7.229583e+01 
7.229583e+01 
7.229583e+01 
7.229583e+01 
7.229583e+01 
7.229583e+01 
7.229583e+01 
7.229583e+01 
7.229583e+01 
7.229583e+01 
7.229583e+01 
7.229583e+01 
7.229583e+01 
7.229583e+01 
7.229583e+01 
7.229583e+01 
7.229583e+01 
7.229583e+01 
7.229583e+01 
7.229583e+01 
7.229583e+01 
7.229583e+01 
7.229583e+01 
7.229583e+01 
7.229583e+01 
7.229583e+01 
7.229583e+01 
7.229583e+01 
7.229583e+01 
7.229583e+01 
7.229583e+01 
7.229583e+01 
7.229583e+01 
7.229583e+01 
7.229583e+01 
7.229583e+01 
7.229583e+01 
7.229583e+01 
7.229583e+01 
7.229583e+01 
7.229583e+01 
7.229583e+01 
7.229583e+01 
7.229583e+01 
7.229583e+01 
7.229583e+01 
7.229583e+01 
