1.035200e+03 
6.412481e+02 
5.431172e+02 
4.326186e+02 
3.662797e+02 
3.318471e+02 
2.677100e+02 
2.395469e+02 
2.291561e+02 
1.963465e+02 
1.963465e+02 
1.837558e+02 
1.586993e+02 
1.586993e+02 
1.479877e+02 
1.396089e+02 
1.396089e+02 
1.307213e+02 
1.178940e+02 
1.178940e+02 
1.172176e+02 
1.058479e+02 
1.014499e+02 
1.014499e+02 
8.669287e+01 
8.669287e+01 
8.044330e+01 
8.044330e+01 
8.044330e+01 
7.773378e+01 
7.344233e+01 
7.016649e+01 
6.829398e+01 
6.829398e+01 
6.523311e+01 
6.504346e+01 
6.504346e+01 
6.393908e+01 
6.393908e+01 
5.949842e+01 
5.949842e+01 
4.293520e+01 
4.293520e+01 
4.293520e+01 
3.681485e+01 
3.681485e+01 
3.681485e+01 
3.681485e+01 
3.419061e+01 
3.220466e+01 
3.123391e+01 
2.958194e+01 
2.958194e+01 
2.922225e+01 
2.407300e+01 
2.407300e+01 
2.293830e+01 
2.293830e+01 
2.238644e+01 
2.238644e+01 
2.161345e+01 
2.034535e+01 
1.980589e+01 
1.929448e+01 
1.845539e+01 
1.845539e+01 
1.745020e+01 
1.469233e+01 
1.432789e+01 
1.432789e+01 
1.432789e+01 
1.432789e+01 
1.432789e+01 
1.387608e+01 
1.270922e+01 
1.245730e+01 
1.245730e+01 
1.199078e+01 
1.199078e+01 
1.192974e+01 
1.137260e+01 
1.101054e+01 
1.101054e+01 
9.827018e+00 
9.827018e+00 
9.632813e+00 
9.416533e+00 
9.416533e+00 
9.379440e+00 
8.927202e+00 
8.924228e+00 
8.924228e+00 
7.856397e+00 
7.856397e+00 
7.323094e+00 
7.043236e+00 
7.043236e+00 
7.043236e+00 
7.043236e+00 
7.043236e+00 
7.043236e+00 
7.043236e+00 
7.043236e+00 
6.961976e+00 
6.686457e+00 
5.854370e+00 
5.722715e+00 
5.445684e+00 
5.445684e+00 
5.301544e+00 
4.980813e+00 
4.062703e+00 
2.423761e+00 
2.423761e+00 
2.356418e+00 
2.356418e+00 
1.901887e+00 
1.671307e+00 
1.671307e+00 
1.671307e+00 
1.466009e+00 
1.286110e+00 
1.061003e+00 
1.061003e+00 
9.517935e-01 
8.358887e-01 
7.641223e-01 
7.641223e-01 
7.641223e-01 
7.015544e-01 
6.864734e-01 
5.258495e-01 
4.646866e-01 
4.120000e-01 
3.858275e-01 
3.858275e-01 
3.750491e-01 
3.750491e-01 
3.433878e-01 
3.416873e-01 
3.416873e-01 
3.416873e-01 
3.064082e-01 
3.064082e-01 
3.028904e-01 
2.259647e-01 
2.259647e-01 
2.083306e-01 
1.971850e-01 
1.971850e-01 
1.939612e-01 
1.781161e-01 
1.682801e-01 
1.489100e-01 
1.489100e-01 
1.489100e-01 
1.489100e-01 
1.357085e-01 
1.249824e-01 
1.249824e-01 
1.249824e-01 
1.165202e-01 
9.467112e-02 
8.835520e-02 
8.408895e-02 
7.822071e-02 
7.723533e-02 
7.182354e-02 
6.917522e-02 
6.917522e-02 
6.901506e-02 
6.111731e-02 
5.788452e-02 
5.788452e-02 
5.788452e-02 
4.743386e-02 
4.743386e-02 
4.743386e-02 
4.558758e-02 
4.315339e-02 
3.925298e-02 
3.542727e-02 
3.537165e-02 
3.116142e-02 
3.116142e-02 
3.116142e-02 
2.910384e-02 
2.486421e-02 
2.400358e-02 
2.074086e-02 
2.074086e-02 
1.757004e-02 
1.555983e-02 
1.424023e-02 
1.370272e-02 
1.370272e-02 
1.370272e-02 
1.250114e-02 
1.169630e-02 
1.076671e-02 
1.076671e-02 
9.492156e-03 
8.356097e-03 
8.356097e-03 
8.356097e-03 
7.638646e-03 
6.238954e-03 
6.238954e-03 
6.238954e-03 
6.238954e-03 
5.479149e-03 
5.479149e-03 
5.264898e-03 
5.223555e-03 
4.849571e-03 
4.500195e-03 
4.500195e-03 
4.500195e-03 
4.458123e-03 
4.356701e-03 
4.191116e-03 
4.118031e-03 
4.003410e-03 
3.744738e-03 
3.657133e-03 
3.225134e-03 
3.225134e-03 
3.175286e-03 
2.988811e-03 
2.879470e-03 
1.874342e-03 
1.874342e-03 
1.874342e-03 
1.708922e-03 
1.659310e-03 
1.543390e-03 
1.323083e-03 
1.323083e-03 
1.184664e-03 
1.155304e-03 
1.141930e-03 
1.141930e-03 
1.042661e-03 
9.796904e-04 
9.796904e-04 
9.004785e-04 
9.004785e-04 
7.981505e-04 
7.981505e-04 
7.981505e-04 
7.981505e-04 
7.485177e-04 
6.796363e-04 
6.796363e-04 
6.730250e-04 
6.167738e-04 
5.808894e-04 
5.756367e-04 
5.756367e-04 
4.938964e-04 
4.761752e-04 
4.761752e-04 
4.643664e-04 
3.826281e-04 
3.826281e-04 
3.826281e-04 
3.826281e-04 
3.507623e-04 
3.287506e-04 
2.887559e-04 
2.743405e-04 
2.623012e-04 
2.623012e-04 
2.623012e-04 
2.244498e-04 
2.244498e-04 
2.244498e-04 
2.244498e-04 
2.015361e-04 
1.816371e-04 
1.816371e-04 
1.816371e-04 
1.740832e-04 
1.544898e-04 
1.477135e-04 
1.394684e-04 
1.387810e-04 
1.365132e-04 
1.356102e-04 
1.338816e-04 
1.338816e-04 
1.203534e-04 
1.203534e-04 
1.167283e-04 
9.914353e-05 
8.760866e-05 
8.724207e-05 
8.238468e-05 
8.238468e-05 
8.238468e-05 
8.163878e-05 
8.101083e-05 
7.247408e-05 
7.247408e-05 
6.036091e-05 
5.693383e-05 
5.693383e-05 
5.155543e-05 
5.155543e-05 
4.802787e-05 
4.596924e-05 
4.596924e-05 
4.585819e-05 
4.583177e-05 
4.182892e-05 
4.182892e-05 
4.033172e-05 
4.033172e-05 
4.033172e-05 
3.646336e-05 
3.646336e-05 
3.232121e-05 
2.985513e-05 
2.985513e-05 
2.919716e-05 
2.699729e-05 
2.619132e-05 
2.563086e-05 
2.563086e-05 
2.563086e-05 
2.266650e-05 
2.048247e-05 
2.048247e-05 
2.048247e-05 
1.924623e-05 
1.802953e-05 
1.792734e-05 
1.716617e-05 
1.642498e-05 
1.574394e-05 
1.348214e-05 
1.348214e-05 
1.348214e-05 
1.284387e-05 
1.270606e-05 
1.228954e-05 
1.219206e-05 
1.129944e-05 
1.011243e-05 
1.000403e-05 
1.000403e-05 
9.927082e-06 
9.827732e-06 
9.574144e-06 
8.497076e-06 
8.497076e-06 
8.069387e-06 
7.568486e-06 
7.265528e-06 
6.514484e-06 
6.501333e-06 
5.887277e-06 
5.631782e-06 
5.631782e-06 
5.631782e-06 
5.543938e-06 
4.567793e-06 
4.567793e-06 
4.567793e-06 
4.138049e-06 
4.138049e-06 
4.138049e-06 
4.135085e-06 
3.460236e-06 
3.103019e-06 
3.103019e-06 
3.103019e-06 
3.079922e-06 
2.922887e-06 
2.922887e-06 
2.740299e-06 
2.730793e-06 
2.730793e-06 
2.565356e-06 
2.410947e-06 
2.341848e-06 
2.173322e-06 
2.157321e-06 
1.882452e-06 
1.839482e-06 
1.839482e-06 
1.839482e-06 
1.837356e-06 
1.660557e-06 
1.660557e-06 
1.522588e-06 
1.522588e-06 
1.522588e-06 
1.317966e-06 
1.317966e-06 
1.248597e-06 
1.236826e-06 
1.152818e-06 
1.042278e-06 
1.042278e-06 
1.042278e-06 
9.729093e-07 
9.729093e-07 
9.729093e-07 
9.247554e-07 
8.242819e-07 
8.235222e-07 
8.214946e-07 
8.214946e-07 
7.907271e-07 
7.819619e-07 
6.530112e-07 
6.530112e-07 
6.530112e-07 
6.530112e-07 
6.028134e-07 
5.435098e-07 
5.435098e-07 
5.435098e-07 
5.435098e-07 
5.179387e-07 
5.047491e-07 
4.815394e-07 
4.642562e-07 
4.642562e-07 
4.532059e-07 
4.532059e-07 
4.448448e-07 
4.280115e-07 
3.982187e-07 
3.865053e-07 
3.601689e-07 
3.521752e-07 
3.185305e-07 
2.784260e-07 
2.784260e-07 
2.784260e-07 
2.747761e-07 
2.227314e-07 
2.227314e-07 
2.213011e-07 
2.055622e-07 
1.877675e-07 
1.811525e-07 
1.811525e-07 
1.691582e-07 
1.691582e-07 
1.691582e-07 
1.691582e-07 
1.641931e-07 
1.641931e-07 
1.540599e-07 
1.423819e-07 
1.421168e-07 
1.299464e-07 
1.299464e-07 
1.245413e-07 
1.229966e-07 
1.229966e-07 
1.062449e-07 
1.062449e-07 
1.036807e-07 
8.998761e-08 
8.998761e-08 
8.998761e-08 
8.593536e-08 
7.810199e-08 
7.622849e-08 
7.368719e-08 
6.734026e-08 
5.835083e-08 
5.780865e-08 
5.780865e-08 
5.574222e-08 
5.551183e-08 
4.989480e-08 
4.782019e-08 
4.370780e-08 
4.370780e-08 
4.370780e-08 
4.370780e-08 
3.823660e-08 
3.695364e-08 
2.848498e-08 
2.801082e-08 
2.684826e-08 
2.684826e-08 
2.512036e-08 
2.264959e-08 
2.264959e-08 
2.196850e-08 
1.968189e-08 
1.968189e-08 
1.968189e-08 
1.943564e-08 
1.834501e-08 
1.778578e-08 
1.778578e-08 
1.645314e-08 
1.489097e-08 
1.489097e-08 
1.457841e-08 
1.457841e-08 
1.298383e-08 
1.282071e-08 
1.282071e-08 
1.231907e-08 
1.230628e-08 
1.230628e-08 
1.230628e-08 
1.180560e-08 
1.156738e-08 
1.156738e-08 
1.154508e-08 
1.132763e-08 
1.106503e-08 
1.087813e-08 
1.063632e-08 
1.063632e-08 
1.054980e-08 
1.054980e-08 
1.027037e-08 
1.015112e-08 
1.006474e-08 
9.695409e-09 
9.129542e-09 
9.084751e-09 
8.977556e-09 
8.977556e-09 
8.923200e-09 
8.923200e-09 
8.923200e-09 
7.301999e-09 
6.358345e-09 
6.358345e-09 
5.429044e-09 
5.429044e-09 
5.429044e-09 
4.747704e-09 
4.242038e-09 
4.242038e-09 
4.106839e-09 
4.106839e-09 
3.776872e-09 
3.592024e-09 
3.571508e-09 
3.571508e-09 
3.571508e-09 
3.223928e-09 
2.878604e-09 
2.878604e-09 
2.878604e-09 
2.878604e-09 
2.512852e-09 
2.512852e-09 
2.361729e-09 
2.361729e-09 
2.349658e-09 
2.349658e-09 
2.112532e-09 
1.883080e-09 
1.883080e-09 
1.754277e-09 
1.625535e-09 
1.625535e-09 
1.571498e-09 
1.501208e-09 
1.489333e-09 
1.272600e-09 
1.187113e-09 
1.064775e-09 
9.623502e-10 
9.623502e-10 
8.418510e-10 
8.418510e-10 
8.051693e-10 
7.506973e-10 
7.394974e-10 
6.690115e-10 
5.617729e-10 
5.617729e-10 
4.845813e-10 
4.845813e-10 
4.008882e-10 
4.008882e-10 
4.008882e-10 
3.890133e-10 
3.631051e-10 
3.631051e-10 
3.549605e-10 
3.549605e-10 
3.549605e-10 
3.450484e-10 
2.948219e-10 
2.907186e-10 
2.789857e-10 
2.563105e-10 
2.495959e-10 
2.423484e-10 
2.365397e-10 
2.262013e-10 
2.262013e-10 
2.262013e-10 
1.993428e-10 
1.920775e-10 
1.784173e-10 
1.784173e-10 
1.701039e-10 
1.665512e-10 
1.530509e-10 
1.478995e-10 
1.347900e-10 
1.271694e-10 
1.271694e-10 
1.271694e-10 
1.271694e-10 
1.149658e-10 
1.023714e-10 
1.023714e-10 
1.017764e-10 
1.017764e-10 
8.610002e-11 
7.671197e-11 
7.671197e-11 
7.671197e-11 
6.926015e-11 
6.584955e-11 
6.490808e-11 
6.408207e-11 
5.149658e-11 
5.149658e-11 
5.149658e-11 
4.868994e-11 
4.386713e-11 
3.685052e-11 
3.459455e-11 
3.459455e-11 
3.403500e-11 
2.954081e-11 
2.534861e-11 
2.534861e-11 
2.534861e-11 
2.534861e-11 
2.174261e-11 
2.174261e-11 
2.111200e-11 
1.941558e-11 
1.941558e-11 
1.708855e-11 
1.651124e-11 
1.212364e-11 
1.147527e-11 
1.147527e-11 
1.066702e-11 
9.645618e-12 
9.112711e-12 
9.112711e-12 
8.348877e-12 
7.771561e-12 
7.771561e-12 
7.638334e-12 
6.652456e-12 
5.275780e-12 
5.240253e-12 
4.867218e-12 
4.867218e-12 
4.511946e-12 
4.103384e-12 
3.739231e-12 
3.339551e-12 
3.339551e-12 
3.037570e-12 
2.984279e-12 
2.744471e-12 
2.362555e-12 
2.362555e-12 
2.255973e-12 
1.998401e-12 
1.998401e-12 
1.998401e-12 
1.829648e-12 
1.767475e-12 
1.767475e-12 
1.474376e-12 
1.332268e-12 
1.332268e-12 
1.083578e-12 
1.083578e-12 
1.083578e-12 
1.030287e-12 
9.769963e-13 
9.769963e-13 
9.769963e-13 
9.769963e-13 
8.881784e-13 
8.792966e-13 
8.437695e-13 
8.437695e-13 
7.460699e-13 
7.460699e-13 
6.750156e-13 
6.750156e-13 
6.750156e-13 
6.039613e-13 
6.039613e-13 
5.506706e-13 
5.506706e-13 
5.506706e-13 
5.417888e-13 
5.151435e-13 
5.062617e-13 
4.618528e-13 
4.618528e-13 
3.819167e-13 
3.819167e-13 
3.463896e-13 
3.375078e-13 
3.197442e-13 
3.197442e-13 
3.197442e-13 
3.197442e-13 
3.019807e-13 
3.019807e-13 
2.842171e-13 
2.575717e-13 
2.309264e-13 
1.953993e-13 
1.953993e-13 
1.953993e-13 
1.953993e-13 
1.953993e-13 
1.865175e-13 
1.776357e-13 
1.776357e-13 
1.687539e-13 
1.687539e-13 
1.598721e-13 
1.598721e-13 
1.598721e-13 
1.598721e-13 
1.598721e-13 
1.598721e-13 
1.598721e-13 
1.332268e-13 
1.154632e-13 
1.154632e-13 
1.154632e-13 
1.154632e-13 
1.065814e-13 
9.769963e-14 
9.769963e-14 
9.769963e-14 
8.881784e-14 
7.993606e-14 
7.105427e-14 
7.105427e-14 
7.105427e-14 
7.105427e-14 
6.217249e-14 
6.217249e-14 
6.217249e-14 
6.217249e-14 
6.217249e-14 
5.329071e-14 
5.329071e-14 
5.329071e-14 
5.329071e-14 
4.440892e-14 
4.440892e-14 
4.440892e-14 
3.552714e-14 
3.552714e-14 
3.552714e-14 
3.552714e-14 
3.552714e-14 
3.552714e-14 
3.552714e-14 
3.552714e-14 
3.552714e-14 
3.552714e-14 
3.552714e-14 
3.552714e-14 
3.552714e-14 
3.552714e-14 
3.552714e-14 
3.552714e-14 
3.552714e-14 
3.552714e-14 
3.552714e-14 
3.552714e-14 
3.552714e-14 
3.552714e-14 
2.664535e-14 
2.664535e-14 
2.664535e-14 
2.664535e-14 
2.664535e-14 
2.664535e-14 
2.664535e-14 
2.664535e-14 
2.664535e-14 
1.776357e-14 
1.776357e-14 
1.776357e-14 
1.776357e-14 
1.776357e-14 
1.776357e-14 
1.776357e-14 
1.776357e-14 
1.776357e-14 
1.776357e-14 
1.776357e-14 
1.776357e-14 
1.776357e-14 
1.776357e-14 
1.776357e-14 
1.776357e-14 
1.776357e-14 
1.776357e-14 
1.776357e-14 
1.776357e-14 
1.776357e-14 
1.776357e-14 
1.776357e-14 
1.776357e-14 
1.776357e-14 
1.776357e-14 
1.776357e-14 
1.776357e-14 
1.776357e-14 
1.776357e-14 
1.776357e-14 
1.776357e-14 
1.776357e-14 
1.776357e-14 
1.776357e-14 
1.776357e-14 
1.776357e-14 
1.776357e-14 
1.776357e-14 
1.776357e-14 
1.776357e-14 
1.776357e-14 
1.776357e-14 
1.776357e-14 
1.776357e-14 
1.776357e-14 
1.776357e-14 
1.776357e-14 
1.776357e-14 
1.776357e-14 
1.776357e-14 
1.776357e-14 
1.776357e-14 
1.776357e-14 
1.776357e-14 
1.776357e-14 
1.776357e-14 
1.776357e-14 
1.776357e-14 
1.776357e-14 
1.776357e-14 
1.776357e-14 
1.776357e-14 
1.776357e-14 
1.776357e-14 
1.776357e-14 
1.776357e-14 
1.776357e-14 
1.776357e-14 
1.776357e-14 
1.776357e-14 
1.776357e-14 
1.776357e-14 
1.776357e-14 
1.776357e-14 
1.776357e-14 
1.776357e-14 
1.776357e-14 
1.776357e-14 
1.776357e-14 
1.776357e-14 
1.776357e-14 
1.776357e-14 
1.776357e-14 
1.776357e-14 
1.776357e-14 
1.776357e-14 
1.776357e-14 
1.776357e-14 
1.776357e-14 
1.776357e-14 
1.776357e-14 
1.776357e-14 
1.776357e-14 
1.776357e-14 
1.776357e-14 
1.776357e-14 
1.776357e-14 
1.776357e-14 
1.776357e-14 
1.776357e-14 
1.776357e-14 
1.776357e-14 
1.776357e-14 
1.776357e-14 
1.776357e-14 
1.776357e-14 
1.776357e-14 
1.776357e-14 
1.776357e-14 
1.776357e-14 
1.776357e-14 
1.776357e-14 
1.776357e-14 
1.776357e-14 
1.776357e-14 
1.776357e-14 
1.776357e-14 
1.776357e-14 
1.776357e-14 
1.776357e-14 
1.776357e-14 
1.776357e-14 
1.776357e-14 
1.776357e-14 
1.776357e-14 
1.776357e-14 
1.776357e-14 
1.776357e-14 
1.776357e-14 
1.776357e-14 
1.776357e-14 
1.776357e-14 
1.776357e-14 
1.776357e-14 
1.776357e-14 
1.776357e-14 
1.776357e-14 
1.776357e-14 
1.776357e-14 
1.776357e-14 
1.776357e-14 
1.776357e-14 
1.776357e-14 
1.776357e-14 
1.776357e-14 
1.776357e-14 
1.776357e-14 
1.776357e-14 
1.776357e-14 
1.776357e-14 
1.776357e-14 
1.776357e-14 
1.776357e-14 
1.776357e-14 
1.776357e-14 
1.776357e-14 
1.776357e-14 
1.776357e-14 
1.776357e-14 
1.776357e-14 
1.776357e-14 
1.776357e-14 
1.776357e-14 
1.776357e-14 
1.776357e-14 
1.776357e-14 
1.776357e-14 
1.776357e-14 
1.776357e-14 
1.776357e-14 
1.776357e-14 
1.776357e-14 
1.776357e-14 
1.776357e-14 
1.776357e-14 
1.776357e-14 
1.776357e-14 
1.776357e-14 
1.776357e-14 
1.776357e-14 
1.776357e-14 
1.776357e-14 
1.776357e-14 
1.776357e-14 
1.776357e-14 
1.776357e-14 
1.776357e-14 
1.776357e-14 
1.776357e-14 
1.776357e-14 
1.776357e-14 
1.776357e-14 
1.776357e-14 
1.776357e-14 
1.776357e-14 
1.776357e-14 
1.776357e-14 
1.776357e-14 
1.776357e-14 
1.776357e-14 
1.776357e-14 
1.776357e-14 
1.776357e-14 
1.776357e-14 
1.776357e-14 
1.776357e-14 
1.776357e-14 
1.776357e-14 
1.776357e-14 
1.776357e-14 
1.776357e-14 
1.776357e-14 
1.776357e-14 
1.776357e-14 
1.776357e-14 
1.776357e-14 
1.776357e-14 
1.776357e-14 
1.776357e-14 
1.776357e-14 
1.776357e-14 
1.776357e-14 
1.776357e-14 
1.776357e-14 
1.776357e-14 
1.776357e-14 
1.776357e-14 
1.776357e-14 
1.776357e-14 
1.776357e-14 
1.776357e-14 
1.776357e-14 
1.776357e-14 
1.776357e-14 
1.776357e-14 
1.776357e-14 
1.776357e-14 
1.776357e-14 
1.776357e-14 
1.776357e-14 
1.776357e-14 
1.776357e-14 
1.776357e-14 
1.776357e-14 
1.776357e-14 
1.776357e-14 
1.776357e-14 
1.776357e-14 
1.776357e-14 
1.776357e-14 
1.776357e-14 
1.776357e-14 
1.776357e-14 
1.776357e-14 
1.776357e-14 
1.776357e-14 
1.776357e-14 
1.776357e-14 
1.776357e-14 
1.776357e-14 
1.776357e-14 
1.776357e-14 
1.776357e-14 
1.776357e-14 
1.776357e-14 
1.776357e-14 
1.776357e-14 
1.776357e-14 
1.776357e-14 
1.776357e-14 
1.776357e-14 
1.776357e-14 
1.776357e-14 
1.776357e-14 
1.776357e-14 
1.776357e-14 
1.776357e-14 
1.776357e-14 
1.776357e-14 
1.776357e-14 
1.776357e-14 
1.776357e-14 
1.776357e-14 
1.776357e-14 
1.776357e-14 
1.776357e-14 
1.776357e-14 
1.776357e-14 
1.776357e-14 
1.776357e-14 
1.776357e-14 
1.776357e-14 
1.776357e-14 
1.776357e-14 
1.776357e-14 
1.776357e-14 
1.776357e-14 
1.776357e-14 
1.776357e-14 
1.776357e-14 
1.776357e-14 
1.776357e-14 
1.776357e-14 
1.776357e-14 
1.776357e-14 
1.776357e-14 
1.776357e-14 
1.776357e-14 
1.776357e-14 
1.776357e-14 
1.776357e-14 
1.776357e-14 
1.776357e-14 
1.776357e-14 
1.776357e-14 
1.776357e-14 
1.776357e-14 
1.776357e-14 
1.776357e-14 
1.776357e-14 
1.776357e-14 
1.776357e-14 
1.776357e-14 
1.776357e-14 
1.776357e-14 
1.776357e-14 
1.776357e-14 
1.776357e-14 
1.776357e-14 
1.776357e-14 
1.776357e-14 
1.776357e-14 
1.776357e-14 
1.776357e-14 
1.776357e-14 
1.776357e-14 
1.776357e-14 
1.776357e-14 
1.776357e-14 
1.776357e-14 
1.776357e-14 
1.776357e-14 
1.776357e-14 
1.776357e-14 
1.776357e-14 
1.776357e-14 
1.776357e-14 
1.776357e-14 
1.776357e-14 
1.776357e-14 
1.776357e-14 
1.776357e-14 
1.776357e-14 
1.776357e-14 
1.776357e-14 
1.776357e-14 
1.776357e-14 
1.776357e-14 
1.776357e-14 
1.776357e-14 
1.776357e-14 
1.776357e-14 
1.776357e-14 
1.776357e-14 
1.776357e-14 
1.776357e-14 
1.776357e-14 
1.776357e-14 
1.776357e-14 
1.776357e-14 
1.776357e-14 
1.776357e-14 
1.776357e-14 
1.776357e-14 
1.776357e-14 
1.776357e-14 
1.776357e-14 
1.776357e-14 
1.776357e-14 
1.776357e-14 
1.776357e-14 
1.776357e-14 
1.776357e-14 
1.776357e-14 
1.776357e-14 
1.776357e-14 
1.776357e-14 
1.776357e-14 
1.776357e-14 
1.776357e-14 
1.776357e-14 
1.776357e-14 
1.776357e-14 
1.776357e-14 
1.776357e-14 
1.776357e-14 
1.776357e-14 
1.776357e-14 
1.776357e-14 
1.776357e-14 
1.776357e-14 
1.776357e-14 
1.776357e-14 
1.776357e-14 
1.776357e-14 
1.776357e-14 
1.776357e-14 
1.776357e-14 
1.776357e-14 
1.776357e-14 
1.776357e-14 
1.776357e-14 
1.776357e-14 
1.776357e-14 
1.776357e-14 
1.776357e-14 
1.776357e-14 
1.776357e-14 
1.776357e-14 
1.776357e-14 
1.776357e-14 
1.776357e-14 
1.776357e-14 
1.776357e-14 
1.776357e-14 
1.776357e-14 
1.776357e-14 
1.776357e-14 
1.776357e-14 
1.776357e-14 
1.776357e-14 
1.776357e-14 
1.776357e-14 
1.776357e-14 
1.776357e-14 
1.776357e-14 
1.776357e-14 
1.776357e-14 
1.776357e-14 
1.776357e-14 
1.776357e-14 
1.776357e-14 
1.776357e-14 
1.776357e-14 
1.776357e-14 
1.776357e-14 
1.776357e-14 
1.776357e-14 
1.776357e-14 
1.776357e-14 
1.776357e-14 
1.776357e-14 
1.776357e-14 
1.776357e-14 
1.776357e-14 
1.776357e-14 
1.776357e-14 
1.776357e-14 
1.776357e-14 
1.776357e-14 
1.776357e-14 
1.776357e-14 
1.776357e-14 
1.776357e-14 
1.776357e-14 
1.776357e-14 
1.776357e-14 
1.776357e-14 
1.776357e-14 
1.776357e-14 
1.776357e-14 
1.776357e-14 
1.776357e-14 
1.776357e-14 
1.776357e-14 
1.776357e-14 
1.776357e-14 
1.776357e-14 
1.776357e-14 
1.776357e-14 
1.776357e-14 
1.776357e-14 
1.776357e-14 
1.776357e-14 
1.776357e-14 
1.776357e-14 
1.776357e-14 
1.776357e-14 
1.776357e-14 
1.776357e-14 
1.776357e-14 
1.776357e-14 
1.776357e-14 
1.776357e-14 
1.776357e-14 
1.776357e-14 
1.776357e-14 
1.776357e-14 
1.776357e-14 
1.776357e-14 
1.776357e-14 
1.776357e-14 
1.776357e-14 
1.776357e-14 
1.776357e-14 
1.776357e-14 
1.776357e-14 
1.776357e-14 
1.776357e-14 
1.776357e-14 
1.776357e-14 
1.776357e-14 
1.776357e-14 
1.776357e-14 
1.776357e-14 
1.776357e-14 
1.776357e-14 
1.776357e-14 
1.776357e-14 
1.776357e-14 
1.776357e-14 
1.776357e-14 
1.776357e-14 
1.776357e-14 
1.776357e-14 
1.776357e-14 
1.776357e-14 
1.776357e-14 
1.776357e-14 
1.776357e-14 
1.776357e-14 
1.776357e-14 
1.776357e-14 
1.776357e-14 
1.776357e-14 
1.776357e-14 
1.776357e-14 
1.776357e-14 
1.776357e-14 
1.776357e-14 
1.776357e-14 
1.776357e-14 
1.776357e-14 
1.776357e-14 
1.776357e-14 
1.776357e-14 
1.776357e-14 
1.776357e-14 
1.776357e-14 
1.776357e-14 
1.776357e-14 
1.776357e-14 
1.776357e-14 
1.776357e-14 
1.776357e-14 
1.776357e-14 
1.776357e-14 
1.776357e-14 
1.776357e-14 
1.776357e-14 
1.776357e-14 
1.776357e-14 
1.776357e-14 
1.776357e-14 
1.776357e-14 
1.776357e-14 
1.776357e-14 
1.776357e-14 
1.776357e-14 
1.776357e-14 
1.776357e-14 
1.776357e-14 
1.776357e-14 
1.776357e-14 
1.776357e-14 
1.776357e-14 
1.776357e-14 
1.776357e-14 
1.776357e-14 
1.776357e-14 
1.776357e-14 
1.776357e-14 
1.776357e-14 
1.776357e-14 
1.776357e-14 
1.776357e-14 
1.776357e-14 
1.776357e-14 
1.776357e-14 
1.776357e-14 
1.776357e-14 
1.776357e-14 
1.776357e-14 
1.776357e-14 
1.776357e-14 
1.776357e-14 
1.776357e-14 
1.776357e-14 
1.776357e-14 
1.776357e-14 
1.776357e-14 
1.776357e-14 
1.776357e-14 
1.776357e-14 
1.776357e-14 
1.776357e-14 
1.776357e-14 
1.776357e-14 
1.776357e-14 
1.776357e-14 
1.776357e-14 
1.776357e-14 
1.776357e-14 
1.776357e-14 
1.776357e-14 
1.776357e-14 
1.776357e-14 
1.776357e-14 
1.776357e-14 
1.776357e-14 
1.776357e-14 
1.776357e-14 
1.776357e-14 
1.776357e-14 
1.776357e-14 
1.776357e-14 
1.776357e-14 
1.776357e-14 
1.776357e-14 
1.776357e-14 
1.776357e-14 
1.776357e-14 
1.776357e-14 
1.776357e-14 
1.776357e-14 
1.776357e-14 
1.776357e-14 
1.776357e-14 
1.776357e-14 
1.776357e-14 
1.776357e-14 
1.776357e-14 
1.776357e-14 
1.776357e-14 
1.776357e-14 
1.776357e-14 
1.776357e-14 
1.776357e-14 
1.776357e-14 
1.776357e-14 
1.776357e-14 
1.776357e-14 
1.776357e-14 
1.776357e-14 
1.776357e-14 
1.776357e-14 
1.776357e-14 
1.776357e-14 
1.776357e-14 
1.776357e-14 
1.776357e-14 
1.776357e-14 
1.776357e-14 
1.776357e-14 
1.776357e-14 
1.776357e-14 
1.776357e-14 
1.776357e-14 
1.776357e-14 
1.776357e-14 
1.776357e-14 
1.776357e-14 
1.776357e-14 
1.776357e-14 
1.776357e-14 
1.776357e-14 
1.776357e-14 
1.776357e-14 
1.776357e-14 
1.776357e-14 
1.776357e-14 
1.776357e-14 
1.776357e-14 
1.776357e-14 
1.776357e-14 
1.776357e-14 
1.776357e-14 
1.776357e-14 
1.776357e-14 
1.776357e-14 
1.776357e-14 
1.776357e-14 
1.776357e-14 
1.776357e-14 
1.776357e-14 
1.776357e-14 
1.776357e-14 
1.776357e-14 
1.776357e-14 
1.776357e-14 
1.776357e-14 
1.776357e-14 
1.776357e-14 
1.776357e-14 
1.776357e-14 
1.776357e-14 
1.776357e-14 
1.776357e-14 
1.776357e-14 
1.776357e-14 
1.776357e-14 
1.776357e-14 
1.776357e-14 
1.776357e-14 
1.776357e-14 
1.776357e-14 
1.776357e-14 
1.776357e-14 
1.776357e-14 
1.776357e-14 
1.776357e-14 
1.776357e-14 
1.776357e-14 
1.776357e-14 
1.776357e-14 
1.776357e-14 
1.776357e-14 
1.776357e-14 
1.776357e-14 
1.776357e-14 
1.776357e-14 
1.776357e-14 
1.776357e-14 
1.776357e-14 
1.776357e-14 
1.776357e-14 
1.776357e-14 
1.776357e-14 
1.776357e-14 
1.776357e-14 
1.776357e-14 
1.776357e-14 
1.776357e-14 
1.776357e-14 
1.776357e-14 
1.776357e-14 
1.776357e-14 
1.776357e-14 
1.776357e-14 
1.776357e-14 
1.776357e-14 
1.776357e-14 
1.776357e-14 
1.776357e-14 
1.776357e-14 
1.776357e-14 
1.776357e-14 
1.776357e-14 
1.776357e-14 
1.776357e-14 
1.776357e-14 
1.776357e-14 
1.776357e-14 
1.776357e-14 
1.776357e-14 
1.776357e-14 
1.776357e-14 
1.776357e-14 
1.776357e-14 
1.776357e-14 
1.776357e-14 
1.776357e-14 
1.776357e-14 
1.776357e-14 
1.776357e-14 
1.776357e-14 
1.776357e-14 
1.776357e-14 
1.776357e-14 
1.776357e-14 
1.776357e-14 
1.776357e-14 
1.776357e-14 
1.776357e-14 
1.776357e-14 
1.776357e-14 
1.776357e-14 
1.776357e-14 
1.776357e-14 
1.776357e-14 
1.776357e-14 
1.776357e-14 
1.776357e-14 
1.776357e-14 
1.776357e-14 
1.776357e-14 
1.776357e-14 
1.776357e-14 
1.776357e-14 
1.776357e-14 
1.776357e-14 
1.776357e-14 
1.776357e-14 
1.776357e-14 
1.776357e-14 
1.776357e-14 
1.776357e-14 
1.776357e-14 
1.776357e-14 
1.776357e-14 
1.776357e-14 
1.776357e-14 
1.776357e-14 
1.776357e-14 
1.776357e-14 
1.776357e-14 
1.776357e-14 
1.776357e-14 
1.776357e-14 
1.776357e-14 
1.776357e-14 
1.776357e-14 
1.776357e-14 
1.776357e-14 
1.776357e-14 
1.776357e-14 
1.776357e-14 
1.776357e-14 
1.776357e-14 
1.776357e-14 
1.776357e-14 
1.776357e-14 
1.776357e-14 
1.776357e-14 
1.776357e-14 
1.776357e-14 
1.776357e-14 
1.776357e-14 
1.776357e-14 
1.776357e-14 
1.776357e-14 
1.776357e-14 
1.776357e-14 
1.776357e-14 
1.776357e-14 
1.776357e-14 
1.776357e-14 
1.776357e-14 
1.776357e-14 
1.776357e-14 
1.776357e-14 
1.776357e-14 
1.776357e-14 
1.776357e-14 
1.776357e-14 
1.776357e-14 
1.776357e-14 
1.776357e-14 
1.776357e-14 
1.776357e-14 
1.776357e-14 
1.776357e-14 
1.776357e-14 
1.776357e-14 
1.776357e-14 
1.776357e-14 
1.776357e-14 
1.776357e-14 
1.776357e-14 
1.776357e-14 
1.776357e-14 
1.776357e-14 
1.776357e-14 
1.776357e-14 
1.776357e-14 
1.776357e-14 
1.776357e-14 
1.776357e-14 
1.776357e-14 
1.776357e-14 
1.776357e-14 
1.776357e-14 
1.776357e-14 
1.776357e-14 
1.776357e-14 
1.776357e-14 
1.776357e-14 
1.776357e-14 
1.776357e-14 
1.776357e-14 
1.776357e-14 
1.776357e-14 
1.776357e-14 
1.776357e-14 
1.776357e-14 
1.776357e-14 
1.776357e-14 
1.776357e-14 
1.776357e-14 
1.776357e-14 
1.776357e-14 
1.776357e-14 
1.776357e-14 
1.776357e-14 
1.776357e-14 
1.776357e-14 
1.776357e-14 
1.776357e-14 
1.776357e-14 
1.776357e-14 
1.776357e-14 
1.776357e-14 
1.776357e-14 
1.776357e-14 
1.776357e-14 
1.776357e-14 
1.776357e-14 
1.776357e-14 
1.776357e-14 
1.776357e-14 
1.776357e-14 
1.776357e-14 
1.776357e-14 
1.776357e-14 
1.776357e-14 
1.776357e-14 
1.776357e-14 
1.776357e-14 
1.776357e-14 
1.776357e-14 
1.776357e-14 
1.776357e-14 
1.776357e-14 
1.776357e-14 
1.776357e-14 
1.776357e-14 
1.776357e-14 
1.776357e-14 
1.776357e-14 
1.776357e-14 
1.776357e-14 
1.776357e-14 
1.776357e-14 
1.776357e-14 
1.776357e-14 
1.776357e-14 
1.776357e-14 
1.776357e-14 
1.776357e-14 
1.776357e-14 
1.776357e-14 
1.776357e-14 
1.776357e-14 
1.776357e-14 
1.776357e-14 
1.776357e-14 
1.776357e-14 
1.776357e-14 
1.776357e-14 
1.776357e-14 
1.776357e-14 
1.776357e-14 
1.776357e-14 
1.776357e-14 
1.776357e-14 
1.776357e-14 
1.776357e-14 
1.776357e-14 
1.776357e-14 
1.776357e-14 
1.776357e-14 
1.776357e-14 
1.776357e-14 
1.776357e-14 
1.776357e-14 
1.776357e-14 
1.776357e-14 
1.776357e-14 
1.776357e-14 
1.776357e-14 
1.776357e-14 
1.776357e-14 
1.776357e-14 
1.776357e-14 
1.776357e-14 
1.776357e-14 
1.776357e-14 
1.776357e-14 
1.776357e-14 
1.776357e-14 
1.776357e-14 
1.776357e-14 
1.776357e-14 
1.776357e-14 
1.776357e-14 
1.776357e-14 
1.776357e-14 
1.776357e-14 
1.776357e-14 
1.776357e-14 
1.776357e-14 
1.776357e-14 
1.776357e-14 
1.776357e-14 
1.776357e-14 
1.776357e-14 
1.776357e-14 
1.776357e-14 
1.776357e-14 
1.776357e-14 
1.776357e-14 
1.776357e-14 
1.776357e-14 
1.776357e-14 
1.776357e-14 
1.776357e-14 
1.776357e-14 
1.776357e-14 
1.776357e-14 
1.776357e-14 
1.776357e-14 
1.776357e-14 
1.776357e-14 
1.776357e-14 
1.776357e-14 
1.776357e-14 
1.776357e-14 
1.776357e-14 
1.776357e-14 
1.776357e-14 
1.776357e-14 
1.776357e-14 
1.776357e-14 
1.776357e-14 
1.776357e-14 
1.776357e-14 
1.776357e-14 
1.776357e-14 
1.776357e-14 
1.776357e-14 
1.776357e-14 
1.776357e-14 
1.776357e-14 
1.776357e-14 
1.776357e-14 
1.776357e-14 
1.776357e-14 
1.776357e-14 
1.776357e-14 
1.776357e-14 
1.776357e-14 
1.776357e-14 
1.776357e-14 
1.776357e-14 
1.776357e-14 
1.776357e-14 
1.776357e-14 
1.776357e-14 
1.776357e-14 
1.776357e-14 
1.776357e-14 
1.776357e-14 
1.776357e-14 
1.776357e-14 
1.776357e-14 
1.776357e-14 
1.776357e-14 
1.776357e-14 
1.776357e-14 
1.776357e-14 
1.776357e-14 
1.776357e-14 
1.776357e-14 
1.776357e-14 
1.776357e-14 
1.776357e-14 
1.776357e-14 
1.776357e-14 
1.776357e-14 
1.776357e-14 
1.776357e-14 
1.776357e-14 
1.776357e-14 
1.776357e-14 
1.776357e-14 
1.776357e-14 
1.776357e-14 
1.776357e-14 
1.776357e-14 
1.776357e-14 
1.776357e-14 
1.776357e-14 
1.776357e-14 
1.776357e-14 
1.776357e-14 
1.776357e-14 
1.776357e-14 
1.776357e-14 
1.776357e-14 
1.776357e-14 
1.776357e-14 
1.776357e-14 
1.776357e-14 
1.776357e-14 
1.776357e-14 
1.776357e-14 
1.776357e-14 
1.776357e-14 
1.776357e-14 
1.776357e-14 
1.776357e-14 
1.776357e-14 
1.776357e-14 
1.776357e-14 
1.776357e-14 
1.776357e-14 
1.776357e-14 
1.776357e-14 
1.776357e-14 
1.776357e-14 
1.776357e-14 
1.776357e-14 
1.776357e-14 
1.776357e-14 
1.776357e-14 
1.776357e-14 
1.776357e-14 
1.776357e-14 
1.776357e-14 
1.776357e-14 
1.776357e-14 
1.776357e-14 
1.776357e-14 
1.776357e-14 
1.776357e-14 
1.776357e-14 
1.776357e-14 
1.776357e-14 
1.776357e-14 
1.776357e-14 
1.776357e-14 
1.776357e-14 
1.776357e-14 
1.776357e-14 
1.776357e-14 
1.776357e-14 
1.776357e-14 
1.776357e-14 
1.776357e-14 
1.776357e-14 
1.776357e-14 
1.776357e-14 
1.776357e-14 
1.776357e-14 
1.776357e-14 
1.776357e-14 
1.776357e-14 
1.776357e-14 
1.776357e-14 
1.776357e-14 
1.776357e-14 
1.776357e-14 
1.776357e-14 
1.776357e-14 
1.776357e-14 
1.776357e-14 
1.776357e-14 
1.776357e-14 
1.776357e-14 
1.776357e-14 
1.776357e-14 
1.776357e-14 
1.776357e-14 
1.776357e-14 
1.776357e-14 
1.776357e-14 
1.776357e-14 
1.776357e-14 
1.776357e-14 
1.776357e-14 
1.776357e-14 
1.776357e-14 
1.776357e-14 
1.776357e-14 
1.776357e-14 
1.776357e-14 
1.776357e-14 
1.776357e-14 
1.776357e-14 
1.776357e-14 
1.776357e-14 
1.776357e-14 
1.776357e-14 
1.776357e-14 
1.776357e-14 
1.776357e-14 
1.776357e-14 
1.776357e-14 
1.776357e-14 
1.776357e-14 
1.776357e-14 
1.776357e-14 
1.776357e-14 
1.776357e-14 
1.776357e-14 
1.776357e-14 
1.776357e-14 
1.776357e-14 
1.776357e-14 
1.776357e-14 
1.776357e-14 
1.776357e-14 
1.776357e-14 
1.776357e-14 
1.776357e-14 
1.776357e-14 
1.776357e-14 
1.776357e-14 
1.776357e-14 
1.776357e-14 
1.776357e-14 
1.776357e-14 
1.776357e-14 
1.776357e-14 
1.776357e-14 
1.776357e-14 
1.776357e-14 
1.776357e-14 
1.776357e-14 
1.776357e-14 
1.776357e-14 
1.776357e-14 
1.776357e-14 
1.776357e-14 
1.776357e-14 
1.776357e-14 
1.776357e-14 
1.776357e-14 
1.776357e-14 
1.776357e-14 
1.776357e-14 
1.776357e-14 
1.776357e-14 
1.776357e-14 
1.776357e-14 
1.776357e-14 
1.776357e-14 
1.776357e-14 
1.776357e-14 
1.776357e-14 
1.776357e-14 
1.776357e-14 
1.776357e-14 
1.776357e-14 
1.776357e-14 
1.776357e-14 
1.776357e-14 
1.776357e-14 
1.776357e-14 
1.776357e-14 
1.776357e-14 
1.776357e-14 
1.776357e-14 
1.776357e-14 
1.776357e-14 
1.776357e-14 
1.776357e-14 
1.776357e-14 
1.776357e-14 
1.776357e-14 
1.776357e-14 
1.776357e-14 
1.776357e-14 
1.776357e-14 
1.776357e-14 
1.776357e-14 
1.776357e-14 
1.776357e-14 
1.776357e-14 
1.776357e-14 
1.776357e-14 
1.776357e-14 
1.776357e-14 
1.776357e-14 
1.776357e-14 
1.776357e-14 
1.776357e-14 
1.776357e-14 
1.776357e-14 
1.776357e-14 
1.776357e-14 
1.776357e-14 
1.776357e-14 
1.776357e-14 
1.776357e-14 
1.776357e-14 
1.776357e-14 
1.776357e-14 
1.776357e-14 
1.776357e-14 
1.776357e-14 
1.776357e-14 
1.776357e-14 
1.776357e-14 
1.776357e-14 
1.776357e-14 
1.776357e-14 
1.776357e-14 
1.776357e-14 
1.776357e-14 
1.776357e-14 
1.776357e-14 
1.776357e-14 
1.776357e-14 
1.776357e-14 
1.776357e-14 
1.776357e-14 
1.776357e-14 
1.776357e-14 
1.776357e-14 
1.776357e-14 
1.776357e-14 
1.776357e-14 
1.776357e-14 
1.776357e-14 
1.776357e-14 
1.776357e-14 
1.776357e-14 
1.776357e-14 
1.776357e-14 
1.776357e-14 
1.776357e-14 
1.776357e-14 
1.776357e-14 
1.776357e-14 
1.776357e-14 
1.776357e-14 
1.776357e-14 
1.776357e-14 
1.776357e-14 
1.776357e-14 
1.776357e-14 
1.776357e-14 
1.776357e-14 
1.776357e-14 
1.776357e-14 
1.776357e-14 
1.776357e-14 
1.776357e-14 
1.776357e-14 
1.776357e-14 
1.776357e-14 
1.776357e-14 
1.776357e-14 
1.776357e-14 
1.776357e-14 
1.776357e-14 
1.776357e-14 
1.776357e-14 
1.776357e-14 
1.776357e-14 
1.776357e-14 
1.776357e-14 
1.776357e-14 
1.776357e-14 
1.776357e-14 
1.776357e-14 
1.776357e-14 
1.776357e-14 
1.776357e-14 
1.776357e-14 
1.776357e-14 
1.776357e-14 
1.776357e-14 
1.776357e-14 
1.776357e-14 
1.776357e-14 
1.776357e-14 
1.776357e-14 
1.776357e-14 
1.776357e-14 
1.776357e-14 
1.776357e-14 
1.776357e-14 
1.776357e-14 
1.776357e-14 
1.776357e-14 
1.776357e-14 
1.776357e-14 
1.776357e-14 
1.776357e-14 
1.776357e-14 
1.776357e-14 
1.776357e-14 
1.776357e-14 
1.776357e-14 
1.776357e-14 
1.776357e-14 
1.776357e-14 
1.776357e-14 
1.776357e-14 
1.776357e-14 
1.776357e-14 
1.776357e-14 
1.776357e-14 
1.776357e-14 
1.776357e-14 
1.776357e-14 
1.776357e-14 
1.776357e-14 
1.776357e-14 
1.776357e-14 
1.776357e-14 
1.776357e-14 
1.776357e-14 
1.776357e-14 
1.776357e-14 
1.776357e-14 
1.776357e-14 
1.776357e-14 
1.776357e-14 
1.776357e-14 
1.776357e-14 
1.776357e-14 
1.776357e-14 
1.776357e-14 
1.776357e-14 
1.776357e-14 
1.776357e-14 
1.776357e-14 
1.776357e-14 
1.776357e-14 
1.776357e-14 
1.776357e-14 
1.776357e-14 
1.776357e-14 
1.776357e-14 
1.776357e-14 
1.776357e-14 
1.776357e-14 
1.776357e-14 
1.776357e-14 
1.776357e-14 
1.776357e-14 
1.776357e-14 
1.776357e-14 
1.776357e-14 
1.776357e-14 
1.776357e-14 
1.776357e-14 
1.776357e-14 
1.776357e-14 
1.776357e-14 
1.776357e-14 
1.776357e-14 
1.776357e-14 
1.776357e-14 
1.776357e-14 
1.776357e-14 
1.776357e-14 
1.776357e-14 
1.776357e-14 
1.776357e-14 
1.776357e-14 
1.776357e-14 
1.776357e-14 
1.776357e-14 
1.776357e-14 
1.776357e-14 
1.776357e-14 
1.776357e-14 
1.776357e-14 
1.776357e-14 
1.776357e-14 
1.776357e-14 
1.776357e-14 
1.776357e-14 
1.776357e-14 
1.776357e-14 
1.776357e-14 
1.776357e-14 
1.776357e-14 
1.776357e-14 
1.776357e-14 
1.776357e-14 
1.776357e-14 
1.776357e-14 
1.776357e-14 
1.776357e-14 
1.776357e-14 
1.776357e-14 
1.776357e-14 
1.776357e-14 
1.776357e-14 
1.776357e-14 
1.776357e-14 
1.776357e-14 
1.776357e-14 
1.776357e-14 
1.776357e-14 
1.776357e-14 
1.776357e-14 
1.776357e-14 
1.776357e-14 
1.776357e-14 
1.776357e-14 
1.776357e-14 
1.776357e-14 
1.776357e-14 
1.776357e-14 
1.776357e-14 
1.776357e-14 
1.776357e-14 
1.776357e-14 
1.776357e-14 
1.776357e-14 
1.776357e-14 
1.776357e-14 
1.776357e-14 
1.776357e-14 
1.776357e-14 
1.776357e-14 
1.776357e-14 
1.776357e-14 
1.776357e-14 
1.776357e-14 
1.776357e-14 
1.776357e-14 
1.776357e-14 
1.776357e-14 
1.776357e-14 
1.776357e-14 
1.776357e-14 
1.776357e-14 
1.776357e-14 
1.776357e-14 
1.776357e-14 
1.776357e-14 
1.776357e-14 
1.776357e-14 
1.776357e-14 
1.776357e-14 
1.776357e-14 
1.776357e-14 
1.776357e-14 
1.776357e-14 
1.776357e-14 
1.776357e-14 
1.776357e-14 
1.776357e-14 
1.776357e-14 
1.776357e-14 
1.776357e-14 
1.776357e-14 
1.776357e-14 
1.776357e-14 
1.776357e-14 
1.776357e-14 
1.776357e-14 
1.776357e-14 
1.776357e-14 
1.776357e-14 
1.776357e-14 
1.776357e-14 
1.776357e-14 
1.776357e-14 
1.776357e-14 
1.776357e-14 
1.776357e-14 
1.776357e-14 
1.776357e-14 
1.776357e-14 
1.776357e-14 
1.776357e-14 
1.776357e-14 
1.776357e-14 
1.776357e-14 
1.776357e-14 
1.776357e-14 
1.776357e-14 
1.776357e-14 
1.776357e-14 
1.776357e-14 
1.776357e-14 
1.776357e-14 
1.776357e-14 
1.776357e-14 
1.776357e-14 
1.776357e-14 
1.776357e-14 
1.776357e-14 
1.776357e-14 
1.776357e-14 
1.776357e-14 
1.776357e-14 
1.776357e-14 
1.776357e-14 
1.776357e-14 
1.776357e-14 
1.776357e-14 
1.776357e-14 
1.776357e-14 
1.776357e-14 
1.776357e-14 
1.776357e-14 
1.776357e-14 
1.776357e-14 
1.776357e-14 
1.776357e-14 
1.776357e-14 
1.776357e-14 
1.776357e-14 
1.776357e-14 
1.776357e-14 
1.776357e-14 
1.776357e-14 
1.776357e-14 
1.776357e-14 
1.776357e-14 
1.776357e-14 
1.776357e-14 
1.776357e-14 
1.776357e-14 
1.776357e-14 
1.776357e-14 
1.776357e-14 
1.776357e-14 
1.776357e-14 
1.776357e-14 
1.776357e-14 
1.776357e-14 
1.776357e-14 
1.776357e-14 
1.776357e-14 
1.776357e-14 
1.776357e-14 
1.776357e-14 
1.776357e-14 
1.776357e-14 
1.776357e-14 
1.776357e-14 
1.776357e-14 
1.776357e-14 
1.776357e-14 
1.776357e-14 
1.776357e-14 
1.776357e-14 
1.776357e-14 
1.776357e-14 
1.776357e-14 
1.776357e-14 
1.776357e-14 
1.776357e-14 
1.776357e-14 
1.776357e-14 
1.776357e-14 
1.776357e-14 
1.776357e-14 
1.776357e-14 
1.776357e-14 
1.776357e-14 
1.776357e-14 
1.776357e-14 
1.776357e-14 
1.776357e-14 
1.776357e-14 
1.776357e-14 
1.776357e-14 
1.776357e-14 
1.776357e-14 
1.776357e-14 
1.776357e-14 
1.776357e-14 
1.776357e-14 
1.776357e-14 
1.776357e-14 
1.776357e-14 
1.776357e-14 
1.776357e-14 
1.776357e-14 
1.776357e-14 
1.776357e-14 
1.776357e-14 
1.776357e-14 
1.776357e-14 
1.776357e-14 
1.776357e-14 
1.776357e-14 
1.776357e-14 
1.776357e-14 
1.776357e-14 
1.776357e-14 
1.776357e-14 
1.776357e-14 
1.776357e-14 
1.776357e-14 
1.776357e-14 
1.776357e-14 
1.776357e-14 
1.776357e-14 
1.776357e-14 
1.776357e-14 
1.776357e-14 
1.776357e-14 
1.776357e-14 
1.776357e-14 
1.776357e-14 
1.776357e-14 
1.776357e-14 
1.776357e-14 
1.776357e-14 
1.776357e-14 
1.776357e-14 
1.776357e-14 
1.776357e-14 
1.776357e-14 
1.776357e-14 
1.776357e-14 
1.776357e-14 
1.776357e-14 
1.776357e-14 
1.776357e-14 
1.776357e-14 
1.776357e-14 
1.776357e-14 
1.776357e-14 
1.776357e-14 
1.776357e-14 
1.776357e-14 
1.776357e-14 
1.776357e-14 
8.881784e-15 
8.881784e-15 
8.881784e-15 
8.881784e-15 
8.881784e-15 
8.881784e-15 
8.881784e-15 
8.881784e-15 
8.881784e-15 
8.881784e-15 
8.881784e-15 
8.881784e-15 
8.881784e-15 
8.881784e-15 
8.881784e-15 
8.881784e-15 
8.881784e-15 
8.881784e-15 
8.881784e-15 
8.881784e-15 
8.881784e-15 
8.881784e-15 
8.881784e-15 
8.881784e-15 
8.881784e-15 
8.881784e-15 
8.881784e-15 
8.881784e-15 
8.881784e-15 
8.881784e-15 
8.881784e-15 
8.881784e-15 
8.881784e-15 
8.881784e-15 
8.881784e-15 
8.881784e-15 
8.881784e-15 
8.881784e-15 
8.881784e-15 
8.881784e-15 
8.881784e-15 
8.881784e-15 
8.881784e-15 
8.881784e-15 
8.881784e-15 
8.881784e-15 
8.881784e-15 
8.881784e-15 
8.881784e-15 
8.881784e-15 
8.881784e-15 
8.881784e-15 
8.881784e-15 
8.881784e-15 
8.881784e-15 
8.881784e-15 
8.881784e-15 
8.881784e-15 
8.881784e-15 
8.881784e-15 
8.881784e-15 
8.881784e-15 
8.881784e-15 
8.881784e-15 
8.881784e-15 
8.881784e-15 
8.881784e-15 
8.881784e-15 
8.881784e-15 
8.881784e-15 
8.881784e-15 
8.881784e-15 
8.881784e-15 
8.881784e-15 
8.881784e-15 
8.881784e-15 
8.881784e-15 
8.881784e-15 
8.881784e-15 
8.881784e-15 
8.881784e-15 
8.881784e-15 
8.881784e-15 
8.881784e-15 
8.881784e-15 
8.881784e-15 
8.881784e-15 
8.881784e-15 
8.881784e-15 
8.881784e-15 
8.881784e-15 
8.881784e-15 
8.881784e-15 
8.881784e-15 
8.881784e-15 
8.881784e-15 
8.881784e-15 
8.881784e-15 
8.881784e-15 
8.881784e-15 
8.881784e-15 
8.881784e-15 
8.881784e-15 
8.881784e-15 
8.881784e-15 
8.881784e-15 
8.881784e-15 
8.881784e-15 
8.881784e-15 
8.881784e-15 
8.881784e-15 
8.881784e-15 
8.881784e-15 
8.881784e-15 
8.881784e-15 
8.881784e-15 
8.881784e-15 
8.881784e-15 
8.881784e-15 
8.881784e-15 
8.881784e-15 
8.881784e-15 
8.881784e-15 
8.881784e-15 
8.881784e-15 
8.881784e-15 
8.881784e-15 
8.881784e-15 
8.881784e-15 
8.881784e-15 
8.881784e-15 
8.881784e-15 
8.881784e-15 
8.881784e-15 
8.881784e-15 
8.881784e-15 
8.881784e-15 
8.881784e-15 
8.881784e-15 
8.881784e-15 
8.881784e-15 
8.881784e-15 
8.881784e-15 
8.881784e-15 
8.881784e-15 
8.881784e-15 
8.881784e-15 
8.881784e-15 
8.881784e-15 
8.881784e-15 
8.881784e-15 
8.881784e-15 
8.881784e-15 
8.881784e-15 
8.881784e-15 
8.881784e-15 
8.881784e-15 
8.881784e-15 
8.881784e-15 
8.881784e-15 
8.881784e-15 
8.881784e-15 
8.881784e-15 
8.881784e-15 
8.881784e-15 
8.881784e-15 
8.881784e-15 
8.881784e-15 
8.881784e-15 
8.881784e-15 
8.881784e-15 
8.881784e-15 
8.881784e-15 
8.881784e-15 
8.881784e-15 
8.881784e-15 
8.881784e-15 
8.881784e-15 
8.881784e-15 
8.881784e-15 
8.881784e-15 
8.881784e-15 
8.881784e-15 
8.881784e-15 
8.881784e-15 
8.881784e-15 
8.881784e-15 
8.881784e-15 
8.881784e-15 
8.881784e-15 
8.881784e-15 
8.881784e-15 
8.881784e-15 
8.881784e-15 
8.881784e-15 
8.881784e-15 
8.881784e-15 
8.881784e-15 
8.881784e-15 
8.881784e-15 
8.881784e-15 
8.881784e-15 
8.881784e-15 
8.881784e-15 
8.881784e-15 
8.881784e-15 
8.881784e-15 
8.881784e-15 
8.881784e-15 
8.881784e-15 
8.881784e-15 
8.881784e-15 
8.881784e-15 
8.881784e-15 
8.881784e-15 
8.881784e-15 
8.881784e-15 
8.881784e-15 
8.881784e-15 
8.881784e-15 
8.881784e-15 
8.881784e-15 
8.881784e-15 
8.881784e-15 
8.881784e-15 
8.881784e-15 
8.881784e-15 
8.881784e-15 
8.881784e-15 
8.881784e-15 
8.881784e-15 
8.881784e-15 
8.881784e-15 
8.881784e-15 
8.881784e-15 
8.881784e-15 
8.881784e-15 
8.881784e-15 
8.881784e-15 
8.881784e-15 
8.881784e-15 
8.881784e-15 
8.881784e-15 
8.881784e-15 
8.881784e-15 
8.881784e-15 
8.881784e-15 
8.881784e-15 
8.881784e-15 
8.881784e-15 
8.881784e-15 
8.881784e-15 
8.881784e-15 
8.881784e-15 
8.881784e-15 
8.881784e-15 
8.881784e-15 
8.881784e-15 
8.881784e-15 
8.881784e-15 
8.881784e-15 
8.881784e-15 
8.881784e-15 
8.881784e-15 
8.881784e-15 
8.881784e-15 
8.881784e-15 
8.881784e-15 
8.881784e-15 
8.881784e-15 
8.881784e-15 
8.881784e-15 
8.881784e-15 
8.881784e-15 
8.881784e-15 
8.881784e-15 
8.881784e-15 
8.881784e-15 
8.881784e-15 
8.881784e-15 
8.881784e-15 
8.881784e-15 
8.881784e-15 
8.881784e-15 
8.881784e-15 
8.881784e-15 
8.881784e-15 
8.881784e-15 
8.881784e-15 
8.881784e-15 
8.881784e-15 
8.881784e-15 
8.881784e-15 
8.881784e-15 
8.881784e-15 
8.881784e-15 
8.881784e-15 
8.881784e-15 
8.881784e-15 
8.881784e-15 
8.881784e-15 
8.881784e-15 
8.881784e-15 
8.881784e-15 
8.881784e-15 
8.881784e-15 
8.881784e-15 
8.881784e-15 
8.881784e-15 
8.881784e-15 
8.881784e-15 
8.881784e-15 
8.881784e-15 
8.881784e-15 
8.881784e-15 
8.881784e-15 
8.881784e-15 
8.881784e-15 
8.881784e-15 
8.881784e-15 
8.881784e-15 
8.881784e-15 
8.881784e-15 
8.881784e-15 
8.881784e-15 
8.881784e-15 
8.881784e-15 
8.881784e-15 
8.881784e-15 
8.881784e-15 
8.881784e-15 
8.881784e-15 
8.881784e-15 
8.881784e-15 
8.881784e-15 
8.881784e-15 
8.881784e-15 
8.881784e-15 
8.881784e-15 
8.881784e-15 
8.881784e-15 
8.881784e-15 
8.881784e-15 
8.881784e-15 
8.881784e-15 
8.881784e-15 
8.881784e-15 
8.881784e-15 
8.881784e-15 
8.881784e-15 
8.881784e-15 
8.881784e-15 
8.881784e-15 
8.881784e-15 
8.881784e-15 
8.881784e-15 
8.881784e-15 
8.881784e-15 
8.881784e-15 
8.881784e-15 
8.881784e-15 
8.881784e-15 
8.881784e-15 
8.881784e-15 
8.881784e-15 
8.881784e-15 
8.881784e-15 
8.881784e-15 
8.881784e-15 
8.881784e-15 
8.881784e-15 
8.881784e-15 
8.881784e-15 
8.881784e-15 
8.881784e-15 
8.881784e-15 
8.881784e-15 
8.881784e-15 
8.881784e-15 
8.881784e-15 
8.881784e-15 
8.881784e-15 
8.881784e-15 
8.881784e-15 
8.881784e-15 
8.881784e-15 
8.881784e-15 
8.881784e-15 
8.881784e-15 
8.881784e-15 
8.881784e-15 
8.881784e-15 
8.881784e-15 
8.881784e-15 
8.881784e-15 
8.881784e-15 
8.881784e-15 
8.881784e-15 
8.881784e-15 
8.881784e-15 
8.881784e-15 
8.881784e-15 
8.881784e-15 
8.881784e-15 
8.881784e-15 
8.881784e-15 
8.881784e-15 
8.881784e-15 
8.881784e-15 
8.881784e-15 
8.881784e-15 
8.881784e-15 
8.881784e-15 
8.881784e-15 
8.881784e-15 
8.881784e-15 
8.881784e-15 
8.881784e-15 
8.881784e-15 
8.881784e-15 
8.881784e-15 
8.881784e-15 
8.881784e-15 
8.881784e-15 
8.881784e-15 
8.881784e-15 
8.881784e-15 
8.881784e-15 
8.881784e-15 
8.881784e-15 
8.881784e-15 
8.881784e-15 
8.881784e-15 
8.881784e-15 
8.881784e-15 
8.881784e-15 
8.881784e-15 
8.881784e-15 
8.881784e-15 
8.881784e-15 
8.881784e-15 
8.881784e-15 
8.881784e-15 
8.881784e-15 
8.881784e-15 
8.881784e-15 
8.881784e-15 
8.881784e-15 
8.881784e-15 
8.881784e-15 
8.881784e-15 
8.881784e-15 
8.881784e-15 
8.881784e-15 
8.881784e-15 
8.881784e-15 
8.881784e-15 
8.881784e-15 
8.881784e-15 
8.881784e-15 
8.881784e-15 
8.881784e-15 
8.881784e-15 
8.881784e-15 
8.881784e-15 
8.881784e-15 
8.881784e-15 
8.881784e-15 
8.881784e-15 
8.881784e-15 
8.881784e-15 
8.881784e-15 
8.881784e-15 
8.881784e-15 
8.881784e-15 
8.881784e-15 
8.881784e-15 
8.881784e-15 
8.881784e-15 
8.881784e-15 
8.881784e-15 
8.881784e-15 
8.881784e-15 
8.881784e-15 
8.881784e-15 
8.881784e-15 
8.881784e-15 
8.881784e-15 
8.881784e-15 
8.881784e-15 
8.881784e-15 
8.881784e-15 
8.881784e-15 
8.881784e-15 
8.881784e-15 
8.881784e-15 
8.881784e-15 
8.881784e-15 
8.881784e-15 
8.881784e-15 
8.881784e-15 
8.881784e-15 
8.881784e-15 
8.881784e-15 
8.881784e-15 
8.881784e-15 
8.881784e-15 
8.881784e-15 
8.881784e-15 
8.881784e-15 
8.881784e-15 
8.881784e-15 
8.881784e-15 
8.881784e-15 
8.881784e-15 
8.881784e-15 
8.881784e-15 
8.881784e-15 
8.881784e-15 
8.881784e-15 
8.881784e-15 
8.881784e-15 
8.881784e-15 
8.881784e-15 
8.881784e-15 
8.881784e-15 
8.881784e-15 
8.881784e-15 
8.881784e-15 
8.881784e-15 
8.881784e-15 
8.881784e-15 
8.881784e-15 
8.881784e-15 
8.881784e-15 
8.881784e-15 
8.881784e-15 
8.881784e-15 
8.881784e-15 
8.881784e-15 
8.881784e-15 
8.881784e-15 
8.881784e-15 
8.881784e-15 
8.881784e-15 
8.881784e-15 
8.881784e-15 
8.881784e-15 
8.881784e-15 
8.881784e-15 
8.881784e-15 
8.881784e-15 
8.881784e-15 
8.881784e-15 
8.881784e-15 
8.881784e-15 
8.881784e-15 
8.881784e-15 
8.881784e-15 
8.881784e-15 
8.881784e-15 
8.881784e-15 
8.881784e-15 
8.881784e-15 
8.881784e-15 
8.881784e-15 
8.881784e-15 
8.881784e-15 
8.881784e-15 
8.881784e-15 
8.881784e-15 
8.881784e-15 
8.881784e-15 
8.881784e-15 
8.881784e-15 
8.881784e-15 
8.881784e-15 
8.881784e-15 
8.881784e-15 
8.881784e-15 
8.881784e-15 
8.881784e-15 
8.881784e-15 
8.881784e-15 
8.881784e-15 
8.881784e-15 
8.881784e-15 
8.881784e-15 
8.881784e-15 
8.881784e-15 
8.881784e-15 
8.881784e-15 
8.881784e-15 
8.881784e-15 
8.881784e-15 
8.881784e-15 
8.881784e-15 
8.881784e-15 
8.881784e-15 
8.881784e-15 
8.881784e-15 
8.881784e-15 
8.881784e-15 
8.881784e-15 
8.881784e-15 
8.881784e-15 
8.881784e-15 
8.881784e-15 
8.881784e-15 
8.881784e-15 
8.881784e-15 
8.881784e-15 
8.881784e-15 
8.881784e-15 
8.881784e-15 
8.881784e-15 
8.881784e-15 
8.881784e-15 
8.881784e-15 
8.881784e-15 
8.881784e-15 
8.881784e-15 
8.881784e-15 
8.881784e-15 
8.881784e-15 
8.881784e-15 
8.881784e-15 
8.881784e-15 
8.881784e-15 
8.881784e-15 
8.881784e-15 
8.881784e-15 
8.881784e-15 
8.881784e-15 
8.881784e-15 
8.881784e-15 
8.881784e-15 
8.881784e-15 
8.881784e-15 
8.881784e-15 
8.881784e-15 
8.881784e-15 
8.881784e-15 
8.881784e-15 
8.881784e-15 
8.881784e-15 
8.881784e-15 
8.881784e-15 
8.881784e-15 
8.881784e-15 
8.881784e-15 
8.881784e-15 
8.881784e-15 
8.881784e-15 
8.881784e-15 
8.881784e-15 
8.881784e-15 
8.881784e-15 
8.881784e-15 
8.881784e-15 
8.881784e-15 
8.881784e-15 
8.881784e-15 
8.881784e-15 
8.881784e-15 
8.881784e-15 
8.881784e-15 
8.881784e-15 
8.881784e-15 
8.881784e-15 
8.881784e-15 
8.881784e-15 
8.881784e-15 
8.881784e-15 
8.881784e-15 
8.881784e-15 
8.881784e-15 
8.881784e-15 
8.881784e-15 
8.881784e-15 
8.881784e-15 
8.881784e-15 
8.881784e-15 
8.881784e-15 
8.881784e-15 
8.881784e-15 
8.881784e-15 
8.881784e-15 
8.881784e-15 
8.881784e-15 
8.881784e-15 
8.881784e-15 
8.881784e-15 
8.881784e-15 
8.881784e-15 
8.881784e-15 
8.881784e-15 
8.881784e-15 
8.881784e-15 
8.881784e-15 
8.881784e-15 
8.881784e-15 
8.881784e-15 
8.881784e-15 
8.881784e-15 
8.881784e-15 
8.881784e-15 
8.881784e-15 
8.881784e-15 
8.881784e-15 
8.881784e-15 
8.881784e-15 
8.881784e-15 
8.881784e-15 
8.881784e-15 
8.881784e-15 
8.881784e-15 
8.881784e-15 
8.881784e-15 
8.881784e-15 
8.881784e-15 
8.881784e-15 
8.881784e-15 
8.881784e-15 
8.881784e-15 
8.881784e-15 
8.881784e-15 
8.881784e-15 
8.881784e-15 
8.881784e-15 
8.881784e-15 
8.881784e-15 
8.881784e-15 
8.881784e-15 
8.881784e-15 
8.881784e-15 
8.881784e-15 
8.881784e-15 
8.881784e-15 
8.881784e-15 
8.881784e-15 
8.881784e-15 
8.881784e-15 
8.881784e-15 
8.881784e-15 
8.881784e-15 
8.881784e-15 
8.881784e-15 
8.881784e-15 
8.881784e-15 
8.881784e-15 
8.881784e-15 
8.881784e-15 
8.881784e-15 
8.881784e-15 
8.881784e-15 
8.881784e-15 
8.881784e-15 
8.881784e-15 
8.881784e-15 
8.881784e-15 
8.881784e-15 
8.881784e-15 
8.881784e-15 
8.881784e-15 
8.881784e-15 
8.881784e-15 
8.881784e-15 
8.881784e-15 
8.881784e-15 
8.881784e-15 
8.881784e-15 
8.881784e-15 
8.881784e-15 
8.881784e-15 
8.881784e-15 
8.881784e-15 
8.881784e-15 
8.881784e-15 
8.881784e-15 
8.881784e-15 
8.881784e-15 
8.881784e-15 
8.881784e-15 
8.881784e-15 
8.881784e-15 
8.881784e-15 
8.881784e-15 
8.881784e-15 
8.881784e-15 
8.881784e-15 
8.881784e-15 
8.881784e-15 
8.881784e-15 
8.881784e-15 
8.881784e-15 
