1.049605e-224 
7.812615e-225 
1.512343e-224 
4.024039e-226 
3.150093e-222 
7.107257e-236 
6.173407e-229 
1.459673e-225 
2.360821e-226 
8.900108e-227 
3.548279e-226 
2.458541e-226 
1.069196e-228 
2.426839e-228 
2.814443e-233 
1.535161e-223 
1.476319e-229 
5.282051e-235 
1.221517e-226 
3.208369e-228 
9.587307e-223 
1.206041e-224 
2.222464e-230 
1.023886e-228 
9.823318e-229 
4.631644e-222 
1.017065e-218 
2.252222e-224 
2.012311e-228 
1.297788e-228 
average=3.393205e-220 
std=0 
best=7.107257e-236 
