2.396399e+03 
1.469338e+03 
1.333743e+03 
1.298308e+03 
1.204023e+03 
1.204023e+03 
1.141516e+03 
1.141516e+03 
1.141516e+03 
1.141516e+03 
8.902105e+02 
6.875438e+02 
6.875438e+02 
6.875438e+02 
6.875438e+02 
6.875438e+02 
6.875438e+02 
6.875438e+02 
6.875438e+02 
6.875438e+02 
6.875438e+02 
6.875438e+02 
4.728658e+02 
4.728658e+02 
4.728658e+02 
4.728658e+02 
4.728658e+02 
4.728658e+02 
4.728658e+02 
4.728658e+02 
4.728658e+02 
4.728658e+02 
4.728658e+02 
4.728658e+02 
4.728658e+02 
4.728658e+02 
4.728658e+02 
4.728658e+02 
4.728658e+02 
4.728658e+02 
4.728658e+02 
4.728658e+02 
4.728658e+02 
4.728658e+02 
4.728658e+02 
4.728658e+02 
4.728658e+02 
4.728658e+02 
4.728658e+02 
4.728658e+02 
4.728658e+02 
4.728658e+02 
4.728658e+02 
4.728658e+02 
4.728658e+02 
4.728658e+02 
4.728658e+02 
4.728658e+02 
4.728658e+02 
4.728658e+02 
4.728658e+02 
4.728658e+02 
4.728658e+02 
4.728658e+02 
4.728658e+02 
4.728658e+02 
4.728658e+02 
4.728658e+02 
4.728658e+02 
4.728658e+02 
4.728658e+02 
4.728658e+02 
4.728658e+02 
4.728658e+02 
4.728658e+02 
4.728658e+02 
4.728658e+02 
4.728658e+02 
4.728658e+02 
4.728658e+02 
4.728658e+02 
4.728658e+02 
4.728658e+02 
4.728658e+02 
4.728658e+02 
4.728658e+02 
4.728658e+02 
3.624779e+02 
3.624779e+02 
3.624779e+02 
3.624779e+02 
3.624779e+02 
3.624779e+02 
3.624779e+02 
3.624779e+02 
3.624779e+02 
3.624779e+02 
3.624779e+02 
3.624779e+02 
3.624779e+02 
3.624779e+02 
3.624779e+02 
3.624779e+02 
3.624779e+02 
3.624779e+02 
3.624779e+02 
3.624779e+02 
3.624779e+02 
3.624779e+02 
3.624779e+02 
3.624779e+02 
3.624779e+02 
3.624779e+02 
3.624779e+02 
3.624779e+02 
3.624779e+02 
3.624779e+02 
3.624779e+02 
3.624779e+02 
3.624779e+02 
3.624779e+02 
3.624779e+02 
3.624779e+02 
3.624779e+02 
3.624779e+02 
3.624779e+02 
3.624779e+02 
3.624779e+02 
3.624779e+02 
3.624779e+02 
3.624779e+02 
3.624779e+02 
3.624779e+02 
3.624779e+02 
3.624779e+02 
3.624779e+02 
3.624779e+02 
3.624779e+02 
3.624779e+02 
3.624779e+02 
3.624779e+02 
3.624779e+02 
3.624779e+02 
3.624779e+02 
3.624779e+02 
3.624779e+02 
3.624779e+02 
3.624779e+02 
3.624779e+02 
3.624779e+02 
3.624779e+02 
3.624779e+02 
3.624779e+02 
3.624779e+02 
3.624779e+02 
3.624779e+02 
3.624779e+02 
3.624779e+02 
3.624779e+02 
3.624779e+02 
3.624779e+02 
3.624779e+02 
3.624779e+02 
3.624779e+02 
3.624779e+02 
3.624779e+02 
3.624779e+02 
3.624779e+02 
3.624779e+02 
3.624779e+02 
3.624779e+02 
3.624779e+02 
3.624779e+02 
3.624779e+02 
3.624779e+02 
3.624779e+02 
3.624779e+02 
3.624779e+02 
3.624779e+02 
3.624779e+02 
3.624779e+02 
3.624779e+02 
3.624779e+02 
3.624779e+02 
3.624779e+02 
3.624779e+02 
3.624779e+02 
3.624779e+02 
3.624779e+02 
3.624779e+02 
3.624779e+02 
3.624779e+02 
3.624779e+02 
3.624779e+02 
3.624779e+02 
3.624779e+02 
3.624779e+02 
3.624779e+02 
3.624779e+02 
3.624779e+02 
3.624779e+02 
3.624779e+02 
3.624779e+02 
3.624779e+02 
3.624779e+02 
3.624779e+02 
3.624779e+02 
3.624779e+02 
3.624779e+02 
3.624779e+02 
3.624779e+02 
3.624779e+02 
3.624779e+02 
3.624779e+02 
3.624779e+02 
3.624779e+02 
3.624779e+02 
3.624779e+02 
3.624779e+02 
3.624779e+02 
3.624779e+02 
3.624779e+02 
3.624779e+02 
3.624779e+02 
3.624779e+02 
3.624779e+02 
3.624779e+02 
3.624779e+02 
3.624779e+02 
3.624779e+02 
3.624779e+02 
3.624779e+02 
3.624779e+02 
3.624779e+02 
3.624779e+02 
3.624779e+02 
3.624779e+02 
3.624779e+02 
3.624779e+02 
3.624779e+02 
3.624779e+02 
3.624779e+02 
3.624779e+02 
3.624779e+02 
3.624779e+02 
3.624779e+02 
3.624779e+02 
3.624779e+02 
3.624779e+02 
3.624779e+02 
3.624779e+02 
3.624779e+02 
3.624779e+02 
3.624779e+02 
3.624779e+02 
3.624779e+02 
3.624779e+02 
3.624779e+02 
3.624779e+02 
3.624779e+02 
3.624779e+02 
3.624779e+02 
3.624779e+02 
3.624779e+02 
3.624779e+02 
3.624779e+02 
3.624779e+02 
3.624779e+02 
3.624779e+02 
3.624779e+02 
3.624779e+02 
3.624779e+02 
3.624779e+02 
3.624779e+02 
3.624779e+02 
3.624779e+02 
3.624779e+02 
3.624779e+02 
3.624779e+02 
3.624779e+02 
3.624779e+02 
3.624779e+02 
3.624779e+02 
3.624779e+02 
3.624779e+02 
3.624779e+02 
3.624779e+02 
3.624779e+02 
3.624779e+02 
3.624779e+02 
3.624779e+02 
3.624779e+02 
3.624779e+02 
3.624779e+02 
3.624779e+02 
3.624779e+02 
3.624779e+02 
3.624779e+02 
3.624779e+02 
3.624779e+02 
3.624779e+02 
3.624779e+02 
3.624779e+02 
3.624779e+02 
3.624779e+02 
3.624779e+02 
3.624779e+02 
3.624779e+02 
3.624779e+02 
3.624779e+02 
3.624779e+02 
3.624779e+02 
3.624779e+02 
3.624779e+02 
3.624779e+02 
3.624779e+02 
3.624779e+02 
3.624779e+02 
3.624779e+02 
3.624779e+02 
3.624779e+02 
3.624779e+02 
3.624779e+02 
3.624779e+02 
3.624779e+02 
3.624779e+02 
3.624779e+02 
3.624779e+02 
3.624779e+02 
3.624779e+02 
3.624779e+02 
3.624779e+02 
3.624779e+02 
3.624779e+02 
3.624779e+02 
3.624779e+02 
3.624779e+02 
3.624779e+02 
3.624779e+02 
3.624779e+02 
3.624779e+02 
3.624779e+02 
3.624779e+02 
3.624779e+02 
3.624779e+02 
3.624779e+02 
3.624779e+02 
3.624779e+02 
3.624779e+02 
3.624779e+02 
3.624779e+02 
3.624779e+02 
3.624779e+02 
3.624779e+02 
3.624779e+02 
3.624779e+02 
3.624779e+02 
3.418396e+02 
3.418396e+02 
3.418396e+02 
3.418396e+02 
3.418396e+02 
3.418396e+02 
3.418396e+02 
3.418396e+02 
3.418396e+02 
3.418396e+02 
3.418396e+02 
3.418396e+02 
3.418396e+02 
3.418396e+02 
3.418396e+02 
3.418396e+02 
3.418396e+02 
3.418396e+02 
3.418396e+02 
3.418396e+02 
3.418396e+02 
3.418396e+02 
3.418396e+02 
3.418396e+02 
3.418396e+02 
3.418396e+02 
3.418396e+02 
3.418396e+02 
3.418396e+02 
3.418396e+02 
3.418396e+02 
3.418396e+02 
3.418396e+02 
3.418396e+02 
3.418396e+02 
3.418396e+02 
3.418396e+02 
3.418396e+02 
3.418396e+02 
3.418396e+02 
3.418396e+02 
3.418396e+02 
3.418396e+02 
3.418396e+02 
3.418396e+02 
3.418396e+02 
3.418396e+02 
3.418396e+02 
3.418396e+02 
3.418396e+02 
3.418396e+02 
3.418396e+02 
3.418396e+02 
3.418396e+02 
3.418396e+02 
3.418396e+02 
3.418396e+02 
3.418396e+02 
3.418396e+02 
3.418396e+02 
3.418396e+02 
3.418396e+02 
3.418396e+02 
3.418396e+02 
3.418396e+02 
3.418396e+02 
3.418396e+02 
3.418396e+02 
3.418396e+02 
3.418396e+02 
3.418396e+02 
3.418396e+02 
3.418396e+02 
3.418396e+02 
3.418396e+02 
3.418396e+02 
3.418396e+02 
3.418396e+02 
3.418396e+02 
3.418396e+02 
3.418396e+02 
3.418396e+02 
3.418396e+02 
3.418396e+02 
3.418396e+02 
3.418396e+02 
3.418396e+02 
2.720844e+02 
2.720844e+02 
2.720844e+02 
2.720844e+02 
2.720844e+02 
2.720844e+02 
2.720844e+02 
2.720844e+02 
2.720844e+02 
2.720844e+02 
2.720844e+02 
2.720844e+02 
2.720844e+02 
2.720844e+02 
2.720844e+02 
2.720844e+02 
2.720844e+02 
2.720844e+02 
2.720844e+02 
2.720844e+02 
2.720844e+02 
2.720844e+02 
2.720844e+02 
2.720844e+02 
2.720844e+02 
2.720844e+02 
2.720844e+02 
2.720844e+02 
2.720844e+02 
2.720844e+02 
2.720844e+02 
2.720844e+02 
2.720844e+02 
2.720844e+02 
2.720844e+02 
2.720844e+02 
2.720844e+02 
2.720844e+02 
2.720844e+02 
2.720844e+02 
2.720844e+02 
2.720844e+02 
2.720844e+02 
2.720844e+02 
2.720844e+02 
2.720844e+02 
2.720844e+02 
2.720844e+02 
2.720844e+02 
2.720844e+02 
2.720844e+02 
2.720844e+02 
2.720844e+02 
2.720844e+02 
2.720844e+02 
2.720844e+02 
2.720844e+02 
2.720844e+02 
2.720844e+02 
2.720844e+02 
2.720844e+02 
2.720844e+02 
2.720844e+02 
2.720844e+02 
2.720844e+02 
2.720844e+02 
2.720844e+02 
2.720844e+02 
2.720844e+02 
2.720844e+02 
2.720844e+02 
2.720844e+02 
2.720844e+02 
2.720844e+02 
2.720844e+02 
2.720844e+02 
2.720844e+02 
2.720844e+02 
2.720844e+02 
2.720844e+02 
2.720844e+02 
2.720844e+02 
2.720844e+02 
2.720844e+02 
2.720844e+02 
2.720844e+02 
2.720844e+02 
2.720844e+02 
2.720844e+02 
2.720844e+02 
2.720844e+02 
2.720844e+02 
2.720844e+02 
2.720844e+02 
2.720844e+02 
2.720844e+02 
2.720844e+02 
2.720844e+02 
2.720844e+02 
2.720844e+02 
2.720844e+02 
2.720844e+02 
2.720844e+02 
2.720844e+02 
2.720844e+02 
2.720844e+02 
2.720844e+02 
2.720844e+02 
2.720844e+02 
2.720844e+02 
2.720844e+02 
2.720844e+02 
2.720844e+02 
2.720844e+02 
2.720844e+02 
2.720844e+02 
2.720844e+02 
2.720844e+02 
2.720844e+02 
2.720844e+02 
2.720844e+02 
2.720844e+02 
2.720844e+02 
2.720844e+02 
2.720844e+02 
2.720844e+02 
2.720844e+02 
2.720844e+02 
2.720844e+02 
2.720844e+02 
2.720844e+02 
2.720844e+02 
2.720844e+02 
2.720844e+02 
2.720844e+02 
2.720844e+02 
2.720844e+02 
2.720844e+02 
2.720844e+02 
2.720844e+02 
2.720844e+02 
2.720844e+02 
2.720844e+02 
2.720844e+02 
2.720844e+02 
2.720844e+02 
2.720844e+02 
2.720844e+02 
2.720844e+02 
2.720844e+02 
2.720844e+02 
2.720844e+02 
2.720844e+02 
2.720844e+02 
2.720844e+02 
2.720844e+02 
2.720844e+02 
2.720844e+02 
2.720844e+02 
2.720844e+02 
2.720844e+02 
2.720844e+02 
2.720844e+02 
2.720844e+02 
2.720844e+02 
2.720844e+02 
2.720844e+02 
2.720844e+02 
2.720844e+02 
2.720844e+02 
2.720844e+02 
2.720844e+02 
2.720844e+02 
2.720844e+02 
2.720844e+02 
2.720844e+02 
2.720844e+02 
2.720844e+02 
2.720844e+02 
2.720844e+02 
2.720844e+02 
2.720844e+02 
2.720844e+02 
2.720844e+02 
2.720844e+02 
2.720844e+02 
2.720844e+02 
2.720844e+02 
2.720844e+02 
2.720844e+02 
2.720844e+02 
2.720844e+02 
2.720844e+02 
2.720844e+02 
2.720844e+02 
1.790259e+02 
1.790259e+02 
1.790259e+02 
1.790259e+02 
1.790259e+02 
1.790259e+02 
1.790259e+02 
1.790259e+02 
1.790259e+02 
1.790259e+02 
1.790259e+02 
1.790259e+02 
1.790259e+02 
1.790259e+02 
1.790259e+02 
1.790259e+02 
1.790259e+02 
1.790259e+02 
1.790259e+02 
1.790259e+02 
1.790259e+02 
1.790259e+02 
1.790259e+02 
1.790259e+02 
1.790259e+02 
1.790259e+02 
1.790259e+02 
1.790259e+02 
1.790259e+02 
1.790259e+02 
1.790259e+02 
1.790259e+02 
1.790259e+02 
1.790259e+02 
1.790259e+02 
1.790259e+02 
1.790259e+02 
1.790259e+02 
1.790259e+02 
1.790259e+02 
1.790259e+02 
1.790259e+02 
1.790259e+02 
1.790259e+02 
1.790259e+02 
1.790259e+02 
1.790259e+02 
1.790259e+02 
1.790259e+02 
1.790259e+02 
1.790259e+02 
1.790259e+02 
1.790259e+02 
1.790259e+02 
1.790259e+02 
1.790259e+02 
1.790259e+02 
1.790259e+02 
1.790259e+02 
1.790259e+02 
1.790259e+02 
1.790259e+02 
1.790259e+02 
1.790259e+02 
1.790259e+02 
1.790259e+02 
1.790259e+02 
1.790259e+02 
1.790259e+02 
1.790259e+02 
1.790259e+02 
1.790259e+02 
1.790259e+02 
1.790259e+02 
1.790259e+02 
1.790259e+02 
1.790259e+02 
1.790259e+02 
1.790259e+02 
1.790259e+02 
1.790259e+02 
1.790259e+02 
1.790259e+02 
1.790259e+02 
1.790259e+02 
1.790259e+02 
1.790259e+02 
1.790259e+02 
1.790259e+02 
1.790259e+02 
1.790259e+02 
1.790259e+02 
1.790259e+02 
1.790259e+02 
1.790259e+02 
1.790259e+02 
1.790259e+02 
1.790259e+02 
1.790259e+02 
1.790259e+02 
1.790259e+02 
1.790259e+02 
1.790259e+02 
1.790259e+02 
1.790259e+02 
1.790259e+02 
1.790259e+02 
1.790259e+02 
1.790259e+02 
1.790259e+02 
1.790259e+02 
1.790259e+02 
1.790259e+02 
1.790259e+02 
1.790259e+02 
1.790259e+02 
1.790259e+02 
1.790259e+02 
1.790259e+02 
1.790259e+02 
1.790259e+02 
1.790259e+02 
1.790259e+02 
1.790259e+02 
1.790259e+02 
1.790259e+02 
1.790259e+02 
1.790259e+02 
1.790259e+02 
1.790259e+02 
1.790259e+02 
1.790259e+02 
1.790259e+02 
1.790259e+02 
1.790259e+02 
1.790259e+02 
1.790259e+02 
1.790259e+02 
1.790259e+02 
1.790259e+02 
1.790259e+02 
1.790259e+02 
1.790259e+02 
1.790259e+02 
1.790259e+02 
1.790259e+02 
1.790259e+02 
1.790259e+02 
1.790259e+02 
1.790259e+02 
1.790259e+02 
1.790259e+02 
1.790259e+02 
1.790259e+02 
1.790259e+02 
1.790259e+02 
1.790259e+02 
1.790259e+02 
1.790259e+02 
1.790259e+02 
1.790259e+02 
1.790259e+02 
1.790259e+02 
1.790259e+02 
1.790259e+02 
1.790259e+02 
1.790259e+02 
1.790259e+02 
1.790259e+02 
1.790259e+02 
1.790259e+02 
1.790259e+02 
1.790259e+02 
1.790259e+02 
1.790259e+02 
1.790259e+02 
1.790259e+02 
1.790259e+02 
1.790259e+02 
1.790259e+02 
1.790259e+02 
1.790259e+02 
1.790259e+02 
1.790259e+02 
1.790259e+02 
1.790259e+02 
1.790259e+02 
1.790259e+02 
1.790259e+02 
1.790259e+02 
1.790259e+02 
1.790259e+02 
1.790259e+02 
1.790259e+02 
1.790259e+02 
1.790259e+02 
1.790259e+02 
1.790259e+02 
1.790259e+02 
1.790259e+02 
1.790259e+02 
1.790259e+02 
1.790259e+02 
1.790259e+02 
1.790259e+02 
1.790259e+02 
1.790259e+02 
1.790259e+02 
1.790259e+02 
1.790259e+02 
1.790259e+02 
1.790259e+02 
1.790259e+02 
1.790259e+02 
1.790259e+02 
1.790259e+02 
1.790259e+02 
1.790259e+02 
1.790259e+02 
1.790259e+02 
1.790259e+02 
1.790259e+02 
1.790259e+02 
1.790259e+02 
1.790259e+02 
1.790259e+02 
1.790259e+02 
1.790259e+02 
1.790259e+02 
1.790259e+02 
1.790259e+02 
1.790259e+02 
1.790259e+02 
1.790259e+02 
1.790259e+02 
1.790259e+02 
1.790259e+02 
1.790259e+02 
1.790259e+02 
1.790259e+02 
1.790259e+02 
1.790259e+02 
1.790259e+02 
1.790259e+02 
1.790259e+02 
1.790259e+02 
1.790259e+02 
1.790259e+02 
1.790259e+02 
1.790259e+02 
1.790259e+02 
1.790259e+02 
1.790259e+02 
1.790259e+02 
1.790259e+02 
1.790259e+02 
1.790259e+02 
1.790259e+02 
1.790259e+02 
1.790259e+02 
1.790259e+02 
1.790259e+02 
1.790259e+02 
1.790259e+02 
1.790259e+02 
1.790259e+02 
1.790259e+02 
1.790259e+02 
1.790259e+02 
1.790259e+02 
1.790259e+02 
1.790259e+02 
1.790259e+02 
1.790259e+02 
1.790259e+02 
1.790259e+02 
1.790259e+02 
1.790259e+02 
1.790259e+02 
1.790259e+02 
1.790259e+02 
1.790259e+02 
1.790259e+02 
1.790259e+02 
1.790259e+02 
1.790259e+02 
1.790259e+02 
1.790259e+02 
1.790259e+02 
1.790259e+02 
1.790259e+02 
1.790259e+02 
1.790259e+02 
1.790259e+02 
1.790259e+02 
1.790259e+02 
1.790259e+02 
1.790259e+02 
1.790259e+02 
1.790259e+02 
1.790259e+02 
1.790259e+02 
1.790259e+02 
1.790259e+02 
1.790259e+02 
1.790259e+02 
1.790259e+02 
1.790259e+02 
1.790259e+02 
1.790259e+02 
1.790259e+02 
1.790259e+02 
1.790259e+02 
1.790259e+02 
1.790259e+02 
1.790259e+02 
1.790259e+02 
1.790259e+02 
1.790259e+02 
1.790259e+02 
1.790259e+02 
1.790259e+02 
1.790259e+02 
1.790259e+02 
1.790259e+02 
1.790259e+02 
1.790259e+02 
1.790259e+02 
1.790259e+02 
1.790259e+02 
1.790259e+02 
1.790259e+02 
1.790259e+02 
1.790259e+02 
1.790259e+02 
1.790259e+02 
1.790259e+02 
1.790259e+02 
1.790259e+02 
1.790259e+02 
1.790259e+02 
1.790259e+02 
1.790259e+02 
1.790259e+02 
1.790259e+02 
1.790259e+02 
1.790259e+02 
1.790259e+02 
1.790259e+02 
1.790259e+02 
1.790259e+02 
1.790259e+02 
1.790259e+02 
1.790259e+02 
1.790259e+02 
1.790259e+02 
1.790259e+02 
1.790259e+02 
1.790259e+02 
1.790259e+02 
1.790259e+02 
1.790259e+02 
1.790259e+02 
1.790259e+02 
1.790259e+02 
1.790259e+02 
1.790259e+02 
1.790259e+02 
1.790259e+02 
1.790259e+02 
1.790259e+02 
1.790259e+02 
1.790259e+02 
1.790259e+02 
1.790259e+02 
1.790259e+02 
1.790259e+02 
1.790259e+02 
1.790259e+02 
1.790259e+02 
1.790259e+02 
1.790259e+02 
1.790259e+02 
1.790259e+02 
1.790259e+02 
1.790259e+02 
1.790259e+02 
1.790259e+02 
1.790259e+02 
1.790259e+02 
1.790259e+02 
1.790259e+02 
1.790259e+02 
1.790259e+02 
1.790259e+02 
1.790259e+02 
1.790259e+02 
1.790259e+02 
1.790259e+02 
1.790259e+02 
1.790259e+02 
1.790259e+02 
1.790259e+02 
1.790259e+02 
1.790259e+02 
1.790259e+02 
1.790259e+02 
1.790259e+02 
1.790259e+02 
1.790259e+02 
1.790259e+02 
1.790259e+02 
1.790259e+02 
1.790259e+02 
1.790259e+02 
1.790259e+02 
1.790259e+02 
1.790259e+02 
1.790259e+02 
1.790259e+02 
1.790259e+02 
1.790259e+02 
1.790259e+02 
1.790259e+02 
1.790259e+02 
1.790259e+02 
1.790259e+02 
1.790259e+02 
1.790259e+02 
1.790259e+02 
1.790259e+02 
1.790259e+02 
1.790259e+02 
1.790259e+02 
1.790259e+02 
1.790259e+02 
1.790259e+02 
1.790259e+02 
1.790259e+02 
1.790259e+02 
1.790259e+02 
1.790259e+02 
1.790259e+02 
1.790259e+02 
1.790259e+02 
1.790259e+02 
1.790259e+02 
1.790259e+02 
1.790259e+02 
1.790259e+02 
1.790259e+02 
1.790259e+02 
1.790259e+02 
1.790259e+02 
1.790259e+02 
1.790259e+02 
1.790259e+02 
1.790259e+02 
1.790259e+02 
1.790259e+02 
1.790259e+02 
1.790259e+02 
1.790259e+02 
1.790259e+02 
1.790259e+02 
1.790259e+02 
1.790259e+02 
1.790259e+02 
1.790259e+02 
1.790259e+02 
1.790259e+02 
1.790259e+02 
1.790259e+02 
1.790259e+02 
1.790259e+02 
1.790259e+02 
1.790259e+02 
1.790259e+02 
1.790259e+02 
1.790259e+02 
1.790259e+02 
1.790259e+02 
1.790259e+02 
1.790259e+02 
1.790259e+02 
1.790259e+02 
1.790259e+02 
1.790259e+02 
1.790259e+02 
1.790259e+02 
1.790259e+02 
1.790259e+02 
1.790259e+02 
1.790259e+02 
1.790259e+02 
1.790259e+02 
1.790259e+02 
1.790259e+02 
1.790259e+02 
1.790259e+02 
1.790259e+02 
1.790259e+02 
1.790259e+02 
1.790259e+02 
1.790259e+02 
1.790259e+02 
1.790259e+02 
1.790259e+02 
1.790259e+02 
1.790259e+02 
1.790259e+02 
1.790259e+02 
1.790259e+02 
1.790259e+02 
1.790259e+02 
1.790259e+02 
1.790259e+02 
1.790259e+02 
1.790259e+02 
1.790259e+02 
1.790259e+02 
1.790259e+02 
1.790259e+02 
1.790259e+02 
1.790259e+02 
1.790259e+02 
1.790259e+02 
1.790259e+02 
1.790259e+02 
1.790259e+02 
1.790259e+02 
1.749944e+02 
1.749944e+02 
1.749944e+02 
1.749944e+02 
1.749944e+02 
1.749944e+02 
1.749944e+02 
1.749944e+02 
1.749944e+02 
1.749944e+02 
1.749944e+02 
1.749944e+02 
1.749944e+02 
1.749944e+02 
1.749944e+02 
1.749944e+02 
1.749944e+02 
1.749944e+02 
1.749944e+02 
1.749944e+02 
1.749944e+02 
1.749944e+02 
1.749944e+02 
1.749944e+02 
1.749944e+02 
1.749944e+02 
1.749944e+02 
1.749944e+02 
1.749944e+02 
1.749944e+02 
1.749944e+02 
1.749944e+02 
1.749944e+02 
1.749944e+02 
1.749944e+02 
1.749944e+02 
1.749944e+02 
1.749944e+02 
1.749944e+02 
1.749944e+02 
1.749944e+02 
1.749944e+02 
1.749944e+02 
1.749944e+02 
1.749944e+02 
1.749944e+02 
1.749944e+02 
1.749944e+02 
1.749944e+02 
1.749944e+02 
1.749944e+02 
1.749944e+02 
1.749944e+02 
1.749944e+02 
1.749944e+02 
1.749944e+02 
1.749944e+02 
1.749944e+02 
1.749944e+02 
1.749944e+02 
1.749944e+02 
1.749944e+02 
1.749944e+02 
1.749944e+02 
1.749944e+02 
1.749944e+02 
1.749944e+02 
1.749944e+02 
1.749944e+02 
1.749944e+02 
1.749944e+02 
1.749944e+02 
1.749944e+02 
1.749944e+02 
1.749944e+02 
1.749944e+02 
1.749944e+02 
1.749944e+02 
1.749944e+02 
1.749944e+02 
1.749944e+02 
1.749944e+02 
1.749944e+02 
1.749944e+02 
1.749944e+02 
1.749944e+02 
1.368212e+02 
1.368212e+02 
1.368212e+02 
1.368212e+02 
1.368212e+02 
1.368212e+02 
1.368212e+02 
1.368212e+02 
1.368212e+02 
1.368212e+02 
1.368212e+02 
1.368212e+02 
1.368212e+02 
1.368212e+02 
1.368212e+02 
1.368212e+02 
1.368212e+02 
1.368212e+02 
1.368212e+02 
1.368212e+02 
1.368212e+02 
1.368212e+02 
1.368212e+02 
1.368212e+02 
1.368212e+02 
1.368212e+02 
1.368212e+02 
1.368212e+02 
1.368212e+02 
1.368212e+02 
1.368212e+02 
1.368212e+02 
1.368212e+02 
1.368212e+02 
1.368212e+02 
1.368212e+02 
1.368212e+02 
1.368212e+02 
1.368212e+02 
1.368212e+02 
1.368212e+02 
1.368212e+02 
1.368212e+02 
1.368212e+02 
1.368212e+02 
1.368212e+02 
1.368212e+02 
1.368212e+02 
1.368212e+02 
1.368212e+02 
1.368212e+02 
1.368212e+02 
1.368212e+02 
1.368212e+02 
1.368212e+02 
1.368212e+02 
1.368212e+02 
1.368212e+02 
1.368212e+02 
1.368212e+02 
1.368212e+02 
1.368212e+02 
1.368212e+02 
1.368212e+02 
1.368212e+02 
1.368212e+02 
1.368212e+02 
1.368212e+02 
1.368212e+02 
1.368212e+02 
1.368212e+02 
1.368212e+02 
1.368212e+02 
1.368212e+02 
1.368212e+02 
1.368212e+02 
1.368212e+02 
1.368212e+02 
1.368212e+02 
1.368212e+02 
1.368212e+02 
1.368212e+02 
1.368212e+02 
1.368212e+02 
1.368212e+02 
1.368212e+02 
1.368212e+02 
1.368212e+02 
1.368212e+02 
1.368212e+02 
1.368212e+02 
1.368212e+02 
1.368212e+02 
1.368212e+02 
1.368212e+02 
1.368212e+02 
1.368212e+02 
1.368212e+02 
1.368212e+02 
1.368212e+02 
1.368212e+02 
1.368212e+02 
1.368212e+02 
1.368212e+02 
1.368212e+02 
1.368212e+02 
1.368212e+02 
1.368212e+02 
1.368212e+02 
1.368212e+02 
1.368212e+02 
1.368212e+02 
1.368212e+02 
1.368212e+02 
1.368212e+02 
1.368212e+02 
1.368212e+02 
1.368212e+02 
1.368212e+02 
1.368212e+02 
1.368212e+02 
1.368212e+02 
1.368212e+02 
1.368212e+02 
1.368212e+02 
1.368212e+02 
1.368212e+02 
1.368212e+02 
1.368212e+02 
1.368212e+02 
1.368212e+02 
1.368212e+02 
1.368212e+02 
1.368212e+02 
1.368212e+02 
1.368212e+02 
1.368212e+02 
1.368212e+02 
1.368212e+02 
1.368212e+02 
1.368212e+02 
1.368212e+02 
1.368212e+02 
1.368212e+02 
1.368212e+02 
1.368212e+02 
1.368212e+02 
1.368212e+02 
1.368212e+02 
1.368212e+02 
1.368212e+02 
1.368212e+02 
1.368212e+02 
1.368212e+02 
1.368212e+02 
1.368212e+02 
1.368212e+02 
1.368212e+02 
1.368212e+02 
1.368212e+02 
1.368212e+02 
1.368212e+02 
1.368212e+02 
1.368212e+02 
1.368212e+02 
1.368212e+02 
1.368212e+02 
1.368212e+02 
1.368212e+02 
1.368212e+02 
1.368212e+02 
1.368212e+02 
1.368212e+02 
1.368212e+02 
1.368212e+02 
1.368212e+02 
1.368212e+02 
1.368212e+02 
1.368212e+02 
1.368212e+02 
1.368212e+02 
1.368212e+02 
1.368212e+02 
1.368212e+02 
1.368212e+02 
1.368212e+02 
1.368212e+02 
1.368212e+02 
1.368212e+02 
1.368212e+02 
1.368212e+02 
1.368212e+02 
1.368212e+02 
1.368212e+02 
1.368212e+02 
1.368212e+02 
1.368212e+02 
1.368212e+02 
1.368212e+02 
1.368212e+02 
1.368212e+02 
1.368212e+02 
1.368212e+02 
1.368212e+02 
1.368212e+02 
1.368212e+02 
1.368212e+02 
1.368212e+02 
1.368212e+02 
1.368212e+02 
1.368212e+02 
1.368212e+02 
1.368212e+02 
1.368212e+02 
1.368212e+02 
1.368212e+02 
1.368212e+02 
1.368212e+02 
1.368212e+02 
1.368212e+02 
1.368212e+02 
1.368212e+02 
1.368212e+02 
1.368212e+02 
1.368212e+02 
1.368212e+02 
1.368212e+02 
1.368212e+02 
1.368212e+02 
1.368212e+02 
1.368212e+02 
1.368212e+02 
1.368212e+02 
1.368212e+02 
1.368212e+02 
1.368212e+02 
1.368212e+02 
1.368212e+02 
1.368212e+02 
1.368212e+02 
1.368212e+02 
1.368212e+02 
1.368212e+02 
1.368212e+02 
1.368212e+02 
1.368212e+02 
1.368212e+02 
1.368212e+02 
1.368212e+02 
1.368212e+02 
1.368212e+02 
1.368212e+02 
1.368212e+02 
1.368212e+02 
1.368212e+02 
1.368212e+02 
1.368212e+02 
1.368212e+02 
1.368212e+02 
1.368212e+02 
1.368212e+02 
1.368212e+02 
1.368212e+02 
1.368212e+02 
1.368212e+02 
1.368212e+02 
1.368212e+02 
1.368212e+02 
1.368212e+02 
1.368212e+02 
1.368212e+02 
1.368212e+02 
1.368212e+02 
1.368212e+02 
1.368212e+02 
1.368212e+02 
1.368212e+02 
1.368212e+02 
1.368212e+02 
1.368212e+02 
1.368212e+02 
1.368212e+02 
1.368212e+02 
1.368212e+02 
1.368212e+02 
1.368212e+02 
1.368212e+02 
1.368212e+02 
1.368212e+02 
1.368212e+02 
1.368212e+02 
1.368212e+02 
1.368212e+02 
1.368212e+02 
1.368212e+02 
1.368212e+02 
1.368212e+02 
1.368212e+02 
1.368212e+02 
1.368212e+02 
1.368212e+02 
1.368212e+02 
1.368212e+02 
1.368212e+02 
1.368212e+02 
1.368212e+02 
1.368212e+02 
1.368212e+02 
1.368212e+02 
1.368212e+02 
1.368212e+02 
1.368212e+02 
1.368212e+02 
1.368212e+02 
1.368212e+02 
1.368212e+02 
1.368212e+02 
1.368212e+02 
1.368212e+02 
1.368212e+02 
1.368212e+02 
1.368212e+02 
1.368212e+02 
1.368212e+02 
1.368212e+02 
1.368212e+02 
1.368212e+02 
1.368212e+02 
1.368212e+02 
1.368212e+02 
1.368212e+02 
1.368212e+02 
1.368212e+02 
1.368212e+02 
1.368212e+02 
1.368212e+02 
1.368212e+02 
1.368212e+02 
1.368212e+02 
1.368212e+02 
1.368212e+02 
1.368212e+02 
1.368212e+02 
1.368212e+02 
1.368212e+02 
1.368212e+02 
1.368212e+02 
1.368212e+02 
1.368212e+02 
1.368212e+02 
1.368212e+02 
1.368212e+02 
1.368212e+02 
1.368212e+02 
1.368212e+02 
1.368212e+02 
1.368212e+02 
1.368212e+02 
1.368212e+02 
1.368212e+02 
1.368212e+02 
1.368212e+02 
1.368212e+02 
1.368212e+02 
1.368212e+02 
1.368212e+02 
1.368212e+02 
1.368212e+02 
1.368212e+02 
1.368212e+02 
1.368212e+02 
1.368212e+02 
1.368212e+02 
1.368212e+02 
1.368212e+02 
1.368212e+02 
1.368212e+02 
1.368212e+02 
1.368212e+02 
1.368212e+02 
1.368212e+02 
1.368212e+02 
1.368212e+02 
1.368212e+02 
1.368212e+02 
1.368212e+02 
1.368212e+02 
1.368212e+02 
1.368212e+02 
1.368212e+02 
1.368212e+02 
1.368212e+02 
1.368212e+02 
1.368212e+02 
1.368212e+02 
1.368212e+02 
1.368212e+02 
1.368212e+02 
1.368212e+02 
1.368212e+02 
1.368212e+02 
1.368212e+02 
1.368212e+02 
1.368212e+02 
1.368212e+02 
1.368212e+02 
1.368212e+02 
1.368212e+02 
1.368212e+02 
1.368212e+02 
1.368212e+02 
1.368212e+02 
1.368212e+02 
1.368212e+02 
1.368212e+02 
1.368212e+02 
1.368212e+02 
1.368212e+02 
1.368212e+02 
1.368212e+02 
1.368212e+02 
1.368212e+02 
1.368212e+02 
1.368212e+02 
1.368212e+02 
1.368212e+02 
1.368212e+02 
1.368212e+02 
1.368212e+02 
1.368212e+02 
1.368212e+02 
1.368212e+02 
1.368212e+02 
1.368212e+02 
1.368212e+02 
1.368212e+02 
1.368212e+02 
1.368212e+02 
1.368212e+02 
1.368212e+02 
1.368212e+02 
1.368212e+02 
1.368212e+02 
1.368212e+02 
1.368212e+02 
1.368212e+02 
1.368212e+02 
1.368212e+02 
1.368212e+02 
1.368212e+02 
1.368212e+02 
1.368212e+02 
1.368212e+02 
1.368212e+02 
1.368212e+02 
1.368212e+02 
1.368212e+02 
1.368212e+02 
1.368212e+02 
1.368212e+02 
1.368212e+02 
1.368212e+02 
1.368212e+02 
1.368212e+02 
1.368212e+02 
1.368212e+02 
1.368212e+02 
1.368212e+02 
1.368212e+02 
1.356127e+02 
1.356127e+02 
1.356127e+02 
1.356127e+02 
1.356127e+02 
1.356127e+02 
1.356127e+02 
1.356127e+02 
1.356127e+02 
1.356127e+02 
1.356127e+02 
1.356127e+02 
1.356127e+02 
1.356127e+02 
1.356127e+02 
1.356127e+02 
1.356127e+02 
1.356127e+02 
1.356127e+02 
1.356127e+02 
1.356127e+02 
1.356127e+02 
1.356127e+02 
1.356127e+02 
1.356127e+02 
1.356127e+02 
1.356127e+02 
1.356127e+02 
1.356127e+02 
1.356127e+02 
1.356127e+02 
1.356127e+02 
1.356127e+02 
1.356127e+02 
1.356127e+02 
1.356127e+02 
1.356127e+02 
1.356127e+02 
1.356127e+02 
1.356127e+02 
1.356127e+02 
1.356127e+02 
1.356127e+02 
1.356127e+02 
1.356127e+02 
1.356127e+02 
1.356127e+02 
1.356127e+02 
1.356127e+02 
1.356127e+02 
1.356127e+02 
1.356127e+02 
1.356127e+02 
1.356127e+02 
1.356127e+02 
1.356127e+02 
1.356127e+02 
1.356127e+02 
1.356127e+02 
1.356127e+02 
1.356127e+02 
1.356127e+02 
1.356127e+02 
1.356127e+02 
1.356127e+02 
1.356127e+02 
1.356127e+02 
1.356127e+02 
1.356127e+02 
1.356127e+02 
1.356127e+02 
1.356127e+02 
1.356127e+02 
1.356127e+02 
1.356127e+02 
1.356127e+02 
1.356127e+02 
1.356127e+02 
1.356127e+02 
1.356127e+02 
1.356127e+02 
1.356127e+02 
1.356127e+02 
1.356127e+02 
1.356127e+02 
1.356127e+02 
1.356127e+02 
1.356127e+02 
1.356127e+02 
1.356127e+02 
1.356127e+02 
1.356127e+02 
1.356127e+02 
1.356127e+02 
1.356127e+02 
1.356127e+02 
1.356127e+02 
1.356127e+02 
1.356127e+02 
1.356127e+02 
1.356127e+02 
1.356127e+02 
1.356127e+02 
1.356127e+02 
1.356127e+02 
1.356127e+02 
1.356127e+02 
1.356127e+02 
1.356127e+02 
1.356127e+02 
1.356127e+02 
1.356127e+02 
1.356127e+02 
1.356127e+02 
1.292161e+02 
1.292161e+02 
1.292161e+02 
1.292161e+02 
1.292161e+02 
1.292161e+02 
1.292161e+02 
1.292161e+02 
1.292161e+02 
1.233057e+02 
1.233057e+02 
1.233057e+02 
1.233057e+02 
1.233057e+02 
1.233057e+02 
1.233057e+02 
1.233057e+02 
1.233057e+02 
1.233057e+02 
1.233057e+02 
1.233057e+02 
1.233057e+02 
1.233057e+02 
1.233057e+02 
1.233057e+02 
1.233057e+02 
1.233057e+02 
1.233057e+02 
1.233057e+02 
1.233057e+02 
1.233057e+02 
1.233057e+02 
1.233057e+02 
1.233057e+02 
1.233057e+02 
1.233057e+02 
1.233057e+02 
1.233057e+02 
1.233057e+02 
1.233057e+02 
1.233057e+02 
1.233057e+02 
1.233057e+02 
1.233057e+02 
1.233057e+02 
1.233057e+02 
1.233057e+02 
1.233057e+02 
1.233057e+02 
1.233057e+02 
1.233057e+02 
1.233057e+02 
1.233057e+02 
1.233057e+02 
1.233057e+02 
1.233057e+02 
1.233057e+02 
1.233057e+02 
1.233057e+02 
1.233057e+02 
1.233057e+02 
1.233057e+02 
1.233057e+02 
1.233057e+02 
1.233057e+02 
1.233057e+02 
1.233057e+02 
1.233057e+02 
1.233057e+02 
1.233057e+02 
1.233057e+02 
1.233057e+02 
1.233057e+02 
1.233057e+02 
1.233057e+02 
1.233057e+02 
1.233057e+02 
1.233057e+02 
1.233057e+02 
1.233057e+02 
1.233057e+02 
1.233057e+02 
1.233057e+02 
1.233057e+02 
1.233057e+02 
1.233057e+02 
1.233057e+02 
1.233057e+02 
1.218311e+02 
1.218311e+02 
1.218311e+02 
1.218311e+02 
1.212057e+02 
1.212057e+02 
1.204704e+02 
1.204704e+02 
1.204704e+02 
1.204704e+02 
1.204704e+02 
1.197770e+02 
1.192595e+02 
1.189882e+02 
1.188598e+02 
1.188124e+02 
1.188091e+02 
1.188091e+02 
1.188091e+02 
1.188087e+02 
1.187830e+02 
1.187675e+02 
1.187585e+02 
1.187534e+02 
1.187508e+02 
1.187496e+02 
1.187492e+02 
1.187492e+02 
1.187488e+02 
1.187488e+02 
1.187414e+02 
1.187350e+02 
1.187299e+02 
1.187260e+02 
1.187228e+02 
1.187203e+02 
1.187184e+02 
1.187168e+02 
1.187155e+02 
1.187146e+02 
1.187138e+02 
1.187131e+02 
1.187126e+02 
1.187122e+02 
1.187119e+02 
1.187116e+02 
1.187114e+02 
1.187113e+02 
1.187111e+02 
1.187110e+02 
1.187109e+02 
1.187109e+02 
1.187108e+02 
1.187108e+02 
1.187107e+02 
1.187107e+02 
1.187107e+02 
1.187107e+02 
1.187106e+02 
1.187106e+02 
1.187106e+02 
1.187106e+02 
1.187106e+02 
1.187106e+02 
1.187106e+02 
1.187106e+02 
1.113371e+02 
1.113371e+02 
1.091041e+02 
1.086038e+02 
1.086038e+02 
1.059596e+02 
1.059127e+02 
1.059127e+02 
1.059127e+02 
9.958339e+01 
9.123333e+01 
8.524615e+01 
8.090979e+01 
7.773965e+01 
7.539503e+01 
7.364127e+01 
7.231664e+01 
7.130768e+01 
7.053343e+01 
6.993536e+01 
6.947069e+01 
6.910787e+01 
6.882339e+01 
6.859954e+01 
6.842289e+01 
6.828316e+01 
6.817242e+01 
6.808452e+01 
6.801467e+01 
6.795910e+01 
6.791486e+01 
6.787961e+01 
6.785152e+01 
6.782913e+01 
6.781126e+01 
6.779702e+01 
6.286301e+01 
6.286301e+01 
5.992487e+01 
5.414260e+01 
5.232839e+01 
5.232839e+01 
5.232839e+01 
5.232839e+01 
5.144235e+01 
5.144235e+01 
5.035629e+01 
5.035629e+01 
5.035629e+01 
5.035629e+01 
4.894985e+01 
4.835932e+01 
4.835932e+01 
4.835932e+01 
4.835932e+01 
4.835932e+01 
4.835932e+01 
4.800674e+01 
4.776911e+01 
4.768338e+01 
4.767228e+01 
4.767228e+01 
4.767228e+01 
4.722366e+01 
4.686293e+01 
4.659810e+01 
4.640158e+01 
4.423353e+01 
4.259628e+01 
3.969350e+01 
3.411669e+01 
3.411669e+01 
3.411669e+01 
3.411669e+01 
3.411669e+01 
3.411669e+01 
3.411669e+01 
3.411669e+01 
3.411669e+01 
3.411669e+01 
3.411669e+01 
3.411669e+01 
3.411669e+01 
3.411669e+01 
3.411669e+01 
3.411669e+01 
3.411669e+01 
3.411669e+01 
3.411669e+01 
3.411669e+01 
3.411669e+01 
3.411669e+01 
3.411669e+01 
3.411669e+01 
3.411669e+01 
3.411669e+01 
3.411669e+01 
3.411669e+01 
3.411669e+01 
3.269508e+01 
3.269508e+01 
3.269508e+01 
3.269508e+01 
3.269508e+01 
3.269508e+01 
3.269508e+01 
3.269508e+01 
3.269508e+01 
3.269508e+01 
3.269508e+01 
3.269508e+01 
3.269508e+01 
3.269508e+01 
3.269508e+01 
3.269508e+01 
3.269508e+01 
3.269508e+01 
3.269508e+01 
3.269508e+01 
3.269508e+01 
3.269508e+01 
3.269508e+01 
3.269508e+01 
3.269508e+01 
3.269508e+01 
3.269508e+01 
3.269508e+01 
3.269508e+01 
3.269508e+01 
3.269508e+01 
3.269508e+01 
3.269508e+01 
3.269508e+01 
3.269508e+01 
3.269508e+01 
3.269508e+01 
3.269508e+01 
3.269508e+01 
3.269508e+01 
3.269508e+01 
3.269508e+01 
3.269508e+01 
3.269508e+01 
3.269508e+01 
3.269508e+01 
3.269508e+01 
3.269508e+01 
3.269508e+01 
3.269508e+01 
3.269508e+01 
3.269508e+01 
3.269508e+01 
3.269508e+01 
3.269508e+01 
3.269508e+01 
3.269508e+01 
3.269508e+01 
3.269508e+01 
3.269508e+01 
3.269508e+01 
3.269508e+01 
3.269508e+01 
3.269508e+01 
3.269508e+01 
3.269508e+01 
3.269508e+01 
3.269508e+01 
3.269508e+01 
3.269508e+01 
3.269508e+01 
3.269508e+01 
3.269508e+01 
3.269508e+01 
3.269508e+01 
3.269508e+01 
3.269508e+01 
3.269508e+01 
3.269508e+01 
3.269508e+01 
3.269508e+01 
3.269508e+01 
3.269508e+01 
3.269508e+01 
3.269508e+01 
3.269508e+01 
3.269508e+01 
3.269508e+01 
3.269508e+01 
3.269508e+01 
3.269508e+01 
3.269508e+01 
3.269508e+01 
3.269508e+01 
3.269508e+01 
3.269508e+01 
3.269508e+01 
3.269508e+01 
3.269508e+01 
3.269508e+01 
3.269508e+01 
3.269508e+01 
3.269508e+01 
3.269508e+01 
3.269508e+01 
3.269508e+01 
3.269508e+01 
3.269508e+01 
3.269508e+01 
3.269508e+01 
3.269508e+01 
3.269508e+01 
3.269508e+01 
3.269508e+01 
3.269508e+01 
3.269508e+01 
3.269508e+01 
3.269508e+01 
3.269508e+01 
3.269508e+01 
3.269508e+01 
3.269508e+01 
3.269508e+01 
3.269508e+01 
3.269508e+01 
3.269508e+01 
3.269508e+01 
3.269508e+01 
3.269508e+01 
3.269508e+01 
3.269508e+01 
3.269508e+01 
3.269508e+01 
3.269508e+01 
3.269508e+01 
3.269508e+01 
3.269508e+01 
3.269508e+01 
3.269508e+01 
3.269508e+01 
3.269508e+01 
3.269508e+01 
3.269508e+01 
3.269508e+01 
3.269508e+01 
3.269508e+01 
3.269508e+01 
3.269508e+01 
3.269508e+01 
3.269508e+01 
3.269508e+01 
3.269508e+01 
3.269508e+01 
3.269508e+01 
3.269508e+01 
3.269508e+01 
3.269508e+01 
3.269508e+01 
3.269508e+01 
3.269508e+01 
3.269508e+01 
3.269508e+01 
3.269508e+01 
3.269508e+01 
3.269508e+01 
3.269508e+01 
3.269508e+01 
3.269508e+01 
3.269508e+01 
3.269508e+01 
3.269508e+01 
3.269508e+01 
3.269508e+01 
3.269508e+01 
3.269508e+01 
3.269508e+01 
3.269508e+01 
3.269508e+01 
3.269508e+01 
3.269508e+01 
3.269508e+01 
3.269508e+01 
3.269508e+01 
3.269508e+01 
3.269508e+01 
3.269508e+01 
3.269508e+01 
3.269508e+01 
3.269508e+01 
3.269508e+01 
3.269508e+01 
3.269508e+01 
3.269508e+01 
3.269508e+01 
3.269508e+01 
3.269508e+01 
3.269508e+01 
3.269508e+01 
3.269508e+01 
3.269508e+01 
3.269508e+01 
3.269508e+01 
3.269508e+01 
3.172585e+01 
3.172585e+01 
3.172585e+01 
3.172585e+01 
3.172585e+01 
3.172585e+01 
3.172585e+01 
3.172585e+01 
3.172585e+01 
3.172585e+01 
3.130921e+01 
3.130921e+01 
3.130921e+01 
3.130921e+01 
3.130921e+01 
3.130921e+01 
3.130921e+01 
3.130921e+01 
3.130921e+01 
3.130921e+01 
3.130921e+01 
3.130921e+01 
3.130921e+01 
3.130921e+01 
3.130921e+01 
3.130921e+01 
3.130921e+01 
3.130921e+01 
3.130921e+01 
3.130921e+01 
3.068599e+01 
3.068599e+01 
3.068599e+01 
3.068599e+01 
3.068599e+01 
3.068599e+01 
3.068599e+01 
3.068599e+01 
3.068599e+01 
3.068599e+01 
3.068599e+01 
3.068599e+01 
3.068599e+01 
3.068599e+01 
3.068599e+01 
3.068599e+01 
3.068599e+01 
3.068599e+01 
3.068599e+01 
3.068599e+01 
3.068599e+01 
3.068599e+01 
3.068599e+01 
3.068599e+01 
3.068599e+01 
3.068599e+01 
3.068599e+01 
3.068599e+01 
3.068599e+01 
3.068599e+01 
3.068599e+01 
3.068599e+01 
3.068599e+01 
3.068599e+01 
3.068599e+01 
3.068599e+01 
3.068599e+01 
3.068599e+01 
3.068599e+01 
3.068599e+01 
3.068599e+01 
3.068599e+01 
3.068599e+01 
3.068599e+01 
3.068599e+01 
3.068599e+01 
3.068599e+01 
3.068599e+01 
3.068599e+01 
3.068599e+01 
3.068599e+01 
3.068599e+01 
3.068599e+01 
3.068599e+01 
3.068599e+01 
3.068599e+01 
3.068599e+01 
3.068599e+01 
3.068599e+01 
3.068599e+01 
3.068599e+01 
3.068599e+01 
3.068599e+01 
3.068599e+01 
3.068599e+01 
3.068515e+01 
3.068515e+01 
3.068515e+01 
3.035263e+01 
3.035263e+01 
3.022810e+01 
3.017243e+01 
3.017243e+01 
3.017243e+01 
3.017243e+01 
3.017243e+01 
3.007888e+01 
3.007888e+01 
3.002172e+01 
3.002172e+01 
2.999917e+01 
2.999917e+01 
2.994692e+01 
2.994692e+01 
2.994692e+01 
2.994692e+01 
2.990434e+01 
2.990434e+01 
2.990434e+01 
2.990434e+01 
2.990434e+01 
2.990434e+01 
2.990434e+01 
2.990434e+01 
2.990434e+01 
2.990434e+01 
2.990434e+01 
2.990434e+01 
2.990434e+01 
2.990434e+01 
2.990434e+01 
2.990434e+01 
2.990434e+01 
2.990434e+01 
2.990434e+01 
2.990434e+01 
2.990434e+01 
2.990434e+01 
2.990434e+01 
2.990434e+01 
2.990434e+01 
2.990434e+01 
2.990434e+01 
2.990434e+01 
2.990434e+01 
2.990434e+01 
2.990434e+01 
2.990434e+01 
2.990434e+01 
2.990434e+01 
2.990434e+01 
2.990434e+01 
2.990434e+01 
2.990434e+01 
2.990434e+01 
2.990434e+01 
2.990434e+01 
2.990434e+01 
2.990434e+01 
2.990434e+01 
2.990434e+01 
2.990434e+01 
2.990434e+01 
2.990434e+01 
2.990434e+01 
2.990434e+01 
2.990434e+01 
2.990434e+01 
2.990434e+01 
2.990434e+01 
2.990434e+01 
2.990434e+01 
2.990434e+01 
2.990434e+01 
2.990434e+01 
2.990434e+01 
2.990434e+01 
2.990434e+01 
2.990434e+01 
2.990434e+01 
2.990434e+01 
2.990434e+01 
2.990434e+01 
2.990434e+01 
2.990434e+01 
2.990434e+01 
2.990434e+01 
2.990434e+01 
2.990434e+01 
2.990434e+01 
2.990434e+01 
2.990434e+01 
2.990434e+01 
2.990434e+01 
2.990434e+01 
2.990434e+01 
2.990434e+01 
2.990434e+01 
2.990434e+01 
2.990434e+01 
2.990434e+01 
2.990434e+01 
2.990434e+01 
2.990434e+01 
2.990434e+01 
2.990434e+01 
2.990434e+01 
2.990434e+01 
2.990434e+01 
2.990434e+01 
2.990434e+01 
2.990434e+01 
2.990434e+01 
2.990434e+01 
2.990434e+01 
2.990434e+01 
2.990434e+01 
2.990434e+01 
2.990434e+01 
2.990434e+01 
2.990434e+01 
2.990434e+01 
2.990434e+01 
2.990434e+01 
2.990434e+01 
2.990434e+01 
2.990434e+01 
2.990434e+01 
2.990434e+01 
2.990434e+01 
2.990434e+01 
2.990434e+01 
2.990434e+01 
2.990434e+01 
2.990434e+01 
2.990434e+01 
2.990434e+01 
2.990434e+01 
2.990434e+01 
2.990434e+01 
2.990434e+01 
2.990434e+01 
2.990434e+01 
2.990434e+01 
2.990434e+01 
2.989114e+01 
2.989114e+01 
2.989114e+01 
2.989114e+01 
2.989114e+01 
2.989114e+01 
2.989114e+01 
2.989114e+01 
2.989114e+01 
2.989114e+01 
2.989114e+01 
2.989114e+01 
2.989114e+01 
2.989114e+01 
2.989114e+01 
2.989114e+01 
2.989114e+01 
2.989114e+01 
2.989114e+01 
2.989114e+01 
2.989114e+01 
2.989114e+01 
2.989114e+01 
2.989114e+01 
2.988988e+01 
2.988988e+01 
2.988988e+01 
2.988988e+01 
2.988988e+01 
2.988988e+01 
2.988882e+01 
2.988864e+01 
2.988864e+01 
2.988864e+01 
2.988746e+01 
2.988669e+01 
2.988669e+01 
2.988669e+01 
2.988669e+01 
2.988669e+01 
2.988617e+01 
2.988549e+01 
2.988514e+01 
2.988498e+01 
2.988492e+01 
2.988491e+01 
2.988491e+01 
2.988427e+01 
2.988384e+01 
2.988354e+01 
2.988333e+01 
2.988318e+01 
2.988308e+01 
2.988300e+01 
2.988295e+01 
2.794777e+01 
2.774660e+01 
2.774660e+01 
2.737750e+01 
2.737750e+01 
2.737750e+01 
2.737750e+01 
2.737750e+01 
2.737750e+01 
2.737750e+01 
2.737750e+01 
2.737750e+01 
2.686839e+01 
2.686839e+01 
2.577055e+01 
2.577055e+01 
2.577055e+01 
2.577055e+01 
2.517633e+01 
2.517633e+01 
2.517633e+01 
2.517633e+01 
2.517633e+01 
2.517633e+01 
2.517633e+01 
2.517633e+01 
2.517633e+01 
2.517633e+01 
2.517633e+01 
2.517633e+01 
2.517633e+01 
2.517633e+01 
2.517633e+01 
2.517633e+01 
2.517633e+01 
2.517633e+01 
2.517633e+01 
2.517633e+01 
2.517633e+01 
2.517633e+01 
2.517633e+01 
2.517633e+01 
2.517633e+01 
2.517633e+01 
2.517633e+01 
2.517633e+01 
2.517633e+01 
2.517633e+01 
2.517633e+01 
2.517633e+01 
2.517633e+01 
2.494752e+01 
2.494752e+01 
2.494752e+01 
2.494752e+01 
2.494752e+01 
2.494752e+01 
2.494752e+01 
2.494752e+01 
2.494752e+01 
2.494752e+01 
2.494752e+01 
2.494752e+01 
2.494752e+01 
2.494752e+01 
2.494752e+01 
2.494752e+01 
2.494752e+01 
2.494752e+01 
2.494752e+01 
2.494752e+01 
2.494752e+01 
2.494752e+01 
2.494752e+01 
2.494752e+01 
2.494752e+01 
2.494752e+01 
2.494752e+01 
2.494752e+01 
2.494752e+01 
2.494752e+01 
2.494752e+01 
2.494752e+01 
2.494752e+01 
2.494752e+01 
2.494752e+01 
2.494752e+01 
2.494752e+01 
2.494752e+01 
2.494752e+01 
2.494752e+01 
2.494752e+01 
2.494752e+01 
2.494752e+01 
2.494752e+01 
2.494752e+01 
2.494752e+01 
2.494752e+01 
2.494752e+01 
2.494752e+01 
2.494752e+01 
2.494752e+01 
2.494752e+01 
2.494752e+01 
2.494752e+01 
2.494752e+01 
2.494752e+01 
2.494752e+01 
2.494752e+01 
2.494752e+01 
2.494752e+01 
2.494752e+01 
2.494752e+01 
2.494752e+01 
2.494752e+01 
2.494752e+01 
2.494752e+01 
2.494752e+01 
2.494752e+01 
2.494752e+01 
2.494752e+01 
2.494752e+01 
2.494752e+01 
2.494752e+01 
2.494752e+01 
2.456246e+01 
2.456246e+01 
2.456246e+01 
2.456246e+01 
2.456246e+01 
2.456246e+01 
2.456246e+01 
2.456246e+01 
2.456246e+01 
2.456246e+01 
2.456246e+01 
2.456246e+01 
2.456246e+01 
2.456246e+01 
2.456246e+01 
2.456246e+01 
2.456246e+01 
2.456246e+01 
2.456246e+01 
2.456246e+01 
2.456246e+01 
2.456246e+01 
2.456246e+01 
2.456246e+01 
2.456246e+01 
2.456246e+01 
2.456246e+01 
2.456246e+01 
2.456246e+01 
2.456246e+01 
2.456246e+01 
2.456246e+01 
2.447910e+01 
2.447910e+01 
2.447910e+01 
2.447910e+01 
2.447910e+01 
2.447910e+01 
2.447910e+01 
2.447910e+01 
2.447910e+01 
2.447910e+01 
2.447910e+01 
2.447910e+01 
2.447910e+01 
2.447910e+01 
2.447910e+01 
2.447910e+01 
2.447910e+01 
2.447910e+01 
2.447910e+01 
2.447910e+01 
2.447910e+01 
2.447910e+01 
2.447910e+01 
2.447910e+01 
2.447910e+01 
2.447910e+01 
2.447910e+01 
2.447910e+01 
2.447910e+01 
2.447910e+01 
2.447910e+01 
2.447910e+01 
2.447910e+01 
2.447910e+01 
2.447910e+01 
2.447910e+01 
2.447910e+01 
2.447910e+01 
2.447910e+01 
2.447910e+01 
2.447910e+01 
2.447910e+01 
2.447910e+01 
2.447910e+01 
2.447910e+01 
2.447910e+01 
2.447910e+01 
2.447910e+01 
2.447910e+01 
2.447910e+01 
2.447910e+01 
2.447910e+01 
2.447910e+01 
2.447910e+01 
2.447910e+01 
2.447910e+01 
2.447910e+01 
2.447910e+01 
2.447910e+01 
2.447910e+01 
2.447910e+01 
2.447910e+01 
2.444839e+01 
2.444839e+01 
2.444839e+01 
2.444839e+01 
2.444839e+01 
2.444839e+01 
2.438254e+01 
2.438254e+01 
2.438254e+01 
2.438254e+01 
2.438254e+01 
2.438254e+01 
2.438254e+01 
2.438254e+01 
2.432483e+01 
2.425929e+01 
2.424725e+01 
2.424725e+01 
2.423245e+01 
2.422228e+01 
2.422088e+01 
2.320806e+01 
2.320806e+01 
2.320806e+01 
2.320806e+01 
2.281816e+01 
2.281816e+01 
2.281816e+01 
2.281816e+01 
2.281816e+01 
2.281816e+01 
2.281816e+01 
2.281816e+01 
2.281816e+01 
2.281816e+01 
2.281816e+01 
2.281816e+01 
2.281816e+01 
2.281816e+01 
2.281816e+01 
2.281816e+01 
2.281816e+01 
2.281816e+01 
2.281816e+01 
1.948723e+01 
1.948723e+01 
1.810116e+01 
1.810116e+01 
1.810116e+01 
1.810116e+01 
1.810116e+01 
1.810116e+01 
1.810116e+01 
1.810116e+01 
1.810116e+01 
1.810116e+01 
1.810116e+01 
1.810116e+01 
1.810116e+01 
1.810116e+01 
1.810116e+01 
1.810116e+01 
1.810116e+01 
1.810116e+01 
1.810116e+01 
1.810116e+01 
1.810116e+01 
1.810116e+01 
1.810116e+01 
1.810116e+01 
1.810116e+01 
1.810116e+01 
1.810116e+01 
1.810116e+01 
1.810116e+01 
1.810116e+01 
1.810116e+01 
1.810116e+01 
1.810116e+01 
1.810116e+01 
1.810116e+01 
1.810116e+01 
1.810116e+01 
1.810116e+01 
1.810116e+01 
1.810116e+01 
1.810116e+01 
1.810116e+01 
1.810116e+01 
1.810116e+01 
1.810116e+01 
1.810116e+01 
1.810116e+01 
1.810116e+01 
1.670320e+01 
1.670320e+01 
1.670320e+01 
1.670320e+01 
1.670320e+01 
1.670320e+01 
1.670320e+01 
1.670320e+01 
1.670320e+01 
1.670320e+01 
1.670320e+01 
1.670320e+01 
1.670320e+01 
1.670320e+01 
1.670320e+01 
1.670320e+01 
1.670320e+01 
1.670320e+01 
1.670320e+01 
1.670320e+01 
1.670320e+01 
1.670320e+01 
1.670320e+01 
1.670320e+01 
1.670320e+01 
1.670320e+01 
1.670320e+01 
1.670320e+01 
1.670320e+01 
1.670320e+01 
1.670320e+01 
1.670320e+01 
1.670320e+01 
1.670320e+01 
1.670320e+01 
1.670320e+01 
1.670320e+01 
1.670320e+01 
1.670320e+01 
1.670320e+01 
1.670320e+01 
1.670320e+01 
1.670320e+01 
1.670320e+01 
1.670320e+01 
1.670320e+01 
1.670320e+01 
1.670320e+01 
1.670320e+01 
1.670320e+01 
1.670320e+01 
1.670320e+01 
1.670320e+01 
1.670320e+01 
1.670320e+01 
1.670320e+01 
1.632670e+01 
1.632670e+01 
1.632670e+01 
1.632670e+01 
1.632670e+01 
1.632670e+01 
1.632670e+01 
1.632670e+01 
1.632670e+01 
1.632670e+01 
1.632670e+01 
1.632670e+01 
1.632670e+01 
1.632670e+01 
1.632670e+01 
1.632670e+01 
1.632670e+01 
1.632670e+01 
1.632670e+01 
1.632670e+01 
1.632670e+01 
1.632670e+01 
1.632670e+01 
1.632670e+01 
1.632670e+01 
1.632670e+01 
1.632670e+01 
1.632670e+01 
1.632670e+01 
1.632670e+01 
1.632670e+01 
1.632670e+01 
1.632670e+01 
1.632670e+01 
1.632670e+01 
1.632670e+01 
1.632670e+01 
1.632670e+01 
1.632670e+01 
1.632670e+01 
1.632670e+01 
1.632670e+01 
1.632670e+01 
1.631255e+01 
1.631255e+01 
1.631255e+01 
1.631255e+01 
1.631255e+01 
1.631255e+01 
1.631255e+01 
1.631255e+01 
1.631255e+01 
1.631255e+01 
1.631255e+01 
1.631255e+01 
1.631255e+01 
1.631255e+01 
1.631255e+01 
1.631255e+01 
1.631255e+01 
1.631255e+01 
1.631255e+01 
1.631255e+01 
1.631255e+01 
1.631255e+01 
1.631255e+01 
1.631255e+01 
1.631255e+01 
1.631255e+01 
1.631255e+01 
1.631255e+01 
1.631255e+01 
1.631255e+01 
1.631255e+01 
1.631255e+01 
1.631255e+01 
1.631255e+01 
1.631255e+01 
1.631255e+01 
1.631255e+01 
1.631255e+01 
1.631255e+01 
1.631255e+01 
1.631255e+01 
1.631255e+01 
1.631255e+01 
1.631255e+01 
1.631255e+01 
1.631255e+01 
1.631255e+01 
1.631255e+01 
1.631255e+01 
1.627384e+01 
1.627384e+01 
1.627384e+01 
1.627384e+01 
1.627384e+01 
1.627384e+01 
1.627384e+01 
1.627384e+01 
1.627384e+01 
1.627384e+01 
1.627384e+01 
1.627384e+01 
1.599235e+01 
1.580734e+01 
1.580734e+01 
1.580734e+01 
1.578597e+01 
1.578597e+01 
1.578597e+01 
1.578597e+01 
1.563331e+01 
1.558564e+01 
1.558564e+01 
1.558564e+01 
1.558564e+01 
1.558564e+01 
1.558564e+01 
1.537134e+01 
1.537134e+01 
1.537134e+01 
1.451887e+01 
1.451887e+01 
1.451887e+01 
1.365642e+01 
1.365642e+01 
1.365642e+01 
1.365642e+01 
1.365642e+01 
1.365642e+01 
1.365642e+01 
1.365642e+01 
1.365642e+01 
1.365642e+01 
1.361280e+01 
1.361280e+01 
1.361280e+01 
1.361280e+01 
1.344975e+01 
1.344975e+01 
1.316746e+01 
1.316746e+01 
1.316746e+01 
1.316746e+01 
1.316746e+01 
1.316746e+01 
1.316746e+01 
1.316746e+01 
1.316746e+01 
1.316746e+01 
1.316746e+01 
1.316746e+01 
1.316746e+01 
1.316746e+01 
1.316746e+01 
1.316746e+01 
1.316746e+01 
1.316746e+01 
1.316746e+01 
1.316746e+01 
1.316746e+01 
1.316746e+01 
1.316746e+01 
1.254862e+01 
1.254862e+01 
1.254862e+01 
1.254862e+01 
1.254862e+01 
1.254862e+01 
1.254862e+01 
1.254862e+01 
1.254862e+01 
1.254862e+01 
1.254862e+01 
1.254862e+01 
1.236158e+01 
1.219306e+01 
1.219306e+01 
1.219306e+01 
1.219306e+01 
1.219306e+01 
1.219306e+01 
1.219306e+01 
1.196150e+01 
1.196150e+01 
1.196150e+01 
1.196150e+01 
1.196150e+01 
1.196150e+01 
1.196150e+01 
1.196150e+01 
1.196150e+01 
1.181746e+01 
1.181746e+01 
1.181746e+01 
1.181746e+01 
1.177981e+01 
1.177981e+01 
1.177981e+01 
1.177981e+01 
1.177981e+01 
1.177981e+01 
1.168681e+01 
1.168681e+01 
1.168681e+01 
1.168681e+01 
1.168681e+01 
1.168681e+01 
1.168681e+01 
1.159354e+01 
1.145934e+01 
1.143380e+01 
1.143380e+01 
1.143380e+01 
1.143380e+01 
1.143380e+01 
1.139811e+01 
1.139811e+01 
1.139811e+01 
1.139811e+01 
1.139811e+01 
1.139811e+01 
1.139811e+01 
1.139811e+01 
1.139811e+01 
1.139811e+01 
1.139811e+01 
1.139811e+01 
1.139811e+01 
1.139811e+01 
1.139811e+01 
1.139811e+01 
1.139811e+01 
1.139811e+01 
1.139811e+01 
1.139811e+01 
1.139811e+01 
1.139811e+01 
1.139811e+01 
1.139811e+01 
1.139811e+01 
1.139811e+01 
1.139811e+01 
1.139811e+01 
1.139811e+01 
1.139811e+01 
1.139811e+01 
1.139811e+01 
1.139811e+01 
1.139811e+01 
1.139811e+01 
1.139811e+01 
1.139811e+01 
1.139811e+01 
1.139811e+01 
1.139452e+01 
1.139452e+01 
1.139452e+01 
1.139329e+01 
1.139329e+01 
1.134578e+01 
1.134405e+01 
1.134405e+01 
1.134405e+01 
1.128876e+01 
1.128876e+01 
1.128876e+01 
1.128876e+01 
1.128827e+01 
1.128827e+01 
1.128100e+01 
1.128100e+01 
1.127959e+01 
1.127959e+01 
1.127959e+01 
1.127959e+01 
1.127959e+01 
1.127959e+01 
1.127959e+01 
1.127959e+01 
1.127959e+01 
1.127954e+01 
1.127954e+01 
1.127954e+01 
1.127954e+01 
1.127954e+01 
1.127954e+01 
1.127954e+01 
1.127954e+01 
1.127954e+01 
1.126924e+01 
1.126924e+01 
1.126909e+01 
1.126909e+01 
1.126909e+01 
1.126909e+01 
1.126909e+01 
1.126909e+01 
1.126909e+01 
1.126909e+01 
1.126909e+01 
1.126909e+01 
1.126909e+01 
1.126909e+01 
1.126909e+01 
1.126909e+01 
1.126909e+01 
1.126909e+01 
1.126909e+01 
1.126909e+01 
1.126877e+01 
1.126877e+01 
1.126877e+01 
1.126782e+01 
1.126782e+01 
1.126782e+01 
1.126782e+01 
1.126782e+01 
1.126782e+01 
1.126782e+01 
1.126782e+01 
1.126782e+01 
1.124120e+01 
1.124120e+01 
1.124120e+01 
1.123113e+01 
1.123113e+01 
1.123113e+01 
1.122480e+01 
1.122480e+01 
1.122480e+01 
1.122480e+01 
1.122480e+01 
1.122277e+01 
1.122277e+01 
1.122277e+01 
1.122277e+01 
1.122277e+01 
1.122277e+01 
1.122182e+01 
1.122182e+01 
1.122182e+01 
1.122182e+01 
1.122182e+01 
1.122182e+01 
1.122182e+01 
1.122182e+01 
1.122182e+01 
1.122182e+01 
1.122138e+01 
1.122138e+01 
1.122138e+01 
1.122138e+01 
1.122138e+01 
1.122118e+01 
1.122080e+01 
1.122080e+01 
1.122080e+01 
1.122080e+01 
1.122072e+01 
1.120631e+01 
1.120631e+01 
1.119729e+01 
1.119729e+01 
1.118721e+01 
1.118721e+01 
1.118721e+01 
1.118721e+01 
1.118721e+01 
1.118721e+01 
1.118721e+01 
1.118721e+01 
1.118721e+01 
1.118721e+01 
1.118721e+01 
1.118721e+01 
1.118721e+01 
1.113483e+01 
1.113483e+01 
1.113483e+01 
1.113483e+01 
1.113483e+01 
1.112662e+01 
1.112662e+01 
1.112188e+01 
1.112188e+01 
1.112188e+01 
1.112188e+01 
1.112188e+01 
1.112188e+01 
1.112188e+01 
1.112188e+01 
1.112188e+01 
1.112188e+01 
1.112188e+01 
1.112188e+01 
1.112188e+01 
1.112188e+01 
1.112188e+01 
1.112188e+01 
1.112188e+01 
1.112188e+01 
1.112188e+01 
1.112188e+01 
1.112188e+01 
1.112188e+01 
1.112188e+01 
1.112188e+01 
1.112188e+01 
1.112188e+01 
1.112188e+01 
1.112188e+01 
1.112188e+01 
1.111763e+01 
1.111763e+01 
1.111763e+01 
1.111763e+01 
1.111763e+01 
1.111763e+01 
1.111763e+01 
1.111763e+01 
1.111763e+01 
1.111763e+01 
1.111763e+01 
1.111763e+01 
1.111763e+01 
1.111763e+01 
1.111763e+01 
1.111763e+01 
1.111763e+01 
1.111763e+01 
1.111763e+01 
1.111763e+01 
1.111763e+01 
1.111763e+01 
1.111763e+01 
1.111763e+01 
1.111763e+01 
1.111763e+01 
1.111763e+01 
1.111763e+01 
1.111763e+01 
1.111763e+01 
1.111763e+01 
1.111456e+01 
1.111456e+01 
1.111456e+01 
1.111456e+01 
1.111456e+01 
1.111456e+01 
1.111456e+01 
1.111456e+01 
1.109547e+01 
1.109547e+01 
1.109547e+01 
1.109547e+01 
1.109547e+01 
1.109547e+01 
1.109547e+01 
1.109358e+01 
1.108806e+01 
1.108806e+01 
1.108806e+01 
1.108806e+01 
1.108806e+01 
1.108806e+01 
6.562074e+00 
6.562074e+00 
6.562074e+00 
5.895131e+00 
5.895131e+00 
5.895131e+00 
5.842512e+00 
5.842512e+00 
5.842512e+00 
5.842512e+00 
5.842512e+00 
5.842512e+00 
5.842512e+00 
5.842512e+00 
5.842512e+00 
5.842512e+00 
5.842512e+00 
5.378583e+00 
4.688815e+00 
4.688815e+00 
4.688815e+00 
4.688815e+00 
4.688815e+00 
4.688815e+00 
4.688815e+00 
4.688815e+00 
4.688815e+00 
4.688815e+00 
4.688815e+00 
4.688815e+00 
4.688815e+00 
4.688815e+00 
4.688815e+00 
4.688815e+00 
4.688815e+00 
4.688815e+00 
4.688815e+00 
4.688815e+00 
4.688815e+00 
4.688815e+00 
4.688815e+00 
4.688815e+00 
4.688815e+00 
4.688815e+00 
4.688815e+00 
4.688815e+00 
4.688815e+00 
4.688815e+00 
4.688815e+00 
4.688815e+00 
4.688815e+00 
4.688815e+00 
4.688815e+00 
4.688815e+00 
4.688815e+00 
4.688815e+00 
4.688815e+00 
4.688815e+00 
4.688815e+00 
4.688815e+00 
4.412348e+00 
4.397649e+00 
4.397649e+00 
4.397649e+00 
4.351080e+00 
4.351080e+00 
4.351080e+00 
4.295673e+00 
4.295673e+00 
4.295673e+00 
4.295673e+00 
4.295673e+00 
4.295673e+00 
4.295673e+00 
4.071142e+00 
4.071142e+00 
4.071142e+00 
4.071142e+00 
4.071142e+00 
4.071142e+00 
4.071142e+00 
4.071142e+00 
4.071142e+00 
4.071142e+00 
4.071142e+00 
4.071142e+00 
4.071142e+00 
4.071142e+00 
4.071142e+00 
4.071142e+00 
4.071142e+00 
4.071142e+00 
4.071142e+00 
4.071142e+00 
4.071142e+00 
4.071142e+00 
4.071142e+00 
4.071142e+00 
4.071142e+00 
4.071142e+00 
4.071142e+00 
4.071142e+00 
4.071142e+00 
4.071142e+00 
4.071142e+00 
4.071142e+00 
4.071142e+00 
4.071142e+00 
3.949225e+00 
3.949225e+00 
3.949225e+00 
3.949225e+00 
3.949225e+00 
3.949225e+00 
3.949225e+00 
3.949225e+00 
3.949225e+00 
3.949225e+00 
3.949225e+00 
3.949225e+00 
3.949225e+00 
3.949225e+00 
3.625241e+00 
3.625241e+00 
3.625241e+00 
3.625241e+00 
3.625241e+00 
3.625241e+00 
3.625241e+00 
3.625241e+00 
3.625241e+00 
3.625241e+00 
3.625241e+00 
3.625241e+00 
3.625241e+00 
3.625241e+00 
3.625241e+00 
3.625241e+00 
3.625241e+00 
3.625241e+00 
3.622505e+00 
3.622505e+00 
3.622505e+00 
3.622505e+00 
3.622505e+00 
3.589875e+00 
3.589875e+00 
3.463427e+00 
3.463427e+00 
3.463427e+00 
3.463427e+00 
3.463427e+00 
3.463427e+00 
3.258737e+00 
3.258737e+00 
2.893378e+00 
2.893378e+00 
2.893378e+00 
2.893378e+00 
2.893378e+00 
2.893378e+00 
2.893378e+00 
2.893378e+00 
2.893378e+00 
2.893378e+00 
2.893378e+00 
2.893378e+00 
2.893378e+00 
2.893378e+00 
2.893378e+00 
2.893378e+00 
2.893378e+00 
2.893378e+00 
2.893378e+00 
2.889981e+00 
2.889981e+00 
2.582932e+00 
2.582932e+00 
2.582932e+00 
2.582932e+00 
2.582932e+00 
2.582932e+00 
2.582932e+00 
2.582932e+00 
2.582932e+00 
2.582932e+00 
2.582932e+00 
2.582932e+00 
2.582932e+00 
2.582932e+00 
2.582932e+00 
2.582932e+00 
2.582932e+00 
2.582932e+00 
2.582932e+00 
2.582932e+00 
2.428403e+00 
2.428403e+00 
2.428403e+00 
2.428403e+00 
2.428403e+00 
2.428403e+00 
2.406516e+00 
2.406516e+00 
2.406516e+00 
2.406516e+00 
2.406516e+00 
2.406516e+00 
2.406516e+00 
2.406516e+00 
1.920424e+00 
1.920424e+00 
1.920424e+00 
1.920424e+00 
1.920424e+00 
1.920424e+00 
1.920424e+00 
1.920424e+00 
1.920424e+00 
1.920424e+00 
1.920424e+00 
1.773521e+00 
1.773521e+00 
1.773521e+00 
1.771226e+00 
1.771226e+00 
1.771226e+00 
1.771226e+00 
1.771226e+00 
1.771226e+00 
1.771226e+00 
1.589133e+00 
1.589133e+00 
1.589133e+00 
1.589133e+00 
1.589133e+00 
1.589133e+00 
1.589133e+00 
1.589133e+00 
1.589133e+00 
1.589133e+00 
1.589133e+00 
1.589133e+00 
1.589133e+00 
1.497440e+00 
1.497440e+00 
1.497440e+00 
1.497440e+00 
1.497440e+00 
1.497440e+00 
1.497440e+00 
1.497440e+00 
1.497440e+00 
1.497440e+00 
1.497440e+00 
1.497440e+00 
1.497440e+00 
1.255075e+00 
1.255075e+00 
1.255075e+00 
1.255075e+00 
1.255075e+00 
1.098526e+00 
1.098526e+00 
1.098526e+00 
1.098526e+00 
1.098526e+00 
1.098526e+00 
1.098526e+00 
1.098526e+00 
1.098526e+00 
1.098526e+00 
1.098526e+00 
1.098526e+00 
1.098526e+00 
1.098526e+00 
1.098526e+00 
1.098526e+00 
1.098526e+00 
1.098526e+00 
1.098526e+00 
1.098526e+00 
1.098526e+00 
1.067915e+00 
1.067915e+00 
1.067915e+00 
1.067915e+00 
1.067915e+00 
1.067915e+00 
1.067915e+00 
1.067915e+00 
1.067915e+00 
1.067915e+00 
1.067915e+00 
1.067915e+00 
1.067915e+00 
1.067915e+00 
1.067915e+00 
1.067915e+00 
1.067915e+00 
1.067915e+00 
1.067915e+00 
9.204660e-01 
9.204660e-01 
9.204660e-01 
9.204660e-01 
9.204660e-01 
9.204660e-01 
9.204660e-01 
9.204660e-01 
9.204660e-01 
9.204660e-01 
6.766907e-01 
6.766907e-01 
6.766907e-01 
6.766907e-01 
6.766907e-01 
6.766907e-01 
6.766907e-01 
6.766907e-01 
6.766907e-01 
6.766907e-01 
6.766907e-01 
6.766907e-01 
6.766907e-01 
6.766907e-01 
6.392306e-01 
6.392306e-01 
6.309643e-01 
6.309643e-01 
5.806983e-01 
5.722312e-01 
5.722312e-01 
5.567483e-01 
5.567483e-01 
5.242388e-01 
5.147333e-01 
5.054063e-01 
5.054063e-01 
5.054063e-01 
5.054063e-01 
5.054063e-01 
5.054063e-01 
4.935496e-01 
4.935496e-01 
4.935496e-01 
3.021380e-01 
3.021380e-01 
3.021380e-01 
3.021380e-01 
3.021380e-01 
3.021380e-01 
3.021380e-01 
3.021380e-01 
3.021380e-01 
3.021380e-01 
3.021380e-01 
3.021380e-01 
3.021380e-01 
3.021380e-01 
2.316482e-01 
2.316482e-01 
2.316482e-01 
1.852468e-01 
1.852468e-01 
1.852468e-01 
8.694713e-02 
2.462513e-02 
2.462513e-02 
2.462513e-02 
2.462513e-02 
2.462513e-02 
2.462513e-02 
1.740385e-02 
1.740385e-02 
1.733986e-02 
1.733986e-02 
1.733986e-02 
1.733986e-02 
1.733986e-02 
1.733986e-02 
1.720724e-02 
1.720724e-02 
1.695407e-02 
1.695407e-02 
1.695407e-02 
1.695407e-02 
1.695407e-02 
1.695407e-02 
1.695407e-02 
1.695407e-02 
1.695407e-02 
1.695407e-02 
1.695407e-02 
1.695407e-02 
1.695407e-02 
1.695407e-02 
1.695407e-02 
1.695407e-02 
1.695407e-02 
1.695407e-02 
1.695407e-02 
1.695407e-02 
1.695407e-02 
1.695407e-02 
1.695407e-02 
1.695407e-02 
1.695407e-02 
1.695407e-02 
1.695407e-02 
1.695407e-02 
1.695407e-02 
1.695407e-02 
1.695407e-02 
1.695407e-02 
1.695407e-02 
1.695407e-02 
1.695407e-02 
1.695407e-02 
1.695407e-02 
1.695407e-02 
1.695407e-02 
1.695407e-02 
1.695407e-02 
1.695407e-02 
1.695407e-02 
1.695407e-02 
1.695407e-02 
1.695407e-02 
1.695407e-02 
1.695407e-02 
1.695407e-02 
1.695407e-02 
1.695407e-02 
1.665297e-02 
1.665297e-02 
1.537173e-02 
1.537173e-02 
1.537173e-02 
1.537173e-02 
1.537173e-02 
1.537173e-02 
1.537173e-02 
1.537173e-02 
1.537173e-02 
1.431894e-02 
1.431894e-02 
1.431894e-02 
1.431894e-02 
1.431894e-02 
1.152362e-02 
1.152362e-02 
1.152362e-02 
1.152362e-02 
1.152362e-02 
1.152362e-02 
1.152362e-02 
1.152362e-02 
1.152362e-02 
1.152362e-02 
1.152362e-02 
1.152362e-02 
1.152362e-02 
1.152362e-02 
1.152362e-02 
1.152362e-02 
1.152362e-02 
1.152362e-02 
1.152362e-02 
1.152362e-02 
9.437914e-03 
9.437914e-03 
9.437914e-03 
9.437914e-03 
9.437914e-03 
9.437914e-03 
9.437914e-03 
9.437914e-03 
9.070705e-03 
8.556430e-03 
8.245070e-03 
8.051017e-03 
7.926873e-03 
7.845657e-03 
7.791546e-03 
7.754970e-03 
7.729974e-03 
7.712750e-03 
7.700811e-03 
7.692497e-03 
7.686691e-03 
7.682627e-03 
7.679777e-03 
7.677777e-03 
7.676372e-03 
7.675385e-03 
7.674691e-03 
7.674204e-03 
7.673860e-03 
7.673619e-03 
6.463102e-03 
6.463102e-03 
6.463102e-03 
6.463102e-03 
6.463102e-03 
6.463102e-03 
6.463102e-03 
6.463102e-03 
6.463102e-03 
6.463102e-03 
5.243332e-03 
5.243332e-03 
5.243332e-03 
5.243332e-03 
2.524966e-03 
2.524966e-03 
2.524966e-03 
1.630722e-03 
1.630722e-03 
1.630722e-03 
1.477318e-03 
1.477318e-03 
1.178175e-03 
1.178175e-03 
1.178175e-03 
1.178175e-03 
1.178175e-03 
1.178175e-03 
1.178175e-03 
1.178175e-03 
9.233633e-04 
9.233633e-04 
4.276128e-04 
4.276128e-04 
4.276128e-04 
4.276128e-04 
4.276128e-04 
4.276128e-04 
4.276128e-04 
4.276128e-04 
2.425898e-04 
2.425898e-04 
2.425898e-04 
2.425898e-04 
1.615934e-04 
1.615934e-04 
1.615934e-04 
1.615934e-04 
1.615934e-04 
1.615934e-04 
1.615934e-04 
1.615934e-04 
1.615934e-04 
1.615934e-04 
1.615934e-04 
1.615934e-04 
1.476456e-04 
1.476456e-04 
1.476456e-04 
1.476456e-04 
1.476456e-04 
1.476456e-04 
1.476456e-04 
1.476456e-04 
1.476456e-04 
1.476456e-04 
1.476456e-04 
1.472699e-04 
1.472699e-04 
1.066789e-04 
1.066789e-04 
1.066789e-04 
9.174138e-05 
9.174138e-05 
9.174138e-05 
9.174138e-05 
9.174138e-05 
9.174138e-05 
9.174138e-05 
8.639605e-05 
8.639605e-05 
8.639605e-05 
8.639605e-05 
8.639605e-05 
8.639605e-05 
8.639605e-05 
8.639605e-05 
8.639605e-05 
8.639605e-05 
8.473645e-05 
8.473645e-05 
8.332244e-05 
8.332244e-05 
8.332244e-05 
8.332244e-05 
8.332244e-05 
8.332244e-05 
8.332244e-05 
8.332244e-05 
8.332244e-05 
8.116395e-05 
8.116395e-05 
8.116395e-05 
8.116395e-05 
8.116395e-05 
8.116395e-05 
8.039580e-05 
8.039580e-05 
8.039580e-05 
8.039580e-05 
8.039580e-05 
8.039580e-05 
7.987451e-05 
7.984280e-05 
7.984280e-05 
7.984280e-05 
7.975982e-05 
7.975982e-05 
7.975982e-05 
7.975982e-05 
7.975982e-05 
7.975982e-05 
7.975982e-05 
7.933477e-05 
7.926700e-05 
7.926700e-05 
7.879588e-05 
7.879588e-05 
7.879588e-05 
7.867319e-05 
7.867319e-05 
7.867319e-05 
7.867319e-05 
7.862998e-05 
7.862998e-05 
7.862998e-05 
7.862998e-05 
7.862998e-05 
7.862998e-05 
7.862998e-05 
7.862998e-05 
7.862998e-05 
7.862998e-05 
7.862998e-05 
7.845442e-05 
7.845442e-05 
7.845442e-05 
6.694178e-05 
6.694178e-05 
6.266851e-05 
6.266851e-05 
6.266851e-05 
6.266851e-05 
5.112529e-05 
3.827404e-05 
3.827404e-05 
3.827404e-05 
3.827404e-05 
3.827404e-05 
3.827404e-05 
3.827404e-05 
2.969266e-05 
2.969266e-05 
2.969266e-05 
2.969266e-05 
2.969266e-05 
2.969266e-05 
2.712658e-05 
2.712658e-05 
2.712658e-05 
2.089252e-05 
2.089252e-05 
2.089252e-05 
2.089252e-05 
2.089252e-05 
1.839433e-05 
1.839433e-05 
1.839433e-05 
1.839433e-05 
1.839433e-05 
1.747424e-05 
1.747424e-05 
1.284318e-05 
1.284318e-05 
1.284318e-05 
1.284318e-05 
1.261083e-05 
1.261083e-05 
1.261083e-05 
1.261083e-05 
1.261083e-05 
1.261083e-05 
1.261083e-05 
1.261083e-05 
1.261083e-05 
9.514670e-06 
9.514670e-06 
8.503197e-06 
8.503197e-06 
8.150172e-06 
7.945890e-06 
7.945890e-06 
7.945890e-06 
6.307038e-06 
4.535809e-06 
3.907188e-06 
3.340149e-06 
3.239112e-06 
3.022649e-06 
3.022649e-06 
3.022649e-06 
3.022649e-06 
2.956587e-06 
2.861943e-06 
2.813122e-06 
1.965030e-06 
1.885063e-06 
1.885063e-06 
1.885063e-06 
1.885063e-06 
1.885063e-06 
1.885063e-06 
1.885063e-06 
1.885063e-06 
1.885063e-06 
1.885063e-06 
1.885063e-06 
1.885063e-06 
1.885063e-06 
1.885063e-06 
1.885063e-06 
1.885063e-06 
1.885063e-06 
1.885063e-06 
1.543389e-06 
1.504783e-06 
1.504783e-06 
1.032106e-06 
1.032106e-06 
1.032106e-06 
1.032106e-06 
1.032106e-06 
1.032106e-06 
1.032106e-06 
1.032106e-06 
1.032106e-06 
1.032106e-06 
1.032106e-06 
1.032106e-06 
9.147916e-07 
8.595468e-07 
8.595468e-07 
8.595468e-07 
8.595468e-07 
8.595468e-07 
8.411471e-07 
8.411471e-07 
7.917424e-07 
7.401542e-07 
7.307782e-07 
7.307782e-07 
7.274924e-07 
7.274924e-07 
7.041885e-07 
4.397439e-07 
4.397439e-07 
4.397439e-07 
4.397439e-07 
4.397439e-07 
4.397439e-07 
4.397439e-07 
4.397439e-07 
4.397439e-07 
4.397439e-07 
4.397439e-07 
4.397439e-07 
4.397439e-07 
4.397439e-07 
4.397439e-07 
4.224342e-07 
4.224342e-07 
3.766654e-07 
3.766654e-07 
3.766654e-07 
3.766654e-07 
3.004882e-07 
3.004882e-07 
2.703007e-07 
2.703007e-07 
1.981028e-07 
1.981028e-07 
1.981028e-07 
1.981028e-07 
1.981028e-07 
1.981028e-07 
1.981028e-07 
1.981028e-07 
1.981028e-07 
1.928935e-07 
1.928935e-07 
1.928935e-07 
1.928935e-07 
1.928935e-07 
1.928935e-07 
1.928935e-07 
1.894224e-07 
1.894224e-07 
1.894224e-07 
1.894224e-07 
1.894224e-07 
1.872392e-07 
1.701251e-07 
1.701251e-07 
1.701251e-07 
1.653692e-07 
1.614398e-07 
1.604843e-07 
1.604843e-07 
1.603243e-07 
1.603243e-07 
1.603243e-07 
1.603243e-07 
1.599681e-07 
1.596811e-07 
1.596811e-07 
1.583680e-07 
1.577384e-07 
1.574381e-07 
1.572940e-07 
1.572247e-07 
1.571907e-07 
1.286249e-07 
1.286249e-07 
1.286249e-07 
1.156240e-07 
1.156240e-07 
1.156240e-07 
1.156240e-07 
1.025127e-07 
1.025127e-07 
1.025127e-07 
1.025127e-07 
1.025127e-07 
1.025127e-07 
1.025127e-07 
1.025127e-07 
1.025127e-07 
1.025127e-07 
1.025127e-07 
1.025127e-07 
1.025127e-07 
1.025127e-07 
1.025127e-07 
9.905204e-08 
9.905204e-08 
9.905204e-08 
8.959713e-08 
8.959713e-08 
8.050146e-08 
8.050146e-08 
8.050146e-08 
8.050146e-08 
8.050146e-08 
8.050146e-08 
7.909772e-08 
7.909772e-08 
7.909772e-08 
7.909772e-08 
7.909772e-08 
7.909772e-08 
5.454117e-08 
5.454117e-08 
5.454117e-08 
5.454117e-08 
5.454117e-08 
5.454117e-08 
5.454117e-08 
5.454117e-08 
5.454117e-08 
4.636256e-08 
4.636256e-08 
4.636256e-08 
4.636256e-08 
4.636256e-08 
4.636256e-08 
4.636256e-08 
4.636256e-08 
4.636256e-08 
4.353304e-08 
4.353304e-08 
4.353304e-08 
4.353304e-08 
4.353304e-08 
4.353304e-08 
4.353304e-08 
3.731006e-08 
3.731006e-08 
3.731006e-08 
3.731006e-08 
3.207907e-08 
3.207907e-08 
3.207907e-08 
3.207907e-08 
3.207907e-08 
2.580496e-08 
2.580496e-08 
2.580496e-08 
2.580496e-08 
2.556549e-08 
2.556549e-08 
2.556549e-08 
2.255298e-08 
2.179293e-08 
1.990586e-08 
1.709319e-08 
1.709319e-08 
1.709319e-08 
1.709319e-08 
1.709319e-08 
1.709319e-08 
1.527752e-08 
1.527752e-08 
1.345573e-08 
8.817188e-09 
8.817188e-09 
8.817188e-09 
8.817188e-09 
8.817188e-09 
8.817188e-09 
8.817188e-09 
7.539950e-09 
7.377455e-09 
7.377455e-09 
7.377455e-09 
7.377455e-09 
6.996872e-09 
6.996872e-09 
6.996872e-09 
6.996872e-09 
6.996872e-09 
6.996872e-09 
6.996872e-09 
6.996872e-09 
6.996872e-09 
6.996872e-09 
6.996872e-09 
6.996872e-09 
6.996872e-09 
6.455600e-09 
6.455600e-09 
6.455600e-09 
6.455600e-09 
6.455600e-09 
6.455600e-09 
6.455600e-09 
6.455600e-09 
6.455600e-09 
6.455600e-09 
6.455600e-09 
6.455600e-09 
6.455600e-09 
6.455600e-09 
6.455600e-09 
6.455600e-09 
5.726513e-09 
5.726513e-09 
5.726513e-09 
5.726513e-09 
5.726513e-09 
5.609299e-09 
5.609299e-09 
5.609299e-09 
5.111305e-09 
4.630364e-09 
4.381992e-09 
4.249178e-09 
4.176125e-09 
4.133685e-09 
4.108556e-09 
3.898753e-09 
3.898753e-09 
3.898753e-09 
3.101477e-09 
2.546447e-09 
2.462735e-09 
2.462735e-09 
2.462735e-09 
2.389136e-09 
2.334615e-09 
2.301304e-09 
2.280384e-09 
2.266868e-09 
2.258139e-09 
2.252491e-09 
2.248551e-09 
2.245726e-09 
1.466914e-09 
1.466914e-09 
1.466914e-09 
1.466914e-09 
1.042532e-09 
1.042532e-09 
1.042532e-09 
1.042532e-09 
1.042532e-09 
1.042532e-09 
7.447395e-10 
7.447395e-10 
7.447395e-10 
7.447395e-10 
7.447395e-10 
7.447395e-10 
7.447395e-10 
7.447395e-10 
7.447395e-10 
7.447395e-10 
7.203403e-10 
7.203403e-10 
7.203403e-10 
7.203403e-10 
7.203403e-10 
7.203403e-10 
7.203403e-10 
7.203403e-10 
7.203403e-10 
7.203403e-10 
7.203403e-10 
5.961538e-10 
5.071822e-10 
5.071822e-10 
5.071822e-10 
4.114874e-10 
3.841366e-10 
3.262678e-10 
3.262678e-10 
3.262678e-10 
2.433257e-10 
2.433257e-10 
2.433257e-10 
1.589388e-10 
1.589388e-10 
1.589388e-10 
1.589388e-10 
1.589388e-10 
1.589388e-10 
1.589388e-10 
1.589388e-10 
1.589388e-10 
1.589388e-10 
1.573528e-10 
1.573528e-10 
1.573528e-10 
1.573528e-10 
1.573528e-10 
1.573528e-10 
1.573528e-10 
1.573528e-10 
1.573528e-10 
1.573528e-10 
1.573528e-10 
1.573528e-10 
1.573528e-10 
1.573528e-10 
1.475985e-10 
1.475985e-10 
1.475985e-10 
1.475985e-10 
1.475985e-10 
1.441162e-10 
1.441162e-10 
1.441162e-10 
1.441162e-10 
1.441162e-10 
1.441162e-10 
1.441162e-10 
8.604110e-11 
8.604110e-11 
8.604110e-11 
8.604110e-11 
8.604110e-11 
8.604110e-11 
8.604110e-11 
8.604110e-11 
8.604110e-11 
8.604110e-11 
8.604110e-11 
8.604110e-11 
8.604110e-11 
8.604110e-11 
8.604110e-11 
8.604110e-11 
8.604110e-11 
8.604110e-11 
8.604110e-11 
8.604110e-11 
8.604110e-11 
8.604110e-11 
8.604110e-11 
8.604110e-11 
8.604110e-11 
8.338152e-11 
8.338152e-11 
8.338152e-11 
8.338152e-11 
8.338152e-11 
5.809286e-11 
5.809286e-11 
4.536312e-11 
4.536312e-11 
4.536312e-11 
4.536312e-11 
4.070300e-11 
4.070300e-11 
3.542959e-11 
3.542959e-11 
3.542959e-11 
3.542959e-11 
3.031856e-11 
3.031856e-11 
3.031856e-11 
3.031856e-11 
3.031856e-11 
2.779791e-11 
2.616537e-11 
2.616537e-11 
2.509704e-11 
2.509704e-11 
2.509704e-11 
2.509704e-11 
2.380222e-11 
2.380222e-11 
2.380222e-11 
2.380222e-11 
2.380222e-11 
1.832556e-11 
1.383323e-11 
1.221171e-11 
9.491889e-12 
9.188576e-12 
7.885100e-12 
7.802943e-12 
7.802943e-12 
7.333023e-12 
7.333023e-12 
7.333023e-12 
7.333023e-12 
7.263523e-12 
7.263523e-12 
7.125115e-12 
7.125115e-12 
7.125115e-12 
7.125115e-12 
7.125115e-12 
6.959174e-12 
6.959174e-12 
6.840750e-12 
6.787089e-12 
6.713445e-12 
6.700640e-12 
6.700640e-12 
6.700640e-12 
5.091779e-12 
5.091779e-12 
5.091779e-12 
5.091779e-12 
5.091779e-12 
4.743021e-12 
4.710824e-12 
4.710824e-12 
4.710824e-12 
4.710824e-12 
4.710824e-12 
3.618439e-12 
3.595050e-12 
2.688960e-12 
2.688960e-12 
2.688960e-12 
2.688960e-12 
2.688960e-12 
2.688960e-12 
2.688960e-12 
2.688960e-12 
2.688960e-12 
2.688960e-12 
2.688960e-12 
2.688960e-12 
2.688960e-12 
2.688960e-12 
2.688960e-12 
2.610134e-12 
2.610134e-12 
2.610134e-12 
2.610134e-12 
2.610134e-12 
2.610134e-12 
2.448856e-12 
2.448856e-12 
2.448856e-12 
2.448856e-12 
2.448856e-12 
2.448856e-12 
1.562454e-12 
1.562454e-12 
1.562454e-12 
1.562454e-12 
1.407393e-12 
1.407393e-12 
1.407393e-12 
1.407393e-12 
1.407393e-12 
1.407393e-12 
6.810848e-13 
6.810848e-13 
6.810848e-13 
6.810848e-13 
6.810848e-13 
6.810848e-13 
6.810848e-13 
6.810848e-13 
6.810848e-13 
6.810848e-13 
6.810848e-13 
6.810848e-13 
6.810848e-13 
6.810848e-13 
6.810848e-13 
6.810848e-13 
6.810848e-13 
6.810848e-13 
6.810848e-13 
6.810848e-13 
6.810848e-13 
6.810848e-13 
6.810848e-13 
6.810848e-13 
6.810848e-13 
6.810848e-13 
6.810848e-13 
6.810848e-13 
6.810848e-13 
6.779762e-13 
6.779762e-13 
6.779762e-13 
6.779762e-13 
6.779762e-13 
6.779762e-13 
6.587323e-13 
6.587323e-13 
6.587323e-13 
6.587323e-13 
6.587323e-13 
6.587323e-13 
5.776120e-13 
5.061877e-13 
5.061877e-13 
5.061877e-13 
5.061877e-13 
3.492762e-13 
3.492762e-13 
3.492762e-13 
3.389141e-13 
3.389141e-13 
6.054416e-14 
6.054416e-14 
6.054416e-14 
6.054416e-14 
6.054416e-14 
6.054416e-14 
6.054416e-14 
6.054416e-14 
6.054416e-14 
6.054416e-14 
6.054416e-14 
6.054416e-14 
6.054416e-14 
6.054416e-14 
6.054416e-14 
6.054416e-14 
6.054416e-14 
6.054416e-14 
6.054416e-14 
6.054416e-14 
6.054416e-14 
6.054416e-14 
6.054416e-14 
6.054416e-14 
6.054416e-14 
6.054416e-14 
6.054416e-14 
6.054416e-14 
6.054416e-14 
6.054416e-14 
6.054416e-14 
6.054416e-14 
6.054416e-14 
6.054416e-14 
6.054416e-14 
6.054416e-14 
6.054416e-14 
6.054416e-14 
6.054416e-14 
6.054416e-14 
6.054416e-14 
3.759955e-14 
3.759955e-14 
3.759955e-14 
3.759955e-14 
3.759955e-14 
3.759955e-14 
3.759955e-14 
3.759955e-14 
3.759955e-14 
2.294461e-14 
2.294461e-14 
2.294461e-14 
2.294461e-14 
2.294461e-14 
2.294461e-14 
2.294461e-14 
2.294461e-14 
2.294461e-14 
2.294461e-14 
2.294461e-14 
2.294461e-14 
2.294461e-14 
2.294461e-14 
2.294461e-14 
2.294461e-14 
2.294461e-14 
2.294461e-14 
2.294461e-14 
2.294461e-14 
2.294461e-14 
2.294461e-14 
2.294461e-14 
2.294461e-14 
2.294461e-14 
2.294461e-14 
2.294461e-14 
2.294461e-14 
2.294461e-14 
2.294461e-14 
2.294461e-14 
2.294461e-14 
2.294461e-14 
2.294461e-14 
2.294461e-14 
2.294461e-14 
2.294461e-14 
2.294461e-14 
2.294461e-14 
2.294461e-14 
2.294461e-14 
2.257453e-14 
2.257453e-14 
2.257453e-14 
2.257453e-14 
2.257453e-14 
2.257453e-14 
2.257453e-14 
2.257453e-14 
2.257453e-14 
2.257453e-14 
2.257453e-14 
2.257453e-14 
2.257453e-14 
2.257453e-14 
2.257453e-14 
2.257453e-14 
2.257453e-14 
2.257453e-14 
2.257453e-14 
2.257453e-14 
2.257453e-14 
2.257453e-14 
2.257453e-14 
2.257453e-14 
2.257453e-14 
2.257453e-14 
2.257453e-14 
2.109424e-14 
2.109424e-14 
1.998401e-14 
1.998401e-14 
1.998401e-14 
1.998401e-14 
1.998401e-14 
1.998401e-14 
1.998401e-14 
1.998401e-14 
1.998401e-14 
1.998401e-14 
1.998401e-14 
1.998401e-14 
1.998401e-14 
1.998401e-14 
1.998401e-14 
1.998401e-14 
1.998401e-14 
1.998401e-14 
1.369275e-14 
1.369275e-14 
9.251859e-15 
9.251859e-15 
9.251859e-15 
9.251859e-15 
9.251859e-15 
9.251859e-15 
9.251859e-15 
9.251859e-15 
9.251859e-15 
9.251859e-15 
9.251859e-15 
9.251859e-15 
9.251859e-15 
9.251859e-15 
9.251859e-15 
9.251859e-15 
9.251859e-15 
9.251859e-15 
9.251859e-15 
9.251859e-15 
9.251859e-15 
9.251859e-15 
9.251859e-15 
9.251859e-15 
9.251859e-15 
9.251859e-15 
9.251859e-15 
9.251859e-15 
9.251859e-15 
8.141636e-15 
8.141636e-15 
8.141636e-15 
8.141636e-15 
8.141636e-15 
8.141636e-15 
7.031412e-15 
7.031412e-15 
7.031412e-15 
7.031412e-15 
7.031412e-15 
7.031412e-15 
7.031412e-15 
7.031412e-15 
7.031412e-15 
7.031412e-15 
7.031412e-15 
7.031412e-15 
7.031412e-15 
7.031412e-15 
7.031412e-15 
7.031412e-15 
7.031412e-15 
7.031412e-15 
7.031412e-15 
7.031412e-15 
7.031412e-15 
7.031412e-15 
7.031412e-15 
7.031412e-15 
7.031412e-15 
7.031412e-15 
7.031412e-15 
7.031412e-15 
7.031412e-15 
7.031412e-15 
7.031412e-15 
7.031412e-15 
7.031412e-15 
7.031412e-15 
7.031412e-15 
7.031412e-15 
7.031412e-15 
7.031412e-15 
7.031412e-15 
7.031412e-15 
7.031412e-15 
7.031412e-15 
7.031412e-15 
7.031412e-15 
7.031412e-15 
7.031412e-15 
7.031412e-15 
7.031412e-15 
7.031412e-15 
7.031412e-15 
7.031412e-15 
7.031412e-15 
7.031412e-15 
7.031412e-15 
7.031412e-15 
7.031412e-15 
6.661338e-15 
6.661338e-15 
6.661338e-15 
6.661338e-15 
6.661338e-15 
6.661338e-15 
6.661338e-15 
6.661338e-15 
6.661338e-15 
6.661338e-15 
6.661338e-15 
6.661338e-15 
6.661338e-15 
6.661338e-15 
6.661338e-15 
6.661338e-15 
6.661338e-15 
6.661338e-15 
6.661338e-15 
6.661338e-15 
6.661338e-15 
6.661338e-15 
6.661338e-15 
4.810966e-15 
4.440892e-15 
4.440892e-15 
4.440892e-15 
4.440892e-15 
4.440892e-15 
4.440892e-15 
4.440892e-15 
4.440892e-15 
4.440892e-15 
4.440892e-15 
4.440892e-15 
4.440892e-15 
4.440892e-15 
4.440892e-15 
4.440892e-15 
4.440892e-15 
4.440892e-15 
4.440892e-15 
4.440892e-15 
4.440892e-15 
4.440892e-15 
3.700743e-15 
3.700743e-15 
3.700743e-15 
3.700743e-15 
3.700743e-15 
3.700743e-15 
3.700743e-15 
3.700743e-15 
3.700743e-15 
3.700743e-15 
2.220446e-15 
2.220446e-15 
2.220446e-15 
2.220446e-15 
2.220446e-15 
2.220446e-15 
2.220446e-15 
2.220446e-15 
2.220446e-15 
2.220446e-15 
2.220446e-15 
2.220446e-15 
2.220446e-15 
2.220446e-15 
2.220446e-15 
2.220446e-15 
2.220446e-15 
2.220446e-15 
2.220446e-15 
2.220446e-15 
2.220446e-15 
2.220446e-15 
2.220446e-15 
2.220446e-15 
2.220446e-15 
2.220446e-15 
2.220446e-15 
2.220446e-15 
2.220446e-15 
2.220446e-15 
2.220446e-15 
2.220446e-15 
2.220446e-15 
2.220446e-15 
2.220446e-15 
2.220446e-15 
2.220446e-15 
2.220446e-15 
2.220446e-15 
2.220446e-15 
2.220446e-15 
2.220446e-15 
2.220446e-15 
2.220446e-15 
2.220446e-15 
2.220446e-15 
2.220446e-15 
2.220446e-15 
2.220446e-15 
2.220446e-15 
2.220446e-15 
2.220446e-15 
2.220446e-15 
2.220446e-15 
2.220446e-15 
2.220446e-15 
2.220446e-15 
2.220446e-15 
2.220446e-15 
2.220446e-15 
2.220446e-15 
2.220446e-15 
2.220446e-15 
2.220446e-15 
2.220446e-15 
2.220446e-15 
2.220446e-15 
2.220446e-15 
2.220446e-15 
2.220446e-15 
2.220446e-15 
2.220446e-15 
2.220446e-15 
2.220446e-15 
2.220446e-15 
2.220446e-15 
2.220446e-15 
2.220446e-15 
2.220446e-15 
2.220446e-15 
2.220446e-15 
2.220446e-15 
2.220446e-15 
2.220446e-15 
2.220446e-15 
2.220446e-15 
2.220446e-15 
2.220446e-15 
2.220446e-15 
2.220446e-15 
2.220446e-15 
2.220446e-15 
2.220446e-15 
2.220446e-15 
2.220446e-15 
2.220446e-15 
2.220446e-15 
2.220446e-15 
2.220446e-15 
2.220446e-15 
2.220446e-15 
2.220446e-15 
2.220446e-15 
2.220446e-15 
2.220446e-15 
2.220446e-15 
2.220446e-15 
2.220446e-15 
2.220446e-15 
2.220446e-15 
2.220446e-15 
2.220446e-15 
2.220446e-15 
2.220446e-15 
2.220446e-15 
2.220446e-15 
2.220446e-15 
2.220446e-15 
2.220446e-15 
2.220446e-15 
2.220446e-15 
2.220446e-15 
2.220446e-15 
2.220446e-15 
2.220446e-15 
2.220446e-15 
2.220446e-15 
2.220446e-15 
2.220446e-15 
2.220446e-15 
2.220446e-15 
2.220446e-15 
1.850372e-15 
1.850372e-15 
1.850372e-15 
1.850372e-15 
1.850372e-15 
1.850372e-15 
1.850372e-15 
1.850372e-15 
1.850372e-15 
1.850372e-15 
1.850372e-15 
1.850372e-15 
1.850372e-15 
1.850372e-15 
1.850372e-15 
1.850372e-15 
1.850372e-15 
1.850372e-15 
1.850372e-15 
1.850372e-15 
1.850372e-15 
1.850372e-15 
1.850372e-15 
1.850372e-15 
1.850372e-15 
1.850372e-15 
1.850372e-15 
1.850372e-15 
1.850372e-15 
1.850372e-15 
1.850372e-15 
1.850372e-15 
1.850372e-15 
7.401487e-16 
7.401487e-16 
7.401487e-16 
7.401487e-16 
7.401487e-16 
7.401487e-16 
7.401487e-16 
7.401487e-16 
7.401487e-16 
7.401487e-16 
7.401487e-16 
7.401487e-16 
7.401487e-16 
7.401487e-16 
7.401487e-16 
7.401487e-16 
7.401487e-16 
7.401487e-16 
7.401487e-16 
7.401487e-16 
7.401487e-16 
7.401487e-16 
7.401487e-16 
7.401487e-16 
7.401487e-16 
7.401487e-16 
7.401487e-16 
7.401487e-16 
7.401487e-16 
7.401487e-16 
7.401487e-16 
7.401487e-16 
7.401487e-16 
7.401487e-16 
7.401487e-16 
7.401487e-16 
7.401487e-16 
7.401487e-16 
7.401487e-16 
7.401487e-16 
0 
0 
0 
0 
0 
0 
0 
0 
0 
0 
0 
0 
0 
0 
0 
0 
0 
0 
0 
0 
0 
0 
0 
0 
0 
0 
0 
0 
0 
0 
0 
0 
0 
0 
0 
0 
0 
0 
0 
0 
0 
0 
0 
0 
0 
0 
0 
0 
0 
0 
0 
0 
0 
0 
0 
0 
0 
0 
0 
0 
0 
0 
0 
0 
0 
0 
0 
0 
0 
0 
0 
0 
0 
0 
0 
0 
0 
0 
0 
0 
0 
0 
0 
0 
0 
0 
0 
0 
0 
0 
0 
0 
0 
0 
0 
0 
0 
0 
0 
0 
0 
0 
0 
0 
0 
0 
0 
0 
0 
0 
0 
0 
0 
0 
0 
0 
0 
0 
0 
0 
0 
0 
0 
0 
0 
0 
0 
0 
0 
0 
0 
0 
0 
0 
0 
0 
0 
0 
0 
0 
0 
0 
0 
0 
0 
0 
0 
0 
0 
0 
0 
0 
0 
0 
0 
0 
0 
0 
0 
0 
0 
0 
0 
0 
0 
0 
0 
0 
0 
0 
0 
0 
0 
0 
0 
0 
0 
0 
0 
0 
0 
0 
0 
0 
0 
0 
0 
0 
0 
0 
0 
0 
0 
0 
0 
0 
0 
0 
0 
0 
0 
0 
0 
0 
0 
0 
0 
0 
0 
0 
0 
0 
0 
0 
0 
0 
0 
0 
0 
0 
0 
0 
0 
0 
0 
0 
0 
0 
0 
0 
0 
0 
0 
0 
0 
0 
0 
0 
0 
0 
0 
0 
0 
0 
0 
0 
0 
0 
0 
0 
0 
0 
0 
0 
0 
0 
0 
0 
0 
0 
0 
0 
0 
0 
0 
0 
0 
0 
0 
0 
0 
0 
0 
0 
0 
0 
0 
0 
0 
0 
0 
0 
0 
0 
0 
0 
0 
0 
0 
0 
0 
0 
0 
0 
0 
0 
0 
0 
0 
0 
0 
0 
0 
0 
0 
0 
0 
0 
0 
0 
0 
0 
0 
0 
0 
0 
0 
0 
0 
0 
0 
0 
0 
0 
0 
0 
0 
0 
0 
0 
0 
0 
0 
0 
0 
0 
0 
0 
0 
0 
0 
0 
0 
0 
0 
0 
0 
0 
0 
0 
0 
0 
0 
0 
0 
0 
0 
0 
0 
0 
0 
0 
0 
0 
0 
0 
0 
0 
0 
0 
0 
0 
0 
0 
0 
0 
0 
0 
0 
0 
0 
0 
0 
0 
0 
0 
0 
0 
0 
0 
0 
0 
0 
0 
0 
0 
0 
0 
0 
0 
0 
0 
0 
0 
0 
0 
0 
0 
0 
0 
0 
0 
0 
0 
0 
0 
0 
0 
0 
0 
0 
0 
0 
0 
0 
0 
0 
0 
0 
0 
0 
0 
0 
0 
0 
0 
0 
0 
0 
0 
0 
0 
0 
0 
0 
0 
0 
0 
0 
0 
0 
0 
0 
0 
0 
0 
0 
0 
0 
0 
0 
0 
0 
0 
0 
0 
0 
0 
0 
0 
0 
0 
0 
0 
0 
0 
0 
0 
0 
0 
0 
0 
0 
0 
0 
0 
0 
0 
0 
0 
0 
0 
0 
0 
0 
0 
0 
0 
0 
0 
0 
0 
0 
0 
0 
0 
0 
0 
0 
0 
0 
0 
0 
0 
0 
0 
0 
0 
0 
0 
0 
0 
0 
0 
0 
0 
0 
0 
0 
0 
0 
0 
0 
0 
0 
0 
0 
0 
0 
0 
0 
0 
0 
0 
0 
0 
0 
0 
0 
0 
0 
0 
0 
0 
0 
0 
0 
0 
0 
0 
0 
0 
0 
0 
0 
0 
0 
0 
0 
0 
0 
0 
0 
0 
0 
0 
0 
0 
0 
0 
0 
0 
0 
0 
0 
0 
0 
0 
0 
0 
0 
0 
0 
0 
0 
0 
0 
0 
0 
0 
0 
0 
0 
0 
0 
0 
0 
0 
0 
0 
0 
0 
0 
0 
0 
0 
0 
0 
0 
0 
0 
0 
0 
0 
0 
0 
0 
0 
0 
0 
0 
0 
0 
0 
0 
0 
0 
0 
0 
0 
0 
0 
0 
0 
0 
0 
0 
0 
0 
0 
0 
0 
0 
0 
0 
0 
0 
0 
0 
0 
0 
0 
0 
0 
0 
0 
0 
0 
0 
0 
0 
0 
0 
0 
0 
0 
0 
0 
0 
0 
0 
0 
0 
0 
0 
0 
0 
0 
0 
0 
0 
0 
0 
0 
0 
0 
0 
0 
0 
0 
0 
0 
0 
0 
0 
0 
0 
0 
0 
0 
0 
0 
0 
0 
0 
0 
0 
0 
0 
0 
0 
0 
0 
0 
0 
0 
0 
0 
0 
0 
0 
0 
0 
0 
0 
0 
0 
0 
0 
0 
0 
0 
0 
0 
0 
0 
0 
0 
0 
0 
0 
0 
0 
0 
0 
0 
0 
0 
0 
0 
0 
0 
0 
0 
0 
0 
0 
0 
0 
0 
0 
0 
0 
0 
0 
0 
0 
0 
0 
0 
0 
0 
0 
0 
0 
0 
0 
0 
0 
0 
0 
0 
0 
0 
0 
0 
0 
0 
0 
0 
0 
0 
0 
0 
0 
0 
0 
0 
0 
0 
0 
0 
0 
0 
0 
0 
0 
0 
0 
0 
0 
0 
0 
0 
0 
0 
0 
0 
0 
0 
0 
0 
0 
0 
0 
0 
0 
0 
0 
0 
0 
0 
0 
0 
0 
0 
0 
0 
0 
0 
0 
0 
0 
0 
0 
0 
0 
0 
0 
0 
0 
0 
0 
0 
0 
0 
0 
0 
0 
0 
0 
0 
0 
0 
0 
0 
0 
0 
0 
0 
0 
0 
0 
0 
0 
0 
0 
0 
0 
0 
0 
0 
0 
0 
0 
0 
0 
0 
0 
0 
0 
0 
0 
0 
0 
0 
0 
0 
0 
0 
0 
0 
0 
0 
0 
0 
0 
0 
0 
0 
0 
0 
0 
0 
0 
0 
0 
0 
0 
0 
0 
0 
0 
0 
0 
0 
0 
0 
0 
0 
0 
0 
0 
0 
0 
0 
0 
0 
0 
0 
0 
0 
0 
0 
0 
0 
0 
0 
0 
0 
0 
0 
0 
0 
0 
0 
0 
0 
0 
0 
0 
0 
0 
0 
0 
0 
0 
0 
0 
0 
0 
0 
0 
0 
0 
0 
0 
0 
0 
0 
0 
0 
0 
0 
0 
0 
0 
0 
0 
0 
0 
0 
0 
0 
0 
0 
0 
0 
0 
0 
0 
0 
0 
0 
0 
0 
0 
0 
0 
0 
0 
0 
0 
0 
0 
0 
0 
0 
0 
0 
0 
0 
0 
0 
0 
0 
0 
0 
0 
0 
0 
0 
0 
0 
0 
0 
0 
0 
0 
0 
0 
0 
0 
0 
0 
0 
0 
0 
0 
0 
0 
0 
0 
0 
0 
0 
0 
0 
0 
0 
0 
0 
0 
0 
0 
0 
0 
0 
0 
0 
0 
0 
0 
0 
0 
0 
0 
0 
0 
0 
0 
0 
0 
0 
0 
0 
0 
0 
0 
0 
0 
0 
0 
0 
0 
0 
0 
0 
0 
0 
0 
0 
0 
0 
0 
0 
0 
0 
0 
0 
0 
0 
0 
0 
0 
0 
0 
0 
0 
0 
0 
0 
0 
0 
0 
0 
0 
0 
0 
0 
0 
0 
0 
0 
0 
0 
0 
0 
0 
0 
0 
0 
0 
0 
0 
0 
0 
0 
0 
0 
0 
0 
0 
0 
0 
0 
0 
0 
0 
0 
0 
0 
0 
0 
0 
0 
0 
0 
0 
0 
0 
0 
0 
0 
0 
0 
0 
0 
0 
0 
0 
0 
0 
0 
0 
0 
0 
0 
0 
0 
0 
0 
0 
0 
0 
0 
0 
0 
0 
0 
0 
0 
0 
0 
0 
0 
0 
0 
0 
0 
0 
0 
0 
0 
0 
0 
0 
0 
0 
0 
0 
0 
0 
0 
0 
0 
0 
0 
0 
0 
0 
0 
0 
0 
0 
0 
0 
0 
0 
0 
0 
0 
0 
0 
0 
0 
0 
0 
0 
0 
0 
0 
0 
0 
0 
0 
0 
0 
0 
0 
0 
0 
0 
0 
0 
0 
0 
0 
0 
0 
0 
0 
0 
0 
0 
0 
0 
0 
0 
0 
0 
0 
0 
0 
0 
0 
0 
0 
0 
0 
0 
0 
0 
0 
0 
0 
0 
0 
0 
0 
0 
0 
0 
0 
0 
0 
0 
0 
0 
0 
0 
0 
0 
0 
0 
0 
0 
0 
0 
0 
0 
0 
0 
0 
0 
0 
0 
0 
0 
0 
0 
0 
0 
0 
0 
0 
0 
0 
0 
0 
0 
0 
0 
0 
0 
0 
0 
0 
0 
0 
0 
0 
0 
0 
0 
0 
0 
0 
0 
0 
0 
0 
0 
0 
0 
0 
0 
0 
0 
0 
0 
0 
0 
0 
0 
0 
0 
0 
0 
0 
0 
0 
0 
0 
0 
0 
0 
0 
0 
0 
0 
0 
0 
0 
0 
0 
0 
0 
0 
0 
0 
0 
0 
0 
0 
0 
0 
0 
0 
0 
0 
0 
0 
0 
0 
0 
0 
0 
0 
0 
0 
0 
0 
0 
0 
0 
0 
0 
0 
0 
0 
0 
0 
0 
0 
0 
0 
0 
0 
0 
0 
0 
0 
0 
0 
0 
0 
0 
0 
0 
0 
0 
0 
0 
0 
0 
0 
0 
0 
0 
0 
0 
0 
0 
0 
0 
0 
0 
0 
0 
0 
0 
0 
0 
0 
0 
0 
0 
0 
0 
0 
0 
0 
0 
0 
0 
0 
0 
0 
0 
0 
0 
0 
0 
0 
0 
0 
0 
0 
0 
0 
0 
0 
0 
0 
0 
0 
0 
0 
0 
0 
0 
0 
0 
0 
0 
0 
0 
0 
0 
0 
0 
0 
0 
0 
0 
0 
0 
0 
0 
0 
0 
0 
0 
0 
0 
0 
0 
0 
0 
0 
0 
0 
0 
0 
0 
0 
0 
0 
0 
0 
0 
0 
0 
0 
0 
0 
0 
0 
0 
0 
0 
0 
0 
0 
0 
0 
0 
0 
0 
0 
0 
0 
0 
0 
0 
0 
0 
0 
0 
0 
0 
0 
0 
0 
0 
0 
0 
0 
0 
0 
0 
0 
0 
0 
0 
0 
0 
0 
0 
0 
0 
0 
0 
0 
0 
0 
0 
0 
0 
0 
0 
0 
0 
0 
0 
0 
0 
0 
0 
0 
0 
0 
0 
0 
0 
0 
0 
0 
0 
0 
0 
0 
0 
0 
0 
0 
0 
0 
0 
0 
0 
0 
0 
0 
0 
0 
0 
0 
0 
0 
0 
0 
0 
0 
0 
0 
0 
0 
0 
0 
0 
0 
0 
0 
0 
0 
0 
0 
0 
0 
0 
0 
0 
0 
0 
0 
0 
0 
0 
0 
0 
0 
0 
0 
0 
0 
0 
0 
0 
0 
0 
0 
0 
0 
0 
0 
0 
0 
0 
0 
0 
0 
0 
0 
0 
0 
0 
0 
0 
0 
0 
0 
0 
0 
0 
0 
0 
0 
0 
0 
0 
0 
0 
0 
0 
0 
0 
0 
0 
0 
0 
0 
0 
0 
0 
0 
0 
0 
0 
0 
0 
0 
0 
0 
0 
0 
0 
0 
0 
0 
0 
0 
0 
0 
0 
0 
0 
0 
0 
0 
0 
0 
0 
0 
0 
0 
0 
0 
0 
0 
0 
0 
0 
0 
0 
0 
0 
0 
0 
0 
0 
0 
0 
0 
0 
0 
0 
0 
0 
0 
0 
0 
0 
0 
0 
0 
0 
0 
0 
0 
0 
0 
0 
0 
0 
0 
0 
0 
0 
0 
0 
0 
0 
0 
0 
0 
0 
0 
0 
0 
0 
0 
0 
0 
0 
0 
0 
0 
0 
0 
0 
0 
0 
0 
0 
0 
0 
0 
0 
0 
0 
0 
0 
0 
0 
0 
0 
0 
0 
0 
0 
0 
0 
0 
0 
0 
0 
0 
0 
0 
0 
0 
0 
0 
0 
0 
0 
0 
0 
0 
0 
0 
0 
0 
0 
0 
0 
0 
0 
0 
0 
0 
0 
0 
0 
0 
0 
0 
0 
0 
0 
0 
0 
0 
0 
0 
0 
0 
0 
0 
0 
0 
0 
0 
0 
0 
0 
0 
0 
0 
0 
0 
0 
0 
0 
0 
0 
0 
0 
0 
0 
0 
0 
0 
0 
0 
0 
0 
0 
0 
0 
0 
0 
0 
0 
0 
0 
0 
0 
0 
0 
0 
0 
0 
0 
0 
0 
0 
0 
0 
0 
0 
0 
0 
0 
0 
0 
0 
0 
0 
0 
0 
0 
0 
0 
0 
0 
0 
0 
0 
0 
0 
0 
0 
0 
0 
0 
0 
0 
0 
0 
0 
0 
0 
0 
0 
0 
0 
0 
0 
0 
0 
0 
0 
0 
0 
0 
0 
0 
0 
0 
0 
0 
0 
0 
0 
0 
0 
0 
0 
0 
0 
0 
0 
0 
0 
0 
0 
0 
0 
0 
0 
0 
0 
0 
0 
0 
0 
0 
0 
0 
0 
0 
0 
0 
0 
0 
0 
0 
0 
0 
0 
0 
0 
0 
0 
0 
0 
0 
0 
0 
0 
0 
0 
0 
0 
0 
0 
0 
0 
0 
0 
0 
0 
0 
0 
0 
0 
0 
0 
0 
0 
0 
0 
0 
0 
0 
0 
0 
0 
0 
0 
0 
0 
0 
0 
0 
0 
0 
0 
0 
0 
0 
0 
0 
0 
0 
0 
0 
0 
0 
0 
0 
0 
0 
0 
0 
0 
0 
0 
0 
0 
0 
0 
0 
0 
0 
0 
0 
0 
0 
0 
0 
0 
0 
0 
0 
0 
0 
0 
0 
0 
0 
0 
0 
0 
0 
0 
0 
0 
0 
0 
0 
0 
0 
0 
0 
0 
0 
0 
0 
0 
0 
0 
0 
0 
0 
0 
0 
0 
0 
0 
0 
0 
0 
0 
0 
0 
0 
0 
0 
0 
0 
0 
0 
0 
0 
0 
0 
0 
0 
0 
0 
0 
0 
0 
0 
0 
0 
0 
0 
0 
0 
0 
0 
0 
0 
0 
0 
0 
0 
0 
0 
0 
0 
0 
0 
0 
0 
0 
0 
0 
0 
0 
0 
0 
0 
0 
0 
0 
0 
0 
0 
0 
0 
0 
0 
0 
0 
0 
0 
0 
0 
0 
0 
0 
0 
0 
0 
0 
0 
0 
0 
0 
0 
0 
0 
0 
0 
0 
0 
0 
0 
0 
0 
0 
0 
0 
0 
0 
0 
0 
0 
0 
0 
0 
0 
0 
0 
0 
0 
0 
0 
0 
0 
0 
0 
0 
0 
0 
0 
0 
0 
0 
0 
0 
0 
0 
0 
0 
0 
0 
0 
0 
0 
0 
0 
0 
0 
0 
0 
0 
0 
0 
0 
0 
0 
0 
0 
0 
0 
0 
0 
0 
0 
0 
0 
0 
0 
0 
0 
0 
0 
0 
0 
0 
0 
0 
0 
0 
0 
0 
0 
0 
0 
0 
0 
0 
0 
0 
0 
0 
0 
0 
0 
0 
0 
0 
0 
0 
0 
0 
0 
0 
0 
0 
0 
0 
0 
0 
0 
0 
0 
0 
0 
0 
0 
0 
0 
0 
0 
0 
0 
0 
0 
0 
0 
0 
0 
0 
0 
0 
0 
0 
0 
0 
0 
0 
0 
0 
0 
0 
0 
0 
0 
0 
0 
0 
0 
0 
0 
0 
0 
0 
0 
0 
0 
0 
0 
0 
0 
0 
0 
0 
0 
0 
0 
0 
0 
0 
0 
0 
0 
0 
0 
0 
0 
0 
0 
0 
0 
0 
0 
0 
0 
0 
0 
0 
0 
0 
0 
0 
0 
0 
0 
0 
0 
0 
0 
0 
0 
0 
0 
0 
0 
0 
0 
0 
0 
0 
0 
0 
0 
0 
0 
0 
0 
0 
0 
0 
0 
0 
0 
0 
0 
0 
0 
0 
0 
0 
0 
0 
0 
0 
0 
0 
0 
0 
0 
0 
0 
0 
0 
0 
0 
0 
0 
0 
0 
0 
0 
0 
0 
0 
0 
0 
0 
0 
0 
0 
0 
0 
0 
0 
0 
0 
0 
0 
0 
0 
0 
0 
0 
0 
0 
0 
0 
0 
0 
0 
0 
0 
0 
0 
0 
0 
0 
0 
0 
0 
0 
0 
0 
0 
0 
0 
0 
0 
0 
0 
0 
0 
0 
0 
0 
0 
0 
0 
0 
0 
0 
0 
0 
0 
0 
0 
0 
0 
0 
0 
0 
0 
0 
0 
0 
0 
0 
0 
0 
0 
0 
0 
0 
0 
0 
0 
0 
0 
0 
0 
0 
0 
0 
0 
0 
0 
0 
0 
0 
0 
0 
0 
0 
0 
0 
0 
0 
0 
0 
0 
0 
0 
0 
0 
0 
0 
0 
0 
0 
0 
0 
0 
0 
0 
0 
0 
0 
0 
0 
0 
0 
0 
0 
0 
0 
0 
0 
0 
0 
0 
0 
0 
0 
0 
0 
0 
0 
0 
0 
0 
0 
0 
0 
0 
0 
0 
0 
0 
0 
0 
0 
0 
0 
0 
0 
0 
0 
0 
0 
0 
0 
0 
0 
0 
0 
0 
0 
0 
0 
0 
0 
0 
0 
0 
0 
0 
0 
0 
0 
0 
0 
0 
0 
0 
0 
0 
0 
0 
0 
0 
0 
0 
0 
0 
0 
0 
0 
0 
0 
0 
0 
0 
0 
0 
0 
0 
0 
0 
0 
0 
0 
0 
0 
0 
0 
0 
0 
0 
0 
0 
0 
0 
0 
0 
0 
0 
0 
0 
0 
0 
0 
0 
0 
0 
0 
0 
0 
0 
0 
0 
0 
0 
0 
0 
0 
0 
0 
0 
0 
0 
0 
0 
0 
0 
0 
0 
0 
0 
0 
0 
0 
0 
0 
0 
0 
0 
0 
0 
0 
0 
0 
0 
0 
0 
0 
0 
0 
0 
0 
0 
0 
0 
0 
0 
0 
0 
0 
0 
0 
0 
0 
0 
0 
0 
0 
0 
0 
0 
0 
0 
0 
0 
0 
0 
0 
0 
0 
0 
0 
0 
0 
0 
0 
0 
0 
0 
0 
0 
0 
0 
0 
0 
0 
0 
0 
0 
0 
0 
0 
0 
0 
0 
0 
0 
0 
0 
0 
0 
0 
0 
0 
0 
0 
0 
0 
0 
0 
0 
0 
0 
0 
0 
0 
0 
0 
0 
0 
0 
0 
0 
0 
0 
0 
0 
0 
0 
0 
0 
0 
0 
0 
0 
0 
0 
0 
0 
0 
0 
0 
0 
0 
0 
0 
0 
0 
0 
0 
0 
0 
0 
0 
0 
0 
0 
0 
0 
0 
0 
0 
0 
0 
0 
0 
0 
0 
0 
0 
0 
0 
0 
0 
0 
0 
0 
0 
0 
0 
0 
0 
0 
0 
0 
0 
0 
0 
0 
0 
0 
0 
0 
0 
0 
0 
0 
0 
0 
0 
0 
0 
0 
0 
0 
0 
0 
0 
0 
0 
0 
0 
0 
0 
0 
0 
0 
0 
0 
0 
0 
0 
0 
0 
0 
0 
0 
0 
0 
0 
0 
0 
0 
0 
0 
0 
0 
0 
0 
0 
0 
0 
0 
0 
0 
0 
0 
0 
0 
0 
0 
0 
0 
0 
0 
0 
0 
0 
0 
0 
0 
0 
0 
0 
0 
0 
0 
0 
0 
0 
0 
0 
0 
0 
0 
0 
0 
0 
0 
0 
0 
0 
0 
0 
0 
0 
0 
0 
0 
0 
0 
0 
0 
0 
0 
0 
0 
0 
0 
0 
0 
0 
0 
0 
0 
0 
0 
0 
0 
0 
0 
0 
0 
0 
0 
0 
0 
0 
0 
0 
0 
0 
0 
0 
0 
0 
0 
0 
0 
0 
0 
0 
0 
0 
0 
0 
0 
0 
0 
0 
0 
0 
0 
0 
0 
0 
0 
0 
0 
0 
0 
0 
0 
0 
0 
0 
0 
0 
0 
0 
0 
0 
0 
0 
0 
0 
0 
0 
0 
0 
0 
0 
0 
0 
0 
0 
0 
0 
0 
0 
0 
0 
0 
0 
0 
0 
0 
0 
0 
0 
0 
0 
0 
0 
0 
0 
0 
0 
0 
0 
0 
0 
0 
0 
0 
0 
0 
0 
0 
0 
0 
0 
0 
0 
0 
0 
0 
0 
0 
0 
0 
0 
0 
0 
0 
0 
0 
0 
0 
0 
0 
0 
0 
0 
0 
0 
0 
0 
0 
0 
0 
0 
0 
0 
0 
0 
0 
0 
0 
0 
0 
0 
0 
0 
0 
0 
0 
0 
0 
0 
0 
0 
0 
0 
0 
0 
0 
0 
0 
0 
0 
0 
0 
0 
0 
0 
0 
0 
0 
0 
0 
0 
0 
0 
0 
0 
0 
0 
0 
0 
0 
0 
0 
0 
0 
0 
0 
0 
0 
0 
0 
0 
0 
0 
0 
0 
0 
0 
0 
0 
0 
0 
0 
0 
0 
0 
0 
0 
0 
0 
0 
0 
0 
0 
0 
0 
0 
0 
0 
0 
0 
0 
0 
0 
0 
0 
0 
0 
0 
0 
0 
0 
0 
0 
0 
0 
0 
0 
0 
0 
0 
0 
0 
0 
0 
0 
0 
0 
0 
0 
0 
0 
0 
0 
0 
0 
0 
0 
0 
0 
0 
0 
0 
0 
0 
0 
0 
0 
0 
0 
0 
0 
0 
0 
0 
0 
0 
0 
0 
0 
0 
0 
0 
0 
0 
0 
0 
0 
0 
0 
0 
0 
0 
0 
0 
0 
0 
0 
0 
0 
0 
0 
0 
0 
0 
0 
0 
0 
0 
0 
0 
0 
0 
0 
0 
0 
0 
0 
0 
0 
0 
0 
0 
0 
0 
0 
0 
0 
0 
0 
0 
0 
0 
0 
0 
0 
0 
0 
0 
0 
0 
0 
0 
0 
0 
0 
0 
0 
0 
0 
0 
0 
0 
0 
0 
0 
0 
0 
0 
0 
0 
0 
0 
0 
0 
0 
0 
0 
0 
0 
0 
0 
0 
0 
0 
0 
0 
0 
0 
0 
0 
0 
0 
0 
0 
0 
0 
0 
0 
0 
0 
0 
0 
0 
0 
0 
0 
0 
0 
0 
0 
0 
0 
0 
0 
0 
0 
0 
0 
0 
0 
0 
0 
0 
0 
0 
0 
0 
0 
0 
0 
0 
0 
0 
0 
0 
0 
0 
0 
0 
0 
0 
0 
0 
0 
0 
0 
0 
0 
0 
0 
0 
0 
0 
0 
0 
0 
0 
0 
0 
0 
0 
0 
0 
0 
0 
0 
0 
0 
0 
0 
0 
0 
0 
0 
0 
0 
0 
0 
0 
0 
0 
0 
0 
0 
0 
0 
0 
0 
0 
0 
0 
0 
0 
0 
0 
0 
0 
0 
0 
0 
0 
0 
0 
0 
0 
0 
0 
0 
0 
0 
0 
0 
0 
0 
0 
0 
0 
0 
0 
0 
0 
0 
0 
0 
0 
0 
0 
0 
0 
0 
0 
0 
0 
0 
0 
0 
0 
0 
0 
0 
0 
0 
0 
0 
0 
0 
0 
0 
0 
0 
0 
0 
0 
0 
0 
0 
0 
0 
0 
0 
0 
0 
0 
0 
0 
0 
0 
0 
0 
0 
0 
0 
0 
0 
0 
0 
0 
0 
0 
0 
0 
0 
0 
0 
0 
0 
0 
0 
0 
0 
0 
0 
0 
0 
0 
0 
0 
0 
0 
0 
0 
0 
0 
0 
0 
0 
0 
0 
0 
0 
0 
0 
0 
0 
0 
0 
0 
0 
0 
0 
0 
0 
0 
0 
0 
0 
0 
0 
0 
0 
0 
0 
0 
0 
0 
0 
0 
0 
0 
0 
0 
0 
0 
0 
0 
0 
0 
0 
0 
0 
0 
0 
0 
0 
0 
0 
0 
0 
0 
0 
0 
0 
0 
0 
0 
0 
0 
0 
0 
0 
0 
0 
0 
0 
0 
0 
0 
0 
0 
0 
0 
0 
0 
0 
0 
0 
0 
0 
0 
0 
0 
0 
0 
0 
0 
0 
0 
0 
0 
0 
0 
0 
0 
0 
0 
0 
0 
0 
0 
0 
0 
0 
0 
0 
0 
0 
0 
0 
0 
0 
0 
0 
0 
0 
0 
0 
0 
0 
0 
0 
0 
0 
0 
0 
0 
0 
0 
0 
0 
0 
0 
0 
0 
0 
0 
0 
0 
0 
0 
0 
0 
0 
0 
0 
0 
0 
0 
0 
0 
0 
0 
0 
0 
0 
0 
0 
0 
0 
0 
0 
0 
0 
0 
0 
0 
0 
0 
0 
0 
0 
0 
0 
0 
0 
0 
0 
0 
0 
0 
0 
0 
0 
0 
0 
0 
0 
0 
0 
0 
0 
0 
0 
0 
0 
0 
0 
0 
0 
0 
0 
0 
0 
0 
0 
0 
0 
0 
0 
0 
0 
0 
0 
0 
0 
0 
0 
0 
0 
0 
0 
0 
0 
0 
0 
0 
0 
0 
0 
0 
0 
0 
0 
0 
0 
0 
0 
0 
0 
0 
0 
0 
0 
0 
0 
0 
0 
0 
0 
0 
0 
0 
0 
0 
0 
0 
0 
0 
0 
0 
0 
0 
0 
0 
0 
0 
0 
0 
0 
0 
0 
0 
0 
0 
0 
0 
0 
0 
0 
0 
0 
0 
0 
0 
0 
0 
0 
0 
0 
0 
0 
0 
0 
0 
0 
0 
0 
0 
0 
0 
0 
0 
0 
0 
0 
0 
0 
0 
0 
0 
0 
0 
0 
0 
0 
0 
0 
0 
0 
0 
0 
0 
0 
0 
0 
0 
0 
0 
0 
0 
0 
0 
0 
0 
0 
0 
0 
0 
0 
0 
0 
0 
0 
0 
0 
0 
0 
0 
0 
0 
0 
0 
0 
0 
0 
0 
0 
0 
0 
0 
0 
0 
0 
0 
0 
0 
0 
0 
0 
0 
0 
0 
0 
0 
0 
0 
0 
0 
0 
0 
0 
0 
0 
0 
0 
0 
0 
0 
0 
0 
0 
0 
0 
0 
0 
0 
0 
0 
0 
0 
0 
0 
0 
0 
0 
0 
0 
0 
0 
0 
0 
0 
0 
0 
0 
0 
0 
0 
0 
0 
0 
0 
0 
0 
0 
0 
0 
0 
0 
0 
0 
0 
0 
0 
0 
0 
0 
0 
0 
0 
0 
0 
0 
0 
0 
0 
0 
0 
0 
0 
0 
0 
0 
0 
0 
0 
0 
0 
0 
0 
0 
0 
0 
0 
0 
0 
0 
0 
0 
0 
0 
0 
0 
0 
0 
0 
0 
0 
0 
0 
0 
0 
0 
0 
0 
0 
0 
0 
0 
0 
0 
0 
0 
0 
0 
0 
0 
0 
0 
0 
0 
0 
0 
0 
0 
0 
0 
0 
0 
0 
0 
0 
0 
0 
0 
0 
0 
0 
0 
0 
0 
0 
0 
0 
0 
0 
0 
0 
0 
0 
0 
0 
0 
0 
0 
0 
0 
0 
0 
0 
0 
0 
0 
0 
0 
0 
0 
0 
0 
0 
0 
0 
0 
0 
0 
0 
0 
0 
0 
0 
0 
0 
0 
0 
0 
0 
0 
0 
0 
0 
0 
0 
0 
0 
0 
0 
0 
0 
0 
0 
0 
0 
0 
0 
0 
0 
0 
0 
0 
0 
0 
0 
0 
0 
0 
0 
0 
0 
0 
0 
0 
0 
0 
0 
0 
0 
0 
0 
0 
0 
0 
0 
0 
0 
0 
0 
0 
0 
0 
0 
0 
0 
0 
0 
0 
0 
0 
0 
0 
0 
0 
0 
0 
0 
0 
0 
0 
0 
0 
0 
0 
0 
0 
0 
0 
0 
0 
0 
0 
0 
0 
0 
0 
0 
0 
0 
0 
0 
0 
0 
0 
0 
0 
0 
0 
0 
0 
0 
0 
0 
0 
0 
0 
0 
0 
0 
0 
0 
0 
0 
0 
0 
0 
0 
0 
0 
0 
0 
0 
0 
0 
0 
0 
0 
0 
0 
0 
0 
0 
0 
0 
0 
0 
0 
0 
0 
0 
0 
0 
0 
0 
0 
0 
0 
0 
0 
0 
0 
0 
0 
0 
0 
0 
0 
0 
0 
0 
0 
0 
0 
0 
0 
0 
0 
0 
0 
0 
0 
0 
0 
0 
0 
0 
0 
0 
0 
0 
0 
0 
0 
0 
0 
0 
0 
0 
0 
0 
0 
0 
0 
0 
0 
0 
0 
0 
0 
0 
0 
0 
0 
0 
0 
0 
0 
0 
0 
0 
0 
0 
0 
0 
0 
0 
0 
0 
0 
0 
0 
0 
0 
0 
0 
0 
0 
0 
0 
0 
0 
0 
0 
0 
0 
0 
0 
0 
0 
0 
0 
0 
0 
0 
0 
0 
0 
0 
0 
0 
0 
0 
0 
0 
0 
0 
0 
0 
0 
