7.728825e-230 
2.529505e-232 
1.531678e-231 
4.451765e-227 
1.465276e-230 
2.178458e-223 
1.913475e-230 
1.030067e-225 
7.983410e-228 
1.138882e-226 
2.120300e-230 
6.723589e-229 
4.219049e-223 
3.410204e-229 
7.177187e-226 
1.468406e-223 
7.418275e-227 
2.573532e-221 
1.282160e-230 
2.051017e-226 
4.865652e-226 
9.772496e-225 
2.907559e-224 
6.302585e-231 
1.408783e-225 
7.241901e-222 
1.564720e-225 
8.544518e-223 
2.551499e-228 
7.901089e-226 
average=1.155452e-222 
std=0 
best=2.529505e-232 
