1.675814e+03 
1.132110e+03 
1.132110e+03 
1.132110e+03 
1.132110e+03 
1.040962e+03 
1.040962e+03 
1.040962e+03 
1.040962e+03 
1.040962e+03 
1.040962e+03 
1.022262e+03 
9.808175e+02 
9.808175e+02 
9.808175e+02 
9.164283e+02 
9.164283e+02 
9.164283e+02 
9.164283e+02 
9.164283e+02 
9.164283e+02 
9.164283e+02 
9.164283e+02 
9.164283e+02 
9.164283e+02 
9.006354e+02 
9.006354e+02 
7.582536e+02 
7.582536e+02 
7.582536e+02 
7.582536e+02 
7.582536e+02 
7.582536e+02 
7.582536e+02 
7.582536e+02 
7.582536e+02 
7.582536e+02 
7.582536e+02 
7.582536e+02 
7.582536e+02 
7.582536e+02 
7.582536e+02 
7.582536e+02 
7.582536e+02 
7.582536e+02 
7.582536e+02 
7.582536e+02 
7.582536e+02 
7.582536e+02 
7.582536e+02 
7.582536e+02 
7.582536e+02 
7.582536e+02 
7.582536e+02 
7.582536e+02 
6.428942e+02 
6.428942e+02 
6.428942e+02 
3.311604e+02 
3.311604e+02 
3.311604e+02 
3.311604e+02 
3.311604e+02 
3.311604e+02 
3.311604e+02 
3.311604e+02 
3.311604e+02 
3.311604e+02 
3.311604e+02 
3.311604e+02 
3.311604e+02 
3.311604e+02 
3.311604e+02 
3.311604e+02 
3.311604e+02 
3.311604e+02 
3.311604e+02 
3.311604e+02 
3.311604e+02 
3.311604e+02 
3.311604e+02 
3.311604e+02 
3.311604e+02 
3.311604e+02 
3.311604e+02 
3.311604e+02 
3.311604e+02 
3.311604e+02 
3.311604e+02 
3.311604e+02 
3.311604e+02 
3.311604e+02 
3.311604e+02 
3.311604e+02 
3.311604e+02 
3.311604e+02 
3.311604e+02 
3.311604e+02 
3.311604e+02 
3.311604e+02 
3.311604e+02 
3.311604e+02 
3.311604e+02 
3.311604e+02 
3.311604e+02 
3.311604e+02 
3.311604e+02 
3.311604e+02 
3.311604e+02 
3.311604e+02 
3.311604e+02 
3.311604e+02 
3.311604e+02 
3.311604e+02 
3.311604e+02 
3.311604e+02 
3.311604e+02 
3.311604e+02 
3.311604e+02 
3.311604e+02 
3.311604e+02 
3.311604e+02 
3.311604e+02 
3.311604e+02 
3.311604e+02 
3.311604e+02 
3.311604e+02 
3.311604e+02 
3.311604e+02 
3.311604e+02 
3.311604e+02 
3.311604e+02 
3.311604e+02 
3.311604e+02 
3.311604e+02 
3.311604e+02 
3.311604e+02 
3.311604e+02 
3.311604e+02 
3.311604e+02 
3.311604e+02 
3.311604e+02 
3.311604e+02 
3.311604e+02 
3.311604e+02 
3.311604e+02 
3.311604e+02 
3.311604e+02 
3.311604e+02 
3.311604e+02 
3.311604e+02 
3.311604e+02 
3.311604e+02 
3.311604e+02 
3.311604e+02 
3.311604e+02 
3.311604e+02 
3.311604e+02 
3.311604e+02 
3.311604e+02 
3.311604e+02 
3.311604e+02 
3.311604e+02 
3.311604e+02 
3.311604e+02 
3.311604e+02 
3.311604e+02 
3.311604e+02 
3.311604e+02 
3.311604e+02 
3.311604e+02 
3.311604e+02 
3.311604e+02 
3.311604e+02 
3.311604e+02 
3.311604e+02 
3.311604e+02 
3.311604e+02 
3.311604e+02 
3.311604e+02 
3.311604e+02 
3.311604e+02 
3.311604e+02 
3.311604e+02 
3.311604e+02 
3.311604e+02 
3.311604e+02 
3.311604e+02 
3.311604e+02 
3.311604e+02 
3.311604e+02 
3.311604e+02 
3.311604e+02 
3.311604e+02 
3.311604e+02 
3.311604e+02 
3.311604e+02 
3.311604e+02 
3.311604e+02 
3.311604e+02 
3.311604e+02 
3.311604e+02 
3.311604e+02 
3.311604e+02 
3.311604e+02 
3.311604e+02 
3.311604e+02 
3.311604e+02 
3.311604e+02 
3.311604e+02 
3.311604e+02 
3.311604e+02 
3.311604e+02 
3.311604e+02 
3.311604e+02 
3.311604e+02 
3.311604e+02 
3.311604e+02 
3.311604e+02 
3.311604e+02 
3.311604e+02 
3.311604e+02 
3.311604e+02 
3.311604e+02 
3.311604e+02 
3.311604e+02 
3.311604e+02 
3.311604e+02 
3.311604e+02 
3.311604e+02 
3.311604e+02 
3.311604e+02 
3.311604e+02 
3.311604e+02 
3.311604e+02 
3.311604e+02 
3.311604e+02 
3.311604e+02 
3.311604e+02 
3.311604e+02 
3.311604e+02 
3.311604e+02 
3.311604e+02 
3.311604e+02 
3.311604e+02 
3.311604e+02 
3.311604e+02 
3.311604e+02 
3.311604e+02 
3.311604e+02 
3.311604e+02 
3.311604e+02 
3.311604e+02 
3.311604e+02 
3.311604e+02 
3.311604e+02 
3.311604e+02 
3.311604e+02 
3.311604e+02 
3.311604e+02 
3.311604e+02 
3.311604e+02 
3.311604e+02 
3.311604e+02 
3.311604e+02 
3.311604e+02 
3.311604e+02 
3.311604e+02 
3.311604e+02 
3.311604e+02 
3.311604e+02 
3.311604e+02 
3.311604e+02 
3.311604e+02 
3.311604e+02 
3.311604e+02 
3.311604e+02 
3.311604e+02 
3.311604e+02 
3.311604e+02 
3.311604e+02 
3.311604e+02 
3.311604e+02 
3.311604e+02 
3.311604e+02 
3.311604e+02 
3.311604e+02 
3.311604e+02 
3.311604e+02 
3.311604e+02 
3.311604e+02 
3.311604e+02 
3.311604e+02 
3.311604e+02 
3.311604e+02 
3.311604e+02 
3.311604e+02 
3.311604e+02 
3.311604e+02 
3.311604e+02 
3.311604e+02 
3.311604e+02 
3.311604e+02 
3.311604e+02 
3.311604e+02 
3.311604e+02 
3.311604e+02 
3.311604e+02 
3.311604e+02 
3.311604e+02 
3.311604e+02 
3.311604e+02 
3.311604e+02 
3.311604e+02 
3.311604e+02 
3.311604e+02 
3.311604e+02 
3.311604e+02 
3.311604e+02 
3.311604e+02 
3.311604e+02 
3.311604e+02 
3.311604e+02 
3.311604e+02 
3.311604e+02 
3.311604e+02 
3.311604e+02 
3.311604e+02 
3.311604e+02 
3.311604e+02 
3.311604e+02 
3.311604e+02 
3.311604e+02 
3.311604e+02 
3.311604e+02 
3.311604e+02 
3.311604e+02 
3.311604e+02 
3.311604e+02 
3.311604e+02 
3.311604e+02 
3.311604e+02 
3.311604e+02 
3.311604e+02 
3.311604e+02 
3.311604e+02 
3.311604e+02 
3.311604e+02 
3.311604e+02 
3.311604e+02 
3.311604e+02 
3.311604e+02 
3.311604e+02 
3.311604e+02 
3.311604e+02 
3.311604e+02 
3.311604e+02 
3.311604e+02 
3.311604e+02 
3.311604e+02 
3.311604e+02 
3.311604e+02 
3.311604e+02 
3.311604e+02 
3.311604e+02 
3.311604e+02 
3.311604e+02 
3.311604e+02 
3.311604e+02 
3.311604e+02 
3.311604e+02 
3.311604e+02 
3.311604e+02 
3.311604e+02 
3.311604e+02 
3.311604e+02 
3.311604e+02 
3.311604e+02 
3.311604e+02 
3.311604e+02 
3.311604e+02 
3.311604e+02 
3.311604e+02 
3.311604e+02 
3.311604e+02 
3.311604e+02 
3.311604e+02 
3.311604e+02 
3.311604e+02 
3.311604e+02 
3.311604e+02 
3.311604e+02 
3.311604e+02 
3.311604e+02 
3.311604e+02 
3.311604e+02 
3.311604e+02 
3.311604e+02 
3.311604e+02 
3.311604e+02 
3.311604e+02 
3.311604e+02 
3.311604e+02 
3.311604e+02 
3.311604e+02 
3.311604e+02 
3.311604e+02 
3.311604e+02 
3.311604e+02 
3.311604e+02 
3.311604e+02 
3.311604e+02 
3.311604e+02 
3.311604e+02 
3.311604e+02 
3.311604e+02 
3.311604e+02 
3.311604e+02 
3.311604e+02 
3.311604e+02 
3.311604e+02 
3.311604e+02 
3.311604e+02 
3.311604e+02 
3.311604e+02 
3.311604e+02 
3.311604e+02 
3.311604e+02 
1.784892e+02 
1.784892e+02 
1.784892e+02 
1.784892e+02 
1.784892e+02 
1.784892e+02 
1.784892e+02 
1.784892e+02 
1.784892e+02 
1.784892e+02 
1.784892e+02 
1.784892e+02 
1.784892e+02 
1.784892e+02 
1.784892e+02 
1.784892e+02 
1.784892e+02 
1.784892e+02 
1.784892e+02 
1.784892e+02 
1.784892e+02 
1.784892e+02 
1.784892e+02 
1.784892e+02 
1.784892e+02 
1.784892e+02 
1.784892e+02 
1.784892e+02 
1.784892e+02 
1.784892e+02 
1.784892e+02 
1.784892e+02 
1.784892e+02 
1.784892e+02 
1.784892e+02 
1.784892e+02 
1.784892e+02 
1.784892e+02 
1.784892e+02 
1.784892e+02 
1.784892e+02 
1.784892e+02 
1.784892e+02 
1.784892e+02 
1.784892e+02 
1.784892e+02 
1.784892e+02 
1.784892e+02 
1.784892e+02 
1.784892e+02 
1.784892e+02 
1.784892e+02 
1.784892e+02 
1.784892e+02 
1.784892e+02 
1.784892e+02 
1.784892e+02 
1.784892e+02 
1.784892e+02 
1.784892e+02 
1.784892e+02 
1.784892e+02 
1.784892e+02 
1.784892e+02 
1.784892e+02 
1.784892e+02 
1.784892e+02 
1.784892e+02 
1.784892e+02 
1.784892e+02 
1.784892e+02 
1.784892e+02 
1.784892e+02 
1.784892e+02 
1.784892e+02 
1.784892e+02 
1.784892e+02 
1.784892e+02 
1.784892e+02 
1.784892e+02 
1.784892e+02 
1.784892e+02 
1.784892e+02 
1.784892e+02 
1.784892e+02 
1.784892e+02 
1.784892e+02 
1.784892e+02 
1.784892e+02 
1.784892e+02 
1.784892e+02 
1.784892e+02 
1.784892e+02 
1.784892e+02 
1.784892e+02 
1.784892e+02 
1.784892e+02 
1.784892e+02 
1.784892e+02 
1.784892e+02 
1.784892e+02 
1.784892e+02 
1.784892e+02 
1.784892e+02 
1.784892e+02 
1.784892e+02 
1.784892e+02 
1.784892e+02 
1.784892e+02 
1.784892e+02 
1.784892e+02 
1.784892e+02 
1.784892e+02 
1.784892e+02 
1.784892e+02 
1.784892e+02 
1.784892e+02 
1.784892e+02 
1.784892e+02 
1.784892e+02 
1.784892e+02 
1.784892e+02 
1.784892e+02 
1.784892e+02 
1.784892e+02 
1.784892e+02 
1.784892e+02 
1.784892e+02 
1.784892e+02 
1.784892e+02 
1.784892e+02 
1.784892e+02 
1.784892e+02 
1.784892e+02 
1.784892e+02 
1.784892e+02 
1.784892e+02 
1.784892e+02 
1.784892e+02 
1.784892e+02 
1.784892e+02 
1.784892e+02 
1.784892e+02 
1.784892e+02 
1.784892e+02 
1.784892e+02 
1.784892e+02 
1.784892e+02 
1.784892e+02 
1.784892e+02 
1.784892e+02 
1.784892e+02 
1.784892e+02 
1.784892e+02 
1.784892e+02 
1.784892e+02 
1.784892e+02 
1.784892e+02 
1.784892e+02 
1.784892e+02 
1.784892e+02 
1.784892e+02 
1.784892e+02 
1.784892e+02 
1.784892e+02 
1.784892e+02 
1.784892e+02 
1.784892e+02 
1.784892e+02 
1.784892e+02 
1.784892e+02 
1.784892e+02 
1.784892e+02 
1.784892e+02 
1.784892e+02 
1.784892e+02 
1.784892e+02 
1.784892e+02 
1.784892e+02 
1.784892e+02 
1.784892e+02 
1.784892e+02 
1.784892e+02 
1.784892e+02 
1.784892e+02 
1.784892e+02 
1.784892e+02 
1.784892e+02 
1.784892e+02 
1.784892e+02 
1.784892e+02 
1.784892e+02 
1.784892e+02 
1.784892e+02 
1.784892e+02 
1.784892e+02 
1.784892e+02 
1.784892e+02 
1.784892e+02 
1.784892e+02 
1.784892e+02 
1.784892e+02 
1.784892e+02 
1.784892e+02 
1.784892e+02 
1.784892e+02 
1.784892e+02 
1.784892e+02 
1.784892e+02 
1.784892e+02 
1.784892e+02 
1.784892e+02 
1.784892e+02 
1.784892e+02 
1.784892e+02 
1.784892e+02 
1.784892e+02 
1.784892e+02 
1.784892e+02 
1.784892e+02 
1.784892e+02 
1.784892e+02 
1.784892e+02 
1.784892e+02 
1.784892e+02 
1.784892e+02 
1.784892e+02 
1.784892e+02 
1.784892e+02 
1.784892e+02 
1.784892e+02 
1.784892e+02 
1.784892e+02 
1.784892e+02 
1.784892e+02 
1.784892e+02 
1.784892e+02 
1.784892e+02 
1.784892e+02 
1.784892e+02 
1.784892e+02 
1.784892e+02 
1.784892e+02 
1.784892e+02 
1.784892e+02 
1.784892e+02 
1.784892e+02 
1.784892e+02 
1.784892e+02 
1.784892e+02 
1.784892e+02 
1.784892e+02 
1.784892e+02 
1.784892e+02 
1.784892e+02 
1.784892e+02 
1.784892e+02 
1.784892e+02 
1.784892e+02 
1.784892e+02 
1.784892e+02 
1.784892e+02 
1.784892e+02 
1.784892e+02 
1.784892e+02 
1.784892e+02 
1.784892e+02 
1.784892e+02 
1.784892e+02 
1.784892e+02 
1.784892e+02 
1.784892e+02 
1.784892e+02 
1.784892e+02 
1.784892e+02 
1.784892e+02 
1.784892e+02 
1.784892e+02 
1.784892e+02 
1.784892e+02 
1.784892e+02 
1.784892e+02 
1.784892e+02 
1.784892e+02 
1.784892e+02 
1.784892e+02 
1.784892e+02 
1.784892e+02 
1.784892e+02 
1.784892e+02 
1.784892e+02 
1.784892e+02 
1.784892e+02 
1.784892e+02 
1.784892e+02 
1.784892e+02 
1.784892e+02 
1.784892e+02 
1.784892e+02 
1.784892e+02 
1.784892e+02 
1.784892e+02 
1.784892e+02 
1.784892e+02 
1.784892e+02 
1.784892e+02 
1.784892e+02 
1.784892e+02 
1.784892e+02 
1.784892e+02 
1.784892e+02 
1.784892e+02 
1.784892e+02 
1.784892e+02 
1.784892e+02 
1.784892e+02 
1.784892e+02 
1.784892e+02 
1.784892e+02 
1.784892e+02 
1.784892e+02 
1.784892e+02 
1.784892e+02 
1.784892e+02 
1.784892e+02 
1.784892e+02 
1.784892e+02 
1.784892e+02 
1.784892e+02 
1.784892e+02 
1.784892e+02 
1.784892e+02 
1.784892e+02 
1.784892e+02 
1.784892e+02 
1.784892e+02 
1.784892e+02 
1.784892e+02 
1.784892e+02 
1.784892e+02 
1.784892e+02 
1.784892e+02 
1.784892e+02 
1.784892e+02 
1.784892e+02 
1.784892e+02 
1.784892e+02 
1.784892e+02 
1.784892e+02 
1.784892e+02 
1.784892e+02 
1.784892e+02 
1.784892e+02 
1.784892e+02 
1.784892e+02 
1.784892e+02 
1.784892e+02 
1.784892e+02 
1.784892e+02 
1.784892e+02 
1.784892e+02 
1.784892e+02 
1.784892e+02 
1.784892e+02 
1.784892e+02 
1.784892e+02 
1.784892e+02 
1.784892e+02 
1.784892e+02 
1.784892e+02 
1.784892e+02 
1.784892e+02 
1.784892e+02 
1.784892e+02 
1.784892e+02 
1.784892e+02 
1.784892e+02 
1.784892e+02 
1.784892e+02 
1.784892e+02 
1.784892e+02 
1.784892e+02 
1.784892e+02 
1.784892e+02 
1.784892e+02 
1.784892e+02 
1.784892e+02 
1.784892e+02 
1.784892e+02 
1.784892e+02 
1.784892e+02 
1.784892e+02 
1.784892e+02 
1.784892e+02 
1.784892e+02 
1.784892e+02 
1.784892e+02 
1.784892e+02 
1.784892e+02 
1.784892e+02 
1.784892e+02 
1.784892e+02 
1.784892e+02 
1.784892e+02 
1.784892e+02 
1.784892e+02 
1.784892e+02 
1.784892e+02 
1.784892e+02 
1.784892e+02 
1.784892e+02 
1.784892e+02 
1.784892e+02 
1.784892e+02 
1.784892e+02 
1.784892e+02 
1.784892e+02 
1.784892e+02 
1.784892e+02 
1.784892e+02 
1.784892e+02 
1.784892e+02 
1.784892e+02 
1.784892e+02 
1.784892e+02 
1.784892e+02 
1.784892e+02 
1.784892e+02 
1.784892e+02 
1.784892e+02 
1.784892e+02 
1.784892e+02 
1.784892e+02 
1.784892e+02 
1.573065e+02 
1.573065e+02 
1.573065e+02 
1.573065e+02 
1.573065e+02 
1.573065e+02 
1.573065e+02 
1.573065e+02 
1.573065e+02 
1.573065e+02 
1.573065e+02 
1.573065e+02 
1.573065e+02 
1.573065e+02 
1.573065e+02 
1.573065e+02 
1.573065e+02 
1.573065e+02 
1.573065e+02 
1.573065e+02 
1.573065e+02 
1.573065e+02 
1.573065e+02 
1.573065e+02 
1.573065e+02 
1.573065e+02 
1.573065e+02 
1.573065e+02 
1.573065e+02 
1.573065e+02 
1.573065e+02 
1.573065e+02 
1.573065e+02 
1.573065e+02 
1.573065e+02 
1.573065e+02 
1.573065e+02 
1.573065e+02 
1.573065e+02 
1.573065e+02 
1.573065e+02 
1.573065e+02 
1.573065e+02 
1.573065e+02 
1.573065e+02 
1.573065e+02 
1.573065e+02 
1.573065e+02 
1.573065e+02 
1.573065e+02 
1.573065e+02 
1.573065e+02 
1.573065e+02 
1.573065e+02 
1.573065e+02 
1.573065e+02 
1.573065e+02 
1.573065e+02 
1.573065e+02 
1.573065e+02 
1.573065e+02 
1.573065e+02 
1.573065e+02 
1.573065e+02 
1.573065e+02 
1.573065e+02 
1.573065e+02 
1.573065e+02 
1.573065e+02 
1.573065e+02 
1.573065e+02 
1.573065e+02 
1.573065e+02 
1.573065e+02 
1.573065e+02 
1.573065e+02 
1.573065e+02 
1.573065e+02 
1.573065e+02 
1.573065e+02 
1.573065e+02 
1.573065e+02 
1.573065e+02 
1.573065e+02 
1.573065e+02 
1.080982e+02 
1.080982e+02 
1.080982e+02 
1.080982e+02 
1.080982e+02 
1.080982e+02 
1.080982e+02 
1.080982e+02 
1.080982e+02 
1.080982e+02 
1.080982e+02 
1.080982e+02 
1.080982e+02 
1.080982e+02 
1.080982e+02 
1.080982e+02 
1.080982e+02 
1.080982e+02 
1.080982e+02 
1.080982e+02 
1.080982e+02 
1.080982e+02 
1.080982e+02 
1.080982e+02 
1.080982e+02 
1.080982e+02 
1.080982e+02 
1.080982e+02 
1.080982e+02 
1.080982e+02 
1.080982e+02 
1.080982e+02 
1.080982e+02 
1.080982e+02 
1.080982e+02 
1.080982e+02 
1.080982e+02 
1.080982e+02 
1.080982e+02 
1.080982e+02 
1.080982e+02 
1.080982e+02 
1.080982e+02 
1.080982e+02 
1.080982e+02 
1.080982e+02 
1.080982e+02 
1.080982e+02 
1.080982e+02 
1.080982e+02 
1.080982e+02 
1.080982e+02 
1.080982e+02 
1.080982e+02 
1.080982e+02 
1.080982e+02 
1.080982e+02 
1.080982e+02 
1.080982e+02 
1.080982e+02 
1.080982e+02 
1.080982e+02 
1.080982e+02 
1.080982e+02 
1.080982e+02 
1.080982e+02 
1.080982e+02 
1.080982e+02 
1.080982e+02 
1.080982e+02 
1.080982e+02 
1.080982e+02 
1.080982e+02 
1.080982e+02 
1.080982e+02 
1.080982e+02 
1.080982e+02 
1.080982e+02 
1.080982e+02 
1.080982e+02 
1.080982e+02 
1.080982e+02 
1.080982e+02 
1.080982e+02 
1.080982e+02 
1.080982e+02 
1.080982e+02 
1.080982e+02 
1.080982e+02 
1.080982e+02 
1.080982e+02 
1.080982e+02 
1.080982e+02 
1.080982e+02 
1.080982e+02 
1.080982e+02 
1.080982e+02 
1.080982e+02 
1.080982e+02 
1.080982e+02 
1.080982e+02 
1.080982e+02 
1.080982e+02 
1.080982e+02 
1.080982e+02 
1.080982e+02 
1.080982e+02 
1.080982e+02 
1.080982e+02 
1.080982e+02 
1.080982e+02 
1.080982e+02 
1.080982e+02 
1.080982e+02 
1.080982e+02 
1.080982e+02 
1.080982e+02 
1.080982e+02 
1.080982e+02 
1.080982e+02 
1.080982e+02 
1.080982e+02 
1.080982e+02 
1.080982e+02 
1.080982e+02 
1.080982e+02 
1.080982e+02 
1.080982e+02 
1.080982e+02 
1.080982e+02 
1.080982e+02 
1.080982e+02 
1.080982e+02 
1.080982e+02 
1.080982e+02 
1.080982e+02 
1.080982e+02 
1.080982e+02 
1.080982e+02 
1.080982e+02 
1.080982e+02 
1.080982e+02 
1.080982e+02 
1.080982e+02 
1.080982e+02 
1.080982e+02 
1.080982e+02 
1.080982e+02 
1.080982e+02 
1.080982e+02 
1.080982e+02 
1.080982e+02 
1.080982e+02 
1.080982e+02 
1.080982e+02 
1.080982e+02 
1.080982e+02 
1.080982e+02 
1.080982e+02 
1.080982e+02 
1.080982e+02 
1.080982e+02 
1.080982e+02 
1.080982e+02 
1.080982e+02 
1.080982e+02 
1.080982e+02 
1.080982e+02 
1.080982e+02 
1.080982e+02 
1.080982e+02 
1.080982e+02 
1.080982e+02 
1.080982e+02 
1.080982e+02 
1.080982e+02 
1.080982e+02 
1.080982e+02 
1.080982e+02 
1.080982e+02 
1.080982e+02 
1.080982e+02 
1.080982e+02 
1.080982e+02 
1.080982e+02 
1.080982e+02 
1.080982e+02 
1.080982e+02 
1.080982e+02 
1.080982e+02 
1.080982e+02 
1.080982e+02 
1.080982e+02 
1.080982e+02 
1.080982e+02 
1.080982e+02 
1.080982e+02 
1.080982e+02 
1.080982e+02 
1.080982e+02 
1.080982e+02 
1.080982e+02 
1.080982e+02 
1.080982e+02 
1.080982e+02 
1.080982e+02 
1.080982e+02 
1.080982e+02 
1.080982e+02 
1.080982e+02 
1.080982e+02 
1.080982e+02 
1.080982e+02 
1.080982e+02 
1.080982e+02 
1.080982e+02 
1.080982e+02 
1.080982e+02 
1.080982e+02 
1.080982e+02 
1.080982e+02 
1.080982e+02 
1.080982e+02 
1.080982e+02 
1.080982e+02 
1.080982e+02 
1.080982e+02 
1.080982e+02 
1.080982e+02 
1.080982e+02 
1.080982e+02 
1.080982e+02 
1.080982e+02 
1.080982e+02 
1.080982e+02 
1.080982e+02 
1.080982e+02 
1.080982e+02 
1.080982e+02 
1.080982e+02 
1.080982e+02 
1.080982e+02 
1.080982e+02 
1.080982e+02 
1.080982e+02 
1.080982e+02 
1.080982e+02 
1.080982e+02 
1.080982e+02 
1.080982e+02 
1.080982e+02 
1.080982e+02 
1.080982e+02 
1.080982e+02 
1.080982e+02 
1.080982e+02 
1.080982e+02 
1.080982e+02 
1.080982e+02 
1.080982e+02 
1.080982e+02 
1.080982e+02 
1.080982e+02 
1.080982e+02 
1.080982e+02 
1.080982e+02 
1.080982e+02 
1.080982e+02 
1.080982e+02 
1.080982e+02 
1.080982e+02 
1.080982e+02 
1.080982e+02 
1.080982e+02 
1.080982e+02 
1.080982e+02 
1.080982e+02 
1.080982e+02 
1.080982e+02 
1.080982e+02 
1.080982e+02 
1.080982e+02 
1.080982e+02 
1.080982e+02 
1.080982e+02 
1.080982e+02 
1.080982e+02 
1.080982e+02 
1.080982e+02 
1.080982e+02 
1.080982e+02 
1.080982e+02 
1.080982e+02 
1.080982e+02 
1.080982e+02 
1.080982e+02 
1.080982e+02 
1.080982e+02 
1.080982e+02 
1.080982e+02 
1.080982e+02 
1.080982e+02 
1.080982e+02 
1.080982e+02 
1.080982e+02 
1.080982e+02 
1.080982e+02 
1.080982e+02 
1.080982e+02 
1.080982e+02 
1.080982e+02 
1.080982e+02 
1.080982e+02 
1.080982e+02 
1.080982e+02 
1.080982e+02 
1.080982e+02 
1.080982e+02 
1.080982e+02 
1.080982e+02 
1.080982e+02 
1.080982e+02 
1.080982e+02 
1.080982e+02 
1.080982e+02 
1.080982e+02 
1.080982e+02 
1.080982e+02 
1.080982e+02 
1.080982e+02 
1.080982e+02 
1.080982e+02 
1.080982e+02 
1.080982e+02 
1.080982e+02 
1.080982e+02 
1.080982e+02 
1.080982e+02 
1.080982e+02 
1.080982e+02 
1.080982e+02 
1.080982e+02 
1.080982e+02 
1.080982e+02 
1.080982e+02 
1.080982e+02 
1.080982e+02 
1.080982e+02 
1.080982e+02 
1.080982e+02 
1.080982e+02 
1.080982e+02 
1.080982e+02 
1.080982e+02 
1.080982e+02 
1.080982e+02 
1.080982e+02 
1.080982e+02 
1.080982e+02 
1.080982e+02 
1.080982e+02 
1.080982e+02 
1.080982e+02 
1.080982e+02 
1.080982e+02 
1.080982e+02 
1.080982e+02 
1.080982e+02 
1.080982e+02 
1.080982e+02 
1.080982e+02 
1.080982e+02 
1.080982e+02 
1.080982e+02 
1.080982e+02 
1.080982e+02 
1.080982e+02 
1.080982e+02 
1.080982e+02 
1.080982e+02 
1.080982e+02 
1.080982e+02 
1.080982e+02 
1.080982e+02 
1.080982e+02 
1.080982e+02 
1.080982e+02 
1.080982e+02 
1.080982e+02 
1.080982e+02 
1.080982e+02 
1.080982e+02 
1.080982e+02 
1.080982e+02 
1.080982e+02 
1.080982e+02 
1.080982e+02 
1.080982e+02 
1.080982e+02 
1.080982e+02 
1.080982e+02 
1.080982e+02 
1.080982e+02 
1.080982e+02 
1.080982e+02 
1.080982e+02 
1.080982e+02 
1.080982e+02 
1.080982e+02 
1.080982e+02 
1.080982e+02 
1.080982e+02 
1.080982e+02 
1.080982e+02 
1.080982e+02 
1.080982e+02 
1.080982e+02 
1.080982e+02 
1.080982e+02 
1.080982e+02 
1.080982e+02 
1.080982e+02 
1.080982e+02 
1.080982e+02 
1.080982e+02 
1.080982e+02 
1.080982e+02 
1.080982e+02 
1.080982e+02 
1.080982e+02 
1.080982e+02 
1.080982e+02 
1.080982e+02 
1.080982e+02 
1.080982e+02 
1.080982e+02 
1.080982e+02 
1.080982e+02 
1.080982e+02 
1.080982e+02 
1.080982e+02 
1.080982e+02 
1.080982e+02 
1.080982e+02 
1.080982e+02 
1.080982e+02 
1.080982e+02 
1.080982e+02 
1.080982e+02 
1.080982e+02 
1.080982e+02 
1.080982e+02 
1.080982e+02 
1.080982e+02 
1.080982e+02 
1.080982e+02 
1.028454e+02 
1.028454e+02 
1.028454e+02 
1.028454e+02 
1.028454e+02 
1.028454e+02 
1.028454e+02 
1.028454e+02 
1.028454e+02 
1.028454e+02 
1.028454e+02 
1.028454e+02 
1.028454e+02 
1.028454e+02 
1.028454e+02 
1.028454e+02 
1.028454e+02 
1.028454e+02 
1.028454e+02 
1.028454e+02 
1.028454e+02 
1.028454e+02 
1.028454e+02 
1.028454e+02 
1.028454e+02 
1.028454e+02 
1.028454e+02 
1.028454e+02 
1.028454e+02 
1.028454e+02 
1.028454e+02 
1.028454e+02 
1.028454e+02 
1.028454e+02 
1.028454e+02 
1.028454e+02 
1.028454e+02 
1.028454e+02 
1.028454e+02 
1.028454e+02 
1.028454e+02 
1.028454e+02 
1.028454e+02 
1.028454e+02 
1.028454e+02 
1.028454e+02 
1.028454e+02 
1.028454e+02 
1.028454e+02 
9.577791e+01 
9.577791e+01 
9.577791e+01 
9.577791e+01 
9.577791e+01 
9.577791e+01 
9.577791e+01 
9.577791e+01 
9.577791e+01 
9.577791e+01 
9.577791e+01 
9.577791e+01 
9.577791e+01 
9.524757e+01 
9.524757e+01 
9.524757e+01 
9.524757e+01 
9.524757e+01 
9.524757e+01 
9.524757e+01 
9.524757e+01 
9.524757e+01 
9.524757e+01 
9.524757e+01 
9.524757e+01 
9.524757e+01 
9.524757e+01 
9.524757e+01 
9.524757e+01 
9.524757e+01 
9.524757e+01 
9.524757e+01 
9.524757e+01 
9.524757e+01 
9.524757e+01 
9.524757e+01 
9.524757e+01 
9.524757e+01 
9.524757e+01 
9.524757e+01 
9.524757e+01 
9.524757e+01 
9.524757e+01 
9.524757e+01 
9.524757e+01 
9.524757e+01 
9.524757e+01 
9.524757e+01 
9.524757e+01 
9.524757e+01 
9.524757e+01 
9.447044e+01 
9.447044e+01 
9.447044e+01 
7.257880e+01 
7.257880e+01 
6.596623e+01 
6.596623e+01 
6.596623e+01 
6.596623e+01 
6.596623e+01 
6.527736e+01 
6.491451e+01 
6.487521e+01 
6.487521e+01 
6.443602e+01 
6.437622e+01 
6.437622e+01 
6.437622e+01 
6.394869e+01 
6.393095e+01 
6.393095e+01 
6.393095e+01 
6.367524e+01 
6.367524e+01 
6.367524e+01 
6.367524e+01 
6.345310e+01 
6.345310e+01 
6.335271e+01 
6.335271e+01 
6.335271e+01 
6.328513e+01 
6.325940e+01 
6.325940e+01 
6.301835e+01 
6.300798e+01 
6.300798e+01 
6.300798e+01 
6.300798e+01 
6.294215e+01 
6.291368e+01 
6.291368e+01 
6.291368e+01 
6.291368e+01 
6.291368e+01 
6.289547e+01 
6.289547e+01 
6.289547e+01 
6.289192e+01 
6.289192e+01 
6.289192e+01 
6.289192e+01 
6.289192e+01 
6.288399e+01 
6.287663e+01 
6.287111e+01 
6.286692e+01 
6.286372e+01 
6.286125e+01 
6.285934e+01 
6.285783e+01 
6.285665e+01 
6.285571e+01 
6.285496e+01 
6.285436e+01 
6.285388e+01 
6.285349e+01 
6.285318e+01 
6.285292e+01 
6.285271e+01 
6.285254e+01 
6.285241e+01 
6.285229e+01 
6.285220e+01 
6.285213e+01 
6.285206e+01 
6.285201e+01 
6.285197e+01 
6.285194e+01 
6.285191e+01 
6.285189e+01 
6.285187e+01 
6.285185e+01 
6.285184e+01 
6.285183e+01 
6.285182e+01 
6.285182e+01 
6.285181e+01 
6.285180e+01 
6.285180e+01 
6.285180e+01 
6.285180e+01 
6.285179e+01 
6.285179e+01 
6.285179e+01 
6.285179e+01 
6.285179e+01 
6.285179e+01 
6.285179e+01 
6.285179e+01 
6.285179e+01 
6.285179e+01 
6.285178e+01 
6.285178e+01 
6.285178e+01 
6.285178e+01 
6.285178e+01 
6.285178e+01 
6.285178e+01 
6.285178e+01 
6.285178e+01 
6.285178e+01 
6.285178e+01 
6.285178e+01 
6.285178e+01 
6.285178e+01 
6.285178e+01 
6.285178e+01 
6.285178e+01 
6.285178e+01 
6.285178e+01 
6.285178e+01 
6.285178e+01 
6.285178e+01 
6.285178e+01 
6.285178e+01 
6.285178e+01 
6.285178e+01 
6.285178e+01 
6.285178e+01 
6.285178e+01 
6.285178e+01 
6.285178e+01 
6.285178e+01 
6.285178e+01 
6.285178e+01 
6.285178e+01 
6.285178e+01 
6.285178e+01 
6.285178e+01 
6.285178e+01 
6.285178e+01 
6.285178e+01 
6.285178e+01 
6.285178e+01 
6.285178e+01 
6.285178e+01 
6.285178e+01 
6.285178e+01 
6.285178e+01 
6.285178e+01 
6.285178e+01 
6.285178e+01 
6.285178e+01 
6.285178e+01 
6.285178e+01 
6.285178e+01 
6.285178e+01 
6.285178e+01 
6.285178e+01 
6.285178e+01 
6.285178e+01 
6.285178e+01 
6.285178e+01 
6.285178e+01 
6.285178e+01 
6.285178e+01 
6.285178e+01 
6.285178e+01 
6.285178e+01 
6.285178e+01 
6.285178e+01 
6.285178e+01 
6.285178e+01 
6.285178e+01 
6.285178e+01 
6.285178e+01 
6.285178e+01 
6.285178e+01 
6.285178e+01 
6.285178e+01 
6.285178e+01 
6.285178e+01 
6.285178e+01 
6.285178e+01 
6.285178e+01 
6.285178e+01 
6.285178e+01 
6.285178e+01 
6.285178e+01 
6.285178e+01 
6.285178e+01 
6.285178e+01 
6.285178e+01 
6.285178e+01 
6.285178e+01 
6.285178e+01 
6.285178e+01 
6.285178e+01 
6.285178e+01 
6.285178e+01 
6.285178e+01 
5.984921e+01 
5.984921e+01 
5.984921e+01 
5.867626e+01 
5.867626e+01 
5.867626e+01 
5.867626e+01 
5.867626e+01 
5.867626e+01 
5.867626e+01 
5.867626e+01 
5.702718e+01 
5.702718e+01 
5.702718e+01 
5.702718e+01 
5.702718e+01 
5.300503e+01 
5.300503e+01 
5.300503e+01 
5.300503e+01 
5.300503e+01 
5.300503e+01 
5.300503e+01 
4.910376e+01 
4.910376e+01 
4.910376e+01 
4.910376e+01 
4.910376e+01 
4.910376e+01 
4.910376e+01 
4.910376e+01 
4.910376e+01 
4.910376e+01 
4.910376e+01 
4.910376e+01 
4.910376e+01 
4.910376e+01 
4.910376e+01 
4.910376e+01 
4.910376e+01 
4.910376e+01 
4.910376e+01 
4.910376e+01 
4.910376e+01 
4.910376e+01 
4.910376e+01 
4.910376e+01 
4.910376e+01 
4.910376e+01 
4.910376e+01 
4.910376e+01 
4.910376e+01 
4.910376e+01 
4.910376e+01 
4.910376e+01 
4.910376e+01 
4.910376e+01 
4.910376e+01 
4.910376e+01 
4.135589e+01 
4.135589e+01 
4.135589e+01 
4.135589e+01 
4.135589e+01 
4.135589e+01 
4.135589e+01 
4.135589e+01 
4.135589e+01 
4.135589e+01 
4.135589e+01 
4.135589e+01 
4.135589e+01 
4.135589e+01 
4.135589e+01 
4.135589e+01 
4.135589e+01 
4.135589e+01 
4.135589e+01 
4.135589e+01 
4.135589e+01 
4.135589e+01 
4.135589e+01 
4.135589e+01 
4.135589e+01 
4.135589e+01 
4.135589e+01 
4.135589e+01 
4.135589e+01 
4.135589e+01 
4.135589e+01 
4.135589e+01 
4.135589e+01 
4.135589e+01 
4.135589e+01 
4.135589e+01 
4.135589e+01 
4.135589e+01 
4.135589e+01 
4.135589e+01 
4.135589e+01 
4.135589e+01 
4.135589e+01 
4.135589e+01 
4.135589e+01 
4.135589e+01 
4.135589e+01 
4.135589e+01 
4.135589e+01 
4.135589e+01 
4.135589e+01 
4.135589e+01 
3.928242e+01 
3.853813e+01 
3.853813e+01 
3.849829e+01 
3.849829e+01 
3.836815e+01 
3.836815e+01 
3.836815e+01 
3.836815e+01 
3.787994e+01 
3.787994e+01 
3.759729e+01 
3.759729e+01 
3.759729e+01 
3.759729e+01 
3.759729e+01 
3.759729e+01 
3.759729e+01 
3.759729e+01 
3.759729e+01 
3.759729e+01 
3.759729e+01 
3.759729e+01 
3.759729e+01 
3.759729e+01 
3.759729e+01 
3.759729e+01 
3.759729e+01 
3.759729e+01 
3.759729e+01 
3.759729e+01 
3.759729e+01 
3.759729e+01 
3.759729e+01 
3.759729e+01 
3.759729e+01 
3.759729e+01 
3.759729e+01 
3.759729e+01 
3.759729e+01 
3.759729e+01 
3.759729e+01 
3.759729e+01 
3.759729e+01 
3.759729e+01 
3.759729e+01 
3.759729e+01 
3.759729e+01 
3.759729e+01 
3.759729e+01 
3.759729e+01 
3.759729e+01 
3.759729e+01 
3.759729e+01 
3.759729e+01 
3.759729e+01 
3.759729e+01 
3.754544e+01 
3.746080e+01 
3.742891e+01 
3.742671e+01 
3.742671e+01 
3.738013e+01 
3.738013e+01 
3.735224e+01 
3.735224e+01 
3.735224e+01 
3.735224e+01 
3.728140e+01 
3.716626e+01 
3.712702e+01 
3.712702e+01 
3.712702e+01 
3.711311e+01 
3.711311e+01 
3.711311e+01 
3.708976e+01 
3.706554e+01 
3.706554e+01 
3.703425e+01 
3.702091e+01 
3.702091e+01 
3.702091e+01 
3.702091e+01 
3.700449e+01 
3.700449e+01 
3.700449e+01 
3.700449e+01 
3.700449e+01 
3.700449e+01 
3.700449e+01 
3.700449e+01 
3.700449e+01 
3.700449e+01 
3.700449e+01 
3.700449e+01 
3.700449e+01 
3.700449e+01 
3.700449e+01 
3.700449e+01 
3.700449e+01 
3.700449e+01 
3.700449e+01 
3.700449e+01 
3.700449e+01 
3.700449e+01 
3.700449e+01 
3.700449e+01 
3.700449e+01 
3.700449e+01 
3.700449e+01 
3.700449e+01 
3.700449e+01 
3.700449e+01 
3.700449e+01 
3.700449e+01 
3.700449e+01 
3.700449e+01 
3.700321e+01 
3.700321e+01 
3.700321e+01 
3.700059e+01 
3.700059e+01 
3.699331e+01 
3.699150e+01 
3.699150e+01 
3.699150e+01 
3.699062e+01 
3.699062e+01 
3.699062e+01 
3.699062e+01 
3.699062e+01 
3.699062e+01 
3.699062e+01 
3.699062e+01 
3.695266e+01 
3.690033e+01 
3.685957e+01 
3.682766e+01 
3.680257e+01 
3.678277e+01 
3.676710e+01 
3.675467e+01 
3.674478e+01 
3.673691e+01 
3.673063e+01 
3.672562e+01 
3.672162e+01 
3.671842e+01 
3.671586e+01 
3.671381e+01 
3.671218e+01 
3.671086e+01 
3.670981e+01 
3.670897e+01 
3.670830e+01 
3.670776e+01 
3.670733e+01 
3.670698e+01 
3.670670e+01 
3.670648e+01 
3.670630e+01 
3.670616e+01 
3.670604e+01 
3.670595e+01 
3.670588e+01 
3.670582e+01 
3.670577e+01 
3.670574e+01 
3.670571e+01 
3.670568e+01 
3.670566e+01 
3.670565e+01 
3.670563e+01 
3.670562e+01 
3.670562e+01 
3.670561e+01 
3.670561e+01 
3.670560e+01 
3.670560e+01 
3.670560e+01 
3.670559e+01 
3.670559e+01 
3.670559e+01 
3.670559e+01 
3.670559e+01 
3.670559e+01 
3.670559e+01 
3.670559e+01 
3.670559e+01 
3.670559e+01 
3.670559e+01 
3.670559e+01 
3.670559e+01 
3.670559e+01 
3.670559e+01 
3.670559e+01 
3.670559e+01 
3.670559e+01 
3.670559e+01 
3.670559e+01 
3.670559e+01 
3.670559e+01 
3.670559e+01 
3.670559e+01 
3.670559e+01 
3.670559e+01 
3.670559e+01 
3.670559e+01 
3.670559e+01 
3.670559e+01 
3.670559e+01 
3.670559e+01 
3.670559e+01 
3.670559e+01 
3.670559e+01 
3.670559e+01 
3.670559e+01 
3.670559e+01 
3.670559e+01 
3.670559e+01 
3.670559e+01 
3.670559e+01 
3.670559e+01 
3.670559e+01 
3.670559e+01 
3.670559e+01 
3.670559e+01 
3.670559e+01 
3.670559e+01 
3.670559e+01 
3.670559e+01 
3.670559e+01 
3.670559e+01 
3.670559e+01 
3.670559e+01 
3.670559e+01 
3.670559e+01 
3.670559e+01 
3.670559e+01 
3.670559e+01 
3.670559e+01 
3.670559e+01 
3.670559e+01 
3.670559e+01 
3.670559e+01 
3.670559e+01 
3.670559e+01 
3.670559e+01 
3.670559e+01 
3.670559e+01 
3.670559e+01 
3.670559e+01 
3.670559e+01 
3.670559e+01 
3.670559e+01 
3.670559e+01 
3.670559e+01 
3.670559e+01 
3.670559e+01 
3.670559e+01 
3.670559e+01 
3.670559e+01 
3.670559e+01 
3.670559e+01 
3.670559e+01 
3.670559e+01 
3.670559e+01 
3.670559e+01 
3.670559e+01 
3.670559e+01 
3.670559e+01 
3.670559e+01 
3.670559e+01 
3.670559e+01 
3.670559e+01 
3.670559e+01 
3.670559e+01 
3.670559e+01 
3.670559e+01 
3.670559e+01 
3.666153e+01 
3.655146e+01 
3.655146e+01 
3.631186e+01 
3.628667e+01 
3.628667e+01 
3.624700e+01 
3.622837e+01 
3.622837e+01 
3.622837e+01 
3.620696e+01 
3.620104e+01 
3.620104e+01 
3.620104e+01 
3.619197e+01 
3.618498e+01 
3.618498e+01 
3.618498e+01 
3.618498e+01 
3.618498e+01 
3.618237e+01 
3.618015e+01 
3.618015e+01 
3.617929e+01 
3.617929e+01 
3.617929e+01 
3.617929e+01 
3.617929e+01 
3.617929e+01 
3.617929e+01 
3.550936e+01 
3.529226e+01 
3.529226e+01 
3.529226e+01 
3.529226e+01 
3.529226e+01 
3.529226e+01 
3.529010e+01 
3.518080e+01 
3.512607e+01 
3.510258e+01 
3.509639e+01 
3.509639e+01 
3.506869e+01 
3.506822e+01 
3.506822e+01 
3.506822e+01 
3.506392e+01 
3.506366e+01 
3.506366e+01 
3.503696e+01 
3.501484e+01 
3.500068e+01 
3.499158e+01 
3.498569e+01 
3.498187e+01 
3.497936e+01 
3.497770e+01 
3.497659e+01 
3.497584e+01 
3.497533e+01 
3.497497e+01 
3.497472e+01 
3.497455e+01 
3.497442e+01 
3.497433e+01 
3.497426e+01 
3.497421e+01 
3.497417e+01 
3.497414e+01 
3.497411e+01 
3.497410e+01 
3.497408e+01 
3.497407e+01 
3.497407e+01 
3.497406e+01 
3.497405e+01 
3.497405e+01 
3.497405e+01 
3.497404e+01 
3.497404e+01 
3.497404e+01 
3.497404e+01 
3.497404e+01 
3.497404e+01 
3.497404e+01 
3.497404e+01 
3.497404e+01 
3.497404e+01 
3.497404e+01 
3.497404e+01 
3.497404e+01 
3.497404e+01 
3.497404e+01 
3.497404e+01 
3.497404e+01 
3.497404e+01 
3.492515e+01 
3.492515e+01 
3.492515e+01 
3.492515e+01 
3.471144e+01 
3.414781e+01 
3.397093e+01 
3.397093e+01 
3.391545e+01 
3.391545e+01 
3.391545e+01 
3.391545e+01 
3.380368e+01 
3.380368e+01 
3.360872e+01 
3.341948e+01 
3.333571e+01 
3.331047e+01 
3.331047e+01 
3.319442e+01 
3.319442e+01 
3.319442e+01 
3.319442e+01 
3.319442e+01 
3.319442e+01 
3.306841e+01 
3.306841e+01 
3.306841e+01 
3.306841e+01 
3.279092e+01 
3.260750e+01 
3.260473e+01 
3.260473e+01 
3.253583e+01 
3.253583e+01 
3.248966e+01 
3.243730e+01 
3.241096e+01 
3.239950e+01 
3.239624e+01 
3.239624e+01 
3.239385e+01 
3.239385e+01 
3.233924e+01 
3.230611e+01 
3.228883e+01 
3.228071e+01 
3.227772e+01 
3.227747e+01 
3.227747e+01 
3.227738e+01 
3.227738e+01 
3.227738e+01 
3.227738e+01 
3.227738e+01 
3.227738e+01 
3.227659e+01 
3.227659e+01 
3.227659e+01 
3.227659e+01 
3.227498e+01 
3.227353e+01 
3.227353e+01 
3.227353e+01 
3.227123e+01 
3.226774e+01 
3.226504e+01 
3.226295e+01 
3.226132e+01 
3.226004e+01 
3.225905e+01 
3.225827e+01 
3.225766e+01 
3.225718e+01 
3.225680e+01 
3.225651e+01 
3.225628e+01 
3.225610e+01 
3.225595e+01 
3.225584e+01 
3.225575e+01 
3.225568e+01 
3.225563e+01 
3.225559e+01 
3.225555e+01 
3.225553e+01 
3.225551e+01 
3.225549e+01 
3.225548e+01 
3.225547e+01 
3.225546e+01 
3.225545e+01 
3.225545e+01 
3.225544e+01 
3.225544e+01 
3.225544e+01 
3.225544e+01 
3.225543e+01 
3.225543e+01 
3.225543e+01 
3.225543e+01 
3.225543e+01 
3.225543e+01 
3.225543e+01 
3.225543e+01 
3.225543e+01 
3.225543e+01 
3.225543e+01 
3.225543e+01 
3.225543e+01 
3.225543e+01 
3.225543e+01 
3.225543e+01 
3.225543e+01 
3.225543e+01 
3.225543e+01 
3.225543e+01 
3.225543e+01 
3.225543e+01 
3.225543e+01 
3.225543e+01 
3.225543e+01 
3.225543e+01 
3.225543e+01 
3.225543e+01 
3.097654e+01 
3.068086e+01 
3.033195e+01 
3.033195e+01 
3.033195e+01 
3.033195e+01 
2.936891e+01 
2.921852e+01 
2.921852e+01 
2.829560e+01 
2.744302e+01 
2.704505e+01 
2.690055e+01 
2.689002e+01 
2.689002e+01 
2.669620e+01 
2.658039e+01 
2.653829e+01 
2.653524e+01 
2.653524e+01 
2.653524e+01 
2.653524e+01 
2.637654e+01 
2.626300e+01 
2.619159e+01 
2.614641e+01 
2.611760e+01 
2.609908e+01 
2.608705e+01 
2.607914e+01 
2.607388e+01 
2.607033e+01 
2.606789e+01 
2.606620e+01 
2.606501e+01 
2.606415e+01 
2.606353e+01 
2.606308e+01 
2.606274e+01 
2.606249e+01 
2.606230e+01 
2.606215e+01 
2.606204e+01 
2.606196e+01 
2.606189e+01 
2.606184e+01 
2.606180e+01 
2.606177e+01 
2.606175e+01 
2.606173e+01 
2.606171e+01 
2.606170e+01 
2.606169e+01 
2.606169e+01 
2.606168e+01 
2.606168e+01 
2.606167e+01 
2.606167e+01 
2.606167e+01 
2.606167e+01 
2.606167e+01 
2.606167e+01 
2.606167e+01 
2.606166e+01 
2.606166e+01 
2.606166e+01 
2.606166e+01 
2.606166e+01 
2.606166e+01 
2.606166e+01 
2.606166e+01 
2.606166e+01 
2.606166e+01 
2.606166e+01 
2.606166e+01 
2.606166e+01 
2.606166e+01 
2.606166e+01 
2.606166e+01 
2.606166e+01 
2.606166e+01 
2.606166e+01 
2.606166e+01 
2.606166e+01 
2.606166e+01 
2.606166e+01 
2.606166e+01 
2.606166e+01 
2.606166e+01 
2.606166e+01 
2.606166e+01 
2.606166e+01 
2.606166e+01 
2.606166e+01 
2.606166e+01 
2.606166e+01 
2.606166e+01 
2.606166e+01 
2.606166e+01 
2.606166e+01 
2.606166e+01 
2.606166e+01 
2.606166e+01 
2.606166e+01 
2.606166e+01 
2.548147e+01 
2.548147e+01 
2.548147e+01 
2.548147e+01 
2.548147e+01 
2.506530e+01 
2.457985e+01 
2.446972e+01 
2.446972e+01 
2.440007e+01 
2.440007e+01 
2.423930e+01 
2.423930e+01 
2.423930e+01 
2.423930e+01 
2.403756e+01 
2.403756e+01 
2.403756e+01 
2.403756e+01 
2.403756e+01 
2.403756e+01 
2.403756e+01 
2.403756e+01 
2.403756e+01 
2.403756e+01 
2.403756e+01 
2.403756e+01 
2.403756e+01 
2.403756e+01 
2.403756e+01 
2.403756e+01 
2.403756e+01 
2.403756e+01 
2.403756e+01 
2.403756e+01 
2.403756e+01 
2.403756e+01 
2.403756e+01 
2.403756e+01 
2.403756e+01 
2.403756e+01 
2.403756e+01 
2.403756e+01 
2.403756e+01 
2.403756e+01 
2.403756e+01 
2.403756e+01 
2.403756e+01 
2.403756e+01 
2.403756e+01 
2.403756e+01 
2.403756e+01 
2.403756e+01 
2.403756e+01 
2.403756e+01 
2.403756e+01 
2.403756e+01 
2.403756e+01 
2.403756e+01 
2.403756e+01 
2.403756e+01 
2.403756e+01 
2.403756e+01 
2.403756e+01 
2.403756e+01 
2.403756e+01 
2.403756e+01 
2.403756e+01 
2.403756e+01 
2.403756e+01 
2.403756e+01 
2.403756e+01 
2.403756e+01 
2.403756e+01 
2.403756e+01 
2.403756e+01 
2.403756e+01 
2.403756e+01 
2.403756e+01 
2.403756e+01 
2.403756e+01 
2.403756e+01 
2.403756e+01 
2.403756e+01 
2.403756e+01 
2.403756e+01 
2.403756e+01 
2.403756e+01 
2.403756e+01 
2.403756e+01 
2.403756e+01 
2.403756e+01 
2.403756e+01 
2.403756e+01 
2.403756e+01 
2.403756e+01 
2.403756e+01 
2.403756e+01 
2.403756e+01 
2.403756e+01 
2.403756e+01 
2.403756e+01 
2.403756e+01 
2.403756e+01 
2.403756e+01 
2.403756e+01 
2.403756e+01 
2.403756e+01 
2.403756e+01 
2.403756e+01 
2.403756e+01 
2.403756e+01 
2.403756e+01 
2.403756e+01 
2.403756e+01 
2.403756e+01 
2.403756e+01 
2.403756e+01 
2.403756e+01 
2.403756e+01 
2.403756e+01 
2.403756e+01 
2.403756e+01 
2.403756e+01 
2.403756e+01 
2.403756e+01 
2.403756e+01 
2.403756e+01 
2.403756e+01 
2.403756e+01 
2.403756e+01 
2.403756e+01 
2.403756e+01 
2.403756e+01 
2.403756e+01 
2.403756e+01 
2.403756e+01 
2.403756e+01 
2.403756e+01 
2.403756e+01 
2.403756e+01 
2.403756e+01 
2.403756e+01 
2.403756e+01 
2.403756e+01 
2.403756e+01 
2.403756e+01 
2.403756e+01 
2.403618e+01 
2.403618e+01 
2.403618e+01 
2.403618e+01 
2.403618e+01 
2.403618e+01 
2.403618e+01 
2.403602e+01 
2.403602e+01 
2.403602e+01 
2.403602e+01 
2.403602e+01 
2.403573e+01 
2.403573e+01 
2.403573e+01 
2.403573e+01 
2.403573e+01 
2.403573e+01 
2.403573e+01 
2.403573e+01 
2.403573e+01 
2.403573e+01 
2.403573e+01 
2.403573e+01 
2.403569e+01 
2.403551e+01 
2.403551e+01 
2.403547e+01 
2.403547e+01 
2.403547e+01 
2.403546e+01 
2.403546e+01 
2.403546e+01 
2.403534e+01 
2.403534e+01 
2.403534e+01 
2.403534e+01 
2.403534e+01 
2.403534e+01 
2.403534e+01 
2.403534e+01 
2.403534e+01 
2.403531e+01 
2.403531e+01 
2.403531e+01 
2.403531e+01 
2.403531e+01 
2.403531e+01 
2.403528e+01 
2.403528e+01 
2.403528e+01 
2.403528e+01 
2.403528e+01 
2.403528e+01 
2.403528e+01 
2.403528e+01 
2.403528e+01 
2.403528e+01 
2.403527e+01 
2.403527e+01 
2.403525e+01 
2.403525e+01 
2.403525e+01 
2.403525e+01 
2.403525e+01 
2.403525e+01 
2.403525e+01 
2.403525e+01 
2.403525e+01 
2.403523e+01 
2.403523e+01 
2.403523e+01 
2.403523e+01 
2.403523e+01 
2.403523e+01 
2.403523e+01 
2.403523e+01 
2.403523e+01 
2.403523e+01 
2.403523e+01 
2.403523e+01 
2.403523e+01 
2.403523e+01 
2.403523e+01 
2.403523e+01 
2.403523e+01 
2.403523e+01 
2.403523e+01 
2.403523e+01 
2.403523e+01 
2.403523e+01 
2.403523e+01 
2.403523e+01 
2.403523e+01 
2.403523e+01 
2.403523e+01 
2.403523e+01 
2.403523e+01 
2.403523e+01 
2.403523e+01 
2.403523e+01 
2.403523e+01 
2.403523e+01 
2.403523e+01 
2.403523e+01 
2.403523e+01 
2.403523e+01 
2.403523e+01 
2.403523e+01 
2.403523e+01 
2.403523e+01 
2.403523e+01 
2.403523e+01 
2.403523e+01 
2.403523e+01 
2.403523e+01 
2.403523e+01 
2.403523e+01 
2.403523e+01 
2.403523e+01 
2.403523e+01 
2.403523e+01 
2.403523e+01 
2.403523e+01 
2.403523e+01 
2.403523e+01 
2.403523e+01 
2.403523e+01 
2.403523e+01 
2.403523e+01 
2.403523e+01 
2.403523e+01 
2.403523e+01 
2.403523e+01 
2.403523e+01 
2.403523e+01 
2.403523e+01 
2.403523e+01 
2.403523e+01 
2.403523e+01 
2.403523e+01 
2.403523e+01 
2.403523e+01 
2.403523e+01 
2.403523e+01 
2.403523e+01 
2.403523e+01 
2.403523e+01 
2.403523e+01 
2.403523e+01 
2.403523e+01 
2.403523e+01 
2.403523e+01 
2.403523e+01 
2.403523e+01 
2.403523e+01 
2.403523e+01 
2.403523e+01 
2.403523e+01 
2.403523e+01 
2.403523e+01 
2.403523e+01 
2.403523e+01 
2.403523e+01 
2.403523e+01 
2.403523e+01 
2.403523e+01 
2.403523e+01 
2.403523e+01 
2.403523e+01 
2.403523e+01 
2.403523e+01 
2.403523e+01 
2.403523e+01 
2.403523e+01 
2.403523e+01 
2.403523e+01 
2.403523e+01 
2.403523e+01 
2.403523e+01 
2.403523e+01 
2.403523e+01 
2.403523e+01 
2.403523e+01 
2.403523e+01 
2.372795e+01 
2.372795e+01 
2.372795e+01 
2.372795e+01 
2.372795e+01 
2.372795e+01 
2.372795e+01 
2.372795e+01 
2.372795e+01 
2.343784e+01 
2.343784e+01 
2.341852e+01 
2.341852e+01 
2.341852e+01 
2.341852e+01 
2.341852e+01 
2.341852e+01 
2.341852e+01 
2.341852e+01 
2.341852e+01 
2.341852e+01 
2.341852e+01 
2.341852e+01 
2.341852e+01 
2.341852e+01 
2.341852e+01 
2.341852e+01 
2.341852e+01 
2.341852e+01 
2.341852e+01 
2.341852e+01 
2.341852e+01 
2.341852e+01 
2.341852e+01 
2.341852e+01 
2.341852e+01 
2.341852e+01 
2.341852e+01 
2.341852e+01 
2.341852e+01 
2.341852e+01 
2.341852e+01 
2.341852e+01 
2.341852e+01 
2.341852e+01 
2.341852e+01 
2.341852e+01 
2.335010e+01 
2.335010e+01 
2.335010e+01 
2.335010e+01 
2.335010e+01 
2.332670e+01 
2.332670e+01 
2.332670e+01 
2.318711e+01 
2.318711e+01 
2.318711e+01 
2.318711e+01 
2.314969e+01 
2.314969e+01 
2.312751e+01 
2.312751e+01 
2.312751e+01 
2.312751e+01 
2.312751e+01 
2.312751e+01 
2.312751e+01 
2.312751e+01 
2.312379e+01 
2.312379e+01 
2.312379e+01 
2.312379e+01 
2.312379e+01 
2.312379e+01 
2.312379e+01 
2.312379e+01 
2.312379e+01 
2.312379e+01 
2.312120e+01 
2.312120e+01 
2.312120e+01 
2.311800e+01 
2.311800e+01 
2.311800e+01 
2.311800e+01 
2.311800e+01 
2.311800e+01 
2.311800e+01 
2.311800e+01 
2.311800e+01 
2.311800e+01 
2.311800e+01 
2.311800e+01 
2.311800e+01 
2.311800e+01 
2.311800e+01 
2.311800e+01 
2.311800e+01 
2.311772e+01 
2.311772e+01 
2.311772e+01 
2.311772e+01 
2.311772e+01 
2.311772e+01 
2.311772e+01 
2.311772e+01 
2.311772e+01 
2.311772e+01 
2.311772e+01 
2.311772e+01 
2.311772e+01 
2.311772e+01 
2.311772e+01 
2.311772e+01 
2.311772e+01 
2.311772e+01 
2.311772e+01 
2.311772e+01 
2.311772e+01 
2.311772e+01 
2.311772e+01 
2.311772e+01 
2.311772e+01 
2.311772e+01 
2.311746e+01 
2.311667e+01 
2.311608e+01 
2.311564e+01 
2.311531e+01 
2.311506e+01 
2.311488e+01 
2.311474e+01 
2.311463e+01 
2.311455e+01 
2.311449e+01 
2.311444e+01 
2.311441e+01 
2.311438e+01 
2.311436e+01 
2.311435e+01 
2.311434e+01 
2.311433e+01 
2.311432e+01 
2.311432e+01 
2.311431e+01 
2.069065e+01 
2.069065e+01 
2.069065e+01 
2.069065e+01 
2.069065e+01 
2.069065e+01 
2.069065e+01 
2.069065e+01 
2.069065e+01 
2.069065e+01 
2.069065e+01 
2.069065e+01 
2.069065e+01 
2.069065e+01 
2.069065e+01 
2.069065e+01 
2.069065e+01 
2.069065e+01 
2.069065e+01 
2.069065e+01 
2.069065e+01 
2.069065e+01 
2.069065e+01 
2.069065e+01 
2.069065e+01 
2.069065e+01 
2.069065e+01 
2.006654e+01 
2.006654e+01 
1.824514e+01 
1.824514e+01 
1.824514e+01 
1.824514e+01 
1.824514e+01 
1.824514e+01 
1.824514e+01 
1.824514e+01 
1.824514e+01 
1.824514e+01 
1.824514e+01 
1.824514e+01 
1.824514e+01 
1.824514e+01 
1.824514e+01 
1.824514e+01 
1.824514e+01 
1.824514e+01 
1.824514e+01 
1.824514e+01 
1.824514e+01 
1.824514e+01 
1.824514e+01 
1.824514e+01 
1.824514e+01 
1.824514e+01 
1.824514e+01 
1.824514e+01 
1.824514e+01 
1.824514e+01 
1.824514e+01 
1.824514e+01 
1.824514e+01 
1.824514e+01 
1.824514e+01 
1.824514e+01 
1.824514e+01 
1.824514e+01 
1.824514e+01 
1.824514e+01 
1.824514e+01 
1.824514e+01 
1.824514e+01 
1.824514e+01 
1.824514e+01 
1.824514e+01 
1.824514e+01 
1.824514e+01 
1.824514e+01 
1.753466e+01 
1.702980e+01 
1.702980e+01 
1.702980e+01 
1.702980e+01 
1.702980e+01 
1.702980e+01 
1.702980e+01 
1.702980e+01 
1.702980e+01 
1.702980e+01 
1.702980e+01 
1.574062e+01 
1.574062e+01 
1.574062e+01 
1.574062e+01 
1.574062e+01 
1.562975e+01 
1.562975e+01 
1.562975e+01 
1.562975e+01 
1.562975e+01 
1.562975e+01 
1.562975e+01 
1.562975e+01 
1.562975e+01 
1.562975e+01 
1.562975e+01 
1.562975e+01 
1.562975e+01 
1.562975e+01 
1.562975e+01 
1.562975e+01 
1.562975e+01 
1.562975e+01 
1.546029e+01 
1.546029e+01 
1.546029e+01 
1.546029e+01 
1.546029e+01 
1.546029e+01 
1.546029e+01 
1.546029e+01 
1.546029e+01 
1.546029e+01 
1.546029e+01 
1.546029e+01 
1.546029e+01 
1.495821e+01 
1.495821e+01 
1.495821e+01 
1.495821e+01 
1.495821e+01 
1.495821e+01 
1.495821e+01 
1.495821e+01 
1.495821e+01 
1.495821e+01 
1.495821e+01 
1.495821e+01 
1.495821e+01 
1.495821e+01 
1.495821e+01 
1.495821e+01 
1.495821e+01 
1.495821e+01 
1.495821e+01 
1.495821e+01 
1.495821e+01 
1.495821e+01 
1.495821e+01 
1.495821e+01 
1.495821e+01 
1.495821e+01 
1.495821e+01 
1.495821e+01 
1.495821e+01 
1.495821e+01 
1.495821e+01 
1.495821e+01 
1.495821e+01 
1.495821e+01 
1.495821e+01 
1.495821e+01 
1.495821e+01 
1.495821e+01 
1.495821e+01 
1.495821e+01 
1.495821e+01 
1.495821e+01 
1.495821e+01 
1.495821e+01 
1.495821e+01 
1.495821e+01 
1.495821e+01 
1.495821e+01 
1.495821e+01 
1.495821e+01 
1.495821e+01 
1.495821e+01 
1.495821e+01 
1.495821e+01 
1.495821e+01 
1.495821e+01 
1.495821e+01 
1.433106e+01 
1.433106e+01 
1.399996e+01 
1.399996e+01 
1.399996e+01 
1.399996e+01 
1.399996e+01 
1.399996e+01 
1.399996e+01 
1.399996e+01 
1.376311e+01 
1.376311e+01 
1.373822e+01 
1.373822e+01 
1.352829e+01 
1.352829e+01 
1.352829e+01 
1.352829e+01 
1.352829e+01 
1.348968e+01 
1.348968e+01 
1.348968e+01 
1.348968e+01 
1.348968e+01 
1.348968e+01 
1.348968e+01 
1.336429e+01 
1.336429e+01 
1.336429e+01 
1.336429e+01 
1.336429e+01 
1.336429e+01 
1.336429e+01 
1.336429e+01 
1.336429e+01 
1.336429e+01 
1.336429e+01 
1.336429e+01 
1.336429e+01 
1.336429e+01 
1.336429e+01 
1.336429e+01 
1.325720e+01 
1.325720e+01 
1.325720e+01 
1.325720e+01 
1.325720e+01 
1.325720e+01 
1.325720e+01 
1.325720e+01 
1.325720e+01 
1.315332e+01 
1.315332e+01 
1.315332e+01 
1.315332e+01 
1.315332e+01 
1.315332e+01 
1.315332e+01 
1.315332e+01 
1.315332e+01 
1.315332e+01 
1.315332e+01 
1.315332e+01 
1.315332e+01 
1.315332e+01 
1.315332e+01 
1.315332e+01 
1.315332e+01 
1.315332e+01 
1.315332e+01 
1.315332e+01 
1.315332e+01 
1.315332e+01 
1.315332e+01 
1.315332e+01 
1.315332e+01 
1.315332e+01 
1.315332e+01 
1.315332e+01 
1.315332e+01 
1.315332e+01 
1.315332e+01 
1.315332e+01 
1.315332e+01 
1.315332e+01 
1.315332e+01 
1.315332e+01 
1.315332e+01 
1.315332e+01 
1.314773e+01 
1.314773e+01 
1.311943e+01 
1.311943e+01 
1.311820e+01 
1.311820e+01 
1.311237e+01 
1.311074e+01 
1.311074e+01 
1.311074e+01 
1.310171e+01 
9.809935e+00 
9.809935e+00 
9.809935e+00 
9.809935e+00 
6.012869e+00 
6.012869e+00 
6.012869e+00 
6.012869e+00 
6.012869e+00 
6.012869e+00 
6.012869e+00 
6.012869e+00 
6.012869e+00 
6.012869e+00 
5.242863e+00 
5.242863e+00 
5.242863e+00 
5.242863e+00 
5.242863e+00 
5.242863e+00 
4.690903e+00 
4.690903e+00 
4.690903e+00 
4.690903e+00 
4.690903e+00 
4.690903e+00 
4.690903e+00 
4.690903e+00 
4.690903e+00 
4.690903e+00 
4.690903e+00 
4.690903e+00 
4.690903e+00 
4.690903e+00 
4.690903e+00 
4.690903e+00 
4.690903e+00 
4.690903e+00 
4.690903e+00 
4.690903e+00 
4.690903e+00 
4.690903e+00 
4.690903e+00 
4.690903e+00 
4.690903e+00 
4.690903e+00 
4.690903e+00 
4.690903e+00 
4.690903e+00 
4.690903e+00 
4.690903e+00 
4.690903e+00 
4.690903e+00 
4.690903e+00 
4.690903e+00 
4.690903e+00 
4.690903e+00 
4.093009e+00 
4.093009e+00 
4.093009e+00 
4.093009e+00 
4.093009e+00 
4.093009e+00 
3.663082e+00 
3.663082e+00 
3.663082e+00 
3.663082e+00 
3.663082e+00 
3.663082e+00 
3.663082e+00 
3.663082e+00 
3.391675e+00 
3.391675e+00 
3.391675e+00 
3.391675e+00 
3.391675e+00 
3.391675e+00 
3.391675e+00 
3.391675e+00 
3.391675e+00 
3.391675e+00 
3.391675e+00 
3.391675e+00 
3.391675e+00 
3.391675e+00 
3.391675e+00 
3.391675e+00 
3.391675e+00 
3.391675e+00 
3.391675e+00 
3.230172e+00 
3.230172e+00 
3.230172e+00 
3.230172e+00 
3.160651e+00 
3.160651e+00 
3.027697e+00 
3.027697e+00 
3.027697e+00 
3.027697e+00 
3.027697e+00 
2.960827e+00 
2.882398e+00 
2.839869e+00 
2.817068e+00 
2.804971e+00 
2.798628e+00 
2.795352e+00 
2.793697e+00 
2.792889e+00 
2.792515e+00 
2.792360e+00 
2.792310e+00 
2.792309e+00 
2.792309e+00 
2.792309e+00 
2.791874e+00 
2.791490e+00 
2.791216e+00 
2.791020e+00 
2.790877e+00 
1.381072e+00 
1.381072e+00 
1.381072e+00 
1.381072e+00 
1.381072e+00 
1.381072e+00 
1.381072e+00 
1.381072e+00 
1.381072e+00 
1.381072e+00 
1.381072e+00 
1.381072e+00 
1.381072e+00 
1.381072e+00 
1.381072e+00 
1.381072e+00 
1.381072e+00 
1.381072e+00 
1.381072e+00 
1.381072e+00 
1.381072e+00 
1.277786e+00 
1.277786e+00 
9.753807e-01 
9.753807e-01 
9.753807e-01 
9.753807e-01 
9.753807e-01 
9.753807e-01 
9.753807e-01 
9.753807e-01 
9.753807e-01 
9.753807e-01 
8.945753e-01 
8.945753e-01 
8.808606e-01 
8.808606e-01 
8.270468e-01 
8.270468e-01 
8.270468e-01 
8.270468e-01 
6.136105e-01 
6.136105e-01 
4.719241e-01 
4.719241e-01 
4.719241e-01 
4.719241e-01 
4.719241e-01 
4.719241e-01 
4.719241e-01 
4.719241e-01 
4.719241e-01 
4.719241e-01 
4.719241e-01 
4.719241e-01 
4.719241e-01 
4.719241e-01 
4.719241e-01 
4.719241e-01 
4.719241e-01 
4.719241e-01 
4.719241e-01 
4.719241e-01 
4.719241e-01 
4.719241e-01 
4.719241e-01 
4.719241e-01 
4.719241e-01 
4.719241e-01 
4.719241e-01 
4.719241e-01 
4.719241e-01 
4.719241e-01 
4.719241e-01 
4.719241e-01 
4.719241e-01 
4.719241e-01 
4.719241e-01 
4.719241e-01 
4.719241e-01 
4.719241e-01 
4.719241e-01 
4.719241e-01 
4.719241e-01 
4.719241e-01 
4.719241e-01 
4.719241e-01 
4.719241e-01 
4.719241e-01 
4.719241e-01 
4.719241e-01 
4.719241e-01 
4.719241e-01 
4.719241e-01 
4.719241e-01 
4.714913e-01 
4.714913e-01 
4.714913e-01 
4.714913e-01 
4.491766e-01 
4.336334e-01 
4.336334e-01 
4.336334e-01 
3.983894e-01 
3.983894e-01 
3.983894e-01 
3.651450e-01 
3.486616e-01 
3.486616e-01 
3.486616e-01 
3.486616e-01 
3.486616e-01 
3.486616e-01 
3.486616e-01 
3.451609e-01 
3.439997e-01 
3.439997e-01 
3.439997e-01 
3.439997e-01 
3.388847e-01 
3.355690e-01 
3.336830e-01 
3.325904e-01 
3.319440e-01 
3.315525e-01 
3.313095e-01 
3.311548e-01 
3.310540e-01 
3.309869e-01 
3.309414e-01 
3.309100e-01 
3.308881e-01 
3.308726e-01 
3.308616e-01 
3.308537e-01 
3.308481e-01 
3.308440e-01 
3.308411e-01 
3.308389e-01 
3.308374e-01 
3.308363e-01 
3.308355e-01 
3.308349e-01 
3.308344e-01 
3.308341e-01 
3.308339e-01 
3.308337e-01 
3.308336e-01 
3.308335e-01 
3.308335e-01 
3.308334e-01 
3.308334e-01 
3.308334e-01 
3.308334e-01 
3.308333e-01 
3.308333e-01 
3.308333e-01 
3.308333e-01 
3.308333e-01 
3.308333e-01 
3.308333e-01 
3.308333e-01 
3.308333e-01 
3.308333e-01 
3.308333e-01 
3.308333e-01 
3.308333e-01 
3.308333e-01 
3.308333e-01 
3.308333e-01 
3.308333e-01 
3.308333e-01 
3.308333e-01 
3.308333e-01 
3.308333e-01 
3.308333e-01 
3.308333e-01 
3.308333e-01 
3.308333e-01 
3.308333e-01 
3.308333e-01 
3.308333e-01 
3.308333e-01 
3.308333e-01 
2.537472e-01 
2.537472e-01 
2.537472e-01 
2.315566e-01 
2.315566e-01 
2.315566e-01 
2.315566e-01 
2.315566e-01 
2.315566e-01 
2.315566e-01 
2.315566e-01 
2.315566e-01 
2.315566e-01 
2.315566e-01 
2.315566e-01 
2.315566e-01 
2.285137e-01 
2.211905e-01 
2.185853e-01 
2.181169e-01 
2.181169e-01 
2.158060e-01 
2.158060e-01 
2.158060e-01 
2.146353e-01 
2.146353e-01 
2.146353e-01 
2.146353e-01 
2.129196e-01 
2.106436e-01 
2.092763e-01 
2.084336e-01 
2.079007e-01 
1.977800e-01 
1.977800e-01 
1.977800e-01 
1.977800e-01 
1.936797e-01 
1.927101e-01 
1.900693e-01 
1.890492e-01 
1.890492e-01 
1.890492e-01 
1.828143e-01 
1.828143e-01 
1.828143e-01 
1.828143e-01 
1.828143e-01 
1.828143e-01 
1.397841e-01 
1.397841e-01 
1.397841e-01 
1.397841e-01 
1.397841e-01 
1.158919e-01 
1.158919e-01 
1.158919e-01 
1.158919e-01 
1.158919e-01 
1.158919e-01 
1.158919e-01 
1.158919e-01 
1.158919e-01 
1.158919e-01 
1.158919e-01 
1.158919e-01 
1.158919e-01 
1.158919e-01 
1.158919e-01 
1.158919e-01 
1.158919e-01 
1.158919e-01 
1.158919e-01 
1.158919e-01 
1.158919e-01 
8.241461e-02 
8.241461e-02 
8.241461e-02 
8.241461e-02 
8.241461e-02 
8.241461e-02 
8.241461e-02 
8.241461e-02 
8.241461e-02 
8.241461e-02 
8.241461e-02 
8.241461e-02 
8.022146e-02 
8.022146e-02 
6.170837e-02 
6.170837e-02 
6.098521e-02 
6.098521e-02 
5.935954e-02 
5.935954e-02 
5.392443e-02 
5.392443e-02 
5.392443e-02 
5.392443e-02 
5.294817e-02 
4.643613e-02 
4.375843e-02 
3.017072e-02 
2.835590e-02 
2.835590e-02 
2.835590e-02 
2.835590e-02 
2.304033e-02 
2.304033e-02 
2.304033e-02 
2.081129e-02 
1.913341e-02 
1.913341e-02 
1.913341e-02 
1.913341e-02 
1.913341e-02 
1.913341e-02 
1.873027e-02 
1.873027e-02 
1.873027e-02 
1.796752e-02 
1.787752e-02 
9.859262e-03 
7.680207e-03 
7.680207e-03 
7.680207e-03 
7.299260e-03 
7.271847e-03 
7.271847e-03 
7.271847e-03 
7.271847e-03 
7.271847e-03 
7.271847e-03 
7.271847e-03 
5.841305e-03 
5.841305e-03 
5.841305e-03 
5.841305e-03 
5.841305e-03 
5.841305e-03 
5.841305e-03 
5.627419e-03 
5.627419e-03 
5.627419e-03 
5.627419e-03 
5.617506e-03 
3.663037e-03 
2.979643e-03 
2.979643e-03 
2.979643e-03 
2.979643e-03 
2.979643e-03 
2.979643e-03 
2.979643e-03 
2.979643e-03 
2.979643e-03 
2.979643e-03 
2.979643e-03 
2.979643e-03 
2.979643e-03 
2.979643e-03 
2.979643e-03 
2.979643e-03 
2.785576e-03 
2.785576e-03 
2.785576e-03 
2.785576e-03 
2.785576e-03 
2.785576e-03 
2.785576e-03 
2.785576e-03 
2.785576e-03 
2.095270e-03 
2.095270e-03 
2.095270e-03 
2.095270e-03 
1.811119e-03 
1.690166e-03 
1.690166e-03 
1.690166e-03 
1.097044e-03 
1.097044e-03 
1.097044e-03 
1.097044e-03 
1.097044e-03 
1.097044e-03 
1.097044e-03 
1.097044e-03 
1.097044e-03 
1.097044e-03 
1.097044e-03 
1.097044e-03 
1.097044e-03 
1.097044e-03 
1.097044e-03 
1.097044e-03 
1.097044e-03 
1.097044e-03 
1.097044e-03 
1.097044e-03 
1.097044e-03 
1.097044e-03 
7.625302e-04 
7.625302e-04 
6.456970e-04 
6.456970e-04 
6.456970e-04 
6.456970e-04 
6.456970e-04 
6.456970e-04 
6.456970e-04 
5.780268e-04 
5.780268e-04 
5.780268e-04 
5.780268e-04 
5.780268e-04 
5.780268e-04 
5.780268e-04 
5.780268e-04 
5.780268e-04 
5.780268e-04 
5.780268e-04 
5.780268e-04 
5.780268e-04 
5.780268e-04 
5.780268e-04 
5.780268e-04 
5.780268e-04 
5.780268e-04 
5.221661e-04 
5.221661e-04 
5.221661e-04 
5.221661e-04 
5.221661e-04 
5.221661e-04 
5.221661e-04 
5.221661e-04 
4.529122e-04 
4.243641e-04 
4.125671e-04 
4.125671e-04 
4.125671e-04 
4.125671e-04 
4.125671e-04 
4.125671e-04 
3.836138e-04 
3.836138e-04 
3.836138e-04 
3.836138e-04 
3.836138e-04 
3.836138e-04 
3.479566e-04 
3.479566e-04 
3.479566e-04 
3.479566e-04 
3.479566e-04 
3.479566e-04 
3.479566e-04 
3.479566e-04 
3.479566e-04 
3.479566e-04 
3.479566e-04 
3.479566e-04 
3.368236e-04 
3.368236e-04 
3.368236e-04 
3.368236e-04 
3.035169e-04 
2.979753e-04 
2.979753e-04 
2.979753e-04 
2.940250e-04 
2.940250e-04 
2.940250e-04 
2.908799e-04 
2.806992e-04 
2.741237e-04 
2.697837e-04 
2.668673e-04 
2.648791e-04 
2.635086e-04 
2.625560e-04 
2.618895e-04 
2.614212e-04 
2.610910e-04 
2.608576e-04 
2.606924e-04 
2.605752e-04 
2.604922e-04 
2.604332e-04 
2.470457e-04 
2.470457e-04 
2.470457e-04 
2.080115e-04 
2.080115e-04 
1.971070e-04 
1.971070e-04 
1.971070e-04 
1.971070e-04 
1.971070e-04 
1.971070e-04 
1.971070e-04 
1.971070e-04 
1.726830e-04 
1.726830e-04 
1.726830e-04 
1.726830e-04 
1.726830e-04 
1.726830e-04 
1.726830e-04 
1.726830e-04 
1.501303e-04 
1.501303e-04 
1.501303e-04 
1.501303e-04 
1.501303e-04 
1.501303e-04 
1.501303e-04 
1.501303e-04 
1.501303e-04 
1.501303e-04 
1.386738e-04 
1.386738e-04 
1.213582e-04 
1.213582e-04 
1.213582e-04 
1.213582e-04 
1.213582e-04 
1.213582e-04 
1.213582e-04 
1.213582e-04 
1.213582e-04 
1.213582e-04 
1.204678e-04 
1.168266e-04 
5.853934e-05 
5.853934e-05 
5.608729e-05 
5.608729e-05 
5.608729e-05 
5.608729e-05 
5.608729e-05 
5.608729e-05 
5.608729e-05 
5.608729e-05 
5.608729e-05 
5.608729e-05 
5.608729e-05 
5.608729e-05 
5.608729e-05 
5.608729e-05 
4.561147e-05 
4.561147e-05 
4.561147e-05 
4.561147e-05 
4.557562e-05 
4.373572e-05 
2.436492e-05 
2.436492e-05 
2.436492e-05 
2.436492e-05 
2.436492e-05 
2.436492e-05 
2.436492e-05 
2.436492e-05 
2.316500e-05 
2.316500e-05 
2.316500e-05 
2.316500e-05 
2.316500e-05 
2.316500e-05 
2.316500e-05 
2.316500e-05 
2.263535e-05 
1.213935e-05 
1.213935e-05 
1.213935e-05 
1.213935e-05 
1.213935e-05 
1.213935e-05 
1.213935e-05 
1.213935e-05 
1.213935e-05 
1.213935e-05 
1.004578e-05 
1.004578e-05 
1.004578e-05 
1.004578e-05 
8.623516e-06 
8.623516e-06 
8.623516e-06 
8.623516e-06 
8.427245e-06 
8.427245e-06 
8.427245e-06 
8.427245e-06 
8.427245e-06 
8.427245e-06 
8.427245e-06 
8.427245e-06 
8.427245e-06 
8.427245e-06 
8.427245e-06 
8.427245e-06 
8.427245e-06 
8.427245e-06 
8.427245e-06 
8.322159e-06 
8.322159e-06 
8.322159e-06 
8.322159e-06 
8.322159e-06 
8.322159e-06 
8.322159e-06 
8.322159e-06 
8.322159e-06 
8.322159e-06 
8.322159e-06 
8.322159e-06 
8.322159e-06 
8.322159e-06 
8.322159e-06 
8.322159e-06 
8.322159e-06 
8.168275e-06 
8.168275e-06 
8.168275e-06 
8.168275e-06 
8.168275e-06 
8.168275e-06 
8.168275e-06 
6.878236e-06 
6.878236e-06 
6.878236e-06 
6.878236e-06 
6.878236e-06 
6.878236e-06 
6.878236e-06 
6.696889e-06 
6.696889e-06 
6.696889e-06 
6.496494e-06 
6.420447e-06 
6.400603e-06 
6.400603e-06 
6.363275e-06 
6.353911e-06 
5.850202e-06 
5.850202e-06 
5.361962e-06 
5.361962e-06 
5.361962e-06 
5.361962e-06 
5.361962e-06 
5.361962e-06 
4.535009e-06 
4.535009e-06 
4.535009e-06 
4.535009e-06 
4.535009e-06 
4.535009e-06 
4.319870e-06 
4.319870e-06 
4.319870e-06 
4.319870e-06 
4.319870e-06 
4.319870e-06 
4.319870e-06 
3.554098e-06 
3.554098e-06 
3.538764e-06 
3.538764e-06 
3.538764e-06 
3.359552e-06 
3.359552e-06 
3.359552e-06 
3.359552e-06 
3.359552e-06 
3.239955e-06 
3.239955e-06 
3.239955e-06 
3.239955e-06 
2.838233e-06 
2.838233e-06 
2.838233e-06 
2.646645e-06 
2.642424e-06 
2.642424e-06 
2.349196e-06 
2.175620e-06 
2.132361e-06 
2.132361e-06 
2.132361e-06 
2.124882e-06 
2.124882e-06 
2.124882e-06 
2.124882e-06 
1.027276e-06 
1.027276e-06 
1.027276e-06 
1.027276e-06 
1.027276e-06 
1.027276e-06 
1.027276e-06 
1.027276e-06 
1.027276e-06 
1.027276e-06 
1.027276e-06 
1.027276e-06 
1.027276e-06 
1.027276e-06 
1.027276e-06 
1.027276e-06 
1.027276e-06 
1.027276e-06 
1.027276e-06 
1.027276e-06 
1.027276e-06 
9.385115e-07 
9.385115e-07 
9.385115e-07 
9.385115e-07 
9.385115e-07 
9.122239e-07 
9.122239e-07 
9.122239e-07 
9.122239e-07 
8.844416e-07 
8.844416e-07 
8.844416e-07 
8.844416e-07 
8.844416e-07 
8.844416e-07 
8.844416e-07 
8.790079e-07 
8.750678e-07 
8.726108e-07 
8.710386e-07 
8.700105e-07 
8.693270e-07 
8.688664e-07 
8.685528e-07 
8.683380e-07 
8.681900e-07 
8.680875e-07 
8.680162e-07 
8.679667e-07 
8.679322e-07 
8.679085e-07 
8.539428e-07 
7.789159e-07 
7.588472e-07 
7.200056e-07 
7.200056e-07 
7.200056e-07 
7.200056e-07 
6.127061e-07 
6.127061e-07 
5.502105e-07 
5.497092e-07 
5.497092e-07 
5.497092e-07 
5.497092e-07 
5.415815e-07 
5.415815e-07 
5.415815e-07 
5.286017e-07 
5.233751e-07 
5.233751e-07 
5.233751e-07 
5.233751e-07 
5.233751e-07 
5.233751e-07 
5.233751e-07 
5.228670e-07 
5.196224e-07 
5.176100e-07 
5.163283e-07 
5.154939e-07 
5.149409e-07 
5.145698e-07 
5.143178e-07 
5.141454e-07 
5.140272e-07 
5.139455e-07 
5.138888e-07 
5.138497e-07 
5.138229e-07 
5.138038e-07 
5.137907e-07 
5.137817e-07 
5.137753e-07 
5.137710e-07 
5.137679e-07 
5.137659e-07 
5.137644e-07 
5.137631e-07 
5.137627e-07 
5.137621e-07 
5.137616e-07 
5.137614e-07 
5.137610e-07 
5.137610e-07 
5.137610e-07 
5.137610e-07 
5.137610e-07 
5.137609e-07 
5.137609e-07 
5.137609e-07 
5.137609e-07 
2.743733e-07 
2.743733e-07 
2.743733e-07 
2.130614e-07 
2.130614e-07 
2.130614e-07 
1.613512e-07 
1.613512e-07 
1.327136e-07 
1.327136e-07 
1.327136e-07 
1.327136e-07 
1.327136e-07 
1.327136e-07 
1.327136e-07 
1.327136e-07 
1.327136e-07 
1.327136e-07 
1.327136e-07 
1.327136e-07 
1.327136e-07 
1.327136e-07 
1.327136e-07 
1.327136e-07 
1.327136e-07 
1.327136e-07 
1.184456e-07 
1.184456e-07 
1.184456e-07 
1.184456e-07 
1.184456e-07 
1.184456e-07 
1.184456e-07 
1.133349e-07 
1.133349e-07 
1.026601e-07 
1.026601e-07 
7.789115e-08 
7.789115e-08 
7.789115e-08 
7.789115e-08 
7.789115e-08 
7.789115e-08 
7.789115e-08 
7.789115e-08 
7.644387e-08 
7.644387e-08 
7.644387e-08 
7.644387e-08 
7.644387e-08 
7.644387e-08 
7.020580e-08 
7.020580e-08 
7.020580e-08 
7.020580e-08 
7.020580e-08 
7.020580e-08 
7.020580e-08 
7.020580e-08 
7.020580e-08 
7.020580e-08 
7.020580e-08 
3.649219e-08 
3.649219e-08 
3.649219e-08 
3.649219e-08 
3.649219e-08 
3.649219e-08 
2.533517e-08 
2.113929e-08 
2.113929e-08 
2.113929e-08 
2.113929e-08 
2.074068e-08 
2.074068e-08 
1.785777e-08 
1.617984e-08 
1.553034e-08 
1.532562e-08 
1.530004e-08 
1.530004e-08 
1.522672e-08 
1.522672e-08 
1.522672e-08 
1.521088e-08 
1.521088e-08 
1.519496e-08 
1.519496e-08 
1.519496e-08 
1.518609e-08 
1.518609e-08 
1.518609e-08 
1.518609e-08 
1.494372e-08 
1.494372e-08 
1.494372e-08 
1.352057e-08 
1.033088e-08 
1.033088e-08 
1.033088e-08 
1.033088e-08 
1.033088e-08 
1.033088e-08 
1.033088e-08 
1.033088e-08 
9.889792e-09 
9.889792e-09 
9.889792e-09 
9.889792e-09 
9.641119e-09 
9.641119e-09 
9.641119e-09 
8.752470e-09 
4.618241e-09 
4.618241e-09 
4.618241e-09 
4.618241e-09 
4.618241e-09 
4.618241e-09 
4.618241e-09 
4.618241e-09 
4.618241e-09 
4.618241e-09 
4.618241e-09 
3.975446e-09 
3.975446e-09 
3.975446e-09 
3.975446e-09 
3.975446e-09 
3.975446e-09 
3.975446e-09 
3.975446e-09 
3.975446e-09 
3.791871e-09 
3.791871e-09 
3.791871e-09 
3.791871e-09 
3.791871e-09 
3.791871e-09 
3.782470e-09 
3.782470e-09 
3.782470e-09 
3.782470e-09 
3.459724e-09 
3.459724e-09 
3.459724e-09 
2.653015e-09 
2.653015e-09 
2.653015e-09 
2.653015e-09 
2.653015e-09 
2.653015e-09 
2.653015e-09 
2.653015e-09 
2.653015e-09 
2.653015e-09 
2.653015e-09 
2.587261e-09 
2.587261e-09 
2.541588e-09 
2.338705e-09 
2.338705e-09 
2.338705e-09 
2.338705e-09 
2.338705e-09 
2.338705e-09 
2.338705e-09 
2.338705e-09 
2.338705e-09 
2.338705e-09 
2.177876e-09 
2.177876e-09 
2.177876e-09 
2.177876e-09 
2.177876e-09 
2.177876e-09 
2.177876e-09 
2.019296e-09 
2.019296e-09 
2.019296e-09 
1.889298e-09 
1.889298e-09 
1.889298e-09 
1.829513e-09 
1.829513e-09 
1.829513e-09 
1.829513e-09 
1.829513e-09 
1.829513e-09 
1.829513e-09 
1.829513e-09 
1.829513e-09 
1.829513e-09 
1.829513e-09 
1.777408e-09 
1.503852e-09 
1.503852e-09 
1.503852e-09 
1.503852e-09 
1.503852e-09 
1.503852e-09 
1.435235e-09 
1.401728e-09 
1.401728e-09 
1.401001e-09 
1.386006e-09 
9.891266e-10 
9.387907e-10 
9.387907e-10 
9.387907e-10 
9.387907e-10 
9.387907e-10 
9.387907e-10 
6.874320e-10 
6.874320e-10 
6.874320e-10 
6.874320e-10 
6.208904e-10 
3.004456e-10 
3.004456e-10 
3.004456e-10 
2.612412e-10 
2.612412e-10 
2.612412e-10 
2.612412e-10 
2.612412e-10 
2.612412e-10 
2.612412e-10 
2.612412e-10 
2.612412e-10 
2.612412e-10 
2.612412e-10 
2.612412e-10 
2.612412e-10 
2.612412e-10 
2.612412e-10 
2.612412e-10 
2.612412e-10 
2.612412e-10 
2.612412e-10 
2.612412e-10 
2.612412e-10 
2.612412e-10 
2.612412e-10 
2.467779e-10 
2.467779e-10 
2.467779e-10 
2.467779e-10 
2.467779e-10 
2.467779e-10 
2.467779e-10 
2.297766e-10 
2.297766e-10 
2.297766e-10 
2.297766e-10 
1.903477e-10 
1.903477e-10 
1.903477e-10 
1.903477e-10 
1.903477e-10 
1.903477e-10 
1.903477e-10 
1.903477e-10 
1.903477e-10 
1.903477e-10 
1.832952e-10 
1.832952e-10 
1.737916e-10 
1.315420e-10 
1.315420e-10 
1.315420e-10 
7.114006e-11 
7.114006e-11 
7.114006e-11 
7.114006e-11 
7.114006e-11 
7.114006e-11 
7.114006e-11 
7.114006e-11 
7.114006e-11 
7.114006e-11 
7.114006e-11 
7.114006e-11 
7.114006e-11 
7.114006e-11 
7.114006e-11 
7.114006e-11 
7.114006e-11 
7.114006e-11 
7.114006e-11 
7.114006e-11 
7.114006e-11 
7.114006e-11 
7.114006e-11 
7.114006e-11 
7.114006e-11 
7.114006e-11 
7.114006e-11 
7.114006e-11 
7.114006e-11 
7.114006e-11 
7.114006e-11 
6.686910e-11 
6.686910e-11 
6.596198e-11 
6.423684e-11 
6.423684e-11 
6.190522e-11 
6.190522e-11 
6.190522e-11 
6.175845e-11 
6.175845e-11 
6.162589e-11 
6.162589e-11 
6.162589e-11 
6.162589e-11 
6.162589e-11 
6.057103e-11 
6.057103e-11 
6.057103e-11 
6.057103e-11 
6.057103e-11 
6.057103e-11 
6.057103e-11 
5.923284e-11 
5.256610e-11 
5.256610e-11 
5.256610e-11 
5.107574e-11 
5.107574e-11 
4.492421e-11 
4.492421e-11 
4.492421e-11 
4.490682e-11 
4.490682e-11 
4.490682e-11 
4.131081e-11 
4.131081e-11 
3.522560e-11 
3.195089e-11 
3.195089e-11 
2.972659e-11 
2.972659e-11 
2.972659e-11 
2.972659e-11 
2.972659e-11 
2.972659e-11 
2.232947e-11 
2.232947e-11 
2.232947e-11 
2.232947e-11 
2.232947e-11 
1.896387e-11 
1.896387e-11 
9.798310e-12 
9.798310e-12 
9.798310e-12 
9.798310e-12 
9.798310e-12 
9.798310e-12 
9.798310e-12 
9.798310e-12 
9.798310e-12 
9.798310e-12 
9.798310e-12 
9.798310e-12 
8.304912e-12 
8.304912e-12 
8.304912e-12 
8.304912e-12 
8.304912e-12 
8.304912e-12 
8.304912e-12 
8.304912e-12 
6.244264e-12 
5.460965e-12 
5.460965e-12 
5.071129e-12 
5.071129e-12 
5.071129e-12 
5.071129e-12 
5.071129e-12 
5.071129e-12 
5.071129e-12 
5.071129e-12 
5.071129e-12 
5.071129e-12 
4.954407e-12 
4.954407e-12 
4.954407e-12 
4.954407e-12 
4.954407e-12 
4.954407e-12 
4.954407e-12 
4.954407e-12 
4.954407e-12 
4.954407e-12 
4.954407e-12 
4.954407e-12 
4.954407e-12 
4.954407e-12 
4.954407e-12 
4.954407e-12 
4.954407e-12 
4.954407e-12 
4.954407e-12 
4.954407e-12 
4.609942e-12 
4.558946e-12 
4.558946e-12 
4.558946e-12 
4.550804e-12 
4.550804e-12 
2.105353e-12 
2.105353e-12 
2.105353e-12 
1.654528e-12 
1.654528e-12 
1.654528e-12 
1.654528e-12 
1.546911e-12 
8.198627e-13 
8.198627e-13 
8.198627e-13 
8.198627e-13 
8.198627e-13 
7.795246e-13 
7.795246e-13 
7.454037e-13 
7.454037e-13 
7.454037e-13 
7.264559e-13 
7.264559e-13 
7.264559e-13 
7.264559e-13 
7.264559e-13 
7.231993e-13 
6.580662e-13 
6.580662e-13 
6.580662e-13 
6.580662e-13 
6.580662e-13 
6.580662e-13 
6.580662e-13 
6.580662e-13 
6.580662e-13 
6.580662e-13 
6.580662e-13 
6.580662e-13 
6.580662e-13 
6.580662e-13 
5.877521e-13 
5.877521e-13 
5.780561e-13 
5.780561e-13 
3.378779e-13 
3.378779e-13 
3.378779e-13 
3.378779e-13 
3.378779e-13 
3.378779e-13 
3.378779e-13 
3.378779e-13 
3.378779e-13 
3.378779e-13 
3.378779e-13 
3.378779e-13 
3.378779e-13 
3.378779e-13 
3.378779e-13 
3.378779e-13 
3.378779e-13 
3.378779e-13 
3.378779e-13 
3.378779e-13 
3.378779e-13 
3.378779e-13 
3.378779e-13 
3.378779e-13 
3.378779e-13 
3.378779e-13 
3.378779e-13 
3.378779e-13 
3.378779e-13 
3.378779e-13 
3.378779e-13 
3.378779e-13 
3.378779e-13 
3.378779e-13 
3.378779e-13 
3.378779e-13 
3.378779e-13 
3.378779e-13 
3.378779e-13 
3.378779e-13 
3.378779e-13 
3.378779e-13 
3.378779e-13 
3.378779e-13 
3.378779e-13 
3.378779e-13 
3.378779e-13 
3.378779e-13 
3.378779e-13 
3.378779e-13 
3.378779e-13 
3.378779e-13 
3.378779e-13 
3.378779e-13 
3.378779e-13 
3.378779e-13 
3.378779e-13 
3.378779e-13 
3.378779e-13 
3.378779e-13 
3.378779e-13 
3.378779e-13 
3.378779e-13 
3.378779e-13 
3.378779e-13 
3.378779e-13 
3.378779e-13 
3.378779e-13 
3.378779e-13 
3.378779e-13 
3.378779e-13 
1.607603e-13 
1.607603e-13 
1.607603e-13 
1.607603e-13 
1.607603e-13 
1.607603e-13 
1.607603e-13 
1.607603e-13 
1.607603e-13 
1.607603e-13 
1.607603e-13 
1.607603e-13 
1.607603e-13 
1.607603e-13 
1.607603e-13 
1.607603e-13 
1.607603e-13 
1.607603e-13 
1.607603e-13 
1.607603e-13 
1.607603e-13 
1.607603e-13 
1.607603e-13 
1.607603e-13 
1.607603e-13 
1.607603e-13 
1.607603e-13 
1.607603e-13 
1.607603e-13 
1.607603e-13 
1.607603e-13 
1.607603e-13 
1.607603e-13 
1.474376e-13 
1.474376e-13 
1.346330e-13 
9.096427e-14 
8.652338e-14 
8.652338e-14 
8.652338e-14 
8.652338e-14 
8.652338e-14 
8.652338e-14 
8.652338e-14 
8.652338e-14 
8.652338e-14 
5.040413e-14 
5.040413e-14 
5.040413e-14 
5.040413e-14 
5.040413e-14 
5.040413e-14 
5.040413e-14 
5.040413e-14 
5.040413e-14 
5.040413e-14 
5.040413e-14 
5.040413e-14 
5.040413e-14 
5.040413e-14 
5.040413e-14 
5.040413e-14 
5.040413e-14 
5.040413e-14 
5.040413e-14 
5.040413e-14 
5.040413e-14 
5.040413e-14 
5.040413e-14 
5.040413e-14 
5.040413e-14 
5.040413e-14 
5.040413e-14 
5.040413e-14 
5.040413e-14 
5.040413e-14 
5.040413e-14 
5.040413e-14 
5.040413e-14 
5.040413e-14 
5.040413e-14 
5.040413e-14 
5.040413e-14 
5.040413e-14 
5.040413e-14 
5.040413e-14 
5.040413e-14 
5.040413e-14 
5.040413e-14 
5.040413e-14 
5.040413e-14 
5.040413e-14 
5.040413e-14 
5.040413e-14 
5.040413e-14 
2.686740e-14 
2.686740e-14 
2.686740e-14 
2.686740e-14 
2.686740e-14 
2.686740e-14 
2.686740e-14 
2.686740e-14 
2.686740e-14 
2.686740e-14 
2.686740e-14 
2.686740e-14 
2.686740e-14 
2.686740e-14 
2.686740e-14 
2.686740e-14 
2.686740e-14 
2.686740e-14 
2.686740e-14 
2.686740e-14 
2.686740e-14 
2.686740e-14 
2.686740e-14 
2.686740e-14 
2.686740e-14 
2.686740e-14 
2.686740e-14 
2.686740e-14 
2.686740e-14 
2.686740e-14 
2.686740e-14 
2.686740e-14 
2.686740e-14 
2.686740e-14 
2.686740e-14 
2.686740e-14 
2.686740e-14 
2.686740e-14 
2.686740e-14 
2.686740e-14 
2.686740e-14 
1.961394e-14 
1.961394e-14 
1.961394e-14 
1.961394e-14 
1.961394e-14 
1.961394e-14 
1.961394e-14 
1.924387e-14 
1.924387e-14 
1.073216e-14 
1.073216e-14 
1.073216e-14 
1.073216e-14 
1.073216e-14 
1.073216e-14 
1.073216e-14 
1.073216e-14 
1.073216e-14 
1.073216e-14 
1.073216e-14 
1.073216e-14 
1.073216e-14 
1.073216e-14 
1.073216e-14 
1.073216e-14 
1.073216e-14 
1.073216e-14 
1.073216e-14 
1.073216e-14 
1.073216e-14 
1.073216e-14 
1.073216e-14 
1.073216e-14 
1.036208e-14 
1.036208e-14 
1.036208e-14 
1.036208e-14 
1.036208e-14 
1.036208e-14 
1.036208e-14 
1.036208e-14 
1.036208e-14 
1.036208e-14 
1.036208e-14 
1.036208e-14 
1.036208e-14 
1.036208e-14 
1.036208e-14 
1.036208e-14 
1.036208e-14 
1.036208e-14 
1.036208e-14 
1.036208e-14 
1.036208e-14 
1.036208e-14 
1.036208e-14 
8.881784e-15 
8.881784e-15 
8.881784e-15 
8.881784e-15 
8.881784e-15 
8.881784e-15 
8.881784e-15 
8.881784e-15 
8.881784e-15 
8.881784e-15 
8.881784e-15 
8.881784e-15 
8.881784e-15 
8.881784e-15 
4.070818e-15 
4.070818e-15 
4.070818e-15 
4.070818e-15 
4.070818e-15 
4.070818e-15 
4.070818e-15 
4.070818e-15 
4.070818e-15 
4.070818e-15 
4.070818e-15 
4.070818e-15 
4.070818e-15 
4.070818e-15 
4.070818e-15 
4.070818e-15 
4.070818e-15 
4.070818e-15 
4.070818e-15 
4.070818e-15 
4.070818e-15 
4.070818e-15 
4.070818e-15 
4.070818e-15 
4.070818e-15 
4.070818e-15 
4.070818e-15 
4.070818e-15 
4.070818e-15 
4.070818e-15 
4.070818e-15 
4.070818e-15 
4.070818e-15 
4.070818e-15 
4.070818e-15 
3.700743e-15 
3.700743e-15 
3.700743e-15 
3.700743e-15 
3.700743e-15 
3.700743e-15 
3.700743e-15 
3.700743e-15 
3.700743e-15 
3.700743e-15 
3.700743e-15 
3.700743e-15 
3.700743e-15 
3.700743e-15 
3.700743e-15 
3.700743e-15 
3.700743e-15 
3.700743e-15 
3.700743e-15 
2.590520e-15 
2.590520e-15 
2.590520e-15 
2.590520e-15 
2.590520e-15 
2.590520e-15 
2.590520e-15 
2.590520e-15 
2.590520e-15 
2.590520e-15 
2.590520e-15 
2.590520e-15 
1.850372e-15 
1.850372e-15 
1.850372e-15 
1.850372e-15 
1.850372e-15 
1.850372e-15 
1.850372e-15 
1.850372e-15 
1.850372e-15 
1.850372e-15 
1.850372e-15 
1.850372e-15 
1.850372e-15 
1.850372e-15 
1.850372e-15 
1.850372e-15 
1.850372e-15 
1.850372e-15 
1.850372e-15 
1.850372e-15 
1.850372e-15 
1.850372e-15 
1.850372e-15 
1.850372e-15 
1.850372e-15 
1.850372e-15 
1.850372e-15 
1.850372e-15 
1.850372e-15 
1.850372e-15 
1.850372e-15 
1.850372e-15 
1.850372e-15 
1.850372e-15 
1.850372e-15 
1.850372e-15 
1.850372e-15 
1.850372e-15 
1.850372e-15 
1.850372e-15 
1.850372e-15 
1.850372e-15 
1.850372e-15 
1.850372e-15 
1.850372e-15 
1.850372e-15 
1.850372e-15 
1.850372e-15 
1.850372e-15 
1.850372e-15 
1.850372e-15 
1.850372e-15 
1.850372e-15 
1.850372e-15 
1.850372e-15 
1.850372e-15 
1.850372e-15 
1.850372e-15 
1.850372e-15 
1.850372e-15 
1.850372e-15 
1.850372e-15 
1.850372e-15 
1.850372e-15 
1.850372e-15 
1.850372e-15 
1.850372e-15 
1.850372e-15 
1.850372e-15 
1.850372e-15 
1.850372e-15 
1.850372e-15 
1.850372e-15 
1.850372e-15 
1.850372e-15 
1.850372e-15 
1.850372e-15 
1.850372e-15 
1.850372e-15 
1.850372e-15 
1.480297e-15 
1.480297e-15 
1.480297e-15 
1.480297e-15 
1.480297e-15 
1.480297e-15 
1.480297e-15 
1.480297e-15 
1.110223e-15 
1.110223e-15 
1.110223e-15 
1.110223e-15 
1.110223e-15 
1.110223e-15 
1.110223e-15 
1.110223e-15 
1.110223e-15 
1.110223e-15 
1.110223e-15 
1.110223e-15 
1.110223e-15 
1.110223e-15 
1.110223e-15 
1.110223e-15 
1.110223e-15 
1.110223e-15 
1.110223e-15 
1.110223e-15 
1.110223e-15 
1.110223e-15 
1.110223e-15 
1.110223e-15 
1.110223e-15 
1.110223e-15 
1.110223e-15 
1.110223e-15 
1.110223e-15 
1.110223e-15 
1.110223e-15 
1.110223e-15 
1.110223e-15 
1.110223e-15 
1.110223e-15 
1.110223e-15 
1.110223e-15 
1.110223e-15 
1.110223e-15 
1.110223e-15 
1.110223e-15 
1.110223e-15 
1.110223e-15 
1.110223e-15 
1.110223e-15 
1.110223e-15 
1.110223e-15 
1.110223e-15 
1.110223e-15 
1.110223e-15 
1.110223e-15 
1.110223e-15 
1.110223e-15 
1.110223e-15 
1.110223e-15 
1.110223e-15 
1.110223e-15 
1.110223e-15 
1.110223e-15 
1.110223e-15 
1.110223e-15 
1.110223e-15 
1.110223e-15 
1.110223e-15 
1.110223e-15 
1.110223e-15 
1.110223e-15 
1.110223e-15 
1.110223e-15 
1.110223e-15 
1.110223e-15 
1.110223e-15 
1.110223e-15 
1.110223e-15 
1.110223e-15 
1.110223e-15 
1.110223e-15 
1.110223e-15 
1.110223e-15 
1.110223e-15 
1.110223e-15 
1.110223e-15 
1.110223e-15 
1.110223e-15 
1.110223e-15 
1.110223e-15 
1.110223e-15 
1.110223e-15 
1.110223e-15 
1.110223e-15 
7.401487e-16 
7.401487e-16 
7.401487e-16 
7.401487e-16 
7.401487e-16 
7.401487e-16 
7.401487e-16 
7.401487e-16 
7.401487e-16 
7.401487e-16 
7.401487e-16 
7.401487e-16 
7.401487e-16 
7.401487e-16 
7.401487e-16 
7.401487e-16 
7.401487e-16 
7.401487e-16 
7.401487e-16 
7.401487e-16 
7.401487e-16 
7.401487e-16 
7.401487e-16 
7.401487e-16 
7.401487e-16 
7.401487e-16 
7.401487e-16 
7.401487e-16 
7.401487e-16 
7.401487e-16 
7.401487e-16 
7.401487e-16 
7.401487e-16 
7.401487e-16 
7.401487e-16 
7.401487e-16 
7.401487e-16 
7.401487e-16 
7.401487e-16 
7.401487e-16 
7.401487e-16 
7.401487e-16 
7.401487e-16 
3.700743e-16 
3.700743e-16 
3.700743e-16 
3.700743e-16 
3.700743e-16 
3.700743e-16 
3.700743e-16 
3.700743e-16 
3.700743e-16 
3.700743e-16 
3.700743e-16 
3.700743e-16 
3.700743e-16 
3.700743e-16 
3.700743e-16 
3.700743e-16 
3.700743e-16 
3.700743e-16 
3.700743e-16 
3.700743e-16 
3.700743e-16 
3.700743e-16 
3.700743e-16 
3.700743e-16 
3.700743e-16 
3.700743e-16 
3.700743e-16 
3.700743e-16 
3.700743e-16 
3.700743e-16 
3.700743e-16 
3.700743e-16 
3.700743e-16 
3.700743e-16 
3.700743e-16 
3.700743e-16 
3.700743e-16 
3.700743e-16 
3.700743e-16 
3.700743e-16 
3.700743e-16 
3.700743e-16 
3.700743e-16 
0 
0 
0 
0 
0 
0 
0 
0 
0 
0 
0 
0 
0 
0 
0 
0 
0 
0 
0 
0 
0 
0 
0 
0 
0 
0 
0 
0 
0 
0 
0 
0 
0 
0 
0 
0 
0 
0 
0 
0 
0 
0 
0 
0 
0 
0 
0 
0 
0 
0 
0 
0 
0 
0 
0 
0 
0 
0 
0 
0 
0 
0 
0 
0 
0 
0 
0 
0 
0 
0 
0 
0 
0 
0 
0 
0 
0 
0 
0 
0 
0 
0 
0 
0 
0 
0 
0 
0 
0 
0 
0 
0 
0 
0 
0 
0 
0 
0 
0 
0 
0 
0 
0 
0 
0 
0 
0 
0 
0 
0 
0 
0 
0 
0 
0 
0 
0 
0 
0 
0 
0 
0 
0 
0 
0 
0 
0 
0 
0 
0 
0 
0 
0 
0 
0 
0 
0 
0 
0 
0 
0 
0 
0 
0 
0 
0 
0 
0 
0 
0 
0 
0 
0 
0 
0 
0 
0 
0 
0 
0 
0 
0 
0 
0 
0 
0 
0 
0 
0 
0 
0 
0 
0 
0 
0 
0 
0 
0 
0 
0 
0 
0 
0 
0 
0 
0 
0 
0 
0 
0 
0 
0 
0 
0 
0 
0 
0 
0 
0 
0 
0 
0 
0 
0 
0 
0 
0 
0 
0 
0 
0 
0 
0 
0 
0 
0 
0 
0 
0 
0 
0 
0 
0 
0 
0 
0 
0 
0 
0 
0 
0 
0 
0 
0 
0 
0 
0 
0 
0 
0 
0 
0 
0 
0 
0 
0 
0 
0 
0 
0 
0 
0 
0 
0 
0 
0 
0 
0 
0 
0 
0 
0 
0 
0 
0 
0 
0 
0 
0 
0 
0 
0 
0 
0 
0 
0 
0 
0 
0 
0 
0 
0 
0 
0 
0 
0 
0 
0 
0 
0 
0 
0 
0 
0 
0 
0 
0 
0 
0 
0 
0 
0 
0 
0 
0 
0 
0 
0 
0 
0 
0 
0 
0 
0 
0 
0 
0 
0 
0 
0 
0 
0 
0 
0 
0 
0 
0 
0 
0 
0 
0 
0 
0 
0 
0 
0 
0 
0 
0 
0 
0 
0 
0 
0 
0 
0 
0 
0 
0 
0 
0 
0 
0 
0 
0 
0 
0 
0 
0 
0 
0 
0 
0 
0 
0 
0 
0 
0 
0 
0 
0 
0 
0 
0 
0 
0 
0 
0 
0 
0 
0 
0 
0 
0 
0 
0 
0 
0 
0 
0 
0 
0 
0 
0 
0 
0 
0 
0 
0 
0 
0 
0 
0 
0 
0 
0 
0 
0 
0 
0 
0 
0 
0 
0 
0 
0 
0 
0 
0 
0 
0 
0 
0 
0 
0 
0 
0 
0 
0 
0 
0 
0 
0 
0 
0 
0 
0 
0 
0 
0 
0 
0 
0 
0 
0 
0 
0 
0 
0 
0 
0 
0 
0 
0 
0 
0 
0 
0 
0 
0 
0 
0 
0 
0 
0 
0 
0 
0 
0 
0 
0 
0 
0 
0 
0 
0 
0 
0 
0 
0 
0 
0 
0 
0 
0 
0 
0 
0 
0 
0 
0 
0 
0 
0 
0 
0 
0 
0 
0 
0 
0 
0 
0 
0 
0 
0 
0 
0 
0 
0 
0 
0 
0 
0 
0 
0 
0 
0 
0 
0 
0 
0 
0 
0 
0 
0 
0 
0 
0 
0 
0 
0 
0 
0 
0 
0 
0 
0 
0 
0 
0 
0 
0 
0 
0 
0 
0 
0 
0 
0 
0 
0 
0 
0 
0 
0 
0 
0 
0 
0 
0 
0 
0 
0 
0 
0 
0 
0 
0 
0 
0 
0 
0 
0 
0 
0 
0 
0 
0 
0 
0 
0 
0 
0 
0 
0 
0 
0 
0 
0 
0 
0 
0 
0 
0 
0 
0 
0 
0 
0 
0 
0 
0 
0 
0 
0 
0 
0 
0 
0 
0 
0 
0 
0 
0 
0 
0 
0 
0 
0 
0 
0 
0 
0 
0 
0 
0 
0 
0 
0 
0 
0 
0 
0 
0 
0 
0 
0 
0 
0 
0 
0 
0 
0 
0 
0 
0 
0 
0 
0 
0 
0 
0 
0 
0 
0 
0 
0 
0 
0 
0 
0 
0 
0 
0 
0 
0 
0 
0 
0 
0 
0 
0 
0 
0 
0 
0 
0 
0 
0 
0 
0 
0 
0 
0 
0 
0 
0 
0 
0 
0 
0 
0 
0 
0 
0 
0 
0 
0 
0 
0 
0 
0 
0 
0 
0 
0 
0 
0 
0 
0 
0 
0 
0 
0 
0 
0 
0 
0 
0 
0 
0 
0 
0 
0 
0 
0 
0 
0 
0 
0 
0 
0 
0 
0 
0 
0 
0 
0 
0 
0 
0 
0 
0 
0 
0 
0 
0 
0 
0 
0 
0 
0 
0 
0 
0 
0 
0 
0 
0 
0 
0 
0 
0 
0 
0 
0 
0 
0 
0 
0 
0 
0 
0 
0 
0 
0 
0 
0 
0 
0 
0 
0 
0 
0 
0 
0 
0 
0 
0 
0 
0 
0 
0 
0 
0 
0 
0 
0 
0 
0 
0 
0 
0 
0 
0 
0 
0 
0 
0 
0 
0 
0 
0 
0 
0 
0 
0 
0 
0 
0 
0 
0 
0 
0 
0 
0 
0 
0 
0 
0 
0 
0 
0 
0 
0 
0 
0 
0 
0 
0 
0 
0 
0 
0 
0 
0 
0 
0 
0 
0 
0 
0 
0 
0 
0 
0 
0 
0 
0 
0 
0 
0 
0 
0 
0 
0 
0 
0 
0 
0 
0 
0 
0 
0 
0 
0 
0 
0 
0 
0 
0 
0 
0 
0 
0 
0 
0 
0 
0 
0 
0 
0 
0 
0 
0 
0 
0 
0 
0 
0 
0 
0 
0 
0 
0 
0 
0 
0 
0 
0 
0 
0 
0 
0 
0 
0 
0 
0 
0 
0 
0 
0 
0 
0 
0 
0 
0 
0 
0 
0 
0 
0 
0 
0 
0 
0 
0 
0 
0 
0 
0 
0 
0 
0 
0 
0 
0 
0 
0 
0 
0 
0 
0 
0 
0 
0 
0 
0 
0 
0 
0 
0 
0 
0 
0 
0 
0 
0 
0 
0 
0 
0 
0 
0 
0 
0 
0 
0 
0 
0 
0 
0 
0 
0 
0 
0 
0 
0 
0 
0 
0 
0 
0 
0 
0 
0 
0 
0 
0 
0 
0 
0 
0 
0 
0 
0 
0 
0 
0 
0 
0 
0 
0 
0 
0 
0 
0 
0 
0 
0 
0 
0 
0 
0 
0 
0 
0 
0 
0 
0 
0 
0 
0 
0 
0 
0 
0 
0 
0 
0 
0 
0 
0 
0 
0 
0 
0 
0 
0 
0 
0 
0 
0 
0 
0 
0 
0 
0 
0 
0 
0 
0 
0 
0 
0 
0 
0 
0 
0 
0 
0 
0 
0 
0 
0 
0 
0 
0 
0 
0 
0 
0 
0 
0 
0 
0 
0 
0 
0 
0 
0 
0 
0 
0 
0 
0 
0 
0 
0 
0 
0 
0 
0 
0 
0 
0 
0 
0 
0 
0 
0 
0 
0 
0 
0 
0 
0 
0 
0 
0 
0 
0 
0 
0 
0 
0 
0 
0 
0 
0 
0 
0 
0 
0 
0 
0 
0 
0 
0 
0 
0 
0 
0 
0 
0 
0 
0 
0 
0 
0 
0 
0 
0 
0 
0 
0 
0 
0 
0 
0 
0 
0 
0 
0 
0 
0 
0 
0 
0 
0 
0 
0 
0 
0 
0 
0 
0 
0 
0 
0 
0 
0 
0 
0 
0 
0 
0 
0 
0 
0 
0 
0 
0 
0 
0 
0 
0 
0 
0 
0 
0 
0 
0 
0 
0 
0 
0 
0 
0 
0 
0 
0 
0 
0 
0 
0 
0 
0 
0 
0 
0 
0 
0 
0 
0 
0 
0 
0 
0 
0 
0 
0 
0 
0 
0 
0 
0 
0 
0 
0 
0 
0 
0 
0 
0 
0 
0 
0 
0 
0 
0 
0 
0 
0 
0 
0 
0 
0 
0 
0 
0 
0 
0 
0 
0 
0 
0 
0 
0 
0 
0 
0 
0 
0 
0 
0 
0 
0 
0 
0 
0 
0 
0 
0 
0 
0 
0 
0 
0 
0 
0 
0 
0 
0 
0 
0 
0 
0 
0 
0 
0 
0 
0 
0 
0 
0 
0 
0 
0 
0 
0 
0 
0 
0 
0 
0 
0 
0 
0 
0 
0 
0 
0 
0 
0 
0 
0 
0 
0 
0 
0 
0 
0 
0 
0 
0 
0 
0 
0 
0 
0 
0 
0 
0 
0 
0 
0 
0 
0 
0 
0 
0 
0 
0 
0 
0 
0 
0 
0 
0 
0 
0 
0 
0 
0 
0 
0 
0 
0 
0 
0 
0 
0 
0 
0 
0 
0 
0 
0 
0 
0 
0 
0 
0 
0 
0 
0 
0 
0 
0 
0 
0 
0 
0 
0 
0 
0 
0 
0 
0 
0 
0 
0 
0 
0 
0 
0 
0 
0 
0 
0 
0 
0 
0 
0 
0 
0 
0 
0 
0 
0 
0 
0 
0 
0 
0 
0 
0 
0 
0 
0 
0 
0 
0 
0 
0 
0 
0 
0 
0 
0 
0 
0 
0 
0 
0 
0 
0 
0 
0 
0 
0 
0 
0 
0 
0 
0 
0 
0 
0 
0 
0 
0 
0 
0 
0 
0 
0 
0 
0 
0 
0 
0 
0 
0 
0 
0 
0 
0 
0 
0 
0 
0 
0 
0 
0 
0 
0 
0 
0 
0 
0 
0 
0 
0 
0 
0 
0 
0 
0 
0 
0 
0 
0 
0 
0 
0 
0 
0 
0 
0 
0 
0 
0 
0 
0 
0 
0 
0 
0 
0 
0 
0 
0 
0 
0 
0 
0 
0 
0 
0 
0 
0 
0 
0 
0 
0 
0 
0 
0 
0 
0 
0 
0 
0 
0 
0 
0 
0 
0 
0 
0 
0 
0 
0 
0 
0 
0 
0 
0 
0 
0 
0 
0 
0 
0 
0 
0 
0 
0 
0 
0 
0 
0 
0 
0 
0 
0 
0 
0 
0 
0 
0 
0 
0 
0 
0 
0 
0 
0 
0 
0 
0 
0 
0 
0 
0 
0 
0 
0 
0 
0 
0 
0 
0 
0 
0 
0 
0 
0 
0 
0 
0 
0 
0 
0 
0 
0 
0 
0 
0 
0 
0 
0 
0 
0 
0 
0 
0 
0 
0 
0 
0 
0 
0 
0 
0 
0 
0 
0 
0 
0 
0 
0 
0 
0 
0 
0 
0 
0 
0 
0 
0 
0 
0 
0 
0 
0 
0 
0 
0 
0 
0 
0 
0 
0 
0 
0 
0 
0 
0 
0 
0 
0 
0 
0 
0 
0 
0 
0 
0 
0 
0 
0 
0 
0 
0 
0 
0 
0 
0 
0 
0 
0 
0 
0 
0 
0 
0 
0 
0 
0 
0 
0 
0 
0 
0 
0 
0 
0 
0 
0 
0 
0 
0 
0 
0 
0 
0 
0 
0 
0 
0 
0 
0 
0 
0 
0 
0 
0 
0 
0 
0 
0 
0 
0 
0 
0 
0 
0 
0 
0 
0 
0 
0 
0 
0 
0 
0 
0 
0 
0 
0 
0 
0 
0 
0 
0 
0 
0 
0 
0 
0 
0 
0 
0 
0 
0 
0 
0 
0 
0 
0 
0 
0 
0 
0 
0 
0 
0 
0 
0 
0 
0 
0 
0 
0 
0 
0 
0 
0 
0 
0 
0 
0 
0 
0 
0 
0 
0 
0 
0 
0 
0 
0 
0 
0 
0 
0 
0 
0 
0 
0 
0 
0 
0 
0 
0 
0 
0 
0 
0 
0 
0 
0 
0 
0 
0 
0 
0 
0 
0 
0 
0 
0 
0 
0 
0 
0 
0 
0 
0 
0 
0 
0 
0 
0 
0 
0 
0 
0 
0 
0 
0 
0 
0 
0 
0 
0 
0 
0 
0 
0 
0 
0 
0 
0 
0 
0 
0 
0 
0 
0 
0 
0 
0 
0 
0 
0 
0 
0 
0 
0 
0 
0 
0 
0 
0 
0 
0 
0 
0 
0 
0 
0 
0 
0 
0 
0 
0 
0 
0 
0 
0 
0 
0 
0 
0 
0 
0 
0 
0 
0 
0 
0 
0 
0 
0 
0 
0 
0 
0 
0 
0 
0 
0 
0 
0 
0 
0 
0 
0 
0 
0 
0 
0 
0 
0 
0 
0 
0 
0 
0 
0 
0 
0 
0 
0 
0 
0 
0 
0 
0 
0 
0 
0 
0 
0 
0 
0 
0 
0 
0 
0 
0 
0 
0 
0 
0 
0 
0 
0 
0 
0 
0 
0 
0 
0 
0 
0 
0 
0 
0 
0 
0 
0 
0 
0 
0 
0 
0 
0 
0 
0 
0 
0 
0 
0 
0 
0 
0 
0 
0 
0 
0 
0 
0 
0 
0 
0 
0 
0 
0 
0 
0 
0 
0 
0 
0 
0 
0 
0 
0 
0 
0 
0 
0 
0 
0 
0 
0 
0 
0 
0 
0 
0 
0 
0 
0 
0 
0 
0 
0 
0 
0 
0 
0 
0 
0 
0 
0 
0 
0 
0 
0 
0 
0 
0 
0 
0 
0 
0 
0 
0 
0 
0 
0 
0 
0 
0 
0 
0 
0 
0 
0 
0 
0 
0 
0 
0 
0 
0 
0 
0 
0 
0 
0 
0 
0 
0 
0 
0 
0 
0 
0 
0 
0 
0 
0 
0 
0 
0 
0 
0 
0 
0 
0 
0 
0 
0 
0 
0 
0 
0 
0 
0 
0 
0 
0 
0 
0 
0 
0 
0 
0 
0 
0 
0 
0 
0 
0 
0 
0 
0 
0 
0 
0 
0 
0 
0 
0 
0 
0 
0 
0 
0 
0 
0 
0 
0 
0 
0 
0 
0 
0 
0 
0 
0 
0 
0 
0 
0 
0 
0 
0 
0 
0 
0 
0 
0 
0 
0 
0 
0 
0 
0 
0 
0 
0 
0 
0 
0 
0 
0 
0 
0 
0 
0 
0 
0 
0 
0 
0 
0 
0 
0 
0 
0 
0 
0 
0 
0 
0 
0 
0 
0 
0 
0 
0 
0 
0 
0 
0 
0 
0 
0 
0 
0 
0 
0 
0 
0 
0 
0 
0 
0 
0 
0 
0 
0 
0 
0 
0 
0 
0 
0 
0 
0 
0 
0 
0 
0 
0 
0 
0 
0 
0 
0 
0 
0 
0 
0 
0 
0 
0 
0 
0 
0 
0 
0 
0 
0 
0 
0 
0 
0 
0 
0 
0 
0 
0 
0 
0 
0 
0 
0 
0 
0 
0 
0 
0 
0 
0 
0 
0 
0 
0 
0 
0 
0 
0 
0 
0 
0 
0 
0 
0 
0 
0 
0 
0 
0 
0 
0 
0 
0 
0 
0 
0 
0 
0 
0 
0 
0 
0 
0 
0 
0 
0 
0 
0 
0 
0 
0 
0 
0 
0 
0 
0 
0 
0 
0 
0 
0 
0 
0 
0 
0 
0 
0 
0 
0 
0 
0 
0 
0 
0 
0 
0 
0 
0 
0 
0 
0 
0 
0 
0 
0 
0 
0 
0 
0 
0 
0 
0 
0 
0 
0 
0 
0 
0 
0 
0 
0 
0 
0 
0 
0 
0 
0 
0 
0 
0 
0 
0 
0 
0 
0 
0 
0 
0 
0 
0 
0 
0 
0 
0 
0 
0 
0 
0 
0 
0 
0 
0 
0 
0 
0 
0 
0 
0 
0 
0 
0 
0 
0 
0 
0 
0 
0 
0 
0 
0 
0 
0 
0 
0 
0 
0 
0 
0 
0 
0 
0 
0 
0 
0 
0 
0 
0 
0 
0 
0 
0 
0 
0 
0 
0 
0 
0 
0 
0 
0 
0 
0 
0 
0 
0 
0 
0 
0 
0 
0 
0 
0 
0 
0 
0 
0 
0 
0 
0 
0 
0 
0 
0 
0 
0 
0 
0 
0 
0 
0 
0 
0 
0 
0 
0 
0 
0 
0 
0 
0 
0 
0 
0 
0 
0 
0 
0 
0 
0 
0 
0 
0 
0 
0 
0 
0 
0 
0 
0 
0 
0 
0 
0 
0 
0 
0 
0 
0 
0 
0 
0 
0 
0 
0 
0 
0 
0 
0 
0 
0 
0 
0 
0 
0 
0 
0 
0 
0 
0 
0 
0 
0 
0 
0 
0 
0 
0 
0 
0 
0 
0 
0 
0 
0 
0 
0 
0 
0 
0 
0 
0 
0 
0 
0 
0 
0 
0 
0 
0 
0 
0 
0 
0 
0 
0 
0 
0 
0 
0 
0 
0 
0 
0 
0 
0 
0 
0 
0 
0 
0 
0 
0 
0 
0 
0 
0 
0 
0 
0 
0 
0 
0 
0 
0 
0 
0 
0 
0 
0 
0 
0 
0 
0 
0 
0 
0 
0 
0 
0 
0 
0 
0 
0 
0 
0 
0 
0 
0 
0 
0 
0 
0 
0 
0 
0 
0 
0 
0 
0 
0 
0 
0 
0 
0 
0 
0 
0 
0 
0 
0 
0 
0 
0 
0 
0 
0 
0 
0 
0 
0 
0 
0 
0 
0 
0 
0 
0 
0 
0 
0 
0 
0 
0 
0 
0 
0 
0 
0 
0 
0 
0 
0 
0 
0 
0 
0 
0 
0 
0 
0 
0 
0 
0 
0 
0 
0 
0 
0 
0 
0 
0 
0 
0 
0 
0 
0 
0 
0 
0 
0 
0 
0 
0 
0 
0 
0 
0 
0 
0 
0 
0 
0 
0 
0 
0 
0 
0 
0 
0 
0 
0 
0 
0 
0 
0 
0 
0 
0 
0 
0 
0 
0 
0 
0 
0 
0 
0 
0 
0 
0 
0 
0 
0 
0 
0 
0 
0 
0 
0 
0 
0 
0 
0 
0 
0 
0 
0 
0 
0 
0 
0 
0 
0 
0 
0 
0 
0 
0 
0 
0 
0 
0 
0 
0 
0 
0 
0 
0 
0 
0 
0 
0 
0 
0 
0 
0 
0 
0 
0 
0 
0 
0 
0 
0 
0 
0 
0 
0 
0 
0 
0 
0 
0 
0 
0 
0 
0 
0 
0 
0 
0 
0 
0 
0 
0 
0 
0 
0 
0 
0 
0 
0 
0 
0 
0 
0 
0 
0 
0 
0 
0 
0 
0 
0 
0 
0 
0 
0 
0 
0 
0 
0 
0 
0 
0 
0 
0 
0 
0 
0 
0 
0 
0 
0 
0 
0 
0 
0 
0 
0 
0 
0 
0 
0 
0 
0 
0 
0 
0 
0 
0 
0 
0 
0 
0 
0 
0 
0 
0 
0 
0 
0 
0 
0 
0 
0 
0 
0 
0 
0 
0 
0 
0 
0 
0 
0 
0 
0 
0 
0 
0 
0 
0 
0 
0 
0 
0 
0 
0 
0 
0 
0 
0 
0 
0 
0 
0 
0 
0 
0 
0 
0 
0 
0 
0 
0 
0 
0 
0 
0 
0 
0 
0 
0 
0 
0 
0 
0 
0 
0 
0 
0 
0 
0 
0 
0 
0 
0 
0 
0 
0 
0 
0 
0 
0 
0 
0 
0 
0 
0 
0 
0 
0 
0 
0 
0 
0 
0 
0 
0 
0 
0 
0 
0 
0 
0 
0 
0 
0 
0 
0 
0 
0 
0 
0 
0 
0 
0 
0 
0 
0 
0 
0 
0 
0 
0 
0 
0 
0 
0 
0 
0 
0 
0 
0 
0 
0 
0 
0 
0 
0 
0 
0 
0 
0 
0 
0 
0 
0 
0 
0 
0 
0 
0 
0 
0 
0 
0 
0 
0 
0 
0 
0 
0 
0 
0 
0 
0 
0 
0 
0 
0 
0 
0 
0 
0 
0 
0 
0 
0 
0 
0 
0 
0 
0 
0 
0 
0 
0 
0 
0 
0 
0 
0 
0 
0 
0 
0 
0 
0 
0 
0 
0 
0 
0 
0 
0 
0 
0 
0 
0 
0 
0 
0 
0 
0 
0 
0 
0 
0 
0 
0 
0 
0 
0 
0 
0 
0 
0 
0 
0 
0 
0 
0 
0 
0 
0 
0 
0 
0 
0 
0 
0 
0 
0 
0 
0 
0 
0 
0 
0 
0 
0 
0 
0 
0 
0 
0 
0 
0 
0 
0 
0 
0 
0 
0 
0 
0 
0 
0 
0 
0 
0 
0 
0 
0 
0 
0 
0 
0 
0 
0 
0 
0 
0 
0 
0 
0 
0 
0 
0 
0 
0 
0 
0 
0 
0 
0 
0 
0 
0 
0 
0 
0 
0 
0 
0 
0 
0 
0 
0 
0 
0 
0 
0 
0 
0 
0 
0 
0 
0 
0 
0 
0 
0 
0 
0 
0 
0 
0 
0 
0 
0 
0 
0 
0 
0 
0 
0 
0 
0 
0 
0 
0 
0 
0 
0 
0 
0 
0 
0 
0 
0 
0 
0 
0 
0 
0 
0 
0 
0 
0 
0 
0 
0 
0 
0 
0 
0 
0 
0 
0 
0 
0 
0 
0 
0 
0 
0 
0 
0 
0 
0 
0 
0 
0 
0 
0 
0 
0 
0 
0 
0 
0 
0 
0 
0 
0 
0 
0 
0 
0 
0 
0 
0 
0 
0 
0 
0 
0 
0 
0 
0 
0 
0 
0 
0 
0 
0 
0 
0 
0 
0 
0 
0 
0 
0 
0 
0 
0 
0 
0 
0 
0 
0 
0 
0 
0 
0 
0 
0 
0 
0 
0 
0 
0 
0 
0 
0 
0 
0 
0 
0 
0 
0 
0 
0 
0 
0 
0 
0 
0 
0 
0 
0 
0 
0 
0 
0 
0 
0 
0 
0 
0 
0 
0 
0 
0 
0 
0 
0 
0 
0 
0 
0 
0 
0 
0 
0 
0 
0 
0 
0 
0 
0 
0 
0 
0 
0 
0 
0 
0 
0 
0 
0 
0 
0 
0 
0 
0 
0 
0 
0 
0 
0 
0 
0 
0 
0 
0 
0 
0 
0 
0 
0 
0 
0 
0 
0 
0 
0 
0 
0 
0 
0 
0 
0 
0 
0 
0 
0 
0 
0 
0 
0 
0 
0 
0 
0 
0 
0 
0 
0 
0 
0 
0 
0 
0 
0 
0 
0 
0 
0 
0 
0 
0 
0 
0 
0 
0 
0 
0 
0 
0 
0 
0 
0 
0 
0 
0 
0 
0 
0 
0 
0 
0 
0 
0 
0 
0 
0 
0 
0 
0 
0 
0 
0 
0 
0 
0 
0 
0 
0 
0 
0 
0 
0 
0 
0 
0 
0 
0 
0 
0 
0 
0 
0 
0 
0 
0 
0 
0 
0 
0 
0 
0 
0 
0 
0 
0 
0 
0 
0 
0 
0 
0 
0 
0 
0 
0 
0 
0 
0 
0 
0 
0 
0 
0 
0 
0 
0 
0 
0 
0 
0 
0 
0 
0 
0 
0 
0 
0 
0 
0 
0 
0 
0 
0 
0 
0 
0 
0 
0 
0 
0 
0 
0 
0 
0 
0 
0 
0 
0 
0 
0 
0 
0 
0 
0 
0 
0 
0 
0 
0 
0 
0 
0 
0 
0 
0 
0 
0 
0 
0 
0 
0 
0 
0 
0 
0 
0 
0 
0 
0 
0 
0 
0 
0 
0 
0 
0 
0 
0 
0 
0 
0 
0 
0 
0 
0 
0 
0 
0 
0 
0 
0 
0 
0 
0 
0 
0 
0 
0 
0 
0 
0 
0 
0 
0 
0 
0 
0 
0 
0 
0 
0 
0 
0 
0 
0 
0 
0 
0 
0 
0 
0 
0 
0 
0 
0 
0 
0 
0 
0 
0 
0 
0 
0 
0 
0 
0 
0 
0 
0 
0 
0 
0 
0 
0 
0 
0 
0 
0 
0 
0 
0 
0 
0 
0 
0 
0 
0 
0 
0 
0 
0 
0 
0 
0 
0 
0 
0 
0 
0 
0 
0 
0 
0 
0 
0 
0 
0 
0 
0 
0 
0 
0 
0 
0 
0 
0 
0 
0 
0 
0 
0 
0 
0 
0 
0 
0 
0 
0 
0 
0 
0 
0 
0 
0 
0 
0 
0 
0 
0 
0 
0 
0 
0 
0 
0 
0 
0 
0 
0 
0 
0 
0 
0 
0 
0 
0 
0 
0 
0 
0 
0 
0 
0 
0 
0 
0 
0 
0 
0 
0 
0 
0 
0 
0 
0 
0 
0 
0 
0 
0 
0 
0 
0 
0 
0 
0 
0 
0 
0 
0 
0 
0 
0 
0 
0 
0 
0 
0 
0 
0 
0 
0 
0 
0 
0 
0 
0 
0 
0 
0 
0 
0 
0 
0 
0 
0 
0 
0 
0 
0 
0 
0 
0 
0 
0 
0 
0 
0 
0 
0 
0 
0 
0 
0 
0 
0 
0 
0 
0 
0 
0 
0 
0 
0 
0 
0 
0 
0 
0 
0 
0 
0 
0 
0 
0 
0 
0 
0 
0 
0 
0 
0 
0 
0 
0 
0 
0 
0 
0 
0 
0 
0 
0 
0 
0 
0 
0 
0 
0 
0 
0 
0 
0 
0 
0 
0 
0 
0 
0 
0 
0 
0 
0 
0 
0 
0 
0 
0 
0 
0 
0 
0 
0 
0 
0 
0 
0 
0 
0 
0 
0 
0 
0 
0 
0 
0 
0 
0 
0 
0 
0 
0 
0 
0 
0 
0 
0 
0 
0 
0 
0 
0 
0 
0 
0 
0 
0 
0 
0 
0 
0 
0 
0 
0 
0 
0 
0 
0 
0 
0 
0 
0 
0 
0 
0 
0 
0 
0 
0 
0 
0 
0 
0 
0 
0 
0 
0 
0 
0 
0 
0 
0 
0 
0 
0 
0 
0 
0 
0 
0 
0 
0 
0 
0 
0 
0 
0 
0 
0 
0 
0 
0 
0 
0 
0 
0 
0 
0 
0 
0 
0 
0 
0 
0 
0 
0 
0 
0 
0 
0 
0 
0 
0 
0 
0 
0 
0 
0 
0 
0 
0 
0 
0 
0 
0 
0 
0 
0 
0 
0 
0 
0 
0 
0 
0 
0 
0 
0 
0 
0 
0 
0 
0 
0 
0 
0 
0 
0 
0 
0 
0 
0 
0 
0 
0 
0 
0 
0 
0 
0 
0 
0 
0 
0 
0 
0 
0 
0 
0 
0 
0 
0 
0 
0 
0 
0 
0 
0 
0 
0 
0 
0 
0 
0 
0 
0 
0 
0 
0 
0 
0 
0 
0 
0 
0 
0 
0 
0 
0 
0 
0 
0 
0 
0 
0 
0 
0 
0 
0 
0 
0 
0 
0 
0 
0 
0 
0 
0 
0 
0 
0 
0 
0 
0 
0 
0 
0 
0 
0 
0 
0 
0 
0 
0 
0 
0 
0 
0 
0 
0 
0 
0 
0 
0 
0 
0 
0 
0 
0 
0 
0 
0 
0 
0 
0 
0 
0 
0 
0 
0 
0 
0 
0 
0 
0 
0 
0 
0 
0 
0 
0 
0 
0 
0 
0 
0 
0 
0 
0 
0 
0 
0 
0 
0 
0 
0 
0 
0 
0 
0 
0 
0 
0 
0 
0 
0 
0 
0 
0 
0 
0 
0 
0 
0 
0 
0 
0 
0 
0 
0 
0 
0 
0 
0 
0 
0 
0 
0 
0 
0 
0 
0 
0 
0 
0 
0 
0 
0 
0 
0 
0 
0 
0 
0 
0 
0 
0 
0 
0 
0 
0 
0 
0 
0 
0 
0 
0 
0 
0 
0 
0 
0 
0 
0 
0 
0 
0 
0 
0 
0 
0 
0 
0 
0 
0 
0 
0 
0 
0 
0 
0 
0 
0 
0 
0 
0 
0 
0 
0 
0 
0 
0 
0 
0 
0 
0 
0 
0 
0 
0 
0 
0 
0 
0 
0 
0 
0 
0 
0 
0 
0 
0 
0 
0 
0 
0 
0 
0 
0 
0 
0 
0 
0 
0 
0 
0 
0 
0 
0 
0 
0 
0 
0 
0 
0 
0 
0 
0 
0 
0 
0 
0 
0 
0 
0 
0 
0 
0 
0 
0 
0 
0 
0 
0 
0 
0 
0 
0 
0 
0 
0 
0 
0 
0 
0 
0 
0 
0 
0 
0 
0 
0 
0 
0 
0 
0 
0 
0 
0 
0 
0 
0 
0 
0 
0 
0 
0 
0 
0 
0 
0 
0 
0 
0 
0 
0 
0 
0 
0 
0 
0 
0 
0 
0 
0 
0 
0 
0 
0 
0 
0 
0 
0 
0 
0 
0 
0 
0 
0 
0 
0 
0 
0 
0 
0 
0 
0 
0 
0 
0 
0 
0 
0 
0 
0 
0 
0 
0 
0 
0 
0 
0 
0 
0 
0 
0 
0 
0 
0 
0 
0 
0 
0 
0 
0 
0 
0 
0 
0 
0 
0 
0 
0 
0 
0 
0 
0 
0 
0 
0 
0 
0 
0 
0 
0 
0 
0 
0 
0 
0 
0 
0 
0 
0 
0 
0 
0 
0 
0 
0 
0 
0 
0 
0 
0 
0 
0 
0 
0 
0 
0 
0 
0 
0 
0 
0 
0 
0 
0 
0 
0 
0 
0 
0 
0 
0 
0 
0 
0 
0 
0 
0 
0 
0 
0 
0 
