1.027743e+03 
1.027743e+03 
1.027743e+03 
1.027743e+03 
1.027743e+03 
1.027743e+03 
1.027743e+03 
1.027743e+03 
8.448374e+02 
7.173360e+02 
7.129435e+02 
4.901761e+02 
4.485853e+02 
3.124373e+02 
3.124373e+02 
3.124373e+02 
2.978448e+02 
2.214610e+02 
2.214610e+02 
2.214610e+02 
1.789004e+02 
1.789004e+02 
1.789004e+02 
1.789004e+02 
1.789004e+02 
1.789004e+02 
1.789004e+02 
1.789004e+02 
1.789004e+02 
1.692261e+02 
1.692261e+02 
1.692261e+02 
1.197127e+02 
1.197127e+02 
1.197127e+02 
1.197127e+02 
1.197127e+02 
1.197127e+02 
1.197127e+02 
1.164190e+02 
1.164190e+02 
1.117787e+02 
1.117787e+02 
1.117787e+02 
1.117787e+02 
1.117787e+02 
1.117787e+02 
1.117787e+02 
1.117787e+02 
1.117787e+02 
1.117787e+02 
1.117787e+02 
1.117787e+02 
1.117787e+02 
1.117787e+02 
1.117787e+02 
1.117787e+02 
1.117787e+02 
1.117787e+02 
1.117787e+02 
1.117787e+02 
1.117787e+02 
1.117787e+02 
1.117787e+02 
1.117787e+02 
1.117787e+02 
1.117787e+02 
1.117787e+02 
1.117787e+02 
1.117787e+02 
1.117787e+02 
1.117787e+02 
1.117787e+02 
1.117787e+02 
1.117787e+02 
1.117787e+02 
1.117787e+02 
1.117787e+02 
1.117787e+02 
1.117787e+02 
1.117787e+02 
1.117787e+02 
1.117787e+02 
1.117787e+02 
1.117787e+02 
1.117787e+02 
1.117787e+02 
1.091761e+02 
1.091761e+02 
1.091761e+02 
1.091761e+02 
1.091761e+02 
1.091761e+02 
1.091761e+02 
1.091761e+02 
1.091761e+02 
1.091761e+02 
1.091761e+02 
1.091761e+02 
1.091761e+02 
1.091761e+02 
1.091761e+02 
1.091761e+02 
1.091761e+02 
1.091761e+02 
1.091761e+02 
1.091761e+02 
1.091761e+02 
1.091761e+02 
1.091761e+02 
1.091761e+02 
1.091761e+02 
1.091761e+02 
1.091761e+02 
1.091761e+02 
1.091761e+02 
1.077667e+02 
1.077667e+02 
1.077667e+02 
1.077667e+02 
1.077667e+02 
1.077667e+02 
1.077667e+02 
1.077667e+02 
1.077667e+02 
1.077667e+02 
1.077667e+02 
1.077667e+02 
1.077667e+02 
1.077667e+02 
1.077667e+02 
1.055831e+02 
1.055831e+02 
1.055831e+02 
1.055831e+02 
1.055831e+02 
1.055831e+02 
1.055831e+02 
1.055831e+02 
1.055831e+02 
1.055831e+02 
1.055831e+02 
1.055831e+02 
9.471942e+01 
9.471942e+01 
9.471942e+01 
9.471942e+01 
9.471942e+01 
9.471942e+01 
9.471942e+01 
9.471942e+01 
9.471942e+01 
9.471942e+01 
9.471942e+01 
9.471942e+01 
9.471942e+01 
9.471942e+01 
9.471942e+01 
9.471942e+01 
9.471942e+01 
8.910408e+01 
8.910408e+01 
8.910408e+01 
8.910408e+01 
8.910408e+01 
8.910408e+01 
8.910408e+01 
8.910408e+01 
8.910408e+01 
8.910408e+01 
8.910408e+01 
8.910408e+01 
8.910408e+01 
8.910408e+01 
8.910408e+01 
8.910408e+01 
8.910408e+01 
8.910408e+01 
8.910408e+01 
8.910408e+01 
8.594357e+01 
8.594357e+01 
8.594357e+01 
8.594357e+01 
8.262133e+01 
8.262133e+01 
7.796197e+01 
7.796197e+01 
7.796197e+01 
7.796197e+01 
7.796197e+01 
7.796197e+01 
7.796197e+01 
7.796197e+01 
7.796197e+01 
7.313098e+01 
7.313098e+01 
7.313098e+01 
7.313098e+01 
7.313098e+01 
7.313098e+01 
7.313098e+01 
7.313098e+01 
7.313098e+01 
7.313098e+01 
7.313098e+01 
7.313098e+01 
7.207956e+01 
7.207956e+01 
7.207956e+01 
7.207956e+01 
7.207956e+01 
7.207956e+01 
7.207956e+01 
7.207956e+01 
7.207956e+01 
6.950003e+01 
6.950003e+01 
6.950003e+01 
6.950003e+01 
6.845245e+01 
6.845245e+01 
6.845245e+01 
6.845245e+01 
6.845245e+01 
6.695997e+01 
6.695997e+01 
6.695997e+01 
6.695997e+01 
6.695997e+01 
6.695997e+01 
6.695997e+01 
6.695997e+01 
6.695997e+01 
6.695997e+01 
6.695997e+01 
6.695997e+01 
6.695997e+01 
6.695997e+01 
6.249411e+01 
6.249411e+01 
6.249411e+01 
6.249411e+01 
6.249411e+01 
6.249411e+01 
6.249411e+01 
6.249411e+01 
6.249411e+01 
6.249411e+01 
6.249411e+01 
6.249411e+01 
6.249411e+01 
6.249411e+01 
6.249411e+01 
6.249411e+01 
6.249411e+01 
6.249411e+01 
6.249411e+01 
6.249411e+01 
6.249411e+01 
6.249411e+01 
6.249411e+01 
6.249411e+01 
6.249411e+01 
6.249411e+01 
6.249411e+01 
6.249411e+01 
6.249411e+01 
6.249411e+01 
6.249411e+01 
6.249411e+01 
6.249411e+01 
6.249411e+01 
6.249411e+01 
6.249411e+01 
6.249411e+01 
6.249411e+01 
6.249411e+01 
6.249411e+01 
5.972438e+01 
5.972438e+01 
5.972438e+01 
5.972438e+01 
5.972438e+01 
5.972438e+01 
5.972438e+01 
5.972438e+01 
5.972438e+01 
5.972438e+01 
5.890414e+01 
5.890414e+01 
5.890414e+01 
5.890414e+01 
5.890414e+01 
5.890414e+01 
5.890414e+01 
5.890414e+01 
5.890414e+01 
5.890414e+01 
5.890414e+01 
5.890414e+01 
5.890414e+01 
5.890414e+01 
5.890414e+01 
5.890414e+01 
5.890414e+01 
5.890414e+01 
5.890414e+01 
5.890414e+01 
5.890414e+01 
5.890414e+01 
5.890414e+01 
5.890414e+01 
5.890414e+01 
5.890414e+01 
5.890414e+01 
5.890414e+01 
5.890414e+01 
5.890414e+01 
5.890414e+01 
5.890414e+01 
5.890414e+01 
5.890414e+01 
5.890414e+01 
5.890414e+01 
5.890414e+01 
5.890414e+01 
5.890414e+01 
5.890414e+01 
5.890414e+01 
5.890414e+01 
5.890414e+01 
5.752050e+01 
5.752050e+01 
5.752050e+01 
5.752050e+01 
5.752050e+01 
5.752050e+01 
5.752050e+01 
5.752050e+01 
5.752050e+01 
5.752050e+01 
5.752050e+01 
5.752050e+01 
5.752050e+01 
5.752050e+01 
5.752050e+01 
5.752050e+01 
5.752050e+01 
5.752050e+01 
5.752050e+01 
5.752050e+01 
5.752050e+01 
5.752050e+01 
5.752050e+01 
5.752050e+01 
5.752050e+01 
5.752050e+01 
5.649407e+01 
5.649407e+01 
5.649407e+01 
5.649407e+01 
5.649407e+01 
5.649407e+01 
5.488878e+01 
5.488878e+01 
5.488878e+01 
5.488878e+01 
5.488878e+01 
5.488878e+01 
5.488878e+01 
5.488878e+01 
5.488878e+01 
5.488878e+01 
5.488878e+01 
5.488878e+01 
5.488878e+01 
5.488878e+01 
5.488878e+01 
5.488878e+01 
5.488878e+01 
5.488878e+01 
5.488878e+01 
5.488878e+01 
5.488878e+01 
5.488878e+01 
5.488878e+01 
5.488878e+01 
5.488878e+01 
5.488878e+01 
5.488878e+01 
5.488878e+01 
5.488878e+01 
5.488878e+01 
5.488878e+01 
5.488878e+01 
5.488878e+01 
5.488878e+01 
5.488878e+01 
5.488878e+01 
5.488878e+01 
5.488878e+01 
5.488878e+01 
5.488878e+01 
5.488878e+01 
5.488878e+01 
5.481891e+01 
5.481891e+01 
5.481891e+01 
5.481891e+01 
5.481891e+01 
5.481891e+01 
5.481891e+01 
5.481891e+01 
5.481891e+01 
5.481891e+01 
5.481891e+01 
5.481891e+01 
5.481891e+01 
5.481891e+01 
5.481891e+01 
5.481891e+01 
5.481891e+01 
5.481891e+01 
5.481891e+01 
5.481891e+01 
5.481891e+01 
5.481891e+01 
5.481891e+01 
5.481891e+01 
5.481891e+01 
5.481891e+01 
5.481891e+01 
5.481891e+01 
5.481891e+01 
5.481891e+01 
5.481891e+01 
5.481891e+01 
5.481891e+01 
5.472783e+01 
5.472783e+01 
5.472783e+01 
5.472783e+01 
5.472783e+01 
5.472783e+01 
5.472783e+01 
5.472783e+01 
5.472783e+01 
5.472783e+01 
5.472783e+01 
5.472783e+01 
5.472783e+01 
5.472783e+01 
5.472783e+01 
5.472783e+01 
5.472783e+01 
5.472783e+01 
5.472783e+01 
5.472783e+01 
5.472783e+01 
5.472783e+01 
5.472783e+01 
5.472783e+01 
5.472783e+01 
5.472783e+01 
5.472783e+01 
5.472783e+01 
5.472783e+01 
5.472783e+01 
5.472783e+01 
5.472783e+01 
5.472783e+01 
5.472783e+01 
5.472783e+01 
5.472783e+01 
5.472783e+01 
5.472783e+01 
5.472783e+01 
5.472783e+01 
5.472783e+01 
5.472783e+01 
5.472783e+01 
5.472783e+01 
5.472783e+01 
5.472783e+01 
5.472783e+01 
5.472783e+01 
5.472783e+01 
5.472783e+01 
5.472783e+01 
5.472783e+01 
5.444827e+01 
5.444827e+01 
5.444827e+01 
5.444827e+01 
5.444827e+01 
5.444827e+01 
5.444827e+01 
5.444827e+01 
5.444827e+01 
5.414358e+01 
5.414358e+01 
5.414358e+01 
5.414358e+01 
5.414358e+01 
5.414358e+01 
5.414358e+01 
5.414358e+01 
5.414358e+01 
5.414358e+01 
5.414358e+01 
5.414358e+01 
5.414358e+01 
5.414358e+01 
5.414358e+01 
5.414358e+01 
5.414358e+01 
5.342230e+01 
5.342230e+01 
5.342230e+01 
5.342230e+01 
5.342230e+01 
5.342230e+01 
5.342230e+01 
5.342230e+01 
5.342230e+01 
5.342230e+01 
5.342230e+01 
5.342230e+01 
5.342230e+01 
5.342230e+01 
5.342230e+01 
5.342230e+01 
5.342230e+01 
5.342230e+01 
5.342230e+01 
5.342230e+01 
5.342230e+01 
5.342230e+01 
5.342230e+01 
5.342230e+01 
5.342230e+01 
5.342230e+01 
5.342230e+01 
5.342230e+01 
5.342230e+01 
5.342230e+01 
5.342230e+01 
5.342230e+01 
5.342230e+01 
5.342230e+01 
5.278305e+01 
5.278305e+01 
5.278305e+01 
5.278305e+01 
5.278305e+01 
5.278305e+01 
5.278305e+01 
5.278305e+01 
5.278305e+01 
5.278305e+01 
5.249532e+01 
5.249532e+01 
5.249532e+01 
5.249532e+01 
5.249532e+01 
5.249532e+01 
5.249532e+01 
5.249532e+01 
5.249532e+01 
5.249532e+01 
5.249532e+01 
5.249532e+01 
5.249532e+01 
5.249532e+01 
5.249532e+01 
5.249532e+01 
5.249532e+01 
5.249532e+01 
5.249532e+01 
5.249532e+01 
5.249532e+01 
5.249532e+01 
5.249532e+01 
5.249532e+01 
5.249532e+01 
5.249532e+01 
5.249532e+01 
5.249532e+01 
5.249532e+01 
5.249532e+01 
5.249532e+01 
5.249532e+01 
5.249532e+01 
5.249532e+01 
5.249532e+01 
5.249532e+01 
5.249532e+01 
5.249532e+01 
5.249532e+01 
5.249532e+01 
5.249532e+01 
5.249532e+01 
5.249532e+01 
5.249532e+01 
5.249532e+01 
5.226550e+01 
5.226550e+01 
5.226550e+01 
5.226550e+01 
5.226550e+01 
5.226550e+01 
5.226550e+01 
5.226550e+01 
5.226550e+01 
5.226550e+01 
5.226550e+01 
5.226550e+01 
5.226550e+01 
5.226550e+01 
5.226550e+01 
5.226550e+01 
5.129009e+01 
5.129009e+01 
5.129009e+01 
5.129009e+01 
5.129009e+01 
5.129009e+01 
5.129009e+01 
5.129009e+01 
5.129009e+01 
5.129009e+01 
5.129009e+01 
5.129009e+01 
5.129009e+01 
5.129009e+01 
5.129009e+01 
5.129009e+01 
5.129009e+01 
5.129009e+01 
5.129009e+01 
5.129009e+01 
5.129009e+01 
5.129009e+01 
5.129009e+01 
5.129009e+01 
5.129009e+01 
5.129009e+01 
5.129009e+01 
5.129009e+01 
5.129009e+01 
5.129009e+01 
5.129009e+01 
5.129009e+01 
5.129009e+01 
5.129009e+01 
5.129009e+01 
5.129009e+01 
5.129009e+01 
5.129009e+01 
5.129009e+01 
5.129009e+01 
5.129009e+01 
5.129009e+01 
5.129009e+01 
5.129009e+01 
5.129009e+01 
5.129009e+01 
5.129009e+01 
5.129009e+01 
5.129009e+01 
5.129009e+01 
5.129009e+01 
5.129009e+01 
5.129009e+01 
5.129009e+01 
5.129009e+01 
5.129009e+01 
5.129009e+01 
5.129009e+01 
5.129009e+01 
5.129009e+01 
5.129009e+01 
5.129009e+01 
5.129009e+01 
5.129009e+01 
5.129009e+01 
5.129009e+01 
5.129009e+01 
5.129009e+01 
5.129009e+01 
5.129009e+01 
5.129009e+01 
5.129009e+01 
5.129009e+01 
5.129009e+01 
5.129009e+01 
5.129009e+01 
5.129009e+01 
5.129009e+01 
5.129009e+01 
5.129009e+01 
5.129009e+01 
5.129009e+01 
5.129009e+01 
5.129009e+01 
5.129009e+01 
5.129009e+01 
5.129009e+01 
5.129009e+01 
5.129009e+01 
5.129009e+01 
5.129009e+01 
5.129009e+01 
5.129009e+01 
5.129009e+01 
5.129009e+01 
5.129009e+01 
5.129009e+01 
5.129009e+01 
5.129009e+01 
5.129009e+01 
5.129009e+01 
5.129009e+01 
5.129009e+01 
5.129009e+01 
5.129009e+01 
5.129009e+01 
5.129009e+01 
5.129009e+01 
5.129009e+01 
5.129009e+01 
5.129009e+01 
5.129009e+01 
5.129009e+01 
5.129009e+01 
5.129009e+01 
5.129009e+01 
5.129009e+01 
5.129009e+01 
5.129009e+01 
5.129009e+01 
5.129009e+01 
5.129009e+01 
5.129009e+01 
5.129009e+01 
5.129009e+01 
5.129009e+01 
5.129009e+01 
5.129009e+01 
5.129009e+01 
5.129009e+01 
5.129009e+01 
5.129009e+01 
5.129009e+01 
5.129009e+01 
5.129009e+01 
5.129009e+01 
5.129009e+01 
5.129009e+01 
5.129009e+01 
5.129009e+01 
5.129009e+01 
5.108233e+01 
5.108233e+01 
5.108233e+01 
5.108233e+01 
5.108233e+01 
5.108233e+01 
5.108233e+01 
5.108233e+01 
5.108233e+01 
5.108233e+01 
5.103700e+01 
5.049942e+01 
5.049942e+01 
5.049942e+01 
5.049942e+01 
5.049942e+01 
5.049942e+01 
5.049942e+01 
5.049942e+01 
5.049942e+01 
5.049942e+01 
5.049942e+01 
5.049942e+01 
5.049942e+01 
5.049942e+01 
5.049942e+01 
5.049942e+01 
5.049942e+01 
5.049942e+01 
5.049942e+01 
5.049942e+01 
5.049942e+01 
5.049942e+01 
5.049942e+01 
5.049942e+01 
5.049942e+01 
5.049942e+01 
5.049942e+01 
5.049942e+01 
5.049942e+01 
5.049942e+01 
5.049942e+01 
5.049942e+01 
5.049942e+01 
5.049942e+01 
5.049942e+01 
5.049942e+01 
5.049942e+01 
5.049942e+01 
5.049942e+01 
5.049942e+01 
5.049942e+01 
5.049942e+01 
5.049942e+01 
5.049942e+01 
5.049942e+01 
5.049942e+01 
5.049942e+01 
5.049942e+01 
5.049942e+01 
5.049942e+01 
5.049942e+01 
5.049942e+01 
5.049942e+01 
5.049942e+01 
5.049942e+01 
5.049942e+01 
5.049942e+01 
5.049942e+01 
5.049942e+01 
5.049942e+01 
5.049942e+01 
5.049942e+01 
5.049942e+01 
5.049942e+01 
5.049942e+01 
5.049942e+01 
5.049942e+01 
5.049942e+01 
5.049942e+01 
5.049942e+01 
5.049942e+01 
5.049942e+01 
5.049942e+01 
5.026170e+01 
5.026170e+01 
5.021443e+01 
5.021443e+01 
5.021443e+01 
5.021443e+01 
5.021443e+01 
5.021443e+01 
5.021443e+01 
5.021443e+01 
5.021443e+01 
5.021443e+01 
5.021443e+01 
5.021443e+01 
5.021443e+01 
5.021443e+01 
5.021443e+01 
5.021443e+01 
5.021443e+01 
5.021443e+01 
5.021443e+01 
5.021443e+01 
5.021443e+01 
5.021443e+01 
5.021443e+01 
5.021443e+01 
5.021443e+01 
5.021443e+01 
5.021443e+01 
5.021443e+01 
5.021443e+01 
5.021443e+01 
5.021443e+01 
5.021443e+01 
5.021443e+01 
5.021443e+01 
5.021443e+01 
5.021443e+01 
5.021443e+01 
5.021443e+01 
5.021443e+01 
5.021443e+01 
5.021443e+01 
5.021443e+01 
5.021443e+01 
5.021443e+01 
5.021443e+01 
5.021443e+01 
5.021443e+01 
5.021443e+01 
5.021443e+01 
5.021443e+01 
5.021443e+01 
5.021443e+01 
5.021443e+01 
5.021443e+01 
5.021443e+01 
5.021443e+01 
5.021443e+01 
5.021443e+01 
5.021443e+01 
5.021443e+01 
5.021443e+01 
5.021443e+01 
5.021443e+01 
5.021443e+01 
5.021443e+01 
5.021443e+01 
5.021443e+01 
5.021443e+01 
5.021443e+01 
5.021443e+01 
5.021443e+01 
5.021443e+01 
5.020788e+01 
5.020788e+01 
5.020788e+01 
5.020788e+01 
5.020788e+01 
5.020788e+01 
5.020788e+01 
5.020788e+01 
5.020788e+01 
5.020788e+01 
5.020788e+01 
5.020788e+01 
5.020788e+01 
5.020788e+01 
5.020788e+01 
4.978716e+01 
4.978716e+01 
4.978716e+01 
4.978716e+01 
4.978716e+01 
4.978716e+01 
4.978716e+01 
4.978716e+01 
4.978716e+01 
4.978716e+01 
4.978716e+01 
4.978716e+01 
4.978716e+01 
4.978716e+01 
4.978716e+01 
4.978716e+01 
4.978716e+01 
4.978716e+01 
4.978716e+01 
4.978716e+01 
4.978716e+01 
4.978716e+01 
4.978716e+01 
4.978716e+01 
4.978716e+01 
4.978716e+01 
4.978716e+01 
4.978716e+01 
4.978716e+01 
4.978716e+01 
4.978716e+01 
4.978716e+01 
4.978716e+01 
4.978716e+01 
4.978716e+01 
4.978716e+01 
4.978716e+01 
4.978716e+01 
4.978716e+01 
4.963409e+01 
4.963409e+01 
4.926964e+01 
4.926964e+01 
4.926964e+01 
4.926964e+01 
4.926964e+01 
4.926964e+01 
4.926964e+01 
4.926964e+01 
4.926964e+01 
4.926964e+01 
4.926964e+01 
4.926964e+01 
4.926964e+01 
4.926964e+01 
4.926964e+01 
4.926964e+01 
4.926964e+01 
4.926964e+01 
4.926964e+01 
4.926964e+01 
4.926964e+01 
4.926964e+01 
4.926964e+01 
4.926964e+01 
4.926964e+01 
4.926964e+01 
4.926964e+01 
4.926964e+01 
4.926964e+01 
4.926964e+01 
4.926964e+01 
4.926964e+01 
4.926964e+01 
4.926964e+01 
4.926964e+01 
4.926964e+01 
4.926964e+01 
4.926964e+01 
4.926964e+01 
4.926964e+01 
4.926964e+01 
4.926964e+01 
4.926964e+01 
4.926964e+01 
4.926964e+01 
4.926964e+01 
4.926964e+01 
4.926964e+01 
4.926964e+01 
4.926964e+01 
4.926964e+01 
4.926964e+01 
4.926964e+01 
4.926964e+01 
4.926964e+01 
4.926964e+01 
4.926964e+01 
4.926964e+01 
4.926964e+01 
4.926964e+01 
4.926964e+01 
4.926964e+01 
4.926964e+01 
4.926964e+01 
4.926964e+01 
4.926964e+01 
4.926964e+01 
4.926964e+01 
4.926964e+01 
4.926964e+01 
4.926964e+01 
4.926964e+01 
4.926964e+01 
4.926964e+01 
4.926964e+01 
4.926964e+01 
4.926964e+01 
4.926964e+01 
4.926964e+01 
4.926964e+01 
4.926964e+01 
4.926964e+01 
4.926964e+01 
4.926964e+01 
4.926964e+01 
4.926964e+01 
4.926964e+01 
4.926964e+01 
4.926964e+01 
4.926964e+01 
4.926964e+01 
4.926964e+01 
4.926964e+01 
4.926964e+01 
4.926964e+01 
4.926964e+01 
4.926964e+01 
4.926964e+01 
4.926964e+01 
4.926964e+01 
4.926964e+01 
4.926964e+01 
4.926964e+01 
4.926964e+01 
4.926964e+01 
4.926964e+01 
4.926964e+01 
4.926964e+01 
4.926964e+01 
4.926964e+01 
4.926964e+01 
4.926964e+01 
4.926964e+01 
4.926964e+01 
4.926964e+01 
4.926964e+01 
4.926964e+01 
4.926964e+01 
4.926964e+01 
4.926964e+01 
4.926964e+01 
4.926964e+01 
4.926964e+01 
4.926964e+01 
4.926964e+01 
4.926964e+01 
4.926964e+01 
4.926964e+01 
4.926964e+01 
4.926964e+01 
4.926964e+01 
4.926964e+01 
4.926964e+01 
4.926964e+01 
4.926964e+01 
4.926964e+01 
4.926964e+01 
4.926964e+01 
4.926964e+01 
4.926964e+01 
4.926964e+01 
4.926964e+01 
4.926964e+01 
4.926964e+01 
4.926964e+01 
4.926964e+01 
4.926964e+01 
4.926964e+01 
4.926964e+01 
4.926964e+01 
4.926964e+01 
4.926964e+01 
4.926964e+01 
4.926964e+01 
4.926964e+01 
4.926964e+01 
4.926964e+01 
4.926964e+01 
4.926964e+01 
4.926964e+01 
4.926964e+01 
4.926964e+01 
4.926964e+01 
4.915075e+01 
4.913457e+01 
4.913457e+01 
4.913457e+01 
4.913457e+01 
4.913457e+01 
4.913457e+01 
4.885778e+01 
4.885778e+01 
4.885778e+01 
4.885778e+01 
4.885778e+01 
4.885778e+01 
4.885778e+01 
4.885778e+01 
4.885778e+01 
4.885778e+01 
4.884423e+01 
4.884423e+01 
4.884423e+01 
4.884423e+01 
4.884423e+01 
4.884423e+01 
4.884423e+01 
4.884423e+01 
4.884423e+01 
4.884423e+01 
4.884423e+01 
4.884423e+01 
4.884423e+01 
4.884423e+01 
4.884423e+01 
4.884423e+01 
4.884423e+01 
4.884423e+01 
4.884423e+01 
4.884423e+01 
4.884423e+01 
4.884423e+01 
4.884423e+01 
4.884423e+01 
4.884423e+01 
4.884423e+01 
4.884423e+01 
4.884423e+01 
4.884423e+01 
4.884423e+01 
4.884423e+01 
4.884423e+01 
4.884423e+01 
4.884423e+01 
4.884423e+01 
4.884423e+01 
4.884423e+01 
4.884423e+01 
4.884423e+01 
4.884423e+01 
4.884423e+01 
4.884423e+01 
4.884423e+01 
4.884423e+01 
4.884423e+01 
4.884423e+01 
4.884423e+01 
4.884423e+01 
4.884423e+01 
4.881425e+01 
4.881425e+01 
4.881425e+01 
4.881425e+01 
4.881425e+01 
4.881425e+01 
4.881425e+01 
4.881425e+01 
4.880603e+01 
4.880603e+01 
4.880603e+01 
4.880603e+01 
4.880603e+01 
4.878549e+01 
4.876357e+01 
4.871009e+01 
4.871009e+01 
4.871009e+01 
4.871009e+01 
4.871009e+01 
4.871009e+01 
4.871009e+01 
4.871009e+01 
4.871009e+01 
4.866771e+01 
4.866771e+01 
4.866771e+01 
4.866771e+01 
4.866771e+01 
4.866771e+01 
4.866771e+01 
4.866771e+01 
4.866771e+01 
4.866771e+01 
4.866771e+01 
4.866771e+01 
4.861119e+01 
4.861119e+01 
4.861119e+01 
4.861119e+01 
4.861119e+01 
4.861119e+01 
4.861119e+01 
4.861119e+01 
4.859165e+01 
4.859165e+01 
4.859165e+01 
4.859165e+01 
4.859165e+01 
4.859165e+01 
4.859165e+01 
4.859165e+01 
4.859165e+01 
4.859165e+01 
4.859165e+01 
4.859165e+01 
4.859165e+01 
4.859165e+01 
4.859165e+01 
4.859165e+01 
4.859165e+01 
4.859165e+01 
4.859165e+01 
4.859165e+01 
4.859165e+01 
4.859165e+01 
4.859165e+01 
4.859165e+01 
4.859165e+01 
4.859165e+01 
4.859165e+01 
4.859165e+01 
4.859165e+01 
4.859165e+01 
4.859165e+01 
4.859165e+01 
4.859165e+01 
4.859165e+01 
4.859165e+01 
4.859165e+01 
4.859165e+01 
4.859165e+01 
4.859165e+01 
4.859165e+01 
4.859165e+01 
4.859165e+01 
4.859165e+01 
4.852171e+01 
4.852171e+01 
4.852171e+01 
4.852171e+01 
4.852171e+01 
4.852171e+01 
4.852171e+01 
4.852171e+01 
4.852171e+01 
4.852171e+01 
4.852171e+01 
4.852171e+01 
4.852171e+01 
4.852171e+01 
4.852171e+01 
4.852171e+01 
4.852171e+01 
4.852171e+01 
4.852129e+01 
4.852129e+01 
4.852129e+01 
4.852129e+01 
4.852129e+01 
4.852129e+01 
4.852129e+01 
4.852129e+01 
4.852129e+01 
4.852129e+01 
4.852129e+01 
4.852129e+01 
4.852129e+01 
4.852129e+01 
4.852129e+01 
4.852129e+01 
4.852129e+01 
4.852129e+01 
4.852129e+01 
4.852129e+01 
4.852129e+01 
4.852129e+01 
4.852129e+01 
4.852129e+01 
4.852129e+01 
4.852129e+01 
4.852129e+01 
4.852129e+01 
4.852129e+01 
4.852129e+01 
4.852129e+01 
4.852129e+01 
4.852129e+01 
4.852129e+01 
4.852129e+01 
4.852129e+01 
4.852129e+01 
4.852129e+01 
4.852129e+01 
4.852129e+01 
4.852129e+01 
4.852129e+01 
4.852129e+01 
4.852129e+01 
4.852129e+01 
4.852129e+01 
4.852129e+01 
4.852129e+01 
4.852129e+01 
4.852129e+01 
4.852129e+01 
4.852129e+01 
4.852129e+01 
4.852129e+01 
4.852129e+01 
4.852129e+01 
4.850454e+01 
4.848879e+01 
4.848879e+01 
4.848879e+01 
4.848879e+01 
4.848879e+01 
4.848879e+01 
4.848879e+01 
4.848879e+01 
4.848523e+01 
4.848523e+01 
4.848523e+01 
4.848130e+01 
4.848130e+01 
4.848130e+01 
4.848130e+01 
4.848130e+01 
4.848130e+01 
4.845892e+01 
4.845892e+01 
4.845892e+01 
4.845892e+01 
4.845892e+01 
4.845892e+01 
4.845892e+01 
4.845892e+01 
4.845892e+01 
4.845892e+01 
4.838588e+01 
4.838588e+01 
4.838588e+01 
4.838588e+01 
4.838588e+01 
4.838588e+01 
4.838588e+01 
4.838588e+01 
4.838588e+01 
4.838588e+01 
4.838588e+01 
4.838588e+01 
4.838588e+01 
4.838588e+01 
4.838588e+01 
4.838588e+01 
4.838588e+01 
4.838588e+01 
4.838588e+01 
4.838588e+01 
4.838588e+01 
4.838588e+01 
4.838588e+01 
4.838588e+01 
4.838588e+01 
4.838588e+01 
4.831414e+01 
4.831414e+01 
4.831414e+01 
4.831414e+01 
4.831414e+01 
4.831414e+01 
4.831414e+01 
4.831414e+01 
4.831414e+01 
4.831414e+01 
4.831414e+01 
4.831414e+01 
4.831414e+01 
4.831414e+01 
4.831414e+01 
4.831414e+01 
4.831414e+01 
4.831414e+01 
4.831414e+01 
4.831414e+01 
4.831414e+01 
4.831414e+01 
4.831414e+01 
4.831414e+01 
4.831414e+01 
4.831414e+01 
4.831414e+01 
4.831414e+01 
4.831414e+01 
4.831414e+01 
4.831414e+01 
4.831414e+01 
4.831414e+01 
4.831414e+01 
4.831414e+01 
4.831414e+01 
4.831414e+01 
4.831414e+01 
4.831414e+01 
4.831414e+01 
4.831414e+01 
4.831414e+01 
4.831414e+01 
4.831414e+01 
4.831414e+01 
4.831414e+01 
4.831414e+01 
4.831414e+01 
4.831414e+01 
4.831414e+01 
4.831414e+01 
4.831414e+01 
4.831414e+01 
4.831414e+01 
4.831414e+01 
4.831414e+01 
4.831414e+01 
4.831414e+01 
4.830503e+01 
4.830503e+01 
4.829766e+01 
4.829766e+01 
4.829766e+01 
4.829766e+01 
4.829378e+01 
4.829378e+01 
4.829378e+01 
4.829378e+01 
4.829378e+01 
4.829378e+01 
4.829378e+01 
4.829378e+01 
4.829378e+01 
4.829378e+01 
4.829378e+01 
4.829378e+01 
4.829378e+01 
4.829378e+01 
4.829378e+01 
4.829378e+01 
4.829378e+01 
4.829378e+01 
4.828766e+01 
4.828190e+01 
4.828190e+01 
4.828190e+01 
4.828190e+01 
4.828190e+01 
4.828190e+01 
4.828190e+01 
4.828190e+01 
4.828190e+01 
4.828190e+01 
4.828190e+01 
4.828190e+01 
4.828190e+01 
4.828190e+01 
4.828190e+01 
4.828190e+01 
4.828190e+01 
4.828190e+01 
4.828190e+01 
4.828190e+01 
4.827922e+01 
4.827682e+01 
4.827682e+01 
4.827682e+01 
4.827682e+01 
4.827682e+01 
4.827682e+01 
4.827682e+01 
4.827682e+01 
4.827682e+01 
4.827682e+01 
4.827682e+01 
4.827682e+01 
4.827682e+01 
4.827682e+01 
4.827682e+01 
4.827682e+01 
4.827682e+01 
4.827682e+01 
4.827682e+01 
4.827682e+01 
4.827682e+01 
4.827682e+01 
4.827105e+01 
4.827105e+01 
4.827105e+01 
4.827105e+01 
4.827105e+01 
4.827105e+01 
4.827105e+01 
4.827105e+01 
4.827105e+01 
4.827105e+01 
4.827105e+01 
4.827105e+01 
4.827105e+01 
4.827105e+01 
4.827105e+01 
4.827105e+01 
4.827105e+01 
4.827094e+01 
4.827094e+01 
4.827094e+01 
4.826975e+01 
4.826975e+01 
4.826975e+01 
4.826975e+01 
4.826975e+01 
4.826975e+01 
4.826975e+01 
4.826100e+01 
4.826100e+01 
4.826100e+01 
4.826100e+01 
4.826100e+01 
4.826100e+01 
4.826100e+01 
4.826100e+01 
4.826100e+01 
4.826100e+01 
4.826100e+01 
4.826016e+01 
4.826016e+01 
4.826016e+01 
4.826016e+01 
4.826016e+01 
4.826016e+01 
4.826016e+01 
4.825976e+01 
4.825825e+01 
4.825761e+01 
4.825761e+01 
4.825761e+01 
4.825761e+01 
4.825761e+01 
4.825676e+01 
4.825676e+01 
4.825664e+01 
4.825664e+01 
4.825664e+01 
4.825664e+01 
4.825623e+01 
4.825623e+01 
4.825623e+01 
4.825623e+01 
4.825559e+01 
4.825559e+01 
4.825559e+01 
4.825559e+01 
4.825559e+01 
4.825559e+01 
4.825559e+01 
4.825559e+01 
4.825559e+01 
4.825559e+01 
4.825539e+01 
4.825539e+01 
4.825452e+01 
4.825452e+01 
4.825452e+01 
4.825452e+01 
4.825452e+01 
4.825452e+01 
4.825431e+01 
4.825431e+01 
4.825431e+01 
4.825431e+01 
4.825347e+01 
4.825347e+01 
4.825347e+01 
4.825347e+01 
4.825347e+01 
4.825319e+01 
4.825301e+01 
4.825301e+01 
4.825301e+01 
4.825301e+01 
4.825301e+01 
4.825301e+01 
4.825301e+01 
4.825301e+01 
4.825301e+01 
4.825202e+01 
4.825202e+01 
4.825202e+01 
4.825202e+01 
4.825202e+01 
4.825202e+01 
4.825202e+01 
4.825202e+01 
4.825202e+01 
4.825202e+01 
4.825202e+01 
4.825202e+01 
4.825202e+01 
4.825192e+01 
4.822675e+01 
4.822675e+01 
4.822675e+01 
4.822675e+01 
4.822675e+01 
4.822675e+01 
4.822675e+01 
