9.161335e+09 
9.161335e+09 
9.161335e+09 
9.161335e+09 
9.161335e+09 
9.161335e+09 
9.161335e+09 
6.813457e+09 
6.813457e+09 
3.850754e+09 
3.850754e+09 
3.850754e+09 
3.850754e+09 
1.657946e+09 
1.657946e+09 
1.657946e+09 
1.657946e+09 
1.657946e+09 
1.657946e+09 
1.657946e+09 
1.657946e+09 
1.431655e+09 
1.431655e+09 
1.431655e+09 
1.431655e+09 
1.431655e+09 
1.431655e+09 
1.431655e+09 
1.431655e+09 
1.373960e+09 
1.373960e+09 
1.373960e+09 
1.373960e+09 
1.373960e+09 
1.373960e+09 
1.373960e+09 
1.338750e+09 
5.670269e+08 
5.670269e+08 
5.670269e+08 
5.670269e+08 
5.670269e+08 
5.670269e+08 
5.670269e+08 
5.670269e+08 
5.670269e+08 
5.670269e+08 
5.670269e+08 
5.670269e+08 
5.670269e+08 
5.670269e+08 
5.670269e+08 
5.670269e+08 
5.670269e+08 
5.670269e+08 
5.670269e+08 
5.670269e+08 
5.670269e+08 
2.976427e+08 
2.976427e+08 
2.976427e+08 
2.976427e+08 
2.976427e+08 
2.976427e+08 
2.976427e+08 
2.976427e+08 
2.976427e+08 
2.976427e+08 
2.976427e+08 
2.976427e+08 
2.976427e+08 
2.976427e+08 
2.976427e+08 
2.976427e+08 
2.976427e+08 
2.976427e+08 
2.976427e+08 
2.976427e+08 
2.976427e+08 
2.976427e+08 
2.976427e+08 
2.976427e+08 
2.976427e+08 
2.976427e+08 
2.976427e+08 
2.976427e+08 
2.976427e+08 
2.976427e+08 
2.976427e+08 
2.976427e+08 
2.914367e+08 
2.914367e+08 
2.914367e+08 
2.914367e+08 
2.914367e+08 
2.914367e+08 
2.914367e+08 
2.914367e+08 
2.914367e+08 
2.914367e+08 
2.914367e+08 
2.914367e+08 
2.914367e+08 
2.914367e+08 
2.914367e+08 
2.914367e+08 
2.914367e+08 
2.914367e+08 
2.914367e+08 
2.914367e+08 
2.914367e+08 
2.914367e+08 
2.914367e+08 
2.914367e+08 
2.242820e+08 
2.242820e+08 
2.242820e+08 
2.242820e+08 
2.242820e+08 
2.242820e+08 
2.242820e+08 
2.242820e+08 
2.242820e+08 
2.242820e+08 
2.242820e+08 
2.242820e+08 
1.870867e+08 
1.870867e+08 
1.870867e+08 
1.870867e+08 
1.870867e+08 
1.870867e+08 
1.870867e+08 
1.870867e+08 
1.870867e+08 
1.870867e+08 
1.870867e+08 
1.870867e+08 
1.870867e+08 
1.870867e+08 
1.870867e+08 
1.870867e+08 
1.870867e+08 
1.870867e+08 
1.870867e+08 
1.870867e+08 
1.870867e+08 
1.870867e+08 
1.870867e+08 
1.870867e+08 
1.870867e+08 
1.870867e+08 
1.870867e+08 
1.870867e+08 
1.870867e+08 
1.870867e+08 
1.870867e+08 
7.125340e+07 
7.125340e+07 
7.125340e+07 
7.125340e+07 
7.125340e+07 
7.125340e+07 
7.125340e+07 
7.125340e+07 
7.125340e+07 
7.125340e+07 
7.125340e+07 
7.125340e+07 
7.125340e+07 
7.125340e+07 
7.125340e+07 
7.125340e+07 
7.125340e+07 
7.125340e+07 
7.125340e+07 
7.125340e+07 
7.125340e+07 
7.125340e+07 
7.125340e+07 
7.125340e+07 
7.125340e+07 
7.125340e+07 
7.125340e+07 
7.125340e+07 
7.125340e+07 
7.125340e+07 
7.125340e+07 
7.125340e+07 
7.125340e+07 
7.125340e+07 
7.125340e+07 
7.125340e+07 
7.125340e+07 
7.125340e+07 
7.125340e+07 
7.125340e+07 
7.125340e+07 
7.125340e+07 
7.125340e+07 
7.125340e+07 
7.125340e+07 
7.125340e+07 
7.125340e+07 
7.125340e+07 
7.125340e+07 
7.125340e+07 
7.125340e+07 
7.125340e+07 
7.125340e+07 
7.125340e+07 
7.125340e+07 
7.125340e+07 
7.125340e+07 
7.125340e+07 
7.125340e+07 
7.125340e+07 
7.125340e+07 
7.125340e+07 
7.125340e+07 
7.125340e+07 
7.125340e+07 
3.704996e+07 
3.704996e+07 
3.704996e+07 
3.704996e+07 
3.704996e+07 
3.704996e+07 
3.704996e+07 
3.704996e+07 
3.704996e+07 
3.704996e+07 
3.704996e+07 
3.704996e+07 
3.704996e+07 
3.704996e+07 
3.704996e+07 
3.198191e+07 
3.198191e+07 
3.198191e+07 
3.198191e+07 
3.198191e+07 
3.198191e+07 
3.198191e+07 
3.198191e+07 
3.198191e+07 
3.198191e+07 
3.198191e+07 
3.198191e+07 
3.198191e+07 
3.198191e+07 
3.198191e+07 
3.198191e+07 
3.198191e+07 
3.198191e+07 
3.198191e+07 
3.198191e+07 
3.198191e+07 
3.198191e+07 
3.198191e+07 
3.198191e+07 
3.198191e+07 
3.198191e+07 
3.198191e+07 
3.198191e+07 
3.198191e+07 
3.198191e+07 
3.198191e+07 
3.198191e+07 
3.198191e+07 
3.198191e+07 
3.198191e+07 
3.198191e+07 
3.198191e+07 
3.198191e+07 
3.198191e+07 
3.198191e+07 
3.198191e+07 
3.198191e+07 
3.198191e+07 
3.198191e+07 
3.198191e+07 
3.198191e+07 
3.198191e+07 
3.198191e+07 
3.198191e+07 
3.198191e+07 
3.198191e+07 
3.198191e+07 
3.198191e+07 
3.198191e+07 
3.198191e+07 
3.198191e+07 
3.198191e+07 
3.198191e+07 
3.198191e+07 
3.198191e+07 
3.198191e+07 
3.198191e+07 
3.198191e+07 
3.198191e+07 
3.198191e+07 
3.198191e+07 
3.198191e+07 
3.198191e+07 
3.198191e+07 
3.198191e+07 
3.198191e+07 
3.198191e+07 
3.198191e+07 
3.198191e+07 
3.198191e+07 
3.198191e+07 
3.198191e+07 
3.198191e+07 
3.198191e+07 
3.198191e+07 
3.198191e+07 
3.198191e+07 
3.198191e+07 
3.198191e+07 
3.198191e+07 
3.198191e+07 
3.198191e+07 
3.198191e+07 
3.198191e+07 
3.198191e+07 
3.198191e+07 
3.198191e+07 
3.198191e+07 
3.198191e+07 
3.198191e+07 
3.198191e+07 
3.198191e+07 
3.198191e+07 
3.198191e+07 
3.198191e+07 
3.198191e+07 
2.733634e+07 
2.733634e+07 
2.733634e+07 
2.733634e+07 
2.733634e+07 
2.733634e+07 
2.733634e+07 
2.733634e+07 
2.733634e+07 
2.733634e+07 
2.733634e+07 
2.733634e+07 
2.733634e+07 
2.733634e+07 
2.733634e+07 
2.733634e+07 
2.733634e+07 
2.733634e+07 
2.733634e+07 
2.733634e+07 
2.733634e+07 
2.733634e+07 
2.733634e+07 
2.733634e+07 
2.733634e+07 
2.733634e+07 
2.733634e+07 
2.733634e+07 
2.733634e+07 
2.733634e+07 
2.733634e+07 
2.733634e+07 
2.733634e+07 
2.733634e+07 
2.733634e+07 
2.733634e+07 
2.733634e+07 
2.733634e+07 
2.733634e+07 
2.733634e+07 
2.733634e+07 
2.733634e+07 
2.733634e+07 
2.733634e+07 
2.733634e+07 
2.733634e+07 
2.733634e+07 
2.733634e+07 
2.733634e+07 
2.733634e+07 
2.733634e+07 
2.733634e+07 
2.733634e+07 
2.733634e+07 
2.733634e+07 
2.733634e+07 
2.733634e+07 
2.733634e+07 
2.733634e+07 
2.733634e+07 
2.733634e+07 
2.733634e+07 
2.733634e+07 
2.733634e+07 
2.733634e+07 
2.733634e+07 
2.733634e+07 
2.733634e+07 
2.733634e+07 
2.733634e+07 
2.733634e+07 
2.733634e+07 
2.733634e+07 
2.733634e+07 
2.733634e+07 
2.733634e+07 
2.733634e+07 
2.733634e+07 
2.733634e+07 
2.733634e+07 
2.733634e+07 
2.733634e+07 
2.733634e+07 
2.733634e+07 
2.733634e+07 
2.733634e+07 
2.733634e+07 
2.733634e+07 
2.733634e+07 
2.733634e+07 
2.733634e+07 
2.733634e+07 
2.733634e+07 
2.733634e+07 
2.733634e+07 
2.733634e+07 
2.733634e+07 
2.733634e+07 
2.733634e+07 
2.733634e+07 
2.733634e+07 
2.733634e+07 
2.733634e+07 
2.733634e+07 
2.733634e+07 
2.733634e+07 
2.733634e+07 
2.733634e+07 
2.733634e+07 
2.733634e+07 
2.733634e+07 
2.733634e+07 
2.733634e+07 
2.733634e+07 
2.733634e+07 
2.733634e+07 
2.733634e+07 
2.733634e+07 
2.733634e+07 
2.733634e+07 
2.733634e+07 
2.733634e+07 
2.733634e+07 
2.733634e+07 
2.733634e+07 
2.448703e+07 
2.448703e+07 
2.448703e+07 
2.448703e+07 
2.448703e+07 
2.448703e+07 
2.448703e+07 
2.448703e+07 
2.448703e+07 
2.448703e+07 
2.448703e+07 
2.448703e+07 
1.186496e+07 
1.186496e+07 
1.186496e+07 
1.186496e+07 
1.186496e+07 
1.186496e+07 
1.186496e+07 
1.186496e+07 
1.186496e+07 
1.186496e+07 
1.186496e+07 
1.186496e+07 
1.186496e+07 
1.186496e+07 
1.186496e+07 
1.186496e+07 
1.186496e+07 
1.186496e+07 
1.186496e+07 
1.186496e+07 
1.186496e+07 
1.186496e+07 
1.186496e+07 
1.186496e+07 
1.186496e+07 
1.186496e+07 
1.186496e+07 
1.186496e+07 
1.186496e+07 
1.186496e+07 
1.186496e+07 
1.186496e+07 
1.186496e+07 
1.186496e+07 
1.186496e+07 
1.186496e+07 
1.186496e+07 
1.186496e+07 
1.186496e+07 
1.186496e+07 
1.186496e+07 
1.186496e+07 
1.186496e+07 
1.186496e+07 
1.186496e+07 
1.186496e+07 
1.186496e+07 
1.186496e+07 
1.186496e+07 
1.186496e+07 
1.186496e+07 
1.186496e+07 
1.186496e+07 
1.186496e+07 
1.186496e+07 
1.186496e+07 
1.186496e+07 
1.186496e+07 
1.186496e+07 
1.186496e+07 
1.186496e+07 
1.186496e+07 
1.186496e+07 
1.186496e+07 
1.186496e+07 
1.186496e+07 
1.186496e+07 
1.186496e+07 
1.186496e+07 
1.186496e+07 
1.186496e+07 
1.186496e+07 
1.186496e+07 
1.186496e+07 
1.186496e+07 
1.186496e+07 
1.186496e+07 
1.186496e+07 
1.186496e+07 
1.186496e+07 
7.427484e+06 
7.427484e+06 
7.427484e+06 
7.427484e+06 
7.427484e+06 
7.427484e+06 
7.427484e+06 
7.427484e+06 
7.427484e+06 
7.427484e+06 
7.427484e+06 
7.427484e+06 
7.427484e+06 
7.427484e+06 
7.427484e+06 
7.427484e+06 
7.427484e+06 
7.427484e+06 
7.427484e+06 
7.427484e+06 
7.427484e+06 
7.427484e+06 
7.427484e+06 
7.427484e+06 
7.427484e+06 
7.427484e+06 
7.427484e+06 
7.427484e+06 
7.427484e+06 
4.682595e+06 
4.682595e+06 
4.682595e+06 
4.682595e+06 
4.682595e+06 
4.682595e+06 
4.682595e+06 
4.682595e+06 
4.682595e+06 
4.682595e+06 
4.682595e+06 
4.682595e+06 
4.682595e+06 
4.682595e+06 
4.682595e+06 
4.682595e+06 
4.682595e+06 
4.682595e+06 
4.682595e+06 
4.682595e+06 
4.682595e+06 
4.682595e+06 
4.682595e+06 
4.682595e+06 
4.682595e+06 
4.682595e+06 
3.946708e+06 
3.946708e+06 
3.946708e+06 
3.946708e+06 
3.946708e+06 
3.946708e+06 
3.946708e+06 
3.946708e+06 
3.946708e+06 
3.946708e+06 
3.946708e+06 
3.946708e+06 
3.946708e+06 
3.946708e+06 
3.946708e+06 
3.946708e+06 
3.946708e+06 
3.946708e+06 
3.946708e+06 
3.946708e+06 
3.946708e+06 
3.946708e+06 
3.946708e+06 
3.946708e+06 
3.946708e+06 
3.946708e+06 
3.946708e+06 
3.946708e+06 
3.946708e+06 
3.946708e+06 
3.946708e+06 
3.946708e+06 
3.946708e+06 
3.946708e+06 
3.946708e+06 
3.946708e+06 
3.946708e+06 
3.946708e+06 
3.946708e+06 
2.794978e+06 
2.794978e+06 
2.794978e+06 
2.794978e+06 
2.794978e+06 
2.794978e+06 
2.794978e+06 
2.794978e+06 
2.794978e+06 
2.794978e+06 
2.794978e+06 
2.794978e+06 
2.794978e+06 
2.794978e+06 
2.794978e+06 
2.794978e+06 
2.794978e+06 
2.794978e+06 
2.794978e+06 
2.794978e+06 
2.794978e+06 
2.794978e+06 
2.794978e+06 
2.794978e+06 
2.794978e+06 
2.794978e+06 
2.794978e+06 
2.794978e+06 
2.794978e+06 
2.794978e+06 
2.794978e+06 
2.794978e+06 
2.794978e+06 
2.794978e+06 
2.794978e+06 
2.794978e+06 
2.794978e+06 
2.794978e+06 
2.381244e+06 
2.381244e+06 
2.381244e+06 
2.381244e+06 
1.822702e+06 
1.502166e+06 
1.502166e+06 
1.502166e+06 
1.502166e+06 
1.502166e+06 
1.502166e+06 
1.502166e+06 
1.502166e+06 
1.502166e+06 
1.502166e+06 
1.502166e+06 
1.502166e+06 
1.502166e+06 
1.502166e+06 
1.502166e+06 
1.502166e+06 
1.502166e+06 
1.502166e+06 
1.502166e+06 
1.502166e+06 
1.502166e+06 
1.502166e+06 
1.502166e+06 
1.502166e+06 
1.502166e+06 
1.502166e+06 
1.502166e+06 
1.502166e+06 
1.502166e+06 
1.502166e+06 
1.502166e+06 
1.502166e+06 
1.502166e+06 
1.502166e+06 
1.502166e+06 
1.026509e+06 
1.026509e+06 
1.026509e+06 
1.026509e+06 
1.026509e+06 
1.026509e+06 
1.026509e+06 
1.026509e+06 
1.026509e+06 
1.026509e+06 
1.026509e+06 
1.026509e+06 
1.026509e+06 
1.026509e+06 
1.026509e+06 
1.026509e+06 
1.026509e+06 
1.026509e+06 
1.026509e+06 
1.026509e+06 
1.026509e+06 
1.026509e+06 
1.026509e+06 
1.026509e+06 
1.026509e+06 
1.026509e+06 
1.026509e+06 
1.026509e+06 
1.026509e+06 
1.026509e+06 
1.026509e+06 
1.026509e+06 
1.026509e+06 
1.026509e+06 
1.026509e+06 
1.026509e+06 
1.026509e+06 
1.026509e+06 
1.026509e+06 
1.026509e+06 
1.026509e+06 
1.026509e+06 
1.026509e+06 
1.026509e+06 
1.026509e+06 
1.026509e+06 
1.026509e+06 
1.026509e+06 
1.026509e+06 
1.026509e+06 
1.026509e+06 
1.026509e+06 
1.026509e+06 
1.026509e+06 
1.026509e+06 
1.026509e+06 
1.026509e+06 
1.026509e+06 
1.026509e+06 
1.026509e+06 
1.026509e+06 
1.026509e+06 
1.026509e+06 
1.026509e+06 
1.026509e+06 
1.026509e+06 
8.057664e+05 
8.057664e+05 
8.057664e+05 
8.057664e+05 
8.057664e+05 
8.057664e+05 
8.057664e+05 
8.057664e+05 
8.057664e+05 
8.057664e+05 
8.057664e+05 
8.057664e+05 
8.057664e+05 
8.057664e+05 
8.057664e+05 
8.057664e+05 
8.057664e+05 
8.057664e+05 
8.057664e+05 
8.057664e+05 
8.057664e+05 
8.057664e+05 
8.057664e+05 
8.057664e+05 
8.057664e+05 
8.057664e+05 
8.057664e+05 
8.057664e+05 
8.057664e+05 
8.057664e+05 
8.057664e+05 
8.057664e+05 
8.057664e+05 
8.057664e+05 
8.057664e+05 
8.057664e+05 
8.057664e+05 
8.057664e+05 
8.057664e+05 
8.057664e+05 
8.057664e+05 
8.057664e+05 
8.057664e+05 
8.057664e+05 
8.057664e+05 
8.057664e+05 
8.057664e+05 
8.057664e+05 
8.057664e+05 
8.057664e+05 
8.057664e+05 
8.057664e+05 
8.057664e+05 
8.057664e+05 
8.057664e+05 
8.057664e+05 
8.057664e+05 
8.057664e+05 
8.057664e+05 
8.057664e+05 
6.149260e+05 
6.149260e+05 
6.149260e+05 
6.149260e+05 
6.149260e+05 
6.054376e+05 
6.054376e+05 
6.054376e+05 
6.054376e+05 
6.054376e+05 
6.054376e+05 
6.054376e+05 
6.054376e+05 
6.054376e+05 
6.054376e+05 
6.054376e+05 
6.054376e+05 
6.054376e+05 
6.054376e+05 
6.054376e+05 
6.054376e+05 
6.054376e+05 
5.594144e+05 
5.594144e+05 
5.594144e+05 
5.594144e+05 
5.594144e+05 
5.594144e+05 
5.594144e+05 
5.594144e+05 
5.594144e+05 
5.594144e+05 
5.594144e+05 
5.594144e+05 
5.594144e+05 
5.594144e+05 
5.594144e+05 
5.594144e+05 
5.594144e+05 
5.594144e+05 
5.594144e+05 
5.594144e+05 
5.594144e+05 
5.594144e+05 
5.594144e+05 
5.594144e+05 
5.594144e+05 
5.275448e+05 
5.275448e+05 
5.275448e+05 
5.275448e+05 
5.275448e+05 
4.147726e+05 
4.147726e+05 
4.147726e+05 
4.147726e+05 
4.147726e+05 
4.147726e+05 
4.147726e+05 
4.147726e+05 
4.147726e+05 
4.147726e+05 
4.147726e+05 
4.147726e+05 
3.946712e+05 
3.946712e+05 
3.946712e+05 
3.946712e+05 
3.946712e+05 
3.946712e+05 
3.946712e+05 
3.946712e+05 
3.946712e+05 
3.946712e+05 
3.946712e+05 
3.946712e+05 
3.946712e+05 
3.946712e+05 
3.946712e+05 
3.946712e+05 
3.946712e+05 
3.946712e+05 
3.946712e+05 
3.946712e+05 
3.946712e+05 
3.946712e+05 
3.946712e+05 
3.946712e+05 
3.946712e+05 
3.946712e+05 
3.946712e+05 
3.946712e+05 
3.946712e+05 
3.946712e+05 
3.946712e+05 
3.946712e+05 
3.946712e+05 
3.946712e+05 
3.946712e+05 
3.946712e+05 
3.946712e+05 
3.946712e+05 
3.946712e+05 
3.946712e+05 
3.946712e+05 
3.946712e+05 
3.946712e+05 
3.946712e+05 
3.946712e+05 
3.946712e+05 
3.946712e+05 
3.946712e+05 
3.946712e+05 
3.946712e+05 
3.946712e+05 
3.946712e+05 
3.946712e+05 
3.946712e+05 
3.946712e+05 
3.946712e+05 
3.946712e+05 
3.946712e+05 
3.946712e+05 
3.946712e+05 
3.946712e+05 
3.946712e+05 
3.946712e+05 
3.946712e+05 
3.946712e+05 
3.946712e+05 
3.946712e+05 
3.946712e+05 
3.946712e+05 
3.946712e+05 
3.946712e+05 
3.946712e+05 
3.946712e+05 
3.946712e+05 
3.946712e+05 
3.946712e+05 
3.946712e+05 
3.946712e+05 
3.946712e+05 
3.946712e+05 
3.946712e+05 
3.946712e+05 
3.946712e+05 
3.946712e+05 
3.946712e+05 
3.946712e+05 
3.946712e+05 
3.946712e+05 
3.946712e+05 
3.946712e+05 
3.946712e+05 
3.946712e+05 
3.946712e+05 
3.946712e+05 
3.946712e+05 
3.946712e+05 
3.946712e+05 
3.946712e+05 
3.946712e+05 
3.946712e+05 
3.946712e+05 
3.752949e+05 
3.752949e+05 
3.752949e+05 
3.752949e+05 
3.752949e+05 
3.752949e+05 
3.752949e+05 
3.752949e+05 
3.079826e+05 
3.040789e+05 
2.290414e+05 
2.290414e+05 
2.290414e+05 
2.290414e+05 
2.290414e+05 
2.290414e+05 
2.290414e+05 
2.290414e+05 
2.290414e+05 
2.290414e+05 
2.290414e+05 
2.290414e+05 
2.290414e+05 
2.290414e+05 
2.290414e+05 
2.290414e+05 
2.290414e+05 
2.290414e+05 
2.093546e+05 
2.093546e+05 
2.093546e+05 
2.093546e+05 
2.093546e+05 
2.093546e+05 
1.995902e+05 
1.236270e+05 
1.236270e+05 
1.236270e+05 
1.236270e+05 
1.163249e+05 
1.163249e+05 
5.964387e+04 
5.964387e+04 
5.964387e+04 
5.964387e+04 
5.964387e+04 
5.964387e+04 
5.964387e+04 
5.964387e+04 
5.964387e+04 
5.964387e+04 
5.964387e+04 
5.964387e+04 
5.964387e+04 
5.964387e+04 
5.964387e+04 
5.964387e+04 
5.964387e+04 
5.964387e+04 
5.964387e+04 
5.964387e+04 
5.964387e+04 
5.964387e+04 
5.964387e+04 
5.964387e+04 
5.964387e+04 
5.964387e+04 
5.964387e+04 
5.964387e+04 
5.964387e+04 
5.964387e+04 
5.964387e+04 
5.964387e+04 
5.964387e+04 
5.964387e+04 
5.964387e+04 
5.964387e+04 
5.964387e+04 
5.964387e+04 
5.964387e+04 
5.964387e+04 
5.964387e+04 
5.964387e+04 
5.964387e+04 
5.964387e+04 
5.964387e+04 
5.964387e+04 
5.964387e+04 
5.964387e+04 
5.964387e+04 
5.964387e+04 
5.964387e+04 
5.964387e+04 
5.964387e+04 
5.964387e+04 
5.964387e+04 
5.964387e+04 
5.964387e+04 
5.964387e+04 
5.964387e+04 
5.964387e+04 
5.964387e+04 
5.964387e+04 
5.964387e+04 
5.210960e+04 
5.210960e+04 
5.210960e+04 
5.210960e+04 
5.210960e+04 
5.210960e+04 
5.210960e+04 
5.210960e+04 
5.210960e+04 
5.026804e+04 
5.026804e+04 
5.026804e+04 
5.026804e+04 
5.026804e+04 
5.026804e+04 
5.026804e+04 
5.026804e+04 
5.026804e+04 
5.026804e+04 
5.026804e+04 
5.026804e+04 
5.026804e+04 
5.026804e+04 
5.026804e+04 
4.709372e+04 
4.709372e+04 
4.709372e+04 
4.709372e+04 
4.709372e+04 
4.709372e+04 
4.709372e+04 
4.709372e+04 
4.709372e+04 
4.709372e+04 
4.709372e+04 
4.709372e+04 
4.709372e+04 
4.709372e+04 
4.709372e+04 
4.709372e+04 
4.669974e+04 
4.564499e+04 
4.564499e+04 
4.564499e+04 
4.564499e+04 
4.316986e+04 
4.316986e+04 
4.316986e+04 
4.316986e+04 
4.316986e+04 
4.316986e+04 
4.316986e+04 
4.316986e+04 
4.316986e+04 
4.316986e+04 
4.316986e+04 
4.316986e+04 
4.316986e+04 
4.316986e+04 
4.316986e+04 
4.316986e+04 
4.316986e+04 
4.316986e+04 
4.316986e+04 
4.316986e+04 
4.316986e+04 
4.316986e+04 
4.316986e+04 
4.080504e+04 
4.080504e+04 
4.080504e+04 
4.080504e+04 
4.080504e+04 
4.080504e+04 
4.080504e+04 
4.080504e+04 
4.067296e+04 
4.067296e+04 
4.067296e+04 
4.067296e+04 
4.067296e+04 
4.067296e+04 
4.067296e+04 
4.067296e+04 
4.067296e+04 
4.067296e+04 
3.989349e+04 
3.989349e+04 
3.989349e+04 
3.989349e+04 
3.989349e+04 
3.966591e+04 
3.966591e+04 
3.966591e+04 
3.966591e+04 
3.966591e+04 
3.966591e+04 
3.966591e+04 
3.961051e+04 
3.961051e+04 
3.912986e+04 
3.912986e+04 
3.912986e+04 
3.912986e+04 
3.912986e+04 
3.902967e+04 
3.902967e+04 
3.902967e+04 
3.902967e+04 
3.902967e+04 
3.896088e+04 
3.896088e+04 
3.896088e+04 
3.896088e+04 
3.896088e+04 
3.864692e+04 
3.838276e+04 
3.518193e+04 
3.518193e+04 
3.518193e+04 
3.518193e+04 
3.518193e+04 
3.518193e+04 
3.518193e+04 
3.518193e+04 
3.518193e+04 
3.518193e+04 
3.518193e+04 
3.518193e+04 
3.518193e+04 
3.518193e+04 
3.518193e+04 
3.518193e+04 
3.518193e+04 
3.518193e+04 
3.518193e+04 
3.518193e+04 
3.518193e+04 
3.518193e+04 
3.518193e+04 
3.518193e+04 
3.518193e+04 
3.518193e+04 
3.518193e+04 
3.518193e+04 
3.212487e+04 
3.212487e+04 
3.212487e+04 
3.212487e+04 
3.212487e+04 
3.212487e+04 
3.182344e+04 
3.182344e+04 
3.182344e+04 
3.182344e+04 
3.182344e+04 
3.182344e+04 
3.182344e+04 
3.182344e+04 
3.182344e+04 
3.182344e+04 
3.182344e+04 
3.182344e+04 
3.182344e+04 
3.182344e+04 
3.163416e+04 
2.752164e+04 
2.752164e+04 
2.752164e+04 
2.301705e+04 
2.301705e+04 
2.301705e+04 
2.301705e+04 
2.301705e+04 
2.301705e+04 
2.301705e+04 
2.301705e+04 
1.272528e+04 
1.272528e+04 
1.272528e+04 
1.164045e+04 
1.164045e+04 
1.164045e+04 
1.164045e+04 
1.164045e+04 
1.164045e+04 
1.164045e+04 
1.164045e+04 
1.164045e+04 
1.164045e+04 
1.164045e+04 
1.164045e+04 
1.164045e+04 
1.164045e+04 
1.164045e+04 
1.164045e+04 
1.164045e+04 
1.164045e+04 
1.164045e+04 
1.164045e+04 
8.480425e+03 
8.480425e+03 
8.480425e+03 
8.480425e+03 
8.480425e+03 
8.480425e+03 
8.480425e+03 
8.480425e+03 
8.480425e+03 
6.349572e+03 
6.349572e+03 
6.349572e+03 
6.349572e+03 
6.349572e+03 
6.349572e+03 
6.349572e+03 
6.349572e+03 
4.020930e+03 
4.020930e+03 
4.020930e+03 
4.020930e+03 
4.020930e+03 
4.020930e+03 
4.020930e+03 
4.020930e+03 
4.020930e+03 
4.020930e+03 
4.020930e+03 
4.020930e+03 
4.020930e+03 
3.930876e+03 
3.930876e+03 
3.930876e+03 
3.930876e+03 
3.930876e+03 
3.930876e+03 
3.930876e+03 
3.930876e+03 
3.930876e+03 
3.930876e+03 
3.930876e+03 
3.930876e+03 
3.930876e+03 
3.930876e+03 
3.105982e+03 
3.105982e+03 
3.105982e+03 
3.105982e+03 
3.105982e+03 
2.776394e+03 
2.057530e+03 
2.057530e+03 
2.057530e+03 
2.057530e+03 
2.057530e+03 
2.057530e+03 
2.057530e+03 
2.057530e+03 
2.007003e+03 
2.007003e+03 
2.007003e+03 
2.007003e+03 
2.007003e+03 
2.007003e+03 
2.007003e+03 
2.007003e+03 
2.007003e+03 
2.007003e+03 
2.007003e+03 
2.007003e+03 
2.007003e+03 
2.007003e+03 
2.007003e+03 
2.007003e+03 
2.007003e+03 
2.007003e+03 
2.007003e+03 
2.007003e+03 
2.007003e+03 
1.926736e+03 
1.926736e+03 
1.926736e+03 
1.926736e+03 
1.926736e+03 
1.926736e+03 
1.926736e+03 
1.926736e+03 
1.226120e+03 
1.226120e+03 
1.226120e+03 
1.226120e+03 
1.226120e+03 
1.226120e+03 
1.226120e+03 
1.226120e+03 
1.226120e+03 
1.226120e+03 
1.226120e+03 
1.226120e+03 
1.226120e+03 
1.174333e+03 
1.174333e+03 
1.174333e+03 
1.174333e+03 
8.897753e+02 
8.897753e+02 
8.897753e+02 
8.897753e+02 
8.897753e+02 
8.897753e+02 
8.897753e+02 
8.897753e+02 
8.897753e+02 
8.897753e+02 
7.784521e+02 
7.784521e+02 
7.784521e+02 
7.784521e+02 
7.784521e+02 
7.784521e+02 
7.784521e+02 
7.784521e+02 
7.784521e+02 
7.784521e+02 
7.784521e+02 
7.784521e+02 
6.708992e+02 
6.708992e+02 
6.708992e+02 
3.951009e+02 
3.951009e+02 
3.951009e+02 
3.951009e+02 
3.951009e+02 
3.951009e+02 
3.951009e+02 
3.951009e+02 
3.951009e+02 
3.951009e+02 
3.951009e+02 
3.951009e+02 
3.951009e+02 
3.951009e+02 
3.144272e+02 
3.144272e+02 
3.144272e+02 
3.144272e+02 
3.144272e+02 
3.144272e+02 
3.144272e+02 
3.144272e+02 
3.144272e+02 
3.144272e+02 
3.144272e+02 
3.144272e+02 
3.144272e+02 
3.144272e+02 
3.144272e+02 
2.964666e+02 
2.964666e+02 
2.964666e+02 
2.964666e+02 
2.964666e+02 
2.964666e+02 
2.964666e+02 
2.964666e+02 
2.964666e+02 
2.964666e+02 
2.902548e+02 
2.902548e+02 
2.902548e+02 
2.902548e+02 
2.902548e+02 
2.902548e+02 
2.902548e+02 
2.902548e+02 
2.902548e+02 
2.902548e+02 
2.902548e+02 
2.902548e+02 
2.634216e+02 
2.395927e+02 
2.189723e+02 
2.189723e+02 
2.189723e+02 
2.189723e+02 
2.189723e+02 
2.075785e+02 
2.075785e+02 
2.075785e+02 
2.075785e+02 
2.075785e+02 
2.075785e+02 
2.075785e+02 
2.075785e+02 
1.764530e+02 
1.764530e+02 
1.764530e+02 
1.764530e+02 
1.611589e+02 
1.611589e+02 
1.611589e+02 
1.611589e+02 
1.611589e+02 
1.611589e+02 
1.611589e+02 
1.611589e+02 
1.611589e+02 
1.611589e+02 
1.611589e+02 
1.611589e+02 
1.611589e+02 
1.611589e+02 
1.611589e+02 
1.611589e+02 
1.611589e+02 
1.611589e+02 
1.611589e+02 
1.611589e+02 
1.336813e+02 
1.231507e+02 
1.231507e+02 
1.231507e+02 
1.231507e+02 
1.231507e+02 
1.231507e+02 
1.209662e+02 
1.209662e+02 
1.209662e+02 
1.209662e+02 
1.209662e+02 
1.209662e+02 
1.209662e+02 
1.209662e+02 
1.209662e+02 
1.209662e+02 
1.209662e+02 
1.209662e+02 
1.046745e+02 
1.046745e+02 
1.046745e+02 
1.046745e+02 
1.046745e+02 
1.046745e+02 
1.046745e+02 
1.046745e+02 
1.046745e+02 
1.046745e+02 
1.046745e+02 
1.046745e+02 
1.046745e+02 
3.900344e+01 
3.900344e+01 
3.900344e+01 
3.900344e+01 
3.900344e+01 
3.900344e+01 
3.900344e+01 
3.900344e+01 
3.900344e+01 
3.900344e+01 
3.813444e+01 
3.813444e+01 
3.813444e+01 
3.813444e+01 
3.099326e+01 
3.099326e+01 
3.099326e+01 
3.099326e+01 
3.099326e+01 
3.099326e+01 
3.099326e+01 
3.099326e+01 
3.099326e+01 
3.099326e+01 
3.099326e+01 
2.768646e+01 
2.768646e+01 
2.166180e+01 
2.166180e+01 
2.166180e+01 
2.145122e+01 
2.145122e+01 
2.145122e+01 
2.145122e+01 
2.145122e+01 
2.145122e+01 
2.145122e+01 
1.465347e+01 
1.465347e+01 
1.465347e+01 
1.465347e+01 
1.465347e+01 
1.465347e+01 
1.465347e+01 
1.465347e+01 
1.465347e+01 
1.465347e+01 
1.465347e+01 
7.773880e+00 
7.773880e+00 
7.773880e+00 
7.773880e+00 
7.773880e+00 
7.773880e+00 
7.102601e+00 
4.799031e+00 
4.799031e+00 
4.799031e+00 
4.799031e+00 
4.799031e+00 
4.799031e+00 
4.799031e+00 
4.799031e+00 
4.799031e+00 
4.593444e+00 
4.593444e+00 
4.593444e+00 
4.593444e+00 
4.593444e+00 
4.593444e+00 
4.593444e+00 
4.593444e+00 
4.593444e+00 
4.593444e+00 
4.593444e+00 
4.593444e+00 
4.593444e+00 
4.593444e+00 
4.593444e+00 
4.593444e+00 
4.593444e+00 
4.593444e+00 
4.593444e+00 
4.593444e+00 
4.593444e+00 
4.593444e+00 
4.593444e+00 
4.593444e+00 
4.593444e+00 
4.593444e+00 
4.593444e+00 
4.593444e+00 
4.593444e+00 
4.593444e+00 
