2.598680e+03 
2.598680e+03 
2.598680e+03 
2.598680e+03 
2.598680e+03 
2.598680e+03 
2.403100e+03 
2.403100e+03 
2.403100e+03 
2.403100e+03 
2.403100e+03 
2.403100e+03 
2.403100e+03 
2.403100e+03 
2.403100e+03 
2.403100e+03 
2.263646e+03 
2.263646e+03 
2.263646e+03 
2.263646e+03 
2.248315e+03 
2.248315e+03 
2.248315e+03 
2.248315e+03 
2.248315e+03 
2.248315e+03 
2.248315e+03 
2.248315e+03 
2.248315e+03 
2.248315e+03 
2.248315e+03 
2.248315e+03 
2.248315e+03 
2.248315e+03 
2.248315e+03 
2.248315e+03 
2.248315e+03 
2.248315e+03 
2.239655e+03 
2.239655e+03 
2.175301e+03 
2.175301e+03 
2.175301e+03 
2.175301e+03 
2.175301e+03 
2.175301e+03 
2.175301e+03 
2.175301e+03 
2.175301e+03 
2.175301e+03 
2.175301e+03 
2.175301e+03 
2.175301e+03 
2.175301e+03 
2.175301e+03 
2.175301e+03 
2.175301e+03 
2.175301e+03 
2.175301e+03 
2.175301e+03 
2.175301e+03 
2.175301e+03 
2.175301e+03 
2.175301e+03 
2.175301e+03 
2.175301e+03 
2.175301e+03 
2.175301e+03 
2.175301e+03 
2.175301e+03 
2.175301e+03 
2.175301e+03 
2.175301e+03 
2.175301e+03 
2.175301e+03 
2.175301e+03 
2.175301e+03 
2.175301e+03 
2.166755e+03 
2.166755e+03 
2.166755e+03 
2.166755e+03 
1.897399e+03 
1.897399e+03 
1.897399e+03 
1.897399e+03 
1.897399e+03 
1.897399e+03 
1.897399e+03 
1.897399e+03 
1.897399e+03 
1.897399e+03 
1.870646e+03 
1.870646e+03 
1.870646e+03 
1.765556e+03 
1.765556e+03 
1.765556e+03 
1.765556e+03 
1.765556e+03 
1.765556e+03 
1.765556e+03 
1.765556e+03 
1.765556e+03 
1.765556e+03 
1.765556e+03 
1.765556e+03 
1.765556e+03 
1.765556e+03 
1.765556e+03 
1.765556e+03 
1.765556e+03 
1.765556e+03 
1.765556e+03 
1.765556e+03 
1.765556e+03 
1.765556e+03 
1.765556e+03 
1.765556e+03 
1.765556e+03 
1.765556e+03 
1.765556e+03 
1.765556e+03 
1.765556e+03 
1.765556e+03 
1.765556e+03 
1.765556e+03 
1.626212e+03 
1.626212e+03 
1.626212e+03 
1.626212e+03 
1.626212e+03 
1.626212e+03 
1.626212e+03 
1.626212e+03 
1.626212e+03 
1.626212e+03 
1.626212e+03 
1.626212e+03 
1.626212e+03 
1.626212e+03 
1.616620e+03 
1.616620e+03 
1.616620e+03 
1.616620e+03 
1.616620e+03 
1.616620e+03 
1.616620e+03 
1.616620e+03 
1.616620e+03 
1.616620e+03 
1.616620e+03 
1.616620e+03 
1.616620e+03 
1.578893e+03 
1.578893e+03 
1.578893e+03 
1.578893e+03 
1.578893e+03 
1.578893e+03 
1.578893e+03 
1.578893e+03 
1.578893e+03 
1.578893e+03 
1.525580e+03 
1.525580e+03 
1.525580e+03 
1.525580e+03 
1.525580e+03 
1.525580e+03 
1.525580e+03 
1.525580e+03 
1.525580e+03 
1.400739e+03 
1.400739e+03 
1.400739e+03 
1.400739e+03 
1.400739e+03 
1.400739e+03 
1.400739e+03 
1.400739e+03 
1.400739e+03 
1.400739e+03 
1.400739e+03 
1.400739e+03 
1.400739e+03 
1.400739e+03 
1.400739e+03 
1.400739e+03 
1.400739e+03 
1.400739e+03 
1.400739e+03 
1.400739e+03 
1.400739e+03 
1.400739e+03 
1.400739e+03 
1.400739e+03 
1.400739e+03 
1.400739e+03 
1.400739e+03 
1.367570e+03 
1.367570e+03 
1.367570e+03 
1.367570e+03 
1.367570e+03 
1.367570e+03 
1.329101e+03 
1.329101e+03 
1.329101e+03 
1.329101e+03 
1.329101e+03 
1.329101e+03 
1.329101e+03 
1.329101e+03 
1.329101e+03 
1.329101e+03 
1.329101e+03 
1.329101e+03 
1.329101e+03 
1.329101e+03 
1.329101e+03 
1.329101e+03 
1.329101e+03 
1.329101e+03 
1.329101e+03 
1.329101e+03 
1.329101e+03 
1.329101e+03 
1.329101e+03 
1.329101e+03 
1.329101e+03 
1.329101e+03 
1.329101e+03 
1.329101e+03 
1.329101e+03 
1.329101e+03 
1.329101e+03 
1.329101e+03 
1.329101e+03 
1.329101e+03 
1.329101e+03 
1.329101e+03 
1.329101e+03 
1.329101e+03 
1.329101e+03 
1.329101e+03 
1.329101e+03 
1.329101e+03 
1.329101e+03 
1.329101e+03 
1.329101e+03 
1.329101e+03 
1.329101e+03 
1.329101e+03 
1.329101e+03 
1.329101e+03 
1.329101e+03 
1.160554e+03 
1.160554e+03 
1.160554e+03 
1.160554e+03 
1.160554e+03 
1.160554e+03 
1.160554e+03 
1.160554e+03 
1.160554e+03 
1.160554e+03 
1.160554e+03 
1.160554e+03 
1.160554e+03 
1.160554e+03 
1.160554e+03 
1.160554e+03 
1.160554e+03 
1.160554e+03 
1.160554e+03 
1.160554e+03 
1.160554e+03 
1.160554e+03 
1.160554e+03 
1.160554e+03 
1.160554e+03 
1.160554e+03 
1.160554e+03 
1.160554e+03 
1.160554e+03 
1.160554e+03 
1.160554e+03 
1.160554e+03 
1.160554e+03 
1.160554e+03 
1.160554e+03 
1.160554e+03 
1.160554e+03 
1.160554e+03 
1.160554e+03 
1.160554e+03 
1.160554e+03 
1.160554e+03 
1.160554e+03 
1.160554e+03 
1.160554e+03 
1.160554e+03 
1.160554e+03 
1.160554e+03 
1.160554e+03 
8.967701e+02 
8.967701e+02 
8.967701e+02 
8.967701e+02 
8.967701e+02 
8.967701e+02 
8.967701e+02 
8.967701e+02 
8.967701e+02 
8.967701e+02 
8.967701e+02 
8.967701e+02 
8.967701e+02 
8.967701e+02 
8.967701e+02 
8.967701e+02 
8.967701e+02 
8.967701e+02 
8.967701e+02 
8.967701e+02 
5.991967e+02 
5.991967e+02 
5.991967e+02 
5.991967e+02 
5.991967e+02 
5.991967e+02 
5.991967e+02 
5.991967e+02 
5.991967e+02 
5.991967e+02 
5.991967e+02 
5.991967e+02 
5.991967e+02 
5.991967e+02 
5.991967e+02 
5.991967e+02 
5.991967e+02 
5.991967e+02 
5.991967e+02 
5.991967e+02 
5.991967e+02 
5.991967e+02 
5.991967e+02 
5.991967e+02 
5.991967e+02 
5.991967e+02 
5.991967e+02 
5.991967e+02 
5.991967e+02 
5.991967e+02 
5.991967e+02 
5.991967e+02 
5.991967e+02 
5.991967e+02 
5.991967e+02 
5.991967e+02 
5.991967e+02 
5.991967e+02 
5.991967e+02 
5.991967e+02 
5.991967e+02 
5.991967e+02 
5.991967e+02 
5.991967e+02 
5.991967e+02 
5.991967e+02 
5.991967e+02 
5.991967e+02 
5.991967e+02 
5.991967e+02 
5.991967e+02 
5.991967e+02 
5.991967e+02 
5.991967e+02 
5.991967e+02 
5.991967e+02 
5.991967e+02 
5.991967e+02 
5.991967e+02 
5.991967e+02 
5.991967e+02 
5.991967e+02 
5.991967e+02 
5.991967e+02 
5.991967e+02 
5.991967e+02 
5.991967e+02 
5.991967e+02 
5.991967e+02 
5.991967e+02 
5.991967e+02 
5.991967e+02 
5.991967e+02 
5.991967e+02 
5.991967e+02 
5.991967e+02 
5.991967e+02 
5.991967e+02 
5.991967e+02 
5.991967e+02 
5.991967e+02 
5.991967e+02 
5.991967e+02 
5.991967e+02 
5.991967e+02 
5.991967e+02 
5.960489e+02 
5.960489e+02 
5.960489e+02 
5.960489e+02 
5.960489e+02 
5.960489e+02 
5.960489e+02 
5.960489e+02 
5.960489e+02 
5.960489e+02 
5.560720e+02 
5.560720e+02 
5.560720e+02 
5.560720e+02 
5.560720e+02 
5.560720e+02 
5.560720e+02 
5.560720e+02 
5.560720e+02 
5.560720e+02 
4.852080e+02 
4.852080e+02 
4.852080e+02 
4.852080e+02 
4.852080e+02 
4.852080e+02 
4.852080e+02 
4.852080e+02 
4.852080e+02 
4.852080e+02 
4.852080e+02 
4.852080e+02 
4.852080e+02 
4.852080e+02 
4.852080e+02 
4.852080e+02 
4.852080e+02 
4.852080e+02 
4.852080e+02 
4.852080e+02 
4.852080e+02 
4.852080e+02 
4.852080e+02 
4.852080e+02 
4.852080e+02 
4.852080e+02 
4.852080e+02 
4.852080e+02 
4.852080e+02 
4.852080e+02 
4.852080e+02 
4.852080e+02 
4.852080e+02 
4.852080e+02 
4.852080e+02 
4.852080e+02 
4.852080e+02 
4.852080e+02 
4.852080e+02 
4.852080e+02 
4.852080e+02 
4.852080e+02 
4.852080e+02 
4.852080e+02 
4.852080e+02 
4.852080e+02 
4.852080e+02 
4.852080e+02 
4.852080e+02 
4.852080e+02 
4.561083e+02 
4.561083e+02 
4.561083e+02 
4.561083e+02 
4.561083e+02 
4.561083e+02 
4.561083e+02 
4.561083e+02 
4.561083e+02 
4.561083e+02 
4.561083e+02 
4.561083e+02 
4.561083e+02 
4.561083e+02 
4.561083e+02 
4.561083e+02 
4.561083e+02 
4.561083e+02 
4.561083e+02 
4.561083e+02 
4.561083e+02 
4.561083e+02 
4.561083e+02 
4.561083e+02 
4.561083e+02 
4.561083e+02 
4.561083e+02 
4.561083e+02 
4.561083e+02 
4.561083e+02 
4.561083e+02 
4.561083e+02 
4.561083e+02 
4.561083e+02 
4.561083e+02 
4.561083e+02 
4.561083e+02 
4.561083e+02 
4.561083e+02 
4.561083e+02 
4.561083e+02 
4.561083e+02 
4.561083e+02 
4.561083e+02 
4.561083e+02 
4.561083e+02 
4.561083e+02 
4.561083e+02 
4.561083e+02 
3.756779e+02 
3.756779e+02 
3.756779e+02 
3.756779e+02 
3.756779e+02 
3.756779e+02 
3.756779e+02 
3.756779e+02 
3.671557e+02 
3.671557e+02 
2.918098e+02 
2.918098e+02 
2.918098e+02 
2.918098e+02 
2.918098e+02 
2.918098e+02 
2.918098e+02 
2.918098e+02 
2.918098e+02 
2.918098e+02 
2.918098e+02 
2.918098e+02 
2.918098e+02 
2.918098e+02 
2.918098e+02 
2.918098e+02 
2.918098e+02 
2.918098e+02 
2.918098e+02 
2.918098e+02 
2.918098e+02 
2.918098e+02 
2.918098e+02 
2.918098e+02 
2.918098e+02 
2.918098e+02 
2.918098e+02 
2.918098e+02 
2.918098e+02 
2.918098e+02 
2.918098e+02 
2.918098e+02 
2.918098e+02 
2.918098e+02 
2.918098e+02 
2.918098e+02 
2.918098e+02 
2.918098e+02 
2.918098e+02 
2.918098e+02 
2.918098e+02 
2.918098e+02 
2.918098e+02 
2.918098e+02 
2.918098e+02 
2.918098e+02 
2.918098e+02 
2.918098e+02 
2.918098e+02 
2.918098e+02 
2.918098e+02 
2.918098e+02 
2.918098e+02 
2.918098e+02 
2.918098e+02 
2.918098e+02 
2.918098e+02 
2.918098e+02 
2.918098e+02 
2.918098e+02 
2.918098e+02 
2.918098e+02 
2.918098e+02 
2.918098e+02 
2.918098e+02 
2.918098e+02 
2.918098e+02 
2.918098e+02 
2.918098e+02 
2.918098e+02 
2.918098e+02 
2.918098e+02 
2.918098e+02 
2.918098e+02 
2.918098e+02 
2.918098e+02 
2.918098e+02 
2.918098e+02 
2.918098e+02 
2.918098e+02 
2.918098e+02 
2.918098e+02 
2.918098e+02 
2.918098e+02 
2.918098e+02 
2.918098e+02 
2.918098e+02 
2.918098e+02 
2.918098e+02 
2.918098e+02 
2.918098e+02 
2.918098e+02 
2.918098e+02 
2.918098e+02 
2.918098e+02 
2.918098e+02 
2.918098e+02 
2.918098e+02 
2.918098e+02 
2.918098e+02 
2.918098e+02 
2.918098e+02 
2.918098e+02 
2.918098e+02 
2.918098e+02 
2.918098e+02 
2.918098e+02 
2.918098e+02 
2.918098e+02 
2.918098e+02 
2.918098e+02 
2.918098e+02 
2.918098e+02 
2.918098e+02 
2.918098e+02 
2.918098e+02 
2.918098e+02 
2.918098e+02 
2.918098e+02 
2.918098e+02 
2.918098e+02 
2.918098e+02 
2.918098e+02 
2.918098e+02 
2.918098e+02 
2.918098e+02 
2.918098e+02 
2.918098e+02 
2.918098e+02 
2.918098e+02 
2.918098e+02 
2.918098e+02 
2.918098e+02 
2.918098e+02 
2.918098e+02 
2.918098e+02 
2.918098e+02 
2.918098e+02 
2.918098e+02 
2.918098e+02 
2.918098e+02 
2.918098e+02 
2.918098e+02 
2.918098e+02 
2.918098e+02 
2.918098e+02 
2.866427e+02 
2.866427e+02 
2.866427e+02 
2.866427e+02 
2.866427e+02 
2.866427e+02 
2.866427e+02 
2.866427e+02 
2.866427e+02 
2.866427e+02 
2.866427e+02 
2.866427e+02 
2.866427e+02 
2.866427e+02 
2.866427e+02 
2.866427e+02 
2.866427e+02 
2.866427e+02 
2.866427e+02 
2.866427e+02 
2.866427e+02 
2.866427e+02 
2.866427e+02 
2.866427e+02 
2.866427e+02 
2.866427e+02 
2.866427e+02 
2.866427e+02 
2.866427e+02 
2.866427e+02 
2.866427e+02 
2.866427e+02 
2.866427e+02 
2.866427e+02 
2.866427e+02 
2.866427e+02 
2.866427e+02 
2.866427e+02 
2.866427e+02 
2.866427e+02 
2.866427e+02 
2.866427e+02 
2.866427e+02 
2.866427e+02 
2.866427e+02 
2.866427e+02 
2.866427e+02 
2.866427e+02 
2.866427e+02 
2.866427e+02 
2.866427e+02 
2.866427e+02 
2.866427e+02 
2.866427e+02 
2.866427e+02 
2.866427e+02 
2.866427e+02 
2.866427e+02 
2.866427e+02 
2.866427e+02 
2.866427e+02 
2.866427e+02 
2.866427e+02 
2.866427e+02 
2.866427e+02 
2.866427e+02 
2.866427e+02 
2.866427e+02 
2.866427e+02 
2.866427e+02 
2.866427e+02 
2.866427e+02 
2.866427e+02 
2.866427e+02 
2.866427e+02 
2.866427e+02 
2.866427e+02 
2.866427e+02 
2.866427e+02 
2.866427e+02 
2.866427e+02 
2.866427e+02 
2.866427e+02 
2.866427e+02 
2.866427e+02 
2.866427e+02 
2.866427e+02 
2.866427e+02 
2.866427e+02 
2.866427e+02 
2.866427e+02 
2.866427e+02 
2.866427e+02 
2.756881e+02 
2.756881e+02 
2.756881e+02 
2.756881e+02 
2.756881e+02 
2.756881e+02 
2.756881e+02 
2.756881e+02 
2.756881e+02 
2.756881e+02 
2.756881e+02 
2.756881e+02 
2.756881e+02 
2.756881e+02 
2.756881e+02 
2.756881e+02 
2.756881e+02 
2.756881e+02 
2.751473e+02 
2.751473e+02 
2.751473e+02 
2.751473e+02 
2.751473e+02 
2.751473e+02 
2.751473e+02 
2.751473e+02 
2.751473e+02 
2.751473e+02 
2.751473e+02 
2.751473e+02 
2.751473e+02 
2.751473e+02 
2.751473e+02 
2.751473e+02 
2.751473e+02 
2.751473e+02 
2.751473e+02 
2.751473e+02 
2.751473e+02 
2.751473e+02 
2.751473e+02 
2.751473e+02 
2.726503e+02 
2.726503e+02 
2.726503e+02 
2.726503e+02 
2.726503e+02 
2.726503e+02 
2.726503e+02 
2.726503e+02 
2.726503e+02 
2.726503e+02 
2.726503e+02 
2.726503e+02 
2.722925e+02 
2.722925e+02 
2.722925e+02 
2.722925e+02 
2.722925e+02 
2.722925e+02 
2.722925e+02 
2.722925e+02 
2.722925e+02 
2.722925e+02 
2.722925e+02 
2.722925e+02 
2.722925e+02 
2.720018e+02 
2.720018e+02 
2.711833e+02 
2.711833e+02 
2.711833e+02 
2.711833e+02 
2.711833e+02 
2.711833e+02 
2.711833e+02 
2.711833e+02 
2.711833e+02 
2.711833e+02 
2.711833e+02 
2.711833e+02 
2.711833e+02 
2.711833e+02 
2.711833e+02 
2.711833e+02 
2.711833e+02 
2.699554e+02 
2.699554e+02 
2.699554e+02 
2.699554e+02 
2.699554e+02 
2.699554e+02 
2.697891e+02 
2.697891e+02 
2.697891e+02 
2.697891e+02 
2.697891e+02 
2.697891e+02 
2.697891e+02 
2.697891e+02 
2.697891e+02 
2.697356e+02 
2.697356e+02 
2.697356e+02 
2.697356e+02 
2.688381e+02 
2.688381e+02 
2.688381e+02 
2.639288e+02 
2.639288e+02 
2.639288e+02 
2.639288e+02 
2.639288e+02 
2.639288e+02 
2.639288e+02 
2.639288e+02 
2.639288e+02 
2.639288e+02 
2.639288e+02 
2.639288e+02 
2.639288e+02 
2.639288e+02 
2.639288e+02 
2.639288e+02 
2.639288e+02 
2.639288e+02 
2.639288e+02 
2.639288e+02 
2.639288e+02 
2.639288e+02 
2.639288e+02 
2.639288e+02 
2.560474e+02 
2.560474e+02 
2.560474e+02 
2.560474e+02 
2.560474e+02 
2.560474e+02 
2.560474e+02 
2.560474e+02 
2.560474e+02 
2.560474e+02 
2.560474e+02 
2.560474e+02 
2.560474e+02 
2.560474e+02 
2.560474e+02 
2.560474e+02 
2.560474e+02 
2.560474e+02 
2.560474e+02 
2.560474e+02 
2.560474e+02 
2.560474e+02 
2.560474e+02 
2.560474e+02 
2.560474e+02 
2.560474e+02 
2.560474e+02 
2.560474e+02 
2.560474e+02 
2.560474e+02 
2.560474e+02 
2.560474e+02 
2.560474e+02 
2.560474e+02 
2.560474e+02 
2.560474e+02 
2.560474e+02 
2.560474e+02 
2.560474e+02 
2.560474e+02 
2.560474e+02 
2.560474e+02 
2.560474e+02 
2.560474e+02 
2.560474e+02 
2.560474e+02 
2.560474e+02 
2.560474e+02 
2.560474e+02 
2.560474e+02 
2.560474e+02 
2.560474e+02 
2.560474e+02 
2.560474e+02 
2.551635e+02 
2.551635e+02 
2.551635e+02 
2.551635e+02 
2.551635e+02 
2.551635e+02 
2.551635e+02 
2.551635e+02 
2.551635e+02 
2.551635e+02 
2.551635e+02 
2.551635e+02 
2.551635e+02 
2.551635e+02 
2.551635e+02 
2.551635e+02 
2.551635e+02 
2.551635e+02 
2.551635e+02 
2.551635e+02 
2.546089e+02 
2.546089e+02 
2.546089e+02 
2.546089e+02 
2.546089e+02 
2.542457e+02 
2.542457e+02 
2.542457e+02 
2.542457e+02 
2.542457e+02 
2.542457e+02 
2.542457e+02 
2.542457e+02 
2.542457e+02 
2.542457e+02 
2.542457e+02 
2.542457e+02 
2.532710e+02 
2.532710e+02 
2.532710e+02 
2.532710e+02 
2.532710e+02 
2.532710e+02 
2.532710e+02 
2.532710e+02 
2.532710e+02 
2.532710e+02 
2.532710e+02 
2.532710e+02 
2.532710e+02 
2.532710e+02 
2.532710e+02 
2.532710e+02 
2.532710e+02 
2.532710e+02 
2.532710e+02 
2.532710e+02 
2.532710e+02 
2.532710e+02 
2.512109e+02 
2.512109e+02 
2.512109e+02 
2.512109e+02 
2.512109e+02 
2.512109e+02 
2.512109e+02 
2.512109e+02 
2.512109e+02 
2.512109e+02 
2.512109e+02 
2.512109e+02 
2.512109e+02 
2.512109e+02 
2.512109e+02 
2.510138e+02 
2.510138e+02 
2.510138e+02 
2.510138e+02 
2.510138e+02 
2.510138e+02 
2.510138e+02 
2.510138e+02 
2.510138e+02 
2.510138e+02 
2.510138e+02 
2.510138e+02 
2.510138e+02 
2.510138e+02 
2.510138e+02 
2.510138e+02 
2.510138e+02 
2.510138e+02 
2.510138e+02 
2.510138e+02 
2.510138e+02 
2.510138e+02 
2.510138e+02 
2.510138e+02 
2.510138e+02 
2.510138e+02 
2.510138e+02 
2.510138e+02 
2.510138e+02 
2.510138e+02 
2.510138e+02 
2.510138e+02 
2.510138e+02 
2.510138e+02 
2.510138e+02 
2.510138e+02 
2.510138e+02 
2.510138e+02 
2.510138e+02 
2.510138e+02 
2.510138e+02 
2.510138e+02 
2.510138e+02 
2.510138e+02 
2.510138e+02 
2.510138e+02 
2.510138e+02 
2.510138e+02 
2.510138e+02 
2.510138e+02 
2.510138e+02 
2.510138e+02 
2.510138e+02 
2.510138e+02 
2.510138e+02 
2.510138e+02 
2.510138e+02 
2.510138e+02 
2.510138e+02 
2.510138e+02 
2.510138e+02 
2.510138e+02 
2.510138e+02 
2.510138e+02 
2.510138e+02 
2.510138e+02 
2.510138e+02 
2.510138e+02 
2.510138e+02 
2.510138e+02 
2.507694e+02 
2.507694e+02 
2.507694e+02 
2.507666e+02 
2.507666e+02 
2.507666e+02 
2.506808e+02 
2.506808e+02 
2.506808e+02 
2.506808e+02 
2.506808e+02 
2.506808e+02 
2.506808e+02 
2.506808e+02 
2.506808e+02 
2.506808e+02 
2.506112e+02 
2.505720e+02 
2.505720e+02 
2.505720e+02 
2.505720e+02 
2.505720e+02 
2.505720e+02 
2.505612e+02 
2.505612e+02 
2.505612e+02 
2.505612e+02 
2.505612e+02 
2.505612e+02 
2.505081e+02 
2.505081e+02 
2.505081e+02 
2.505081e+02 
2.505081e+02 
2.504983e+02 
2.504983e+02 
2.504983e+02 
2.504983e+02 
2.504983e+02 
2.504983e+02 
2.504983e+02 
2.504983e+02 
2.504983e+02 
2.504983e+02 
2.504983e+02 
2.504983e+02 
2.504983e+02 
2.504983e+02 
2.504983e+02 
2.504733e+02 
2.504733e+02 
2.504733e+02 
2.504733e+02 
2.504733e+02 
2.504733e+02 
2.504733e+02 
2.504733e+02 
2.504733e+02 
2.504733e+02 
2.504733e+02 
2.504295e+02 
2.504295e+02 
2.504295e+02 
2.504295e+02 
2.504295e+02 
2.504295e+02 
2.504295e+02 
2.504295e+02 
2.504295e+02 
2.504295e+02 
2.504295e+02 
2.504295e+02 
2.504295e+02 
2.504295e+02 
2.504295e+02 
2.504014e+02 
2.504014e+02 
2.504014e+02 
2.504014e+02 
2.504014e+02 
2.504014e+02 
2.504014e+02 
2.504014e+02 
2.504014e+02 
2.504014e+02 
2.504014e+02 
2.504014e+02 
2.504014e+02 
2.504014e+02 
2.504014e+02 
2.504014e+02 
2.504014e+02 
2.504014e+02 
2.504014e+02 
2.504014e+02 
2.504014e+02 
2.504014e+02 
2.504014e+02 
2.504014e+02 
2.504014e+02 
2.504014e+02 
2.504014e+02 
2.504014e+02 
2.504014e+02 
2.504014e+02 
2.504014e+02 
2.504014e+02 
2.503882e+02 
2.503882e+02 
2.503882e+02 
2.503882e+02 
2.503882e+02 
2.503882e+02 
2.503882e+02 
2.503882e+02 
2.503882e+02 
2.503882e+02 
2.503882e+02 
2.503882e+02 
2.503882e+02 
2.503882e+02 
2.503882e+02 
2.503882e+02 
2.503882e+02 
2.503882e+02 
2.503882e+02 
2.503882e+02 
2.503729e+02 
2.503729e+02 
2.503729e+02 
2.503729e+02 
2.503729e+02 
2.503729e+02 
2.503729e+02 
2.503729e+02 
2.503729e+02 
2.503729e+02 
2.503729e+02 
2.503729e+02 
2.503729e+02 
2.503729e+02 
2.503729e+02 
2.503729e+02 
2.503729e+02 
2.503729e+02 
2.503729e+02 
2.503729e+02 
2.503729e+02 
2.503729e+02 
2.503729e+02 
2.503729e+02 
2.503729e+02 
2.503729e+02 
2.503729e+02 
2.503729e+02 
2.503729e+02 
2.503729e+02 
2.503729e+02 
2.503729e+02 
2.503729e+02 
2.503729e+02 
2.503729e+02 
2.503729e+02 
2.503729e+02 
2.503729e+02 
2.503729e+02 
2.503729e+02 
2.503729e+02 
2.503729e+02 
2.503727e+02 
2.503727e+02 
2.503727e+02 
2.503727e+02 
2.503727e+02 
2.503727e+02 
2.503727e+02 
2.503727e+02 
2.503727e+02 
2.503727e+02 
2.503727e+02 
2.503727e+02 
2.503727e+02 
2.503727e+02 
2.503727e+02 
2.503727e+02 
2.503727e+02 
2.503727e+02 
2.503727e+02 
2.503727e+02 
2.503727e+02 
2.503727e+02 
2.503727e+02 
2.503727e+02 
2.503706e+02 
2.503651e+02 
2.503651e+02 
2.503651e+02 
2.503651e+02 
2.503651e+02 
2.503651e+02 
2.503651e+02 
2.503651e+02 
2.503651e+02 
2.503651e+02 
2.503651e+02 
2.503651e+02 
2.503651e+02 
2.503651e+02 
2.503651e+02 
2.503651e+02 
2.503651e+02 
2.503651e+02 
2.503651e+02 
2.503651e+02 
2.503651e+02 
2.503651e+02 
2.503651e+02 
2.503651e+02 
2.503651e+02 
2.503651e+02 
2.503651e+02 
2.503651e+02 
2.503651e+02 
2.503651e+02 
2.503651e+02 
2.503651e+02 
2.503651e+02 
2.503651e+02 
2.503651e+02 
2.503651e+02 
2.503651e+02 
2.503651e+02 
2.503651e+02 
2.503651e+02 
2.503651e+02 
2.503651e+02 
2.503651e+02 
2.503651e+02 
2.503651e+02 
2.503651e+02 
2.503651e+02 
2.503651e+02 
2.503651e+02 
2.503651e+02 
2.503651e+02 
2.503651e+02 
2.503651e+02 
2.503651e+02 
2.503651e+02 
2.503651e+02 
2.503651e+02 
2.503651e+02 
2.503651e+02 
2.503651e+02 
2.503651e+02 
2.503651e+02 
2.503651e+02 
2.503651e+02 
2.503651e+02 
2.503651e+02 
2.503651e+02 
2.503651e+02 
2.503651e+02 
2.503651e+02 
2.503651e+02 
2.503651e+02 
2.503651e+02 
2.503651e+02 
2.503651e+02 
2.503651e+02 
2.503651e+02 
2.503651e+02 
2.503651e+02 
2.503651e+02 
2.503651e+02 
2.503651e+02 
2.503651e+02 
2.503651e+02 
2.503651e+02 
2.503651e+02 
2.503651e+02 
2.503651e+02 
2.503651e+02 
2.503651e+02 
2.503651e+02 
2.503651e+02 
2.503651e+02 
2.503651e+02 
2.503651e+02 
2.503651e+02 
2.503651e+02 
2.503619e+02 
2.503619e+02 
2.503619e+02 
2.503619e+02 
2.503619e+02 
2.503619e+02 
2.503619e+02 
2.503619e+02 
2.503619e+02 
2.503619e+02 
2.503619e+02 
2.503569e+02 
2.503569e+02 
2.503569e+02 
2.503569e+02 
2.503569e+02 
2.503569e+02 
2.503511e+02 
2.503511e+02 
2.503427e+02 
2.503302e+02 
2.503302e+02 
2.503302e+02 
2.503302e+02 
2.503302e+02 
2.503302e+02 
2.503302e+02 
2.503302e+02 
2.503302e+02 
2.503302e+02 
2.503302e+02 
2.503302e+02 
2.503302e+02 
2.503302e+02 
2.503255e+02 
2.503255e+02 
2.503255e+02 
2.503255e+02 
2.503255e+02 
2.503185e+02 
2.503185e+02 
2.503185e+02 
2.503185e+02 
2.503185e+02 
2.503153e+02 
2.503153e+02 
2.503153e+02 
2.503153e+02 
2.503153e+02 
2.503153e+02 
2.503153e+02 
2.503153e+02 
2.503153e+02 
2.503106e+02 
2.503106e+02 
2.503106e+02 
2.503028e+02 
2.503028e+02 
2.503028e+02 
2.503028e+02 
2.503028e+02 
2.503028e+02 
2.503028e+02 
2.503028e+02 
2.503028e+02 
2.503028e+02 
2.503028e+02 
2.503028e+02 
2.503028e+02 
2.503028e+02 
2.503017e+02 
2.503017e+02 
2.503017e+02 
2.503017e+02 
2.503017e+02 
2.503017e+02 
2.503017e+02 
2.503017e+02 
2.503013e+02 
2.503013e+02 
2.503013e+02 
2.503013e+02 
2.503013e+02 
2.503013e+02 
2.503013e+02 
2.503013e+02 
2.503013e+02 
2.502981e+02 
2.502981e+02 
2.502981e+02 
2.502981e+02 
2.502981e+02 
2.502981e+02 
2.502981e+02 
2.502981e+02 
2.502981e+02 
2.502981e+02 
2.502939e+02 
2.502939e+02 
2.502939e+02 
2.502939e+02 
2.502939e+02 
2.502939e+02 
2.502939e+02 
2.502939e+02 
2.502939e+02 
2.502939e+02 
2.502939e+02 
2.502939e+02 
2.502939e+02 
2.502939e+02 
2.502939e+02 
2.502939e+02 
2.502939e+02 
2.502939e+02 
2.502939e+02 
2.502939e+02 
2.502939e+02 
2.502939e+02 
2.502939e+02 
2.502939e+02 
2.502939e+02 
2.502939e+02 
2.502939e+02 
2.502939e+02 
2.502939e+02 
2.502939e+02 
2.502937e+02 
2.502937e+02 
2.502937e+02 
2.502937e+02 
2.502937e+02 
2.502937e+02 
2.502937e+02 
2.502937e+02 
2.502931e+02 
2.502931e+02 
2.502931e+02 
2.502931e+02 
2.502931e+02 
2.502931e+02 
2.502931e+02 
2.502931e+02 
2.502931e+02 
2.502931e+02 
2.502928e+02 
2.502928e+02 
2.502928e+02 
2.502928e+02 
2.502902e+02 
2.502902e+02 
2.502902e+02 
2.502902e+02 
2.502902e+02 
2.502902e+02 
2.502894e+02 
2.502894e+02 
2.502894e+02 
2.502894e+02 
2.502894e+02 
2.502894e+02 
2.502894e+02 
2.502894e+02 
2.502894e+02 
2.502894e+02 
2.502894e+02 
2.502890e+02 
2.502890e+02 
2.502890e+02 
2.502890e+02 
2.502890e+02 
2.502890e+02 
2.502890e+02 
2.502890e+02 
2.502890e+02 
2.502890e+02 
2.502890e+02 
2.502890e+02 
2.502890e+02 
2.502890e+02 
2.502890e+02 
2.502890e+02 
2.502890e+02 
2.502890e+02 
2.502890e+02 
2.502890e+02 
2.502890e+02 
2.502888e+02 
2.502888e+02 
2.502888e+02 
2.502888e+02 
2.502888e+02 
2.502888e+02 
2.502888e+02 
2.502888e+02 
2.502885e+02 
2.502883e+02 
2.502883e+02 
2.502883e+02 
2.502883e+02 
2.502883e+02 
2.502883e+02 
2.502882e+02 
2.502882e+02 
2.502882e+02 
2.502882e+02 
2.502882e+02 
2.502882e+02 
2.502878e+02 
2.502878e+02 
2.502878e+02 
2.502878e+02 
2.502878e+02 
2.502878e+02 
2.502878e+02 
2.502878e+02 
2.502878e+02 
2.502878e+02 
2.502878e+02 
2.502878e+02 
2.502878e+02 
2.502878e+02 
2.502878e+02 
2.502878e+02 
2.502878e+02 
2.502878e+02 
2.502878e+02 
2.502878e+02 
2.502878e+02 
2.502874e+02 
2.502874e+02 
2.502874e+02 
2.502874e+02 
2.502874e+02 
2.502874e+02 
2.502872e+02 
2.502872e+02 
2.502872e+02 
2.502872e+02 
2.502872e+02 
2.502872e+02 
2.502872e+02 
2.502872e+02 
2.502871e+02 
2.502871e+02 
2.502871e+02 
2.502871e+02 
2.502871e+02 
2.502871e+02 
2.502871e+02 
2.502871e+02 
2.502871e+02 
2.502871e+02 
2.502871e+02 
2.502871e+02 
2.502871e+02 
2.502871e+02 
2.502871e+02 
2.502871e+02 
2.502871e+02 
2.502870e+02 
2.502870e+02 
2.502870e+02 
2.502870e+02 
2.502870e+02 
2.502870e+02 
