1.464141e+07 
2.396129e+06 
2.396129e+06 
2.396129e+06 
2.396129e+06 
2.396129e+06 
2.396129e+06 
2.396129e+06 
2.396129e+06 
2.396129e+06 
1.541503e+06 
1.541503e+06 
1.541503e+06 
1.419497e+05 
1.419497e+05 
1.419497e+05 
1.419497e+05 
1.419497e+05 
1.419497e+05 
1.419497e+05 
1.419497e+05 
1.419497e+05 
1.419497e+05 
1.419497e+05 
1.419497e+05 
1.419497e+05 
1.419497e+05 
1.419497e+05 
1.419497e+05 
1.419497e+05 
1.419497e+05 
1.419497e+05 
1.419497e+05 
1.419497e+05 
1.419497e+05 
1.419497e+05 
1.419497e+05 
1.419497e+05 
1.419497e+05 
1.419497e+05 
1.419497e+05 
1.419497e+05 
1.419497e+05 
1.419497e+05 
1.419497e+05 
1.419497e+05 
1.419497e+05 
1.419497e+05 
1.419497e+05 
1.419497e+05 
1.419497e+05 
1.419497e+05 
1.419497e+05 
1.419497e+05 
1.419497e+05 
1.419497e+05 
1.419497e+05 
1.419497e+05 
1.419497e+05 
1.419497e+05 
1.419497e+05 
1.419497e+05 
1.419497e+05 
1.419497e+05 
1.419497e+05 
1.419497e+05 
1.419497e+05 
1.419497e+05 
1.419497e+05 
1.419497e+05 
1.419497e+05 
1.419497e+05 
1.419497e+05 
1.419497e+05 
1.003011e+05 
1.003011e+05 
1.003011e+05 
1.003011e+05 
1.003011e+05 
1.003011e+05 
1.003011e+05 
1.003011e+05 
1.003011e+05 
1.003011e+05 
1.003011e+05 
1.003011e+05 
1.003011e+05 
1.003011e+05 
1.003011e+05 
1.003011e+05 
1.003011e+05 
1.003011e+05 
8.481978e+04 
8.481978e+04 
8.481978e+04 
8.481978e+04 
8.481978e+04 
8.481978e+04 
8.481978e+04 
6.895630e+04 
6.895630e+04 
6.895630e+04 
6.895630e+04 
6.895630e+04 
6.668218e+04 
6.386359e+04 
6.386359e+04 
6.386359e+04 
6.386359e+04 
6.386359e+04 
6.386359e+04 
6.386359e+04 
6.386359e+04 
6.386359e+04 
6.386359e+04 
6.386359e+04 
6.386359e+04 
6.386359e+04 
3.209209e+04 
3.209209e+04 
2.282003e+04 
2.282003e+04 
2.282003e+04 
1.149954e+04 
1.149954e+04 
1.149954e+04 
1.149954e+04 
1.149954e+04 
1.149954e+04 
1.149954e+04 
1.149954e+04 
1.149954e+04 
1.149954e+04 
1.149954e+04 
1.149954e+04 
1.149954e+04 
1.149954e+04 
1.149954e+04 
1.149954e+04 
1.149954e+04 
1.149954e+04 
1.149954e+04 
1.149954e+04 
1.149954e+04 
1.149954e+04 
1.149954e+04 
1.149954e+04 
1.149954e+04 
1.149954e+04 
1.149954e+04 
1.149954e+04 
1.149954e+04 
1.149954e+04 
1.149954e+04 
1.149954e+04 
1.149954e+04 
1.149954e+04 
1.149954e+04 
1.149954e+04 
1.149954e+04 
1.149954e+04 
1.149954e+04 
1.149954e+04 
1.149954e+04 
1.149954e+04 
1.149954e+04 
1.149954e+04 
1.149954e+04 
1.149954e+04 
1.149954e+04 
1.149954e+04 
1.149954e+04 
1.149954e+04 
1.149954e+04 
1.149954e+04 
1.149954e+04 
1.149954e+04 
1.149954e+04 
1.149954e+04 
1.149954e+04 
1.149954e+04 
7.658652e+03 
7.658652e+03 
7.658652e+03 
7.658652e+03 
7.658652e+03 
7.658652e+03 
7.658652e+03 
7.658652e+03 
7.658652e+03 
7.658652e+03 
7.658652e+03 
7.658652e+03 
7.551047e+03 
7.551047e+03 
7.551047e+03 
7.551047e+03 
7.551047e+03 
7.551047e+03 
7.551047e+03 
6.261714e+03 
6.261714e+03 
6.261714e+03 
6.261714e+03 
6.261714e+03 
6.261714e+03 
6.261714e+03 
6.261714e+03 
6.261714e+03 
6.261714e+03 
6.261714e+03 
6.261714e+03 
6.261714e+03 
6.261714e+03 
6.261714e+03 
6.261714e+03 
6.261714e+03 
6.261714e+03 
6.261714e+03 
6.261714e+03 
6.261714e+03 
6.261714e+03 
4.985244e+03 
2.847049e+03 
2.847049e+03 
2.847049e+03 
2.847049e+03 
2.847049e+03 
2.847049e+03 
2.847049e+03 
2.847049e+03 
2.847049e+03 
2.847049e+03 
2.847049e+03 
2.847049e+03 
2.847049e+03 
2.847049e+03 
2.847049e+03 
2.847049e+03 
2.847049e+03 
2.847049e+03 
2.847049e+03 
2.847049e+03 
2.847049e+03 
2.847049e+03 
2.597984e+03 
2.597984e+03 
2.597984e+03 
2.597984e+03 
2.597984e+03 
2.597984e+03 
2.597984e+03 
2.597984e+03 
2.597984e+03 
2.597984e+03 
2.597984e+03 
2.597984e+03 
2.597984e+03 
2.424344e+03 
2.199665e+03 
2.199665e+03 
2.199665e+03 
2.199665e+03 
2.199665e+03 
2.096145e+03 
2.096145e+03 
2.096145e+03 
2.096145e+03 
2.096145e+03 
2.096145e+03 
2.096145e+03 
2.023239e+03 
1.894031e+03 
1.894031e+03 
1.894031e+03 
1.894031e+03 
1.894031e+03 
1.894031e+03 
1.894031e+03 
1.894031e+03 
1.894031e+03 
1.894031e+03 
1.894031e+03 
1.586668e+03 
1.586668e+03 
1.586668e+03 
1.366202e+03 
1.366202e+03 
1.366202e+03 
1.366202e+03 
1.366202e+03 
1.026985e+03 
1.026985e+03 
1.026985e+03 
1.026985e+03 
1.026985e+03 
1.026985e+03 
1.026985e+03 
1.026985e+03 
1.026985e+03 
1.026985e+03 
1.026985e+03 
1.026985e+03 
1.026985e+03 
1.026985e+03 
1.026985e+03 
1.026985e+03 
1.026985e+03 
1.026985e+03 
1.026985e+03 
1.026985e+03 
1.026985e+03 
1.026985e+03 
1.026985e+03 
1.026985e+03 
1.026985e+03 
1.026985e+03 
1.026985e+03 
1.026985e+03 
1.026985e+03 
1.026985e+03 
1.026985e+03 
1.026985e+03 
1.026985e+03 
9.953503e+02 
9.953503e+02 
9.953503e+02 
9.953503e+02 
9.953503e+02 
9.953503e+02 
9.953503e+02 
9.953503e+02 
9.953503e+02 
9.247274e+02 
9.247274e+02 
9.247274e+02 
9.247274e+02 
9.247274e+02 
9.247274e+02 
9.247274e+02 
9.247274e+02 
9.247274e+02 
9.247274e+02 
9.247274e+02 
9.247274e+02 
9.247274e+02 
9.247274e+02 
9.247274e+02 
9.247274e+02 
9.247274e+02 
9.247274e+02 
9.247274e+02 
9.247274e+02 
9.247274e+02 
9.247274e+02 
9.247274e+02 
9.247274e+02 
9.247274e+02 
9.247274e+02 
9.247274e+02 
9.247274e+02 
9.247274e+02 
9.247274e+02 
9.247274e+02 
9.247274e+02 
9.247274e+02 
9.247274e+02 
9.247274e+02 
9.247274e+02 
9.247274e+02 
9.247274e+02 
9.247274e+02 
9.247274e+02 
9.247274e+02 
9.247274e+02 
9.247274e+02 
9.247274e+02 
9.247274e+02 
9.247274e+02 
9.247274e+02 
9.247274e+02 
9.247274e+02 
9.247274e+02 
9.247274e+02 
9.247274e+02 
9.247274e+02 
9.247274e+02 
9.247274e+02 
9.247274e+02 
9.247274e+02 
9.247274e+02 
9.247274e+02 
9.247274e+02 
9.247274e+02 
9.247274e+02 
9.247274e+02 
9.247274e+02 
9.247274e+02 
9.247274e+02 
9.247274e+02 
9.247274e+02 
9.247274e+02 
9.247274e+02 
9.247274e+02 
9.247274e+02 
9.247274e+02 
9.247274e+02 
9.247274e+02 
9.247274e+02 
9.247274e+02 
9.247274e+02 
8.864629e+02 
8.864629e+02 
8.864629e+02 
8.864629e+02 
8.864629e+02 
8.864629e+02 
8.864629e+02 
8.864629e+02 
8.864629e+02 
8.864629e+02 
8.864629e+02 
8.864629e+02 
8.864629e+02 
8.864629e+02 
8.864629e+02 
8.864629e+02 
8.864629e+02 
8.864629e+02 
8.864629e+02 
8.864629e+02 
8.864629e+02 
8.864629e+02 
8.864629e+02 
8.864629e+02 
8.864629e+02 
8.864629e+02 
8.864629e+02 
8.864629e+02 
8.864629e+02 
8.864629e+02 
8.864629e+02 
8.864629e+02 
8.864629e+02 
8.864629e+02 
8.864629e+02 
8.864629e+02 
8.864629e+02 
8.864629e+02 
8.864629e+02 
8.864629e+02 
8.864629e+02 
8.864629e+02 
8.864629e+02 
8.864629e+02 
8.864629e+02 
7.484762e+02 
7.484762e+02 
7.484762e+02 
7.484762e+02 
7.484762e+02 
7.484762e+02 
7.484762e+02 
7.484762e+02 
7.484762e+02 
7.484762e+02 
7.484762e+02 
7.484762e+02 
7.484762e+02 
7.484762e+02 
7.484762e+02 
7.484762e+02 
7.484762e+02 
7.484762e+02 
7.484762e+02 
6.428557e+02 
6.428557e+02 
6.428557e+02 
6.428557e+02 
6.428557e+02 
6.428557e+02 
6.428557e+02 
6.428557e+02 
6.428557e+02 
6.428557e+02 
6.428557e+02 
6.428557e+02 
6.428557e+02 
6.428557e+02 
6.428557e+02 
6.428557e+02 
6.428557e+02 
6.428557e+02 
6.428557e+02 
6.428557e+02 
6.428557e+02 
6.428557e+02 
6.428557e+02 
6.428557e+02 
6.428557e+02 
6.428557e+02 
6.428557e+02 
6.428557e+02 
6.428557e+02 
6.428557e+02 
6.428557e+02 
6.428557e+02 
6.428557e+02 
6.428557e+02 
6.428557e+02 
6.428557e+02 
6.428557e+02 
6.428557e+02 
6.428557e+02 
6.428557e+02 
6.428557e+02 
6.428557e+02 
6.428557e+02 
6.428557e+02 
6.428557e+02 
6.428557e+02 
2.781418e+02 
2.781418e+02 
2.781418e+02 
2.781418e+02 
2.781418e+02 
2.781418e+02 
2.781418e+02 
2.781418e+02 
2.781418e+02 
2.781418e+02 
2.781418e+02 
2.781418e+02 
2.781418e+02 
2.781418e+02 
2.781418e+02 
2.781418e+02 
2.781418e+02 
2.781418e+02 
2.781418e+02 
2.781418e+02 
2.781418e+02 
2.102157e+02 
2.102157e+02 
2.102157e+02 
2.102157e+02 
2.102157e+02 
2.102157e+02 
2.102157e+02 
2.102157e+02 
2.102157e+02 
2.102157e+02 
2.102157e+02 
2.102157e+02 
2.102157e+02 
2.102157e+02 
2.102157e+02 
2.102157e+02 
2.102157e+02 
2.102157e+02 
2.102157e+02 
2.102157e+02 
2.102157e+02 
2.102157e+02 
2.102157e+02 
2.102157e+02 
2.102157e+02 
2.102157e+02 
2.102157e+02 
2.102157e+02 
2.102157e+02 
2.102157e+02 
2.102157e+02 
2.102157e+02 
2.102157e+02 
2.102157e+02 
2.102157e+02 
2.102157e+02 
2.102157e+02 
2.102157e+02 
2.102157e+02 
2.102157e+02 
2.102157e+02 
2.102157e+02 
2.102157e+02 
2.102157e+02 
2.102157e+02 
2.102157e+02 
2.102157e+02 
2.102157e+02 
2.102157e+02 
2.102157e+02 
2.102157e+02 
2.102157e+02 
2.102157e+02 
2.102157e+02 
2.102157e+02 
2.102157e+02 
2.102157e+02 
2.102157e+02 
2.102157e+02 
2.102157e+02 
2.102157e+02 
2.102157e+02 
2.102157e+02 
2.102157e+02 
2.102157e+02 
2.102157e+02 
2.102157e+02 
2.102157e+02 
2.102157e+02 
2.102157e+02 
2.102157e+02 
2.102157e+02 
2.102157e+02 
2.102157e+02 
2.102157e+02 
2.102157e+02 
2.102157e+02 
2.102157e+02 
2.102157e+02 
2.102157e+02 
2.102157e+02 
2.102157e+02 
2.102157e+02 
2.102157e+02 
2.102157e+02 
2.102157e+02 
2.102157e+02 
2.102157e+02 
2.102157e+02 
2.102157e+02 
2.102157e+02 
2.102157e+02 
2.102157e+02 
2.102157e+02 
2.102157e+02 
2.102157e+02 
2.102157e+02 
2.102157e+02 
2.102157e+02 
2.102157e+02 
2.102157e+02 
2.102157e+02 
2.102157e+02 
2.102157e+02 
2.102157e+02 
2.102157e+02 
2.102157e+02 
2.102157e+02 
2.102157e+02 
2.102157e+02 
2.102157e+02 
2.102157e+02 
2.102157e+02 
2.059206e+02 
2.059206e+02 
2.059206e+02 
2.059206e+02 
2.059206e+02 
2.059206e+02 
2.059206e+02 
2.059206e+02 
2.059206e+02 
2.059206e+02 
2.059206e+02 
2.059206e+02 
2.059206e+02 
2.059206e+02 
2.059206e+02 
2.059206e+02 
2.059206e+02 
2.059206e+02 
2.059206e+02 
2.059206e+02 
2.059206e+02 
2.059206e+02 
2.059206e+02 
2.059206e+02 
2.059206e+02 
2.059206e+02 
1.576620e+02 
1.576620e+02 
1.576620e+02 
1.576620e+02 
1.576620e+02 
1.119442e+02 
1.119442e+02 
1.119442e+02 
1.119442e+02 
1.119442e+02 
1.119442e+02 
1.119442e+02 
1.119442e+02 
1.119442e+02 
1.119442e+02 
1.119442e+02 
1.119442e+02 
8.349008e+01 
8.349008e+01 
8.349008e+01 
8.349008e+01 
8.349008e+01 
8.349008e+01 
8.349008e+01 
8.349008e+01 
8.349008e+01 
8.349008e+01 
8.349008e+01 
8.349008e+01 
8.349008e+01 
8.349008e+01 
8.349008e+01 
8.349008e+01 
8.349008e+01 
8.349008e+01 
8.349008e+01 
8.349008e+01 
8.349008e+01 
8.349008e+01 
8.349008e+01 
8.349008e+01 
8.349008e+01 
8.349008e+01 
8.349008e+01 
8.349008e+01 
8.349008e+01 
8.349008e+01 
8.349008e+01 
8.349008e+01 
8.349008e+01 
8.349008e+01 
8.349008e+01 
8.349008e+01 
8.349008e+01 
8.349008e+01 
8.349008e+01 
8.349008e+01 
8.349008e+01 
8.349008e+01 
8.349008e+01 
8.349008e+01 
8.349008e+01 
8.349008e+01 
8.349008e+01 
8.349008e+01 
8.349008e+01 
8.349008e+01 
8.349008e+01 
8.349008e+01 
8.349008e+01 
8.349008e+01 
8.349008e+01 
8.284477e+01 
8.284477e+01 
8.284477e+01 
8.284477e+01 
8.284477e+01 
8.284477e+01 
8.284477e+01 
8.284477e+01 
8.284477e+01 
8.284477e+01 
8.284477e+01 
8.284477e+01 
8.284477e+01 
8.284477e+01 
8.284477e+01 
8.284477e+01 
8.284477e+01 
8.284477e+01 
8.243372e+01 
8.243372e+01 
8.243372e+01 
8.243372e+01 
8.243372e+01 
8.243372e+01 
8.243372e+01 
8.243372e+01 
8.243372e+01 
8.243372e+01 
8.243372e+01 
8.243372e+01 
8.243372e+01 
8.243372e+01 
8.243372e+01 
8.243372e+01 
8.243372e+01 
8.243372e+01 
8.243372e+01 
8.243372e+01 
8.243372e+01 
8.243372e+01 
8.243372e+01 
8.243372e+01 
8.243372e+01 
8.243372e+01 
8.243372e+01 
8.243372e+01 
8.243372e+01 
8.243372e+01 
8.243372e+01 
8.243372e+01 
8.243372e+01 
8.243372e+01 
8.243372e+01 
8.243372e+01 
8.243372e+01 
8.243372e+01 
8.243372e+01 
8.243372e+01 
8.243372e+01 
8.243372e+01 
8.243372e+01 
8.243372e+01 
8.243372e+01 
8.243372e+01 
8.243372e+01 
8.243372e+01 
8.243372e+01 
8.243372e+01 
8.243372e+01 
8.243372e+01 
8.243372e+01 
8.243372e+01 
8.243372e+01 
8.243372e+01 
8.243372e+01 
8.243372e+01 
8.243372e+01 
8.243372e+01 
8.243372e+01 
8.243372e+01 
8.243372e+01 
8.243372e+01 
8.243372e+01 
8.243372e+01 
8.243372e+01 
8.243372e+01 
8.243372e+01 
8.243372e+01 
8.243372e+01 
8.243372e+01 
8.243372e+01 
8.243372e+01 
8.243372e+01 
8.243372e+01 
8.243372e+01 
8.243372e+01 
8.243372e+01 
8.243372e+01 
8.243372e+01 
8.243372e+01 
8.243372e+01 
8.243372e+01 
8.243372e+01 
8.243372e+01 
8.243372e+01 
8.243372e+01 
8.243372e+01 
8.243372e+01 
8.243372e+01 
8.243372e+01 
8.243372e+01 
8.243372e+01 
8.243372e+01 
8.243372e+01 
8.243372e+01 
8.243372e+01 
8.243372e+01 
8.243372e+01 
8.243372e+01 
8.243372e+01 
8.243372e+01 
8.243372e+01 
8.243372e+01 
8.243372e+01 
8.243372e+01 
8.243372e+01 
8.243372e+01 
8.243372e+01 
8.243372e+01 
8.243372e+01 
8.243372e+01 
8.243372e+01 
8.243372e+01 
8.243372e+01 
8.243372e+01 
8.243372e+01 
8.243372e+01 
8.243372e+01 
8.243372e+01 
8.243372e+01 
8.243372e+01 
8.243372e+01 
8.243372e+01 
8.243372e+01 
8.243372e+01 
8.243372e+01 
8.243372e+01 
8.243372e+01 
8.243372e+01 
8.243372e+01 
8.243372e+01 
8.243372e+01 
8.243372e+01 
8.243372e+01 
8.243372e+01 
8.243372e+01 
8.243372e+01 
7.987636e+01 
7.987636e+01 
7.987636e+01 
7.987636e+01 
7.987636e+01 
7.336016e+01 
7.336016e+01 
7.336016e+01 
7.336016e+01 
7.336016e+01 
7.336016e+01 
7.336016e+01 
6.011612e+01 
6.011612e+01 
6.011612e+01 
5.305746e+01 
5.305746e+01 
5.305746e+01 
5.305746e+01 
5.305746e+01 
5.305746e+01 
5.305746e+01 
5.305746e+01 
5.305746e+01 
5.305746e+01 
5.305746e+01 
5.305746e+01 
5.305746e+01 
5.305746e+01 
5.305746e+01 
5.305746e+01 
5.305746e+01 
5.305746e+01 
5.305746e+01 
5.305746e+01 
5.305746e+01 
5.305746e+01 
5.305746e+01 
5.305746e+01 
5.305746e+01 
5.305746e+01 
5.305746e+01 
5.305746e+01 
5.305746e+01 
5.305746e+01 
5.305746e+01 
5.305746e+01 
5.305746e+01 
5.305746e+01 
5.305746e+01 
5.305746e+01 
5.000744e+01 
5.000744e+01 
5.000744e+01 
5.000744e+01 
5.000744e+01 
5.000744e+01 
5.000744e+01 
5.000744e+01 
5.000744e+01 
5.000744e+01 
5.000744e+01 
5.000744e+01 
5.000744e+01 
4.239796e+01 
4.239796e+01 
4.239796e+01 
4.239796e+01 
4.239796e+01 
4.239796e+01 
4.239796e+01 
4.239796e+01 
4.239796e+01 
4.239796e+01 
4.239796e+01 
4.239796e+01 
4.239796e+01 
4.239796e+01 
4.239796e+01 
4.239796e+01 
4.239796e+01 
4.239796e+01 
4.239796e+01 
4.239796e+01 
4.239796e+01 
4.239796e+01 
4.239796e+01 
4.239796e+01 
4.239796e+01 
4.239796e+01 
4.239796e+01 
4.239796e+01 
4.239796e+01 
4.239796e+01 
4.239796e+01 
4.239796e+01 
4.239796e+01 
4.239796e+01 
4.239796e+01 
4.239796e+01 
4.239796e+01 
4.239796e+01 
4.239796e+01 
4.239796e+01 
4.239796e+01 
4.239796e+01 
4.239796e+01 
4.239796e+01 
4.239796e+01 
4.239796e+01 
4.239796e+01 
4.239796e+01 
4.239796e+01 
4.239796e+01 
4.239796e+01 
4.239796e+01 
4.239796e+01 
4.239796e+01 
4.239796e+01 
4.239796e+01 
4.239796e+01 
4.239796e+01 
4.239796e+01 
4.239796e+01 
4.239796e+01 
4.239796e+01 
4.239796e+01 
4.239796e+01 
4.239796e+01 
4.239796e+01 
4.239796e+01 
4.239796e+01 
4.239796e+01 
4.239796e+01 
4.239796e+01 
4.239796e+01 
4.239796e+01 
3.496487e+01 
3.496487e+01 
3.496487e+01 
3.496487e+01 
3.496487e+01 
3.496487e+01 
3.496487e+01 
3.496487e+01 
3.496487e+01 
3.496487e+01 
3.496487e+01 
3.496487e+01 
3.496487e+01 
3.496487e+01 
3.496487e+01 
3.496487e+01 
3.496487e+01 
3.496487e+01 
3.496487e+01 
3.496487e+01 
3.496487e+01 
3.496487e+01 
3.496487e+01 
3.496487e+01 
3.496487e+01 
3.496487e+01 
3.496487e+01 
3.496487e+01 
3.496487e+01 
3.496487e+01 
3.496487e+01 
3.496487e+01 
3.496487e+01 
3.496487e+01 
3.496487e+01 
3.496487e+01 
3.496487e+01 
3.496487e+01 
3.496487e+01 
3.496487e+01 
3.496487e+01 
3.496487e+01 
3.496487e+01 
3.496487e+01 
3.494570e+01 
3.494570e+01 
3.494570e+01 
3.494570e+01 
3.494570e+01 
3.494570e+01 
3.494570e+01 
3.494570e+01 
3.494570e+01 
3.494570e+01 
3.494570e+01 
3.494570e+01 
3.494570e+01 
3.494570e+01 
3.494570e+01 
3.494570e+01 
3.494570e+01 
3.463964e+01 
3.463964e+01 
3.463964e+01 
3.463964e+01 
3.463964e+01 
3.463964e+01 
3.463964e+01 
3.463964e+01 
3.463964e+01 
3.456875e+01 
3.456875e+01 
3.456875e+01 
3.456875e+01 
3.456875e+01 
3.456875e+01 
3.456875e+01 
3.456875e+01 
3.456875e+01 
3.456875e+01 
3.456875e+01 
3.456875e+01 
3.456875e+01 
3.456875e+01 
3.456875e+01 
3.456875e+01 
3.456875e+01 
3.456875e+01 
3.456875e+01 
3.456875e+01 
3.456875e+01 
3.456875e+01 
3.456875e+01 
3.456875e+01 
3.456875e+01 
3.456875e+01 
3.456875e+01 
3.456875e+01 
3.456875e+01 
3.456875e+01 
3.456875e+01 
3.456875e+01 
3.456875e+01 
3.456875e+01 
3.456875e+01 
3.456875e+01 
3.456875e+01 
3.448546e+01 
3.448546e+01 
3.448546e+01 
3.448546e+01 
3.448546e+01 
3.448546e+01 
3.448546e+01 
3.424929e+01 
3.424929e+01 
3.424929e+01 
3.424929e+01 
3.424929e+01 
3.424929e+01 
3.424929e+01 
3.424929e+01 
3.424929e+01 
3.424929e+01 
3.390218e+01 
3.382919e+01 
3.364534e+01 
3.364534e+01 
3.364534e+01 
3.364534e+01 
3.364534e+01 
3.364534e+01 
3.364534e+01 
3.364534e+01 
3.364534e+01 
3.364534e+01 
3.364534e+01 
3.364534e+01 
3.364534e+01 
3.364534e+01 
3.364534e+01 
3.364534e+01 
3.364534e+01 
3.364534e+01 
3.345879e+01 
3.345879e+01 
3.094401e+01 
2.969264e+01 
2.969264e+01 
2.969264e+01 
2.969264e+01 
2.969264e+01 
2.969264e+01 
2.969264e+01 
2.912854e+01 
2.912854e+01 
2.912854e+01 
2.912854e+01 
2.912854e+01 
2.904841e+01 
2.904841e+01 
2.904841e+01 
2.904841e+01 
2.904841e+01 
2.904841e+01 
2.904841e+01 
2.900034e+01 
2.900034e+01 
2.900034e+01 
2.900034e+01 
2.868713e+01 
2.868713e+01 
2.840109e+01 
2.840109e+01 
2.840109e+01 
2.840109e+01 
2.840109e+01 
2.840109e+01 
2.840109e+01 
2.840109e+01 
2.840109e+01 
2.840109e+01 
2.840109e+01 
2.840109e+01 
2.840109e+01 
2.840109e+01 
2.840109e+01 
2.840109e+01 
2.840109e+01 
2.840109e+01 
2.840109e+01 
2.840109e+01 
2.827436e+01 
2.827436e+01 
2.827436e+01 
2.827436e+01 
2.827436e+01 
2.827436e+01 
2.827436e+01 
2.827436e+01 
2.827436e+01 
2.827436e+01 
2.827436e+01 
2.827436e+01 
2.827436e+01 
2.827436e+01 
2.827436e+01 
2.816283e+01 
2.816283e+01 
2.816283e+01 
2.816283e+01 
2.816283e+01 
2.816283e+01 
2.815794e+01 
2.815794e+01 
2.815794e+01 
2.815794e+01 
2.815794e+01 
2.815794e+01 
2.815794e+01 
2.815794e+01 
2.815794e+01 
2.812444e+01 
2.799390e+01 
2.799390e+01 
2.799390e+01 
2.799390e+01 
2.799390e+01 
2.799390e+01 
2.799390e+01 
2.799390e+01 
2.799390e+01 
2.799390e+01 
2.799390e+01 
2.799390e+01 
2.799390e+01 
2.799390e+01 
2.799390e+01 
2.799390e+01 
2.799390e+01 
2.799390e+01 
2.799390e+01 
2.799390e+01 
2.799390e+01 
2.799390e+01 
2.799390e+01 
2.790279e+01 
2.790279e+01 
2.790279e+01 
2.790279e+01 
2.790279e+01 
2.790279e+01 
2.790279e+01 
2.790279e+01 
2.790279e+01 
2.790279e+01 
2.790279e+01 
2.790279e+01 
2.790279e+01 
2.790279e+01 
2.790279e+01 
2.790279e+01 
2.773698e+01 
2.773698e+01 
2.773698e+01 
2.773698e+01 
2.773698e+01 
2.773698e+01 
2.773698e+01 
2.773698e+01 
2.773698e+01 
2.773698e+01 
2.497503e+01 
2.497503e+01 
2.497503e+01 
2.497503e+01 
2.497503e+01 
2.497503e+01 
2.497503e+01 
2.497503e+01 
2.497503e+01 
2.497503e+01 
2.497503e+01 
2.497503e+01 
2.497503e+01 
2.497503e+01 
2.497503e+01 
2.497503e+01 
2.497503e+01 
2.497503e+01 
2.497503e+01 
2.497503e+01 
2.497503e+01 
2.497503e+01 
2.497503e+01 
2.497503e+01 
2.497503e+01 
2.497503e+01 
2.497503e+01 
2.497503e+01 
2.497503e+01 
2.497503e+01 
2.497503e+01 
2.497503e+01 
2.497503e+01 
2.497503e+01 
2.497503e+01 
2.497503e+01 
2.497503e+01 
2.497503e+01 
2.497503e+01 
2.497503e+01 
2.497503e+01 
2.497503e+01 
2.497503e+01 
2.497503e+01 
2.471837e+01 
2.427461e+01 
2.427461e+01 
2.427461e+01 
2.408686e+01 
2.408686e+01 
2.408686e+01 
2.408686e+01 
2.408686e+01 
2.408686e+01 
2.408686e+01 
2.408686e+01 
2.408686e+01 
2.408686e+01 
2.408686e+01 
2.408686e+01 
2.393984e+01 
2.393984e+01 
2.393984e+01 
2.393984e+01 
2.393984e+01 
2.393984e+01 
2.393984e+01 
2.393984e+01 
2.386978e+01 
2.386978e+01 
2.386978e+01 
2.386978e+01 
2.386978e+01 
2.386978e+01 
2.376181e+01 
2.376181e+01 
2.376181e+01 
2.376181e+01 
2.376181e+01 
2.376181e+01 
2.376181e+01 
2.376181e+01 
2.376181e+01 
2.376181e+01 
2.376181e+01 
2.376181e+01 
2.376181e+01 
2.376181e+01 
2.376181e+01 
2.376181e+01 
2.376181e+01 
2.376181e+01 
2.376181e+01 
2.376181e+01 
2.376181e+01 
2.376181e+01 
2.376181e+01 
2.376181e+01 
2.361330e+01 
2.361330e+01 
2.361330e+01 
2.361330e+01 
2.361330e+01 
2.361330e+01 
2.361330e+01 
2.361330e+01 
2.361330e+01 
2.361330e+01 
2.361330e+01 
2.361330e+01 
2.361330e+01 
2.361330e+01 
2.361330e+01 
2.361330e+01 
2.361330e+01 
2.361330e+01 
2.361330e+01 
2.361330e+01 
2.361330e+01 
2.339261e+01 
2.339261e+01 
2.339261e+01 
2.339261e+01 
2.339261e+01 
2.339261e+01 
2.339261e+01 
2.339261e+01 
2.339261e+01 
2.339261e+01 
2.339261e+01 
2.339261e+01 
2.339261e+01 
2.339261e+01 
2.315613e+01 
2.315613e+01 
2.315613e+01 
2.315613e+01 
2.315613e+01 
2.315613e+01 
2.315613e+01 
2.315613e+01 
2.315613e+01 
2.315613e+01 
2.279197e+01 
2.279197e+01 
2.279197e+01 
2.279197e+01 
2.279197e+01 
2.279197e+01 
2.279197e+01 
2.279197e+01 
2.279197e+01 
2.279197e+01 
2.279197e+01 
2.279197e+01 
2.279197e+01 
2.279197e+01 
2.279197e+01 
2.279197e+01 
2.279197e+01 
2.279197e+01 
2.279197e+01 
2.279197e+01 
2.279197e+01 
2.279197e+01 
2.279197e+01 
2.279197e+01 
2.279197e+01 
2.279197e+01 
2.279197e+01 
2.279197e+01 
2.279197e+01 
2.279197e+01 
2.279197e+01 
2.279197e+01 
2.279197e+01 
2.279197e+01 
2.279197e+01 
2.279197e+01 
2.279197e+01 
2.279197e+01 
2.279197e+01 
2.279197e+01 
2.279197e+01 
2.279197e+01 
2.279197e+01 
2.279197e+01 
2.279197e+01 
2.279197e+01 
2.273774e+01 
2.273774e+01 
2.273774e+01 
2.273774e+01 
2.273774e+01 
2.273774e+01 
2.273774e+01 
2.273774e+01 
2.273556e+01 
2.273556e+01 
2.273556e+01 
2.272744e+01 
2.272744e+01 
2.272744e+01 
2.271782e+01 
2.271782e+01 
2.271782e+01 
2.271782e+01 
2.271782e+01 
2.271782e+01 
2.271782e+01 
2.271782e+01 
2.271782e+01 
2.271782e+01 
2.271440e+01 
2.271440e+01 
2.271440e+01 
2.271339e+01 
2.271339e+01 
2.271339e+01 
2.271339e+01 
2.271339e+01 
2.266466e+01 
2.266466e+01 
2.266466e+01 
2.266466e+01 
2.263366e+01 
2.263366e+01 
2.263366e+01 
2.261970e+01 
2.249113e+01 
2.249113e+01 
2.249113e+01 
2.248818e+01 
2.248818e+01 
2.248818e+01 
2.248818e+01 
2.248818e+01 
2.247136e+01 
2.247136e+01 
2.247136e+01 
2.247136e+01 
2.247136e+01 
2.247136e+01 
2.247136e+01 
2.246923e+01 
2.246923e+01 
2.245134e+01 
2.245134e+01 
2.245134e+01 
2.245134e+01 
2.245134e+01 
2.243794e+01 
2.243794e+01 
2.243794e+01 
2.243794e+01 
2.243794e+01 
2.243794e+01 
2.243794e+01 
2.243794e+01 
2.243794e+01 
2.243794e+01 
2.243794e+01 
2.243794e+01 
2.243794e+01 
2.243794e+01 
2.243302e+01 
2.243302e+01 
2.243302e+01 
2.243302e+01 
2.241422e+01 
2.241422e+01 
2.241422e+01 
2.241422e+01 
2.241422e+01 
2.241422e+01 
2.241422e+01 
2.241422e+01 
2.241422e+01 
2.241422e+01 
2.241422e+01 
2.240137e+01 
2.240137e+01 
2.240137e+01 
2.240137e+01 
2.240137e+01 
2.240137e+01 
2.240137e+01 
2.240137e+01 
2.240137e+01 
2.240137e+01 
2.240137e+01 
2.240137e+01 
2.240137e+01 
2.239793e+01 
2.239793e+01 
2.239793e+01 
2.239194e+01 
2.239194e+01 
2.239194e+01 
2.239194e+01 
2.239194e+01 
2.239194e+01 
2.239194e+01 
2.239194e+01 
2.239194e+01 
2.239194e+01 
2.239194e+01 
2.239194e+01 
2.239194e+01 
2.239194e+01 
2.238895e+01 
2.238699e+01 
2.238699e+01 
2.238699e+01 
2.238699e+01 
2.238699e+01 
2.238699e+01 
2.238304e+01 
2.238304e+01 
2.238123e+01 
2.237731e+01 
2.237731e+01 
2.237731e+01 
2.237731e+01 
2.236552e+01 
2.236552e+01 
2.236552e+01 
2.236552e+01 
2.236552e+01 
2.236552e+01 
2.236134e+01 
2.236134e+01 
2.236134e+01 
2.236134e+01 
2.236134e+01 
2.236134e+01 
2.236134e+01 
2.236134e+01 
2.236134e+01 
2.236134e+01 
2.236134e+01 
2.235853e+01 
2.235853e+01 
2.235154e+01 
2.235154e+01 
2.235154e+01 
2.235154e+01 
2.235154e+01 
