2.434974e+07 
2.434974e+07 
6.926220e+05 
6.926220e+05 
6.926220e+05 
6.926220e+05 
6.926220e+05 
6.926220e+05 
6.926220e+05 
6.926220e+05 
6.926220e+05 
6.926220e+05 
6.926220e+05 
6.926220e+05 
6.926220e+05 
6.926220e+05 
6.926220e+05 
6.617578e+05 
6.617578e+05 
6.617578e+05 
6.617578e+05 
6.617578e+05 
6.617578e+05 
6.617578e+05 
6.617578e+05 
2.054979e+05 
2.054979e+05 
2.054979e+05 
2.054979e+05 
2.054979e+05 
2.054979e+05 
2.054979e+05 
2.054979e+05 
2.054979e+05 
2.054979e+05 
2.054979e+05 
2.054979e+05 
1.138312e+05 
1.138312e+05 
1.138312e+05 
9.040899e+04 
9.040899e+04 
9.040899e+04 
9.040899e+04 
9.040899e+04 
9.040899e+04 
9.040899e+04 
9.040899e+04 
9.040899e+04 
9.040899e+04 
9.040899e+04 
6.935524e+04 
6.935524e+04 
6.935524e+04 
6.935524e+04 
6.935524e+04 
6.935524e+04 
6.935524e+04 
6.935524e+04 
6.026781e+04 
6.026781e+04 
2.278523e+04 
2.278523e+04 
2.278523e+04 
2.278523e+04 
2.278523e+04 
2.278523e+04 
2.278523e+04 
2.106651e+04 
2.106651e+04 
2.106651e+04 
2.106651e+04 
2.106651e+04 
2.106651e+04 
2.106651e+04 
2.106651e+04 
2.106651e+04 
2.106651e+04 
2.106651e+04 
2.106651e+04 
2.106651e+04 
2.106651e+04 
2.106651e+04 
2.106651e+04 
2.106651e+04 
1.439228e+03 
1.439228e+03 
1.439228e+03 
1.439228e+03 
1.439228e+03 
1.439228e+03 
1.439228e+03 
1.439228e+03 
1.439228e+03 
1.439228e+03 
1.439228e+03 
1.439228e+03 
1.439228e+03 
1.439228e+03 
1.439228e+03 
1.439228e+03 
1.439228e+03 
1.439228e+03 
1.439228e+03 
1.439228e+03 
1.439228e+03 
1.439228e+03 
1.439228e+03 
1.439228e+03 
1.439228e+03 
1.439228e+03 
1.439228e+03 
1.439228e+03 
1.439228e+03 
1.439228e+03 
1.439228e+03 
1.439228e+03 
1.439228e+03 
1.439228e+03 
1.439228e+03 
1.439228e+03 
1.439228e+03 
1.439228e+03 
1.289342e+03 
1.289342e+03 
1.289342e+03 
1.289342e+03 
1.289342e+03 
1.289342e+03 
1.289342e+03 
1.289342e+03 
1.289342e+03 
1.289342e+03 
1.289342e+03 
1.289342e+03 
1.289342e+03 
1.289342e+03 
1.289342e+03 
1.289342e+03 
1.289342e+03 
1.289342e+03 
1.289342e+03 
1.289342e+03 
1.289342e+03 
1.289342e+03 
1.289342e+03 
1.289342e+03 
1.289342e+03 
1.289342e+03 
1.289342e+03 
1.289342e+03 
1.289342e+03 
1.289342e+03 
1.289342e+03 
1.289342e+03 
1.289342e+03 
1.289342e+03 
1.289342e+03 
1.289342e+03 
1.289342e+03 
1.289342e+03 
1.289342e+03 
1.289342e+03 
1.289342e+03 
1.289342e+03 
1.289342e+03 
1.289342e+03 
1.289342e+03 
1.289342e+03 
1.289342e+03 
1.289342e+03 
1.289342e+03 
1.289342e+03 
1.289342e+03 
1.289342e+03 
1.289342e+03 
1.289342e+03 
1.289342e+03 
1.289342e+03 
1.289342e+03 
1.289342e+03 
1.289342e+03 
1.289342e+03 
1.289342e+03 
1.289342e+03 
1.289342e+03 
1.289342e+03 
1.289342e+03 
1.289342e+03 
1.289342e+03 
1.289342e+03 
1.289342e+03 
1.289342e+03 
1.289342e+03 
1.289342e+03 
1.289342e+03 
1.289342e+03 
1.289342e+03 
1.289342e+03 
1.289342e+03 
1.289342e+03 
1.289342e+03 
1.289342e+03 
1.289342e+03 
1.289342e+03 
1.289342e+03 
1.289342e+03 
1.289342e+03 
1.289342e+03 
1.289342e+03 
1.289342e+03 
1.289342e+03 
1.289342e+03 
1.289342e+03 
1.289342e+03 
1.289342e+03 
1.289342e+03 
1.289342e+03 
1.289342e+03 
1.289342e+03 
1.289342e+03 
1.289342e+03 
1.289342e+03 
1.289342e+03 
1.289342e+03 
9.104060e+02 
9.104060e+02 
9.104060e+02 
9.104060e+02 
9.104060e+02 
9.104060e+02 
9.104060e+02 
9.104060e+02 
9.104060e+02 
9.104060e+02 
9.104060e+02 
9.104060e+02 
9.104060e+02 
9.104060e+02 
9.104060e+02 
9.104060e+02 
9.104060e+02 
9.104060e+02 
9.104060e+02 
9.104060e+02 
9.104060e+02 
9.104060e+02 
9.104060e+02 
9.104060e+02 
9.104060e+02 
9.104060e+02 
9.104060e+02 
9.104060e+02 
9.104060e+02 
9.104060e+02 
9.104060e+02 
9.104060e+02 
9.104060e+02 
9.104060e+02 
9.104060e+02 
9.104060e+02 
9.104060e+02 
9.104060e+02 
9.104060e+02 
9.104060e+02 
9.104060e+02 
9.104060e+02 
9.104060e+02 
9.104060e+02 
9.104060e+02 
9.104060e+02 
9.104060e+02 
9.104060e+02 
9.104060e+02 
9.104060e+02 
9.104060e+02 
9.104060e+02 
9.104060e+02 
9.104060e+02 
9.104060e+02 
9.104060e+02 
9.104060e+02 
9.104060e+02 
9.104060e+02 
9.104060e+02 
9.104060e+02 
9.104060e+02 
9.104060e+02 
9.104060e+02 
9.104060e+02 
9.104060e+02 
9.104060e+02 
9.104060e+02 
9.104060e+02 
9.104060e+02 
9.104060e+02 
9.104060e+02 
9.104060e+02 
9.104060e+02 
9.104060e+02 
9.104060e+02 
9.104060e+02 
9.104060e+02 
9.104060e+02 
9.104060e+02 
9.104060e+02 
9.104060e+02 
9.104060e+02 
9.104060e+02 
9.104060e+02 
9.104060e+02 
9.104060e+02 
9.104060e+02 
9.104060e+02 
9.104060e+02 
9.104060e+02 
6.230351e+02 
6.230351e+02 
6.230351e+02 
6.230351e+02 
6.230351e+02 
6.230351e+02 
6.230351e+02 
6.230351e+02 
6.230351e+02 
6.230351e+02 
6.230351e+02 
6.230351e+02 
6.230351e+02 
6.230351e+02 
6.230351e+02 
6.230351e+02 
6.230351e+02 
6.230351e+02 
6.230351e+02 
6.230351e+02 
6.230351e+02 
6.230351e+02 
6.230351e+02 
6.230351e+02 
6.230351e+02 
6.230351e+02 
6.230351e+02 
6.230351e+02 
6.230351e+02 
3.701043e+02 
3.701043e+02 
3.701043e+02 
3.701043e+02 
3.701043e+02 
3.701043e+02 
3.701043e+02 
3.701043e+02 
3.701043e+02 
3.701043e+02 
3.701043e+02 
3.701043e+02 
3.701043e+02 
3.701043e+02 
3.701043e+02 
3.701043e+02 
3.701043e+02 
3.701043e+02 
3.701043e+02 
3.701043e+02 
3.701043e+02 
3.701043e+02 
3.701043e+02 
3.701043e+02 
3.701043e+02 
3.701043e+02 
3.701043e+02 
3.701043e+02 
3.701043e+02 
3.701043e+02 
3.701043e+02 
3.701043e+02 
3.701043e+02 
3.701043e+02 
3.701043e+02 
3.701043e+02 
3.701043e+02 
3.701043e+02 
3.701043e+02 
3.701043e+02 
3.701043e+02 
3.701043e+02 
3.701043e+02 
3.701043e+02 
3.701043e+02 
3.701043e+02 
3.701043e+02 
3.701043e+02 
3.701043e+02 
3.701043e+02 
3.065148e+02 
3.065148e+02 
3.065148e+02 
3.065148e+02 
3.065148e+02 
3.065148e+02 
3.065148e+02 
3.065148e+02 
3.065148e+02 
3.065148e+02 
3.065148e+02 
3.065148e+02 
3.065148e+02 
3.065148e+02 
3.065148e+02 
3.065148e+02 
3.065148e+02 
3.065148e+02 
3.065148e+02 
3.065148e+02 
3.065148e+02 
3.065148e+02 
3.065148e+02 
3.065148e+02 
3.065148e+02 
3.065148e+02 
3.065148e+02 
3.065148e+02 
3.065148e+02 
3.065148e+02 
3.065148e+02 
3.065148e+02 
3.065148e+02 
3.065148e+02 
2.406085e+02 
2.406085e+02 
2.406085e+02 
2.406085e+02 
2.406085e+02 
2.406085e+02 
2.406085e+02 
2.406085e+02 
2.406085e+02 
2.406085e+02 
2.406085e+02 
2.406085e+02 
2.406085e+02 
2.406085e+02 
2.406085e+02 
2.406085e+02 
2.406085e+02 
2.406085e+02 
2.406085e+02 
2.406085e+02 
2.406085e+02 
2.406085e+02 
2.406085e+02 
2.406085e+02 
2.406085e+02 
2.406085e+02 
2.406085e+02 
2.406085e+02 
2.406085e+02 
2.406085e+02 
2.406085e+02 
2.406085e+02 
2.406085e+02 
2.406085e+02 
2.406085e+02 
2.406085e+02 
2.266128e+02 
2.266128e+02 
2.266128e+02 
2.266128e+02 
2.079568e+02 
2.079568e+02 
2.079568e+02 
2.079568e+02 
2.079568e+02 
2.079568e+02 
2.079568e+02 
2.079568e+02 
2.079568e+02 
2.079568e+02 
2.079568e+02 
1.353111e+02 
1.353111e+02 
1.353111e+02 
1.353111e+02 
1.353111e+02 
1.353111e+02 
1.353111e+02 
1.353111e+02 
1.353111e+02 
1.353111e+02 
1.353111e+02 
1.353111e+02 
1.353111e+02 
1.353111e+02 
1.353111e+02 
1.353111e+02 
1.353111e+02 
1.353111e+02 
1.353111e+02 
1.353111e+02 
1.353111e+02 
1.353111e+02 
1.353111e+02 
1.353111e+02 
1.353111e+02 
1.353111e+02 
1.353111e+02 
1.353111e+02 
1.353111e+02 
1.353111e+02 
1.353111e+02 
1.353111e+02 
1.353111e+02 
1.353111e+02 
1.353111e+02 
1.353111e+02 
1.353111e+02 
1.353111e+02 
1.353111e+02 
1.353111e+02 
1.353111e+02 
1.353111e+02 
1.353111e+02 
1.353111e+02 
1.353111e+02 
1.353111e+02 
1.353111e+02 
1.353111e+02 
1.353111e+02 
1.353111e+02 
1.353111e+02 
1.353111e+02 
1.353111e+02 
1.353111e+02 
1.353111e+02 
1.353111e+02 
1.353111e+02 
1.353111e+02 
1.353111e+02 
1.353111e+02 
1.353111e+02 
1.353111e+02 
1.353111e+02 
1.353111e+02 
1.353111e+02 
1.353111e+02 
1.353111e+02 
1.353111e+02 
1.353111e+02 
1.353111e+02 
1.173115e+02 
1.173115e+02 
1.173115e+02 
1.173115e+02 
1.173115e+02 
1.173115e+02 
1.173115e+02 
1.173115e+02 
1.173115e+02 
1.173115e+02 
1.173115e+02 
1.173115e+02 
1.173115e+02 
1.173115e+02 
1.173115e+02 
1.173115e+02 
1.173115e+02 
1.173115e+02 
1.173115e+02 
1.173115e+02 
1.173115e+02 
1.173115e+02 
1.173115e+02 
1.173115e+02 
1.173115e+02 
1.173115e+02 
1.173115e+02 
1.173115e+02 
1.173115e+02 
1.173115e+02 
1.173115e+02 
1.173115e+02 
1.173115e+02 
1.173115e+02 
1.173115e+02 
1.173115e+02 
1.173115e+02 
1.173115e+02 
1.173115e+02 
1.173115e+02 
1.173115e+02 
1.173115e+02 
1.173115e+02 
1.173115e+02 
1.173115e+02 
1.173115e+02 
1.173115e+02 
1.173115e+02 
1.173115e+02 
1.173115e+02 
1.173115e+02 
1.173115e+02 
1.173115e+02 
1.173115e+02 
1.173115e+02 
1.173115e+02 
1.173115e+02 
1.173115e+02 
1.173115e+02 
1.173115e+02 
1.173115e+02 
1.173115e+02 
1.173115e+02 
1.173115e+02 
1.173115e+02 
1.173115e+02 
1.173115e+02 
1.173115e+02 
1.173115e+02 
1.173115e+02 
1.173115e+02 
1.173115e+02 
1.173115e+02 
6.701244e+01 
6.701244e+01 
6.701244e+01 
6.701244e+01 
6.701244e+01 
6.701244e+01 
6.701244e+01 
6.701244e+01 
6.701244e+01 
6.701244e+01 
6.701244e+01 
6.701244e+01 
6.701244e+01 
6.701244e+01 
6.701244e+01 
6.701244e+01 
6.701244e+01 
6.701244e+01 
6.701244e+01 
6.701244e+01 
6.701244e+01 
6.701244e+01 
6.701244e+01 
6.701244e+01 
6.701244e+01 
6.701244e+01 
6.701244e+01 
6.701244e+01 
6.701244e+01 
6.701244e+01 
6.701244e+01 
6.701244e+01 
6.701244e+01 
6.701244e+01 
6.701244e+01 
6.701244e+01 
6.701244e+01 
6.701244e+01 
6.701244e+01 
6.701244e+01 
6.701244e+01 
6.701244e+01 
6.701244e+01 
6.701244e+01 
6.701244e+01 
6.701244e+01 
6.701244e+01 
6.701244e+01 
6.701244e+01 
6.701244e+01 
6.701244e+01 
6.701244e+01 
6.701244e+01 
6.701244e+01 
6.701244e+01 
6.701244e+01 
6.701244e+01 
6.701244e+01 
6.701244e+01 
6.701244e+01 
6.701244e+01 
6.701244e+01 
6.701244e+01 
6.701244e+01 
6.701244e+01 
6.701244e+01 
6.701244e+01 
6.701244e+01 
6.701244e+01 
6.701244e+01 
6.701244e+01 
6.701244e+01 
6.701244e+01 
6.701244e+01 
6.701244e+01 
6.701244e+01 
6.701244e+01 
6.701244e+01 
6.701244e+01 
6.701244e+01 
6.701244e+01 
6.701244e+01 
6.701244e+01 
6.701244e+01 
6.701244e+01 
6.701244e+01 
6.701244e+01 
6.701244e+01 
6.701244e+01 
6.701244e+01 
5.365840e+01 
5.365840e+01 
5.365840e+01 
5.365840e+01 
5.365840e+01 
5.365840e+01 
5.365840e+01 
5.365840e+01 
5.365840e+01 
4.198339e+01 
4.198339e+01 
4.198339e+01 
4.198339e+01 
4.198339e+01 
4.198339e+01 
4.198339e+01 
4.198339e+01 
4.198339e+01 
4.198339e+01 
4.198339e+01 
4.198339e+01 
4.198339e+01 
3.610362e+01 
3.610362e+01 
3.610362e+01 
3.610362e+01 
3.610362e+01 
3.569891e+01 
3.569891e+01 
3.569891e+01 
3.569891e+01 
3.569891e+01 
3.569891e+01 
3.569891e+01 
3.569891e+01 
3.569891e+01 
3.569891e+01 
3.569891e+01 
3.569891e+01 
3.569891e+01 
3.569891e+01 
3.569891e+01 
3.569891e+01 
3.569891e+01 
3.569891e+01 
3.569891e+01 
3.569891e+01 
3.569891e+01 
3.569891e+01 
3.569891e+01 
3.569891e+01 
3.569891e+01 
3.569891e+01 
3.569891e+01 
3.569891e+01 
3.569891e+01 
3.569891e+01 
3.569891e+01 
3.569891e+01 
3.569891e+01 
3.569891e+01 
3.569891e+01 
3.569891e+01 
3.569891e+01 
3.569891e+01 
3.569891e+01 
3.569891e+01 
3.569891e+01 
3.569891e+01 
3.569891e+01 
3.569891e+01 
3.569891e+01 
3.569891e+01 
3.569891e+01 
3.569891e+01 
3.569891e+01 
3.569891e+01 
3.569891e+01 
3.569891e+01 
3.569891e+01 
3.569891e+01 
3.569891e+01 
3.569891e+01 
3.569891e+01 
3.569891e+01 
3.569891e+01 
3.569891e+01 
3.569891e+01 
3.569891e+01 
3.569891e+01 
3.569891e+01 
3.569891e+01 
3.569891e+01 
3.569891e+01 
3.569891e+01 
3.569891e+01 
3.569891e+01 
3.569891e+01 
3.569891e+01 
3.569891e+01 
3.569891e+01 
3.569891e+01 
3.569891e+01 
3.569891e+01 
3.569891e+01 
3.569891e+01 
3.569891e+01 
3.569891e+01 
3.569891e+01 
3.569891e+01 
3.569891e+01 
3.569891e+01 
3.569891e+01 
3.569891e+01 
3.569891e+01 
3.569891e+01 
3.569891e+01 
3.569891e+01 
3.569891e+01 
3.569891e+01 
3.569891e+01 
3.569891e+01 
3.569891e+01 
3.569891e+01 
3.343850e+01 
3.343850e+01 
3.343850e+01 
3.343850e+01 
3.343850e+01 
3.343850e+01 
2.805561e+01 
2.805561e+01 
2.805561e+01 
2.805561e+01 
2.805561e+01 
2.805561e+01 
2.805561e+01 
2.805561e+01 
2.805561e+01 
2.800876e+01 
2.800876e+01 
2.800876e+01 
2.800876e+01 
2.800876e+01 
2.800876e+01 
2.800876e+01 
2.800876e+01 
2.800876e+01 
2.800876e+01 
2.675100e+01 
2.675100e+01 
2.675100e+01 
2.675100e+01 
2.675100e+01 
2.675100e+01 
2.675100e+01 
2.675100e+01 
2.675100e+01 
2.675100e+01 
2.675100e+01 
2.675100e+01 
2.675100e+01 
2.675100e+01 
2.675100e+01 
2.675100e+01 
2.675100e+01 
2.675100e+01 
2.675100e+01 
2.675100e+01 
2.613132e+01 
2.613132e+01 
2.613132e+01 
2.613132e+01 
2.613132e+01 
2.437064e+01 
2.437064e+01 
2.437064e+01 
2.437064e+01 
2.437064e+01 
2.437064e+01 
2.437064e+01 
2.437064e+01 
2.437064e+01 
2.437064e+01 
2.437064e+01 
2.437064e+01 
2.437064e+01 
2.437064e+01 
2.437064e+01 
2.437064e+01 
2.437064e+01 
2.437064e+01 
2.437064e+01 
2.437064e+01 
2.437064e+01 
2.437064e+01 
2.437064e+01 
2.437064e+01 
2.437064e+01 
2.437064e+01 
2.437064e+01 
2.437064e+01 
2.437064e+01 
2.437064e+01 
2.437064e+01 
2.437064e+01 
2.437064e+01 
2.437064e+01 
2.425327e+01 
2.276353e+01 
2.276353e+01 
2.276353e+01 
2.276353e+01 
2.276353e+01 
2.276353e+01 
2.276353e+01 
2.276353e+01 
2.276353e+01 
2.276353e+01 
2.276353e+01 
2.276353e+01 
2.276353e+01 
2.276353e+01 
2.276353e+01 
2.276353e+01 
2.276353e+01 
2.276353e+01 
2.276353e+01 
2.276353e+01 
2.276353e+01 
2.276353e+01 
2.276353e+01 
2.276353e+01 
2.276353e+01 
2.266101e+01 
2.266101e+01 
2.266101e+01 
2.266101e+01 
2.266101e+01 
2.266101e+01 
2.266101e+01 
2.266101e+01 
2.266101e+01 
2.266101e+01 
2.266101e+01 
2.226780e+01 
2.226780e+01 
2.226780e+01 
2.170348e+01 
2.170348e+01 
2.170348e+01 
2.170348e+01 
2.170348e+01 
2.170348e+01 
2.170348e+01 
2.170348e+01 
2.170348e+01 
2.098809e+01 
2.098809e+01 
2.098809e+01 
2.098809e+01 
2.098809e+01 
2.098809e+01 
2.098809e+01 
2.098809e+01 
2.098809e+01 
2.098809e+01 
2.098809e+01 
2.098809e+01 
2.098809e+01 
2.098809e+01 
2.098809e+01 
2.098809e+01 
2.098809e+01 
2.098809e+01 
2.098809e+01 
1.957390e+01 
1.957390e+01 
1.957390e+01 
1.957390e+01 
1.957390e+01 
1.957390e+01 
1.957390e+01 
1.957390e+01 
1.957390e+01 
1.957390e+01 
1.957390e+01 
1.957390e+01 
1.957390e+01 
1.957390e+01 
1.957390e+01 
1.957390e+01 
1.957390e+01 
1.957390e+01 
1.957390e+01 
1.957390e+01 
1.957390e+01 
1.930599e+01 
1.930599e+01 
1.930599e+01 
1.930599e+01 
1.930599e+01 
1.930599e+01 
1.930599e+01 
1.895605e+01 
1.895605e+01 
1.895605e+01 
1.895605e+01 
1.895605e+01 
1.895605e+01 
1.895605e+01 
1.895605e+01 
1.895605e+01 
1.895605e+01 
1.895605e+01 
1.895605e+01 
1.895605e+01 
1.895605e+01 
1.895605e+01 
1.895605e+01 
1.895605e+01 
1.895605e+01 
1.895605e+01 
1.895605e+01 
1.895605e+01 
1.895605e+01 
1.895605e+01 
1.895605e+01 
1.895605e+01 
1.895605e+01 
1.895605e+01 
1.895605e+01 
1.895605e+01 
1.895605e+01 
1.895605e+01 
1.895605e+01 
1.895605e+01 
1.895605e+01 
1.895605e+01 
1.895605e+01 
1.895605e+01 
1.895605e+01 
1.884470e+01 
1.884470e+01 
1.884470e+01 
1.884470e+01 
1.884470e+01 
1.884470e+01 
1.884470e+01 
1.884470e+01 
1.884470e+01 
1.884470e+01 
1.884470e+01 
1.884470e+01 
1.884470e+01 
1.884470e+01 
1.884470e+01 
1.870556e+01 
1.870556e+01 
1.870556e+01 
1.870556e+01 
1.870556e+01 
1.870556e+01 
1.870556e+01 
1.870556e+01 
1.870556e+01 
1.870556e+01 
1.870556e+01 
1.870556e+01 
1.870556e+01 
1.870556e+01 
1.870556e+01 
1.870556e+01 
1.870556e+01 
1.870556e+01 
1.870556e+01 
1.870556e+01 
1.870556e+01 
1.870556e+01 
1.870556e+01 
1.870556e+01 
1.870556e+01 
1.870556e+01 
1.870556e+01 
1.870556e+01 
1.870556e+01 
1.870556e+01 
1.870556e+01 
1.870556e+01 
1.870556e+01 
1.870556e+01 
1.870556e+01 
1.870556e+01 
1.870556e+01 
1.870556e+01 
1.870556e+01 
1.870556e+01 
1.870556e+01 
1.870556e+01 
1.870556e+01 
1.870556e+01 
1.870556e+01 
1.870556e+01 
1.870556e+01 
1.870556e+01 
1.870556e+01 
1.870556e+01 
1.870556e+01 
1.870556e+01 
1.870556e+01 
1.870556e+01 
1.870556e+01 
1.870556e+01 
1.870556e+01 
1.870556e+01 
1.870556e+01 
1.870556e+01 
1.870556e+01 
1.870556e+01 
1.870556e+01 
1.870556e+01 
1.870556e+01 
1.870556e+01 
1.870556e+01 
1.870556e+01 
1.870556e+01 
1.870556e+01 
1.870556e+01 
1.870556e+01 
1.870556e+01 
1.870556e+01 
1.870556e+01 
1.870556e+01 
1.870556e+01 
1.870556e+01 
1.870556e+01 
1.870556e+01 
1.870556e+01 
1.870556e+01 
1.870556e+01 
1.870556e+01 
1.870556e+01 
1.870556e+01 
1.870556e+01 
1.870556e+01 
1.870556e+01 
1.870556e+01 
1.870556e+01 
1.870556e+01 
1.870556e+01 
1.870556e+01 
1.870556e+01 
1.870556e+01 
1.870556e+01 
1.870556e+01 
1.870556e+01 
1.870556e+01 
1.870556e+01 
1.870556e+01 
1.870556e+01 
1.870556e+01 
1.870556e+01 
1.870556e+01 
1.870556e+01 
1.870556e+01 
1.870556e+01 
1.870556e+01 
1.870556e+01 
1.870556e+01 
1.870556e+01 
1.870556e+01 
1.870556e+01 
1.870556e+01 
1.870556e+01 
1.870556e+01 
1.870556e+01 
1.870556e+01 
1.870556e+01 
1.870556e+01 
1.870556e+01 
1.870556e+01 
1.860322e+01 
1.860322e+01 
1.860322e+01 
1.860322e+01 
1.860322e+01 
1.860322e+01 
1.860322e+01 
1.845586e+01 
1.845586e+01 
1.845586e+01 
1.845586e+01 
1.845586e+01 
1.845586e+01 
1.845586e+01 
1.835440e+01 
1.835440e+01 
1.835440e+01 
1.835440e+01 
1.835440e+01 
1.835440e+01 
1.835440e+01 
1.835440e+01 
1.814258e+01 
1.814258e+01 
1.814258e+01 
1.814258e+01 
1.814258e+01 
1.814258e+01 
1.814258e+01 
1.814258e+01 
1.814258e+01 
1.814258e+01 
1.814258e+01 
1.814258e+01 
1.814258e+01 
1.814258e+01 
1.814258e+01 
1.814258e+01 
1.810936e+01 
1.810936e+01 
1.810936e+01 
1.810936e+01 
1.810936e+01 
1.810936e+01 
1.810936e+01 
1.810936e+01 
1.810936e+01 
1.810936e+01 
1.800977e+01 
1.800977e+01 
1.800977e+01 
1.800977e+01 
1.800977e+01 
1.800977e+01 
1.800977e+01 
1.797839e+01 
1.797839e+01 
1.797839e+01 
1.797839e+01 
1.797839e+01 
1.797839e+01 
1.797839e+01 
1.797839e+01 
1.797839e+01 
1.790220e+01 
1.790220e+01 
1.790220e+01 
1.790220e+01 
1.790220e+01 
1.790220e+01 
1.790220e+01 
1.790220e+01 
1.790220e+01 
1.790220e+01 
1.790220e+01 
1.790220e+01 
1.790220e+01 
1.790220e+01 
1.790220e+01 
1.790220e+01 
1.790220e+01 
1.790220e+01 
1.790220e+01 
1.790220e+01 
1.790220e+01 
1.790220e+01 
1.790220e+01 
1.790220e+01 
1.790220e+01 
1.790220e+01 
1.790220e+01 
1.790220e+01 
1.790220e+01 
1.790220e+01 
1.790220e+01 
1.790220e+01 
1.790220e+01 
1.790220e+01 
1.790220e+01 
1.790220e+01 
1.790220e+01 
1.790220e+01 
1.790220e+01 
1.790220e+01 
1.790220e+01 
1.790220e+01 
1.790220e+01 
1.790220e+01 
1.790220e+01 
1.790220e+01 
1.790220e+01 
1.790220e+01 
1.790220e+01 
1.790220e+01 
1.790220e+01 
1.790220e+01 
1.790220e+01 
1.790220e+01 
1.790220e+01 
1.790220e+01 
1.790220e+01 
1.790220e+01 
1.790220e+01 
1.790220e+01 
1.790220e+01 
1.790220e+01 
1.790220e+01 
1.790220e+01 
1.790220e+01 
1.790220e+01 
1.790220e+01 
1.785854e+01 
1.785854e+01 
1.785854e+01 
1.785854e+01 
1.785854e+01 
1.785854e+01 
1.785854e+01 
1.785854e+01 
1.785854e+01 
1.785854e+01 
1.785854e+01 
1.785854e+01 
1.785854e+01 
1.785854e+01 
1.785854e+01 
1.785854e+01 
1.785854e+01 
1.785854e+01 
1.785854e+01 
1.784175e+01 
1.784175e+01 
1.784175e+01 
1.784175e+01 
1.784175e+01 
1.784175e+01 
1.784175e+01 
1.784175e+01 
1.784175e+01 
1.784175e+01 
1.784175e+01 
1.784175e+01 
1.784175e+01 
1.778349e+01 
1.778349e+01 
1.778349e+01 
1.778349e+01 
1.778349e+01 
1.778349e+01 
1.778349e+01 
1.778349e+01 
1.778349e+01 
1.778349e+01 
1.778349e+01 
1.778349e+01 
1.778349e+01 
1.778349e+01 
1.778349e+01 
1.778349e+01 
1.778349e+01 
1.778349e+01 
1.778349e+01 
1.778349e+01 
1.778349e+01 
1.778349e+01 
1.778349e+01 
1.778349e+01 
1.778349e+01 
1.778349e+01 
1.778349e+01 
1.778349e+01 
1.778349e+01 
1.778349e+01 
1.778349e+01 
1.778349e+01 
1.778349e+01 
1.778349e+01 
1.778349e+01 
1.778349e+01 
1.777959e+01 
1.777959e+01 
1.777959e+01 
1.777959e+01 
1.777959e+01 
1.777959e+01 
1.777959e+01 
1.777959e+01 
1.777959e+01 
1.775021e+01 
1.775021e+01 
1.771423e+01 
1.771423e+01 
1.771423e+01 
1.771423e+01 
1.771423e+01 
1.771423e+01 
1.771423e+01 
1.771423e+01 
1.771423e+01 
1.766953e+01 
1.766953e+01 
1.766953e+01 
1.766953e+01 
1.766953e+01 
1.766953e+01 
1.766953e+01 
1.766953e+01 
1.766953e+01 
1.766953e+01 
1.766953e+01 
1.766953e+01 
1.766953e+01 
1.766953e+01 
1.766953e+01 
1.766953e+01 
1.766953e+01 
1.766953e+01 
1.766953e+01 
1.766953e+01 
1.766953e+01 
1.766953e+01 
1.762269e+01 
1.762269e+01 
1.762269e+01 
1.762269e+01 
1.762269e+01 
1.762269e+01 
1.762269e+01 
1.762269e+01 
1.762269e+01 
1.762269e+01 
1.762269e+01 
1.762269e+01 
1.762269e+01 
1.762269e+01 
1.762269e+01 
1.762269e+01 
1.762269e+01 
1.762269e+01 
1.762269e+01 
1.762269e+01 
1.762269e+01 
1.762269e+01 
1.762269e+01 
1.762269e+01 
1.762269e+01 
1.762269e+01 
1.762269e+01 
1.761243e+01 
1.761243e+01 
1.761243e+01 
1.761243e+01 
1.761243e+01 
1.756288e+01 
1.756288e+01 
1.756288e+01 
1.756288e+01 
1.756288e+01 
1.756288e+01 
1.756288e+01 
1.756288e+01 
1.756288e+01 
1.756288e+01 
1.756288e+01 
1.756288e+01 
1.756288e+01 
1.756288e+01 
1.756288e+01 
1.756288e+01 
1.756288e+01 
1.756288e+01 
1.754390e+01 
1.754390e+01 
1.754390e+01 
1.754390e+01 
1.751328e+01 
1.751328e+01 
1.751328e+01 
1.751328e+01 
1.751328e+01 
1.751328e+01 
1.751328e+01 
1.751328e+01 
1.748254e+01 
1.748254e+01 
1.748254e+01 
1.748254e+01 
1.748254e+01 
1.748254e+01 
1.748254e+01 
1.748254e+01 
1.748254e+01 
1.748254e+01 
1.748254e+01 
1.748254e+01 
1.748254e+01 
1.748254e+01 
1.748254e+01 
1.748254e+01 
1.748254e+01 
1.748254e+01 
1.748254e+01 
1.748254e+01 
1.748254e+01 
1.748254e+01 
1.748254e+01 
1.748254e+01 
1.748254e+01 
1.748254e+01 
1.748254e+01 
1.748254e+01 
1.748254e+01 
1.748254e+01 
1.748254e+01 
1.748254e+01 
1.748254e+01 
1.748254e+01 
1.748254e+01 
1.748254e+01 
1.748254e+01 
1.748254e+01 
1.748254e+01 
1.748254e+01 
1.748254e+01 
1.748254e+01 
1.748254e+01 
1.748254e+01 
1.748254e+01 
1.748254e+01 
1.748254e+01 
1.748254e+01 
1.748254e+01 
1.748254e+01 
1.748254e+01 
1.748254e+01 
1.748254e+01 
1.748254e+01 
1.748254e+01 
1.748254e+01 
1.748254e+01 
1.748254e+01 
1.748254e+01 
1.748254e+01 
1.748254e+01 
1.748254e+01 
1.747904e+01 
1.747904e+01 
1.747904e+01 
1.747904e+01 
1.747904e+01 
1.747904e+01 
1.747904e+01 
1.747904e+01 
1.747904e+01 
1.747904e+01 
1.747904e+01 
1.747904e+01 
1.747904e+01 
1.747904e+01 
1.747904e+01 
1.747904e+01 
1.747904e+01 
1.747904e+01 
1.747904e+01 
1.747904e+01 
1.747904e+01 
1.747904e+01 
1.747904e+01 
1.747904e+01 
1.747904e+01 
1.747904e+01 
1.747904e+01 
1.747904e+01 
1.747904e+01 
1.747904e+01 
1.747904e+01 
1.747904e+01 
1.747904e+01 
1.747904e+01 
1.747904e+01 
1.747904e+01 
1.747904e+01 
1.746468e+01 
1.746468e+01 
1.746468e+01 
1.746468e+01 
1.746468e+01 
1.746437e+01 
1.746437e+01 
1.746437e+01 
1.746273e+01 
1.746273e+01 
1.746273e+01 
1.746273e+01 
1.746273e+01 
1.746273e+01 
1.744986e+01 
1.744986e+01 
1.744986e+01 
1.744986e+01 
1.740962e+01 
1.740962e+01 
1.740962e+01 
1.740962e+01 
1.740962e+01 
1.740962e+01 
1.740962e+01 
1.740962e+01 
1.740962e+01 
1.740962e+01 
1.740962e+01 
1.740962e+01 
1.740962e+01 
1.740962e+01 
1.740962e+01 
1.740962e+01 
1.740962e+01 
1.740962e+01 
1.740962e+01 
1.740962e+01 
1.740962e+01 
1.740962e+01 
1.740962e+01 
1.740962e+01 
1.740962e+01 
1.740962e+01 
1.740962e+01 
1.740962e+01 
1.740962e+01 
1.740962e+01 
1.740962e+01 
1.740962e+01 
1.740962e+01 
1.740962e+01 
1.740962e+01 
1.740962e+01 
1.740962e+01 
1.740962e+01 
1.740962e+01 
1.740962e+01 
1.740962e+01 
1.740962e+01 
1.740962e+01 
1.740962e+01 
1.740962e+01 
1.740626e+01 
1.740626e+01 
1.740626e+01 
1.740626e+01 
1.740626e+01 
1.740626e+01 
1.740626e+01 
1.740626e+01 
