2.416247e+03 
2.416247e+03 
2.416247e+03 
2.416247e+03 
2.416247e+03 
2.416247e+03 
2.416247e+03 
2.416247e+03 
2.295249e+03 
2.295249e+03 
2.295249e+03 
2.295249e+03 
2.295249e+03 
2.163991e+03 
1.861949e+03 
1.861949e+03 
1.861949e+03 
1.588279e+03 
1.588279e+03 
1.588279e+03 
1.588279e+03 
1.588279e+03 
1.588279e+03 
1.557455e+03 
1.325889e+03 
1.325889e+03 
1.325889e+03 
1.325889e+03 
1.325889e+03 
1.325889e+03 
1.325889e+03 
1.325889e+03 
1.325250e+03 
1.325250e+03 
1.325250e+03 
1.325250e+03 
1.325250e+03 
6.511264e+02 
6.511264e+02 
6.511264e+02 
6.511264e+02 
6.511264e+02 
6.511264e+02 
6.511264e+02 
6.511264e+02 
6.511264e+02 
6.511264e+02 
6.511264e+02 
6.511264e+02 
6.511264e+02 
6.511264e+02 
6.511264e+02 
6.511264e+02 
6.511264e+02 
6.511264e+02 
6.511264e+02 
6.511264e+02 
6.511264e+02 
6.511264e+02 
6.511264e+02 
6.511264e+02 
6.511264e+02 
6.511264e+02 
6.511264e+02 
6.511264e+02 
6.511264e+02 
6.511264e+02 
6.511264e+02 
6.511264e+02 
6.511264e+02 
6.511264e+02 
6.511264e+02 
6.511264e+02 
6.511264e+02 
6.511264e+02 
6.511264e+02 
6.511264e+02 
6.511264e+02 
6.511264e+02 
6.511264e+02 
6.511264e+02 
6.511264e+02 
6.511264e+02 
6.511264e+02 
6.511264e+02 
6.511264e+02 
6.511264e+02 
6.511264e+02 
6.511264e+02 
6.511264e+02 
6.511264e+02 
6.511264e+02 
6.511264e+02 
6.511264e+02 
6.511264e+02 
6.511264e+02 
6.511264e+02 
6.511264e+02 
6.511264e+02 
6.511264e+02 
6.511264e+02 
6.511264e+02 
6.511264e+02 
6.511264e+02 
6.511264e+02 
6.511264e+02 
6.511264e+02 
6.511264e+02 
6.343934e+02 
6.343934e+02 
6.343934e+02 
6.343934e+02 
6.343934e+02 
6.343934e+02 
5.042480e+02 
5.042480e+02 
5.042480e+02 
5.042480e+02 
5.042480e+02 
5.042480e+02 
5.042480e+02 
5.042480e+02 
5.042480e+02 
5.042480e+02 
5.042480e+02 
5.042480e+02 
5.042480e+02 
5.042480e+02 
4.594143e+02 
4.594143e+02 
4.594143e+02 
4.594143e+02 
4.594143e+02 
4.594143e+02 
4.594143e+02 
4.594143e+02 
4.594143e+02 
4.594143e+02 
4.594143e+02 
4.594143e+02 
4.594143e+02 
4.594143e+02 
4.594143e+02 
4.594143e+02 
4.594143e+02 
4.594143e+02 
4.594143e+02 
4.594143e+02 
4.594143e+02 
4.594143e+02 
4.594143e+02 
4.594143e+02 
4.594143e+02 
4.594143e+02 
4.594143e+02 
4.594143e+02 
4.594143e+02 
4.594143e+02 
4.594143e+02 
4.594143e+02 
4.594143e+02 
4.594143e+02 
4.594143e+02 
4.594143e+02 
4.594143e+02 
4.594143e+02 
4.594143e+02 
3.991790e+02 
3.991790e+02 
3.991790e+02 
3.991790e+02 
3.991790e+02 
3.991790e+02 
3.991790e+02 
3.991790e+02 
3.991790e+02 
3.991790e+02 
3.991790e+02 
3.991790e+02 
3.991790e+02 
3.991790e+02 
3.991790e+02 
3.991790e+02 
3.991790e+02 
3.991790e+02 
3.991790e+02 
3.991790e+02 
3.991790e+02 
3.991790e+02 
3.991790e+02 
3.991790e+02 
3.991790e+02 
3.991790e+02 
3.991790e+02 
3.991790e+02 
3.991790e+02 
3.991790e+02 
3.991790e+02 
3.991790e+02 
3.991790e+02 
3.991790e+02 
3.991790e+02 
3.991790e+02 
3.991790e+02 
3.991790e+02 
3.991790e+02 
3.991790e+02 
3.991790e+02 
3.991790e+02 
3.991790e+02 
3.991790e+02 
3.991790e+02 
3.991790e+02 
3.991790e+02 
3.991790e+02 
3.991790e+02 
3.991790e+02 
3.991790e+02 
3.991790e+02 
3.991790e+02 
3.991790e+02 
3.991790e+02 
3.991790e+02 
3.991790e+02 
3.991790e+02 
3.991790e+02 
3.991790e+02 
3.991790e+02 
3.991790e+02 
3.991790e+02 
3.991790e+02 
3.991790e+02 
3.991790e+02 
3.991790e+02 
3.991790e+02 
3.991790e+02 
3.991790e+02 
3.991790e+02 
3.991790e+02 
3.991790e+02 
3.991790e+02 
3.991790e+02 
3.991790e+02 
3.991790e+02 
3.991790e+02 
3.991790e+02 
3.991790e+02 
3.991790e+02 
3.621100e+02 
3.621100e+02 
3.621100e+02 
3.621100e+02 
3.621100e+02 
3.621100e+02 
3.621100e+02 
3.621100e+02 
3.621100e+02 
3.621100e+02 
3.621100e+02 
3.621100e+02 
3.621100e+02 
3.621100e+02 
3.621100e+02 
3.621100e+02 
3.621100e+02 
3.621100e+02 
3.621100e+02 
3.621100e+02 
3.621100e+02 
3.621100e+02 
3.621100e+02 
3.621100e+02 
3.621100e+02 
3.621100e+02 
3.621100e+02 
3.621100e+02 
3.443711e+02 
3.443711e+02 
3.443711e+02 
3.443711e+02 
3.443711e+02 
3.443711e+02 
3.443711e+02 
3.443711e+02 
3.443711e+02 
3.443711e+02 
3.443711e+02 
3.443711e+02 
2.877062e+02 
2.877062e+02 
2.877062e+02 
2.877062e+02 
2.877062e+02 
2.877062e+02 
2.877062e+02 
2.877062e+02 
2.877062e+02 
2.877062e+02 
2.877062e+02 
2.877062e+02 
2.877062e+02 
2.877062e+02 
2.877062e+02 
2.877062e+02 
2.877062e+02 
2.877062e+02 
2.877062e+02 
2.877062e+02 
2.877062e+02 
2.877062e+02 
2.877062e+02 
2.877062e+02 
2.877062e+02 
2.877062e+02 
2.877062e+02 
2.877062e+02 
2.877062e+02 
2.877062e+02 
2.877062e+02 
2.877062e+02 
2.877062e+02 
2.877062e+02 
2.877062e+02 
2.877062e+02 
2.877062e+02 
2.877062e+02 
2.877062e+02 
2.877062e+02 
2.877062e+02 
2.877062e+02 
2.877062e+02 
2.877062e+02 
2.877062e+02 
2.877062e+02 
2.877062e+02 
2.877062e+02 
2.877062e+02 
2.877062e+02 
2.877062e+02 
2.877062e+02 
2.877062e+02 
2.877062e+02 
2.877062e+02 
2.877062e+02 
2.877062e+02 
2.877062e+02 
2.877062e+02 
2.877062e+02 
2.877062e+02 
2.877062e+02 
2.877062e+02 
2.877062e+02 
2.877062e+02 
2.877062e+02 
2.877062e+02 
2.877062e+02 
2.877062e+02 
2.877062e+02 
2.877062e+02 
2.877062e+02 
2.877062e+02 
2.877062e+02 
2.877062e+02 
2.877062e+02 
2.877062e+02 
2.877062e+02 
2.619939e+02 
2.619939e+02 
2.619939e+02 
2.619939e+02 
2.619939e+02 
2.619939e+02 
2.619939e+02 
2.619939e+02 
2.619939e+02 
2.619939e+02 
2.619939e+02 
2.619939e+02 
2.619939e+02 
2.619939e+02 
2.619939e+02 
2.619939e+02 
2.619939e+02 
2.619939e+02 
2.619939e+02 
2.619939e+02 
2.619939e+02 
2.619939e+02 
2.619939e+02 
2.619939e+02 
2.619939e+02 
2.619939e+02 
2.619939e+02 
2.619939e+02 
2.619939e+02 
2.619939e+02 
2.619939e+02 
2.619939e+02 
2.619939e+02 
2.619939e+02 
2.619939e+02 
2.619939e+02 
2.619939e+02 
2.619939e+02 
2.619939e+02 
2.619939e+02 
2.619939e+02 
2.619939e+02 
2.619939e+02 
2.619939e+02 
2.619939e+02 
2.619939e+02 
2.619939e+02 
2.619939e+02 
2.619939e+02 
2.619939e+02 
2.619939e+02 
2.619939e+02 
2.619939e+02 
2.619939e+02 
2.619939e+02 
2.619939e+02 
2.619939e+02 
2.619939e+02 
2.619939e+02 
2.619939e+02 
2.619939e+02 
2.619939e+02 
2.619939e+02 
2.619939e+02 
2.619939e+02 
2.619939e+02 
2.619939e+02 
2.619939e+02 
2.619939e+02 
2.619939e+02 
2.619939e+02 
2.619939e+02 
2.619939e+02 
2.619939e+02 
2.619939e+02 
2.619939e+02 
2.619939e+02 
2.619939e+02 
2.356084e+02 
2.356084e+02 
2.356084e+02 
2.356084e+02 
2.356084e+02 
2.356084e+02 
2.356084e+02 
2.356084e+02 
2.356084e+02 
2.356084e+02 
2.356084e+02 
2.356084e+02 
2.356084e+02 
2.356084e+02 
2.356084e+02 
2.356084e+02 
2.356084e+02 
2.356084e+02 
2.356084e+02 
2.356084e+02 
2.356084e+02 
2.356084e+02 
2.356084e+02 
2.356084e+02 
2.356084e+02 
2.356084e+02 
2.356084e+02 
2.356084e+02 
1.838373e+02 
1.838373e+02 
1.838373e+02 
1.838373e+02 
1.838373e+02 
1.838373e+02 
1.838373e+02 
1.838373e+02 
1.838373e+02 
1.838373e+02 
1.838373e+02 
1.838373e+02 
1.838373e+02 
1.838373e+02 
1.838373e+02 
1.838373e+02 
1.838373e+02 
1.838373e+02 
1.838373e+02 
1.838373e+02 
1.838373e+02 
1.838373e+02 
1.838373e+02 
1.838373e+02 
1.838373e+02 
1.838373e+02 
1.838373e+02 
1.838373e+02 
1.838373e+02 
1.838373e+02 
1.838373e+02 
1.838373e+02 
1.838373e+02 
1.838373e+02 
1.838373e+02 
1.838373e+02 
1.838373e+02 
1.838373e+02 
1.838373e+02 
1.838373e+02 
1.838373e+02 
1.838373e+02 
1.838373e+02 
1.838373e+02 
1.838373e+02 
1.838373e+02 
1.838373e+02 
1.838373e+02 
1.838373e+02 
1.838373e+02 
1.838373e+02 
1.838373e+02 
1.838373e+02 
1.838373e+02 
1.838373e+02 
1.838373e+02 
1.838373e+02 
1.838373e+02 
1.838373e+02 
1.838373e+02 
1.838373e+02 
1.838373e+02 
1.838373e+02 
1.838373e+02 
1.838373e+02 
1.838373e+02 
1.838373e+02 
1.838373e+02 
1.838373e+02 
1.838373e+02 
1.838373e+02 
1.838373e+02 
1.838373e+02 
1.838373e+02 
1.838373e+02 
1.838373e+02 
1.838373e+02 
1.838373e+02 
1.838373e+02 
1.838373e+02 
1.838373e+02 
1.838373e+02 
1.838373e+02 
1.838373e+02 
1.838373e+02 
1.838373e+02 
1.838373e+02 
1.838373e+02 
1.838373e+02 
1.838373e+02 
1.838373e+02 
1.838373e+02 
1.838373e+02 
1.838373e+02 
1.838373e+02 
1.838373e+02 
1.838373e+02 
1.417143e+02 
1.417143e+02 
1.417143e+02 
1.417143e+02 
1.417143e+02 
1.417143e+02 
1.417143e+02 
1.417143e+02 
1.417143e+02 
1.417143e+02 
1.417143e+02 
1.417143e+02 
1.417143e+02 
1.417143e+02 
1.417143e+02 
1.199739e+02 
1.199739e+02 
1.199739e+02 
1.199739e+02 
1.199739e+02 
1.199739e+02 
1.199739e+02 
1.199739e+02 
1.199739e+02 
1.199739e+02 
1.199739e+02 
1.199739e+02 
1.199739e+02 
1.199739e+02 
1.199739e+02 
1.199739e+02 
1.199739e+02 
1.199739e+02 
1.199739e+02 
1.199739e+02 
1.199739e+02 
1.199739e+02 
1.199739e+02 
1.199739e+02 
1.199739e+02 
1.199739e+02 
1.199739e+02 
1.199739e+02 
1.199739e+02 
1.199739e+02 
1.044619e+02 
1.044619e+02 
1.044619e+02 
1.044619e+02 
1.044619e+02 
1.044619e+02 
1.044619e+02 
1.044619e+02 
1.044619e+02 
1.044619e+02 
1.044619e+02 
1.044619e+02 
1.044619e+02 
1.044619e+02 
1.044619e+02 
1.044619e+02 
1.044619e+02 
1.044619e+02 
1.044619e+02 
1.044619e+02 
1.044619e+02 
1.044619e+02 
1.044619e+02 
1.044619e+02 
1.044619e+02 
1.044619e+02 
1.044619e+02 
1.044619e+02 
1.044619e+02 
1.044619e+02 
1.044619e+02 
1.044619e+02 
1.044619e+02 
1.044619e+02 
1.044619e+02 
1.044619e+02 
1.044619e+02 
1.044619e+02 
1.044619e+02 
1.044619e+02 
1.044619e+02 
1.044619e+02 
1.044619e+02 
1.044619e+02 
1.044619e+02 
1.044619e+02 
1.044619e+02 
1.044619e+02 
1.044619e+02 
1.044619e+02 
1.044619e+02 
1.044619e+02 
1.044619e+02 
1.044619e+02 
1.044619e+02 
1.044619e+02 
1.044619e+02 
1.044619e+02 
1.044619e+02 
1.044619e+02 
1.044619e+02 
1.044619e+02 
1.044619e+02 
1.044619e+02 
1.044619e+02 
1.044619e+02 
1.044619e+02 
1.044619e+02 
1.044619e+02 
1.044619e+02 
1.044619e+02 
1.044619e+02 
1.044619e+02 
1.044619e+02 
1.044619e+02 
1.044619e+02 
1.044619e+02 
1.044619e+02 
1.044619e+02 
1.044619e+02 
1.044619e+02 
1.044619e+02 
1.044619e+02 
1.044619e+02 
1.044619e+02 
1.044619e+02 
1.044619e+02 
1.044619e+02 
1.044619e+02 
1.044619e+02 
1.044619e+02 
1.044619e+02 
1.044619e+02 
1.044619e+02 
1.044619e+02 
1.044619e+02 
1.044619e+02 
1.044619e+02 
1.044619e+02 
1.044619e+02 
1.044619e+02 
1.044619e+02 
1.044619e+02 
1.044619e+02 
1.044619e+02 
1.044619e+02 
1.004066e+02 
1.004066e+02 
1.004066e+02 
1.004066e+02 
1.004066e+02 
9.794206e+01 
9.794206e+01 
9.794206e+01 
9.794206e+01 
9.794206e+01 
9.794206e+01 
9.794206e+01 
9.794206e+01 
9.794206e+01 
9.794206e+01 
9.794206e+01 
8.848702e+01 
8.848702e+01 
8.848702e+01 
8.848702e+01 
8.848702e+01 
8.848702e+01 
8.848702e+01 
8.848702e+01 
8.848702e+01 
8.848702e+01 
8.848702e+01 
8.848702e+01 
8.848702e+01 
8.848702e+01 
8.848702e+01 
8.848702e+01 
8.848702e+01 
8.848702e+01 
8.848702e+01 
8.848702e+01 
8.848702e+01 
8.848702e+01 
8.848702e+01 
8.848702e+01 
8.848702e+01 
8.848702e+01 
8.121971e+01 
8.121971e+01 
8.121971e+01 
8.121971e+01 
8.121971e+01 
8.121971e+01 
8.121971e+01 
8.121971e+01 
8.121971e+01 
8.121971e+01 
8.121971e+01 
8.121971e+01 
8.121971e+01 
8.121971e+01 
8.121971e+01 
8.121971e+01 
8.121971e+01 
8.121971e+01 
8.121971e+01 
8.121971e+01 
8.121971e+01 
8.121971e+01 
8.121971e+01 
8.121971e+01 
8.121971e+01 
8.121971e+01 
8.121971e+01 
8.121971e+01 
8.121971e+01 
8.121971e+01 
8.121971e+01 
8.121971e+01 
8.121971e+01 
8.121971e+01 
8.121971e+01 
8.121971e+01 
8.121971e+01 
8.121971e+01 
8.121971e+01 
8.121971e+01 
8.121971e+01 
8.121971e+01 
8.121971e+01 
8.121971e+01 
8.121971e+01 
8.121971e+01 
8.121971e+01 
8.121971e+01 
8.121971e+01 
8.121971e+01 
8.121971e+01 
8.121971e+01 
8.121971e+01 
8.121971e+01 
8.121971e+01 
8.121971e+01 
8.121971e+01 
8.121971e+01 
8.121971e+01 
8.121971e+01 
8.121971e+01 
8.080182e+01 
8.080182e+01 
8.080182e+01 
8.080182e+01 
8.080182e+01 
8.080182e+01 
8.080182e+01 
8.080182e+01 
7.602208e+01 
7.602208e+01 
7.602208e+01 
7.602208e+01 
7.602208e+01 
7.602208e+01 
7.602208e+01 
7.602208e+01 
7.602208e+01 
7.602208e+01 
7.602208e+01 
7.602208e+01 
7.602208e+01 
7.602208e+01 
7.602208e+01 
7.602208e+01 
7.602208e+01 
7.602208e+01 
7.602208e+01 
7.602208e+01 
7.602208e+01 
7.602208e+01 
7.602208e+01 
7.602208e+01 
7.602208e+01 
7.602208e+01 
7.602208e+01 
7.602208e+01 
7.602208e+01 
7.602208e+01 
7.602208e+01 
7.602208e+01 
7.602208e+01 
7.602208e+01 
7.602208e+01 
7.602208e+01 
7.602208e+01 
7.602208e+01 
7.602208e+01 
7.260473e+01 
7.260473e+01 
7.260473e+01 
6.736664e+01 
6.736664e+01 
6.736664e+01 
6.736664e+01 
6.736664e+01 
6.736664e+01 
6.736664e+01 
6.736664e+01 
6.736664e+01 
6.736664e+01 
6.736664e+01 
6.736664e+01 
6.736664e+01 
6.736664e+01 
6.736664e+01 
6.736664e+01 
6.736664e+01 
6.736664e+01 
6.736664e+01 
6.736664e+01 
6.736664e+01 
6.736664e+01 
6.736664e+01 
6.736664e+01 
6.503820e+01 
6.503820e+01 
6.503820e+01 
6.503820e+01 
6.503820e+01 
6.503820e+01 
6.503820e+01 
6.503820e+01 
6.503820e+01 
6.503820e+01 
6.503820e+01 
6.503820e+01 
6.503820e+01 
6.503820e+01 
6.503820e+01 
6.179707e+01 
6.179707e+01 
6.179707e+01 
6.179707e+01 
6.179707e+01 
6.179707e+01 
6.179707e+01 
6.179707e+01 
6.179707e+01 
6.179707e+01 
6.179707e+01 
6.179707e+01 
6.179707e+01 
6.179707e+01 
6.179707e+01 
6.179707e+01 
6.179707e+01 
6.179707e+01 
6.179707e+01 
6.179707e+01 
6.179707e+01 
5.163776e+01 
5.163776e+01 
5.163776e+01 
5.163776e+01 
5.163776e+01 
5.163776e+01 
5.163776e+01 
5.163776e+01 
5.163776e+01 
5.163776e+01 
5.163776e+01 
5.163776e+01 
5.163776e+01 
5.163776e+01 
5.163776e+01 
5.163776e+01 
5.163776e+01 
5.163776e+01 
5.163776e+01 
5.163776e+01 
5.163776e+01 
5.163776e+01 
5.163776e+01 
5.163776e+01 
4.735859e+01 
4.735859e+01 
4.735859e+01 
4.735859e+01 
4.735859e+01 
4.735859e+01 
4.735859e+01 
4.735859e+01 
4.735859e+01 
4.735859e+01 
4.735859e+01 
4.735859e+01 
4.735859e+01 
4.735859e+01 
4.735859e+01 
4.735859e+01 
4.735859e+01 
4.735859e+01 
4.735859e+01 
3.604697e+01 
3.604697e+01 
3.604697e+01 
3.604697e+01 
3.604697e+01 
3.604697e+01 
3.604697e+01 
3.604697e+01 
3.604697e+01 
3.581755e+01 
3.581755e+01 
3.581755e+01 
3.581755e+01 
3.581755e+01 
3.581755e+01 
3.581755e+01 
3.581755e+01 
3.581755e+01 
3.581755e+01 
3.581755e+01 
3.228604e+01 
3.228604e+01 
3.228604e+01 
3.228604e+01 
3.228604e+01 
3.228604e+01 
3.228604e+01 
3.228604e+01 
3.228604e+01 
3.228604e+01 
3.228604e+01 
3.228604e+01 
3.228604e+01 
3.228604e+01 
3.228604e+01 
3.228604e+01 
3.228604e+01 
3.228604e+01 
3.228604e+01 
3.228604e+01 
3.228604e+01 
3.228604e+01 
3.228604e+01 
3.228604e+01 
3.228604e+01 
3.228604e+01 
3.228604e+01 
3.228604e+01 
3.228604e+01 
3.228604e+01 
3.228604e+01 
3.228604e+01 
3.228604e+01 
3.228604e+01 
3.228604e+01 
3.228604e+01 
3.228604e+01 
3.228604e+01 
3.228604e+01 
3.228604e+01 
3.228604e+01 
3.228604e+01 
3.228604e+01 
3.228604e+01 
3.228604e+01 
3.228604e+01 
3.228604e+01 
3.228604e+01 
3.228604e+01 
3.228604e+01 
3.228604e+01 
3.228604e+01 
3.228604e+01 
3.228604e+01 
3.228604e+01 
3.228604e+01 
3.228604e+01 
3.228604e+01 
3.228604e+01 
3.228604e+01 
3.228604e+01 
3.228604e+01 
3.228604e+01 
3.228604e+01 
3.228604e+01 
3.207191e+01 
3.207191e+01 
3.207191e+01 
3.207191e+01 
3.207191e+01 
3.207191e+01 
3.207191e+01 
3.207191e+01 
3.207191e+01 
3.207191e+01 
3.207191e+01 
3.207191e+01 
3.207191e+01 
3.207191e+01 
3.207191e+01 
2.988017e+01 
2.988017e+01 
2.988017e+01 
2.988017e+01 
2.988017e+01 
2.988017e+01 
2.988017e+01 
2.988017e+01 
2.988017e+01 
2.988017e+01 
2.988017e+01 
2.988017e+01 
2.988017e+01 
2.988017e+01 
2.988017e+01 
2.988017e+01 
2.988017e+01 
2.988017e+01 
2.988017e+01 
2.988017e+01 
2.988017e+01 
2.988017e+01 
2.988017e+01 
2.988017e+01 
2.988017e+01 
2.988017e+01 
2.988017e+01 
2.988017e+01 
2.988017e+01 
2.804269e+01 
2.804269e+01 
2.804269e+01 
2.804269e+01 
2.804269e+01 
2.804269e+01 
2.804269e+01 
2.804269e+01 
2.804269e+01 
2.804269e+01 
2.804269e+01 
2.804269e+01 
2.804269e+01 
2.804269e+01 
2.804269e+01 
2.804269e+01 
2.804269e+01 
2.804269e+01 
2.804269e+01 
2.804269e+01 
2.804269e+01 
2.804269e+01 
2.804269e+01 
2.804269e+01 
2.459068e+01 
2.459068e+01 
2.459068e+01 
2.459068e+01 
2.459068e+01 
2.459068e+01 
2.459068e+01 
2.459068e+01 
2.459068e+01 
2.459068e+01 
2.459068e+01 
2.459068e+01 
2.459068e+01 
2.459068e+01 
2.459068e+01 
2.459068e+01 
2.459068e+01 
2.459068e+01 
2.315127e+01 
2.315127e+01 
2.315127e+01 
2.315127e+01 
2.315127e+01 
2.315127e+01 
2.315127e+01 
2.315127e+01 
2.315127e+01 
2.315127e+01 
2.315127e+01 
2.315127e+01 
2.315127e+01 
2.315127e+01 
2.315127e+01 
2.315127e+01 
2.315127e+01 
2.315127e+01 
2.315127e+01 
2.315127e+01 
2.315127e+01 
2.315127e+01 
2.315127e+01 
2.315127e+01 
2.315127e+01 
2.315127e+01 
2.315127e+01 
2.315127e+01 
2.315127e+01 
2.315127e+01 
2.315127e+01 
2.315127e+01 
2.315127e+01 
2.315127e+01 
2.315127e+01 
2.315127e+01 
2.315127e+01 
2.315127e+01 
2.315127e+01 
2.315127e+01 
2.315127e+01 
2.315127e+01 
2.315127e+01 
2.315127e+01 
2.315127e+01 
2.315127e+01 
2.272280e+01 
2.272280e+01 
2.272280e+01 
2.272280e+01 
2.272280e+01 
2.272280e+01 
2.272280e+01 
2.272280e+01 
2.272280e+01 
2.272280e+01 
2.272280e+01 
2.272280e+01 
2.272280e+01 
2.272280e+01 
2.272280e+01 
2.272280e+01 
2.272280e+01 
2.272280e+01 
2.272280e+01 
2.272280e+01 
2.179507e+01 
2.179507e+01 
2.179507e+01 
2.179507e+01 
2.179507e+01 
2.179507e+01 
2.179507e+01 
2.179507e+01 
2.179507e+01 
2.179507e+01 
2.179507e+01 
2.179507e+01 
2.179507e+01 
2.179507e+01 
2.179507e+01 
2.055007e+01 
2.055007e+01 
2.055007e+01 
2.055007e+01 
2.055007e+01 
2.055007e+01 
2.055007e+01 
2.055007e+01 
2.055007e+01 
2.055007e+01 
2.055007e+01 
2.055007e+01 
2.017274e+01 
2.017274e+01 
2.017274e+01 
2.005461e+01 
2.005461e+01 
2.005461e+01 
2.005461e+01 
2.005461e+01 
2.005461e+01 
2.005461e+01 
2.005461e+01 
2.005461e+01 
2.005461e+01 
2.005461e+01 
2.005461e+01 
2.005461e+01 
2.005461e+01 
2.005461e+01 
2.005461e+01 
2.005461e+01 
2.005461e+01 
2.005461e+01 
2.005461e+01 
2.005461e+01 
2.005461e+01 
2.005461e+01 
2.005461e+01 
1.911082e+01 
1.911082e+01 
1.911082e+01 
1.911082e+01 
1.911082e+01 
1.911082e+01 
1.911082e+01 
1.911082e+01 
1.911082e+01 
1.911082e+01 
1.911082e+01 
1.911082e+01 
1.911082e+01 
1.911082e+01 
1.911082e+01 
1.911082e+01 
1.911082e+01 
1.911082e+01 
1.911082e+01 
1.911082e+01 
1.911082e+01 
1.911082e+01 
1.911082e+01 
1.911082e+01 
1.911082e+01 
1.911082e+01 
1.911082e+01 
1.911082e+01 
1.911082e+01 
1.911082e+01 
1.911082e+01 
1.798208e+01 
1.798208e+01 
1.798208e+01 
1.798208e+01 
1.798208e+01 
1.768793e+01 
1.768793e+01 
1.768793e+01 
1.768793e+01 
1.768793e+01 
1.768793e+01 
1.768793e+01 
1.768793e+01 
1.768793e+01 
1.768793e+01 
1.768793e+01 
1.768793e+01 
1.768793e+01 
1.768793e+01 
1.768793e+01 
1.697719e+01 
1.697719e+01 
1.697719e+01 
1.697719e+01 
1.697719e+01 
1.697719e+01 
1.697719e+01 
1.697719e+01 
1.697719e+01 
1.697719e+01 
1.697719e+01 
1.697719e+01 
1.697719e+01 
1.535803e+01 
1.535803e+01 
1.535803e+01 
1.407733e+01 
1.407733e+01 
1.407733e+01 
1.407733e+01 
1.407733e+01 
1.407733e+01 
1.407733e+01 
1.407733e+01 
1.407733e+01 
1.407733e+01 
1.407733e+01 
1.407733e+01 
1.407733e+01 
1.407733e+01 
1.407733e+01 
1.407733e+01 
1.407733e+01 
1.407733e+01 
1.407733e+01 
1.407733e+01 
1.407733e+01 
1.407733e+01 
1.407733e+01 
1.407733e+01 
1.407733e+01 
1.407733e+01 
1.407733e+01 
1.407733e+01 
1.407733e+01 
1.329094e+01 
1.329094e+01 
1.329094e+01 
1.329094e+01 
1.259525e+01 
1.259525e+01 
1.259525e+01 
1.259525e+01 
1.259525e+01 
1.259525e+01 
1.259525e+01 
1.259525e+01 
1.259525e+01 
1.259525e+01 
1.259525e+01 
1.259525e+01 
1.259525e+01 
1.259525e+01 
1.259525e+01 
1.259525e+01 
1.259525e+01 
1.259525e+01 
1.259525e+01 
1.259525e+01 
1.259525e+01 
1.259525e+01 
1.259525e+01 
1.259525e+01 
1.259525e+01 
1.259525e+01 
1.259525e+01 
1.259525e+01 
1.259525e+01 
1.252038e+01 
1.252038e+01 
1.252038e+01 
1.252038e+01 
1.252038e+01 
1.252038e+01 
1.252038e+01 
1.240773e+01 
1.240773e+01 
1.240773e+01 
1.240773e+01 
1.240773e+01 
1.240773e+01 
1.240773e+01 
1.240773e+01 
1.240773e+01 
1.240773e+01 
1.240773e+01 
1.240773e+01 
1.240773e+01 
1.240773e+01 
1.240773e+01 
1.240773e+01 
1.240773e+01 
1.240773e+01 
1.240773e+01 
1.240773e+01 
1.230498e+01 
1.212391e+01 
1.212391e+01 
1.212391e+01 
1.212391e+01 
1.199098e+01 
1.199098e+01 
1.199098e+01 
1.199098e+01 
1.199098e+01 
1.199098e+01 
1.199098e+01 
1.199098e+01 
1.186463e+01 
1.186463e+01 
1.175319e+01 
1.175319e+01 
1.175319e+01 
1.175319e+01 
1.175319e+01 
1.175319e+01 
1.175319e+01 
1.175319e+01 
1.175319e+01 
1.175319e+01 
1.175319e+01 
1.175319e+01 
1.175319e+01 
1.175319e+01 
1.175319e+01 
1.175319e+01 
8.966759e+00 
8.966759e+00 
8.966759e+00 
8.966759e+00 
8.966759e+00 
8.966759e+00 
8.966759e+00 
8.966759e+00 
8.966759e+00 
8.966759e+00 
8.966759e+00 
8.966759e+00 
8.966759e+00 
5.940837e+00 
5.940837e+00 
5.940837e+00 
5.940837e+00 
5.940837e+00 
5.940837e+00 
5.940837e+00 
5.940837e+00 
5.940837e+00 
5.940837e+00 
5.940837e+00 
5.940837e+00 
5.940837e+00 
5.940837e+00 
5.940837e+00 
5.940837e+00 
5.940837e+00 
5.940837e+00 
5.940837e+00 
5.940837e+00 
5.940837e+00 
1.495104e+00 
1.495104e+00 
1.495104e+00 
1.495104e+00 
1.495104e+00 
1.495104e+00 
1.495104e+00 
1.495104e+00 
1.495104e+00 
1.495104e+00 
1.495104e+00 
1.495104e+00 
1.495104e+00 
1.495104e+00 
1.495104e+00 
1.495104e+00 
1.495104e+00 
1.495104e+00 
1.495104e+00 
1.495104e+00 
1.495104e+00 
1.495104e+00 
1.495104e+00 
1.495104e+00 
1.495104e+00 
1.495104e+00 
1.495104e+00 
1.495104e+00 
1.495104e+00 
1.495104e+00 
1.495104e+00 
1.495104e+00 
1.495104e+00 
1.495104e+00 
1.495104e+00 
1.495104e+00 
1.495104e+00 
1.495104e+00 
1.495104e+00 
1.407849e+00 
1.407849e+00 
1.407849e+00 
1.407849e+00 
1.407849e+00 
1.407849e+00 
1.176612e+00 
1.176612e+00 
1.176612e+00 
1.176612e+00 
1.176612e+00 
1.176612e+00 
1.176612e+00 
1.176612e+00 
1.176612e+00 
1.176612e+00 
1.144105e+00 
1.144105e+00 
1.144105e+00 
1.144105e+00 
1.070901e+00 
1.070901e+00 
1.070901e+00 
1.070901e+00 
1.070901e+00 
9.417077e-01 
9.417077e-01 
9.417077e-01 
9.417077e-01 
9.417077e-01 
9.417077e-01 
9.417077e-01 
9.417077e-01 
9.417077e-01 
9.417077e-01 
9.417077e-01 
9.022349e-01 
9.022349e-01 
9.022349e-01 
9.022349e-01 
9.022349e-01 
6.471673e-01 
6.471673e-01 
6.471673e-01 
6.471673e-01 
6.471673e-01 
6.471673e-01 
6.471673e-01 
6.471673e-01 
6.471673e-01 
6.391362e-01 
6.391362e-01 
6.391362e-01 
6.391362e-01 
6.391362e-01 
6.391362e-01 
6.391362e-01 
6.391362e-01 
6.391362e-01 
6.391362e-01 
6.391362e-01 
6.247381e-01 
5.575848e-01 
5.575848e-01 
5.575848e-01 
5.575848e-01 
5.575848e-01 
5.575848e-01 
5.575848e-01 
5.575848e-01 
5.575848e-01 
5.575848e-01 
5.575848e-01 
5.575848e-01 
5.575848e-01 
5.575848e-01 
5.575848e-01 
5.575848e-01 
5.575848e-01 
5.575848e-01 
5.575848e-01 
5.575848e-01 
5.575848e-01 
5.215170e-01 
5.215170e-01 
5.215170e-01 
5.215170e-01 
5.215170e-01 
5.215170e-01 
5.215170e-01 
5.215170e-01 
5.215170e-01 
5.215170e-01 
5.215170e-01 
5.215170e-01 
5.007023e-01 
5.007023e-01 
5.007023e-01 
5.007023e-01 
5.007023e-01 
5.007023e-01 
5.007023e-01 
4.941562e-01 
4.941562e-01 
4.941562e-01 
4.941562e-01 
4.941562e-01 
4.941562e-01 
4.544526e-01 
4.544526e-01 
4.544526e-01 
4.544526e-01 
4.544526e-01 
4.544526e-01 
4.544526e-01 
4.544526e-01 
4.544526e-01 
3.656199e-01 
3.656199e-01 
3.656199e-01 
3.656199e-01 
3.656199e-01 
3.656199e-01 
3.656199e-01 
3.065222e-01 
2.773484e-01 
2.773484e-01 
2.773484e-01 
2.773484e-01 
2.773484e-01 
2.346819e-01 
2.346819e-01 
2.346819e-01 
2.346819e-01 
2.346819e-01 
2.346819e-01 
2.346819e-01 
2.346819e-01 
2.346819e-01 
2.346819e-01 
