7.378019e+02 
7.378019e+02 
7.378019e+02 
6.214712e+02 
6.214712e+02 
6.214712e+02 
4.804554e+02 
4.804554e+02 
2.719408e+02 
2.719408e+02 
2.719408e+02 
2.719408e+02 
2.704953e+02 
2.704953e+02 
2.704953e+02 
2.704953e+02 
2.704953e+02 
2.704953e+02 
2.704953e+02 
2.704953e+02 
2.552980e+02 
2.122718e+02 
1.934741e+02 
1.934741e+02 
1.934741e+02 
1.905794e+02 
1.905794e+02 
1.905794e+02 
1.905794e+02 
1.905794e+02 
1.905794e+02 
1.905794e+02 
1.905794e+02 
1.905794e+02 
1.905794e+02 
1.905794e+02 
1.905794e+02 
1.905794e+02 
1.905794e+02 
1.905794e+02 
1.905794e+02 
1.905794e+02 
1.756048e+02 
1.756048e+02 
1.756048e+02 
1.756048e+02 
1.208480e+02 
1.208480e+02 
1.208480e+02 
1.208480e+02 
1.208480e+02 
1.208480e+02 
1.208480e+02 
1.208480e+02 
1.208480e+02 
1.208480e+02 
1.208480e+02 
1.208480e+02 
1.120614e+02 
1.120614e+02 
1.120614e+02 
1.120614e+02 
1.120614e+02 
1.120614e+02 
1.120614e+02 
1.120614e+02 
1.120614e+02 
1.120614e+02 
1.120614e+02 
1.120614e+02 
1.120614e+02 
1.057307e+02 
1.057307e+02 
1.057307e+02 
1.057307e+02 
1.057307e+02 
1.057307e+02 
1.057307e+02 
1.057307e+02 
1.057307e+02 
1.057307e+02 
9.999281e+01 
9.999281e+01 
9.999281e+01 
9.903690e+01 
8.653488e+01 
8.653488e+01 
7.253874e+01 
7.253874e+01 
7.253874e+01 
7.253874e+01 
7.253874e+01 
7.253874e+01 
7.253874e+01 
7.253874e+01 
7.253874e+01 
7.253874e+01 
7.253874e+01 
7.253874e+01 
7.253874e+01 
7.253874e+01 
7.253874e+01 
7.253874e+01 
7.253874e+01 
7.253874e+01 
7.253874e+01 
7.253874e+01 
7.253874e+01 
7.253874e+01 
7.253874e+01 
7.253874e+01 
7.253874e+01 
7.253874e+01 
6.726177e+01 
6.726177e+01 
6.726177e+01 
6.726177e+01 
6.726177e+01 
6.726177e+01 
6.726177e+01 
6.726177e+01 
6.726177e+01 
6.726177e+01 
6.726177e+01 
6.726177e+01 
6.726177e+01 
6.726177e+01 
6.726177e+01 
6.726177e+01 
6.726177e+01 
6.726177e+01 
6.726177e+01 
6.726177e+01 
6.726177e+01 
6.726177e+01 
6.726177e+01 
6.726177e+01 
6.726177e+01 
6.726177e+01 
6.468189e+01 
6.468189e+01 
6.468189e+01 
6.468189e+01 
6.468189e+01 
6.468189e+01 
6.468189e+01 
6.468189e+01 
6.468189e+01 
6.468189e+01 
6.468189e+01 
6.468189e+01 
6.468189e+01 
6.468189e+01 
6.468189e+01 
6.468189e+01 
6.468189e+01 
6.468189e+01 
6.468189e+01 
6.468189e+01 
6.468189e+01 
6.468189e+01 
6.468189e+01 
6.468189e+01 
6.468189e+01 
6.468189e+01 
6.468189e+01 
6.468189e+01 
6.468189e+01 
6.468189e+01 
6.468189e+01 
6.468189e+01 
6.468189e+01 
6.468189e+01 
6.399390e+01 
6.399390e+01 
6.399390e+01 
6.399390e+01 
6.399390e+01 
6.399390e+01 
6.399390e+01 
6.399390e+01 
6.399390e+01 
6.399390e+01 
6.399390e+01 
6.399390e+01 
6.399390e+01 
6.399390e+01 
6.399390e+01 
6.399390e+01 
6.399390e+01 
6.399390e+01 
6.399390e+01 
6.399390e+01 
6.399390e+01 
6.399390e+01 
6.399390e+01 
6.399390e+01 
6.399390e+01 
6.399390e+01 
6.399390e+01 
6.399390e+01 
6.399390e+01 
6.399390e+01 
6.399390e+01 
6.399390e+01 
6.399390e+01 
6.399390e+01 
6.399390e+01 
6.399390e+01 
6.399390e+01 
6.399390e+01 
6.399390e+01 
6.399390e+01 
6.399390e+01 
6.399390e+01 
6.399390e+01 
6.399390e+01 
6.399390e+01 
6.399390e+01 
6.399390e+01 
6.399390e+01 
6.399390e+01 
6.178395e+01 
6.178395e+01 
6.178395e+01 
6.178395e+01 
6.178395e+01 
6.178395e+01 
6.178395e+01 
6.178395e+01 
6.178395e+01 
5.950250e+01 
5.950250e+01 
5.950250e+01 
5.950250e+01 
5.950250e+01 
5.950250e+01 
5.950250e+01 
5.950250e+01 
5.950250e+01 
5.950250e+01 
5.950250e+01 
5.950250e+01 
5.950250e+01 
5.950250e+01 
5.950250e+01 
5.717990e+01 
5.717990e+01 
5.717990e+01 
5.717990e+01 
5.717990e+01 
5.717990e+01 
5.717990e+01 
5.717990e+01 
5.717990e+01 
5.717990e+01 
5.717990e+01 
5.717990e+01 
5.717990e+01 
5.717990e+01 
5.717990e+01 
5.717990e+01 
5.717990e+01 
5.717990e+01 
5.717990e+01 
5.654377e+01 
5.654377e+01 
5.654377e+01 
5.654377e+01 
5.654377e+01 
5.654377e+01 
5.654377e+01 
5.218632e+01 
5.218632e+01 
5.218632e+01 
5.218632e+01 
5.218632e+01 
5.218632e+01 
5.218632e+01 
5.218632e+01 
5.218632e+01 
5.218632e+01 
5.218632e+01 
5.218632e+01 
5.218632e+01 
5.218632e+01 
5.218632e+01 
5.218632e+01 
5.218632e+01 
5.218632e+01 
5.218632e+01 
5.218632e+01 
4.885883e+01 
4.885883e+01 
4.885883e+01 
4.885883e+01 
4.885883e+01 
4.885883e+01 
4.885883e+01 
4.885883e+01 
4.885883e+01 
4.885883e+01 
4.885883e+01 
4.885883e+01 
4.885883e+01 
4.885883e+01 
4.885883e+01 
4.885883e+01 
4.885883e+01 
4.885883e+01 
4.885883e+01 
4.885883e+01 
4.885883e+01 
4.885883e+01 
4.885883e+01 
4.885883e+01 
4.885883e+01 
4.885883e+01 
4.885883e+01 
4.885883e+01 
4.885883e+01 
4.885883e+01 
4.885883e+01 
4.885883e+01 
4.885883e+01 
4.885883e+01 
4.885883e+01 
4.885883e+01 
4.885883e+01 
4.885883e+01 
4.885883e+01 
4.885883e+01 
4.885883e+01 
4.885883e+01 
4.885883e+01 
4.885883e+01 
4.885883e+01 
4.885883e+01 
4.658926e+01 
4.658926e+01 
4.658926e+01 
4.658926e+01 
4.658926e+01 
4.658926e+01 
4.658926e+01 
4.658926e+01 
4.658926e+01 
4.658926e+01 
4.658926e+01 
4.658926e+01 
4.658926e+01 
4.658926e+01 
4.658926e+01 
4.658926e+01 
4.658926e+01 
4.594617e+01 
4.594617e+01 
4.594617e+01 
4.594617e+01 
4.594617e+01 
4.594617e+01 
4.594617e+01 
4.594617e+01 
4.594617e+01 
4.594617e+01 
4.594617e+01 
4.594617e+01 
4.594617e+01 
4.594617e+01 
4.594617e+01 
4.594617e+01 
4.594617e+01 
4.594617e+01 
4.594617e+01 
4.594617e+01 
4.594617e+01 
4.594617e+01 
4.594617e+01 
4.594617e+01 
4.594617e+01 
4.594617e+01 
4.594617e+01 
4.594617e+01 
4.594617e+01 
4.594617e+01 
4.594617e+01 
4.594617e+01 
4.594617e+01 
4.594617e+01 
4.594617e+01 
4.594617e+01 
4.594617e+01 
4.594617e+01 
4.594617e+01 
4.594617e+01 
4.594617e+01 
4.594617e+01 
4.594617e+01 
4.594617e+01 
4.594617e+01 
4.594617e+01 
4.594617e+01 
4.594617e+01 
4.594617e+01 
4.594617e+01 
4.594617e+01 
4.594617e+01 
4.594617e+01 
4.594617e+01 
4.594617e+01 
4.594617e+01 
4.594617e+01 
4.594617e+01 
4.594617e+01 
4.594617e+01 
4.132897e+01 
4.132897e+01 
4.132897e+01 
4.132897e+01 
4.132897e+01 
4.132897e+01 
4.132897e+01 
4.132897e+01 
4.132897e+01 
4.132897e+01 
4.132897e+01 
4.132897e+01 
4.132897e+01 
4.132897e+01 
4.132897e+01 
4.132897e+01 
4.132897e+01 
4.132897e+01 
4.132897e+01 
4.132897e+01 
4.132897e+01 
3.671068e+01 
3.671068e+01 
3.671068e+01 
3.671068e+01 
3.671068e+01 
3.671068e+01 
3.671068e+01 
3.671068e+01 
3.671068e+01 
3.671068e+01 
3.671068e+01 
3.671068e+01 
3.671068e+01 
3.006958e+01 
3.006958e+01 
3.006958e+01 
3.006958e+01 
3.006958e+01 
3.006958e+01 
3.006958e+01 
3.006958e+01 
3.006958e+01 
3.006958e+01 
3.006958e+01 
3.006958e+01 
3.006958e+01 
3.006958e+01 
3.006958e+01 
3.006958e+01 
3.006958e+01 
3.006958e+01 
3.006958e+01 
3.006958e+01 
3.006958e+01 
3.006958e+01 
3.006958e+01 
3.006958e+01 
3.006958e+01 
3.006958e+01 
3.006958e+01 
3.006958e+01 
3.006958e+01 
2.743681e+01 
2.743681e+01 
2.743681e+01 
2.743681e+01 
2.743681e+01 
2.743681e+01 
2.743681e+01 
2.743681e+01 
2.743681e+01 
2.743681e+01 
2.743681e+01 
2.743681e+01 
2.743681e+01 
2.743681e+01 
2.743681e+01 
2.743681e+01 
2.743681e+01 
2.743681e+01 
2.743681e+01 
2.743681e+01 
2.743681e+01 
2.743681e+01 
2.743681e+01 
2.743681e+01 
2.743681e+01 
2.743681e+01 
2.743681e+01 
2.743681e+01 
2.683784e+01 
2.683784e+01 
2.683784e+01 
2.683784e+01 
2.683784e+01 
2.683784e+01 
2.683784e+01 
2.683784e+01 
2.683784e+01 
2.683784e+01 
2.683784e+01 
2.683784e+01 
2.683784e+01 
2.683784e+01 
2.683784e+01 
2.683784e+01 
2.683784e+01 
2.683784e+01 
2.683784e+01 
2.683784e+01 
2.683784e+01 
2.683784e+01 
2.683784e+01 
2.683784e+01 
2.683784e+01 
2.683784e+01 
2.683784e+01 
2.683784e+01 
2.683784e+01 
2.683784e+01 
2.683784e+01 
2.683784e+01 
2.683784e+01 
2.683784e+01 
2.683784e+01 
2.683784e+01 
2.683784e+01 
2.683784e+01 
2.683784e+01 
2.683784e+01 
2.683784e+01 
2.683784e+01 
2.683784e+01 
2.683784e+01 
2.683784e+01 
2.683784e+01 
2.683784e+01 
2.683784e+01 
2.683784e+01 
2.683784e+01 
2.683784e+01 
2.683784e+01 
2.683784e+01 
2.683784e+01 
2.683784e+01 
2.683784e+01 
2.683784e+01 
2.683784e+01 
2.683784e+01 
2.683784e+01 
2.683784e+01 
2.683784e+01 
2.683784e+01 
2.683784e+01 
2.683784e+01 
2.683784e+01 
2.683784e+01 
2.683784e+01 
2.683784e+01 
2.683784e+01 
2.683784e+01 
2.683784e+01 
2.683784e+01 
2.683784e+01 
2.683784e+01 
2.683784e+01 
2.683784e+01 
2.683784e+01 
2.013286e+01 
2.013286e+01 
2.013286e+01 
2.013286e+01 
2.013286e+01 
2.013286e+01 
2.013286e+01 
2.013286e+01 
2.013286e+01 
2.013286e+01 
2.013286e+01 
2.013286e+01 
2.013286e+01 
2.013286e+01 
2.013286e+01 
2.013286e+01 
2.013286e+01 
2.013286e+01 
2.013286e+01 
2.013286e+01 
2.013286e+01 
2.013286e+01 
2.013286e+01 
2.013286e+01 
2.013286e+01 
2.013286e+01 
2.013286e+01 
2.013286e+01 
2.013286e+01 
2.013286e+01 
2.013286e+01 
2.013286e+01 
2.013286e+01 
2.013286e+01 
2.013286e+01 
2.013286e+01 
2.013286e+01 
2.013286e+01 
2.013286e+01 
1.960446e+01 
1.960446e+01 
1.960446e+01 
1.960446e+01 
1.960446e+01 
1.960446e+01 
1.960446e+01 
1.960446e+01 
1.960446e+01 
1.960446e+01 
1.960446e+01 
1.960446e+01 
1.960446e+01 
1.960446e+01 
1.960446e+01 
1.960446e+01 
1.960446e+01 
1.960446e+01 
1.960446e+01 
1.960446e+01 
1.960446e+01 
1.960446e+01 
1.960446e+01 
1.960446e+01 
1.960446e+01 
1.960446e+01 
1.960446e+01 
1.960446e+01 
1.960446e+01 
1.960446e+01 
1.960446e+01 
1.960446e+01 
1.960446e+01 
1.960446e+01 
1.960446e+01 
1.960446e+01 
1.960446e+01 
1.960446e+01 
1.960446e+01 
1.960446e+01 
1.960446e+01 
1.960446e+01 
1.960446e+01 
1.960446e+01 
1.960446e+01 
1.960446e+01 
1.960446e+01 
1.960446e+01 
1.960446e+01 
1.960446e+01 
1.960446e+01 
1.960446e+01 
1.960446e+01 
1.960446e+01 
1.960446e+01 
1.960446e+01 
1.960446e+01 
1.960446e+01 
1.960446e+01 
1.960446e+01 
1.960446e+01 
1.960446e+01 
1.960446e+01 
1.960446e+01 
1.960446e+01 
1.960446e+01 
1.960446e+01 
1.960446e+01 
1.960446e+01 
1.960446e+01 
1.960446e+01 
1.960446e+01 
1.960446e+01 
1.960446e+01 
1.960446e+01 
1.960446e+01 
1.960446e+01 
1.960446e+01 
1.869363e+01 
1.869363e+01 
1.869363e+01 
1.646681e+01 
1.646681e+01 
1.646681e+01 
1.646681e+01 
1.646681e+01 
1.646681e+01 
1.590146e+01 
1.590146e+01 
1.590146e+01 
1.590146e+01 
1.590146e+01 
1.556064e+01 
1.556064e+01 
1.556064e+01 
1.556064e+01 
1.556064e+01 
1.556064e+01 
1.556064e+01 
1.556064e+01 
1.556064e+01 
1.556064e+01 
1.556064e+01 
1.556064e+01 
1.556064e+01 
1.556064e+01 
1.556064e+01 
1.556064e+01 
1.556064e+01 
1.556064e+01 
1.556064e+01 
1.556064e+01 
1.556064e+01 
1.556064e+01 
1.556064e+01 
1.556064e+01 
1.556064e+01 
1.556064e+01 
1.556064e+01 
1.556064e+01 
1.556064e+01 
1.556064e+01 
1.556064e+01 
1.556064e+01 
1.556064e+01 
1.556064e+01 
1.556064e+01 
1.556064e+01 
1.556064e+01 
1.556064e+01 
1.556064e+01 
1.556064e+01 
1.556064e+01 
1.556064e+01 
1.556064e+01 
1.412851e+01 
1.412851e+01 
1.412851e+01 
1.412851e+01 
1.412851e+01 
1.412851e+01 
1.412851e+01 
1.412851e+01 
1.412851e+01 
1.412851e+01 
1.361633e+01 
1.361633e+01 
1.361633e+01 
1.361633e+01 
1.361633e+01 
1.361633e+01 
1.361633e+01 
1.361633e+01 
1.361633e+01 
1.361633e+01 
1.361633e+01 
1.361633e+01 
1.361633e+01 
1.361633e+01 
1.361633e+01 
1.361633e+01 
1.361633e+01 
1.361633e+01 
1.361633e+01 
1.361633e+01 
1.361633e+01 
1.361633e+01 
1.361633e+01 
1.361633e+01 
1.361633e+01 
1.361633e+01 
1.361633e+01 
1.361633e+01 
1.361633e+01 
1.361633e+01 
1.361633e+01 
1.361633e+01 
1.361633e+01 
1.361633e+01 
1.361633e+01 
1.361633e+01 
1.361633e+01 
1.361633e+01 
1.361633e+01 
1.361633e+01 
1.361633e+01 
1.361633e+01 
1.361633e+01 
1.361633e+01 
1.361633e+01 
1.361633e+01 
1.361633e+01 
1.361633e+01 
1.361633e+01 
1.361633e+01 
1.361633e+01 
1.361633e+01 
1.361633e+01 
1.361633e+01 
1.361633e+01 
1.361633e+01 
1.361633e+01 
1.361633e+01 
1.361633e+01 
1.361633e+01 
1.361633e+01 
1.361633e+01 
1.361633e+01 
1.361633e+01 
1.361633e+01 
1.361633e+01 
1.361633e+01 
1.361633e+01 
1.361633e+01 
1.355113e+01 
1.355113e+01 
1.355113e+01 
1.355113e+01 
1.355113e+01 
1.355113e+01 
1.355113e+01 
1.355113e+01 
1.355113e+01 
1.355113e+01 
1.332555e+01 
1.332555e+01 
1.332555e+01 
1.332555e+01 
1.332555e+01 
1.332555e+01 
1.332555e+01 
1.332555e+01 
1.332555e+01 
1.332555e+01 
1.332555e+01 
1.284712e+01 
1.284712e+01 
1.284712e+01 
1.284712e+01 
1.284712e+01 
1.284712e+01 
1.247579e+01 
1.247579e+01 
1.247579e+01 
1.247579e+01 
1.247579e+01 
1.247579e+01 
1.247579e+01 
1.247579e+01 
1.247579e+01 
1.247579e+01 
1.247579e+01 
1.247579e+01 
1.247579e+01 
1.237991e+01 
1.237991e+01 
1.237991e+01 
1.237991e+01 
1.237991e+01 
1.237991e+01 
1.237991e+01 
1.237991e+01 
1.237991e+01 
1.237991e+01 
1.237991e+01 
1.237991e+01 
1.237991e+01 
1.237991e+01 
1.237991e+01 
1.237991e+01 
1.237991e+01 
1.237991e+01 
1.237991e+01 
1.237991e+01 
1.237991e+01 
1.237991e+01 
1.237991e+01 
1.237991e+01 
1.237991e+01 
1.237991e+01 
1.237991e+01 
1.237991e+01 
1.237991e+01 
1.237991e+01 
1.237991e+01 
1.237991e+01 
1.237991e+01 
1.237991e+01 
1.237991e+01 
1.237991e+01 
1.237991e+01 
1.237991e+01 
1.237991e+01 
1.237991e+01 
1.237991e+01 
1.237991e+01 
1.237991e+01 
1.237991e+01 
1.237991e+01 
1.237991e+01 
1.237991e+01 
1.237991e+01 
1.237991e+01 
1.237991e+01 
1.237991e+01 
1.237991e+01 
1.237991e+01 
1.237991e+01 
1.237991e+01 
1.104338e+01 
1.104338e+01 
1.104338e+01 
1.104338e+01 
1.104338e+01 
1.104338e+01 
1.104338e+01 
1.104338e+01 
1.104338e+01 
1.104338e+01 
1.104338e+01 
1.104338e+01 
1.104338e+01 
1.008060e+01 
1.008060e+01 
1.008060e+01 
1.008060e+01 
1.008060e+01 
1.008060e+01 
9.899597e+00 
9.899597e+00 
9.899597e+00 
9.899597e+00 
9.899597e+00 
9.394881e+00 
9.394881e+00 
9.394881e+00 
9.394881e+00 
9.394881e+00 
9.394881e+00 
9.394881e+00 
9.394881e+00 
9.394881e+00 
9.394881e+00 
9.394881e+00 
9.394881e+00 
9.394881e+00 
9.394881e+00 
9.394881e+00 
9.394881e+00 
9.394881e+00 
9.394881e+00 
9.394881e+00 
9.394881e+00 
9.394881e+00 
9.394881e+00 
9.394881e+00 
9.394881e+00 
9.394881e+00 
8.478847e+00 
8.478847e+00 
8.478847e+00 
8.478847e+00 
8.478847e+00 
8.478847e+00 
8.478847e+00 
8.478847e+00 
8.478847e+00 
8.478847e+00 
8.478847e+00 
8.478847e+00 
8.478847e+00 
8.478847e+00 
8.478847e+00 
8.478847e+00 
8.478847e+00 
8.478847e+00 
8.478847e+00 
8.478847e+00 
8.478847e+00 
8.478847e+00 
8.478847e+00 
8.478847e+00 
8.478847e+00 
8.478847e+00 
8.478847e+00 
8.478847e+00 
8.478847e+00 
8.478847e+00 
8.478847e+00 
8.478847e+00 
8.478847e+00 
8.478847e+00 
8.478847e+00 
8.478847e+00 
8.478847e+00 
8.478847e+00 
8.478847e+00 
8.478847e+00 
8.478847e+00 
8.478847e+00 
8.478847e+00 
8.478847e+00 
8.478847e+00 
8.478847e+00 
8.478847e+00 
8.478847e+00 
8.478847e+00 
8.478847e+00 
8.478847e+00 
7.873452e+00 
7.873452e+00 
7.873452e+00 
7.873452e+00 
7.873452e+00 
7.873452e+00 
7.873452e+00 
7.873452e+00 
7.873452e+00 
7.873452e+00 
7.873452e+00 
7.873452e+00 
7.873452e+00 
7.873452e+00 
7.873452e+00 
7.873452e+00 
7.873452e+00 
7.873452e+00 
7.873452e+00 
7.873452e+00 
7.873452e+00 
7.873452e+00 
7.873452e+00 
7.873452e+00 
7.873452e+00 
7.873452e+00 
7.873452e+00 
7.873452e+00 
7.873452e+00 
7.873452e+00 
7.873452e+00 
7.873452e+00 
7.873452e+00 
7.873452e+00 
7.873452e+00 
7.873452e+00 
7.873452e+00 
7.873452e+00 
7.873452e+00 
7.873452e+00 
7.873452e+00 
7.873452e+00 
7.873452e+00 
7.873452e+00 
7.873452e+00 
7.873452e+00 
7.873452e+00 
7.873452e+00 
7.873452e+00 
7.873452e+00 
7.873452e+00 
7.873452e+00 
7.873452e+00 
7.873452e+00 
7.873452e+00 
7.350427e+00 
7.350427e+00 
7.350427e+00 
7.350427e+00 
7.350427e+00 
7.350427e+00 
7.350427e+00 
7.350427e+00 
7.350427e+00 
7.350427e+00 
7.350427e+00 
7.350427e+00 
7.350427e+00 
7.350427e+00 
7.350427e+00 
7.350427e+00 
7.350427e+00 
7.350427e+00 
7.350427e+00 
7.350427e+00 
7.350427e+00 
7.350427e+00 
7.350427e+00 
7.350427e+00 
7.350427e+00 
7.350427e+00 
7.350427e+00 
7.350427e+00 
7.350427e+00 
7.350427e+00 
7.350427e+00 
7.350427e+00 
7.350427e+00 
7.350427e+00 
7.350427e+00 
6.934078e+00 
6.934078e+00 
6.934078e+00 
6.934078e+00 
6.934078e+00 
6.934078e+00 
6.934078e+00 
6.934078e+00 
6.934078e+00 
6.934078e+00 
6.934078e+00 
6.934078e+00 
5.790610e+00 
5.790610e+00 
5.790610e+00 
5.790610e+00 
5.790610e+00 
5.790610e+00 
5.790610e+00 
5.790610e+00 
5.790610e+00 
5.790610e+00 
5.790610e+00 
4.534538e+00 
4.534538e+00 
4.534538e+00 
4.534538e+00 
4.534538e+00 
4.534538e+00 
4.534538e+00 
4.534538e+00 
4.534538e+00 
4.534538e+00 
4.534538e+00 
4.534538e+00 
4.534538e+00 
4.534538e+00 
4.534538e+00 
4.242406e+00 
4.242406e+00 
4.242406e+00 
4.242406e+00 
4.242406e+00 
4.242406e+00 
4.242406e+00 
4.242406e+00 
4.242406e+00 
4.242406e+00 
4.242406e+00 
4.242406e+00 
4.242406e+00 
4.242406e+00 
4.242406e+00 
4.242406e+00 
4.242406e+00 
4.242406e+00 
4.242406e+00 
4.242406e+00 
4.242406e+00 
4.242406e+00 
4.242406e+00 
4.242406e+00 
4.242406e+00 
4.242406e+00 
4.242406e+00 
4.242406e+00 
4.242406e+00 
4.242406e+00 
4.242406e+00 
3.058094e+00 
3.058094e+00 
3.058094e+00 
3.058094e+00 
3.058094e+00 
3.058094e+00 
3.058094e+00 
3.058094e+00 
3.058094e+00 
3.058094e+00 
3.058094e+00 
3.058094e+00 
3.058094e+00 
3.058094e+00 
3.058094e+00 
3.058094e+00 
3.058094e+00 
3.058094e+00 
3.058094e+00 
3.058094e+00 
3.058094e+00 
3.058094e+00 
3.058094e+00 
3.058094e+00 
3.058094e+00 
3.058094e+00 
3.058094e+00 
3.058094e+00 
3.058094e+00 
3.058094e+00 
3.058094e+00 
3.058094e+00 
3.058094e+00 
3.058094e+00 
3.058094e+00 
3.058094e+00 
3.058094e+00 
3.058094e+00 
3.058094e+00 
3.058094e+00 
3.058094e+00 
3.058094e+00 
3.058094e+00 
3.058094e+00 
3.058094e+00 
3.058094e+00 
3.058094e+00 
3.058094e+00 
3.058094e+00 
3.058094e+00 
3.058094e+00 
3.058094e+00 
3.058094e+00 
3.058094e+00 
3.058094e+00 
3.058094e+00 
3.058094e+00 
3.058094e+00 
3.058094e+00 
3.058094e+00 
3.058094e+00 
3.058094e+00 
3.058094e+00 
3.058094e+00 
3.058094e+00 
3.058094e+00 
3.058094e+00 
3.058094e+00 
3.058094e+00 
3.058094e+00 
3.058094e+00 
3.058094e+00 
3.058094e+00 
3.058094e+00 
2.873177e+00 
2.455746e+00 
2.455746e+00 
2.455746e+00 
2.455746e+00 
2.455746e+00 
2.455746e+00 
2.455746e+00 
2.455746e+00 
2.455746e+00 
2.455746e+00 
2.455746e+00 
2.455746e+00 
2.455746e+00 
2.455746e+00 
2.455746e+00 
2.455746e+00 
2.455746e+00 
2.455746e+00 
2.455746e+00 
2.455746e+00 
2.455746e+00 
2.455746e+00 
2.455746e+00 
2.455746e+00 
2.455746e+00 
2.312246e+00 
2.312246e+00 
2.312246e+00 
2.312246e+00 
2.312246e+00 
2.312246e+00 
2.312246e+00 
2.312246e+00 
2.312246e+00 
2.312246e+00 
2.312246e+00 
2.312246e+00 
2.312246e+00 
2.312246e+00 
2.312246e+00 
2.312246e+00 
2.312246e+00 
2.312246e+00 
2.312246e+00 
2.312246e+00 
2.312246e+00 
2.312246e+00 
2.312246e+00 
2.312246e+00 
2.312246e+00 
2.312246e+00 
1.909448e+00 
1.909448e+00 
1.909448e+00 
1.909448e+00 
1.909448e+00 
1.909448e+00 
1.909448e+00 
1.594392e+00 
1.594392e+00 
1.594392e+00 
1.594392e+00 
1.594392e+00 
1.594392e+00 
1.594392e+00 
1.594392e+00 
1.594392e+00 
1.594392e+00 
1.594392e+00 
1.594392e+00 
1.594392e+00 
1.594392e+00 
1.594392e+00 
1.594392e+00 
1.594392e+00 
1.330249e+00 
1.330249e+00 
1.330249e+00 
1.330249e+00 
1.330249e+00 
1.330249e+00 
1.330249e+00 
1.330249e+00 
1.330249e+00 
1.330249e+00 
1.330249e+00 
1.330249e+00 
1.330249e+00 
1.330249e+00 
1.330249e+00 
1.330249e+00 
1.330249e+00 
1.330249e+00 
1.330249e+00 
1.330249e+00 
1.330249e+00 
1.330249e+00 
1.330249e+00 
1.330249e+00 
1.330249e+00 
1.330249e+00 
1.330249e+00 
1.330249e+00 
1.330249e+00 
1.330249e+00 
1.330249e+00 
1.330249e+00 
1.330249e+00 
1.330249e+00 
1.330249e+00 
1.330249e+00 
1.330249e+00 
1.330249e+00 
1.330249e+00 
1.330249e+00 
1.330249e+00 
1.330249e+00 
1.316882e+00 
1.316882e+00 
1.316882e+00 
1.316882e+00 
1.316882e+00 
1.316882e+00 
1.316882e+00 
1.316882e+00 
1.316882e+00 
1.316882e+00 
1.316882e+00 
1.316882e+00 
1.316882e+00 
1.316882e+00 
1.316882e+00 
1.213087e+00 
1.213087e+00 
1.213087e+00 
1.213087e+00 
1.213087e+00 
1.213087e+00 
1.213087e+00 
1.213087e+00 
1.213087e+00 
1.213087e+00 
1.213087e+00 
1.213087e+00 
1.213087e+00 
1.165453e+00 
1.165453e+00 
1.034687e+00 
1.034687e+00 
1.034687e+00 
1.034687e+00 
1.034687e+00 
1.034687e+00 
1.005756e+00 
1.005756e+00 
1.005756e+00 
1.005756e+00 
9.118640e-01 
9.118640e-01 
9.118640e-01 
9.118640e-01 
9.118640e-01 
9.118640e-01 
9.118640e-01 
9.118640e-01 
9.118640e-01 
9.111545e-01 
9.111545e-01 
8.471111e-01 
8.471111e-01 
8.471111e-01 
8.471111e-01 
8.471111e-01 
8.471111e-01 
8.471111e-01 
8.471111e-01 
7.596111e-01 
7.596111e-01 
7.596111e-01 
7.596111e-01 
7.596111e-01 
7.596111e-01 
7.596111e-01 
7.596111e-01 
7.553639e-01 
7.553639e-01 
7.553639e-01 
7.553639e-01 
7.058277e-01 
7.058277e-01 
7.058277e-01 
7.058277e-01 
7.058277e-01 
7.058277e-01 
7.058277e-01 
7.058277e-01 
7.058277e-01 
7.058277e-01 
7.058277e-01 
7.058277e-01 
7.058277e-01 
7.058277e-01 
7.058277e-01 
7.058277e-01 
7.058277e-01 
7.058277e-01 
7.058277e-01 
7.058277e-01 
7.058277e-01 
7.058277e-01 
7.058277e-01 
7.058277e-01 
7.058277e-01 
7.058277e-01 
7.058277e-01 
7.058277e-01 
7.058277e-01 
7.058277e-01 
7.058277e-01 
7.058277e-01 
4.459099e-01 
4.459099e-01 
4.459099e-01 
4.459099e-01 
4.459099e-01 
4.459099e-01 
4.459099e-01 
4.459099e-01 
4.459099e-01 
4.435877e-01 
4.435877e-01 
4.435877e-01 
4.435877e-01 
4.435877e-01 
4.343428e-01 
4.343428e-01 
4.343428e-01 
4.343428e-01 
4.343428e-01 
4.343428e-01 
4.343428e-01 
4.343428e-01 
4.343428e-01 
4.196165e-01 
4.196165e-01 
4.196165e-01 
4.196165e-01 
4.196165e-01 
4.196165e-01 
4.196165e-01 
4.196165e-01 
4.196165e-01 
4.196165e-01 
3.983658e-01 
3.983658e-01 
3.904310e-01 
3.904310e-01 
3.904310e-01 
3.849599e-01 
3.025691e-01 
3.025691e-01 
3.025691e-01 
3.025691e-01 
3.025691e-01 
3.025691e-01 
3.025691e-01 
2.948504e-01 
2.948504e-01 
2.948504e-01 
2.948504e-01 
2.898157e-01 
2.898157e-01 
2.898157e-01 
2.898157e-01 
2.898157e-01 
2.151331e-01 
2.151331e-01 
2.151331e-01 
1.310543e-01 
1.310543e-01 
1.310543e-01 
1.310543e-01 
1.310543e-01 
1.310543e-01 
1.310543e-01 
1.310543e-01 
1.310543e-01 
1.310543e-01 
1.310543e-01 
1.310543e-01 
1.310543e-01 
1.310543e-01 
1.310543e-01 
1.310543e-01 
1.310543e-01 
8.855501e-02 
8.855501e-02 
8.855501e-02 
8.855501e-02 
8.855501e-02 
8.855501e-02 
8.855501e-02 
8.855501e-02 
8.855501e-02 
8.855501e-02 
8.855501e-02 
8.855501e-02 
8.855501e-02 
8.855501e-02 
8.855501e-02 
8.855501e-02 
8.855501e-02 
8.855501e-02 
8.855501e-02 
8.603140e-02 
8.603140e-02 
8.603140e-02 
8.603140e-02 
6.821741e-02 
6.821741e-02 
6.821741e-02 
6.821741e-02 
6.821741e-02 
6.821741e-02 
6.821741e-02 
5.712494e-02 
5.712494e-02 
5.712494e-02 
5.712494e-02 
4.885410e-02 
4.885410e-02 
4.885410e-02 
4.885410e-02 
4.885410e-02 
4.885410e-02 
4.885410e-02 
4.885410e-02 
4.885410e-02 
4.885410e-02 
4.885410e-02 
4.885410e-02 
4.885410e-02 
4.885410e-02 
4.885410e-02 
4.885410e-02 
4.885410e-02 
4.885410e-02 
4.885410e-02 
4.885410e-02 
4.885410e-02 
4.885410e-02 
4.885410e-02 
4.885410e-02 
4.885410e-02 
4.885410e-02 
4.885410e-02 
4.885410e-02 
4.885410e-02 
4.885410e-02 
4.885410e-02 
4.885410e-02 
4.885410e-02 
4.885410e-02 
4.885410e-02 
4.885410e-02 
4.885410e-02 
4.885410e-02 
4.885410e-02 
4.388974e-02 
4.388974e-02 
4.388974e-02 
4.388974e-02 
4.388974e-02 
4.388974e-02 
4.388974e-02 
4.388974e-02 
4.388974e-02 
4.388974e-02 
4.388974e-02 
4.388974e-02 
4.388974e-02 
4.388974e-02 
4.388974e-02 
4.388974e-02 
4.388974e-02 
4.388974e-02 
4.388974e-02 
4.388974e-02 
4.388974e-02 
4.388974e-02 
4.388974e-02 
4.388974e-02 
4.335746e-02 
4.335746e-02 
4.335746e-02 
4.335746e-02 
4.335746e-02 
4.335746e-02 
4.335746e-02 
4.335746e-02 
4.335746e-02 
