9.890617e-226 
1.026743e-221 
3.610038e-224 
3.053587e-226 
7.606864e-228 
6.390463e-231 
1.092915e-224 
5.282076e-225 
2.515427e-228 
7.982033e-228 
2.455020e-228 
5.389339e-224 
1.490559e-228 
5.732428e-228 
4.868593e-229 
4.793827e-225 
8.845868e-231 
5.894859e-221 
3.227450e-224 
9.710035e-231 
6.600207e-228 
1.658934e-223 
2.363801e-226 
2.819727e-227 
2.597983e-229 
2.736757e-231 
2.725829e-227 
6.910820e-227 
6.601303e-224 
3.315065e-230 
average=2.319763e-222 
std=0 
best=2.736757e-231 
