4.584790e+02 
4.584790e+02 
4.467722e+02 
4.203816e+02 
4.203816e+02 
4.203816e+02 
4.203816e+02 
2.967710e+02 
2.967710e+02 
2.475762e+02 
2.475762e+02 
2.475762e+02 
2.199096e+02 
2.199096e+02 
1.984798e+02 
1.984798e+02 
1.703035e+02 
1.703035e+02 
1.703035e+02 
1.703035e+02 
1.703035e+02 
1.703035e+02 
1.703035e+02 
1.536729e+02 
1.536729e+02 
1.248724e+02 
1.248724e+02 
1.248724e+02 
1.248724e+02 
1.248724e+02 
1.248724e+02 
1.248724e+02 
1.248724e+02 
1.248724e+02 
1.248724e+02 
1.248724e+02 
1.248724e+02 
1.248724e+02 
1.190855e+02 
1.190855e+02 
1.190855e+02 
1.190855e+02 
1.190855e+02 
1.190855e+02 
1.190855e+02 
1.190855e+02 
1.086383e+02 
1.086383e+02 
1.086383e+02 
1.086383e+02 
1.086383e+02 
1.086383e+02 
1.086383e+02 
1.086383e+02 
1.086383e+02 
1.086383e+02 
1.086383e+02 
1.086383e+02 
1.086383e+02 
1.086383e+02 
1.086383e+02 
1.086383e+02 
1.086383e+02 
1.086383e+02 
1.086383e+02 
1.086383e+02 
1.086383e+02 
1.086383e+02 
1.086383e+02 
1.086383e+02 
1.086383e+02 
1.086383e+02 
1.086383e+02 
1.086383e+02 
1.086383e+02 
1.086383e+02 
1.086383e+02 
1.086383e+02 
1.086383e+02 
1.086383e+02 
1.086383e+02 
1.086383e+02 
1.086383e+02 
1.086383e+02 
1.086383e+02 
1.086383e+02 
1.086383e+02 
1.086383e+02 
1.086383e+02 
1.086383e+02 
1.086383e+02 
1.086383e+02 
1.086383e+02 
1.086383e+02 
1.086383e+02 
1.086383e+02 
1.086383e+02 
1.086383e+02 
1.086383e+02 
1.086383e+02 
1.086383e+02 
1.086383e+02 
9.230606e+01 
9.230606e+01 
9.230606e+01 
9.230606e+01 
9.230606e+01 
9.230606e+01 
9.230606e+01 
9.230606e+01 
9.230606e+01 
9.230606e+01 
8.921941e+01 
8.921941e+01 
8.921941e+01 
8.921941e+01 
8.921941e+01 
8.921941e+01 
8.921941e+01 
8.921941e+01 
8.921941e+01 
8.921941e+01 
8.921941e+01 
8.921941e+01 
8.921941e+01 
8.921941e+01 
8.921941e+01 
8.921941e+01 
8.921941e+01 
8.921941e+01 
8.921941e+01 
8.921941e+01 
8.921941e+01 
8.921941e+01 
8.921941e+01 
8.921941e+01 
8.921941e+01 
8.921941e+01 
8.921941e+01 
8.921941e+01 
8.921941e+01 
8.921941e+01 
8.921941e+01 
8.921941e+01 
8.921941e+01 
8.921941e+01 
8.921941e+01 
8.921941e+01 
8.921941e+01 
8.921941e+01 
8.921941e+01 
6.482764e+01 
6.482764e+01 
6.482764e+01 
6.482764e+01 
6.482764e+01 
6.482764e+01 
6.482764e+01 
6.482764e+01 
6.482764e+01 
6.482764e+01 
6.254033e+01 
6.254033e+01 
6.254033e+01 
6.254033e+01 
6.254033e+01 
6.254033e+01 
6.254033e+01 
6.254033e+01 
6.254033e+01 
6.254033e+01 
6.254033e+01 
6.254033e+01 
6.254033e+01 
6.254033e+01 
6.254033e+01 
6.254033e+01 
6.254033e+01 
6.254033e+01 
6.254033e+01 
6.254033e+01 
6.254033e+01 
6.254033e+01 
6.254033e+01 
6.254033e+01 
6.254033e+01 
6.254033e+01 
6.254033e+01 
6.254033e+01 
6.254033e+01 
6.254033e+01 
6.254033e+01 
6.254033e+01 
6.254033e+01 
6.254033e+01 
6.254033e+01 
6.254033e+01 
6.254033e+01 
6.254033e+01 
6.254033e+01 
6.254033e+01 
6.254033e+01 
6.254033e+01 
6.254033e+01 
6.254033e+01 
6.254033e+01 
6.254033e+01 
6.254033e+01 
6.254033e+01 
6.254033e+01 
6.254033e+01 
6.254033e+01 
6.254033e+01 
6.254033e+01 
6.254033e+01 
6.254033e+01 
6.254033e+01 
6.254033e+01 
6.254033e+01 
6.254033e+01 
6.254033e+01 
6.254033e+01 
6.254033e+01 
6.254033e+01 
6.254033e+01 
6.254033e+01 
6.254033e+01 
6.254033e+01 
6.254033e+01 
6.254033e+01 
6.254033e+01 
6.254033e+01 
6.254033e+01 
6.254033e+01 
6.254033e+01 
6.254033e+01 
6.254033e+01 
6.254033e+01 
6.254033e+01 
6.254033e+01 
6.254033e+01 
6.254033e+01 
6.254033e+01 
6.254033e+01 
6.254033e+01 
6.254033e+01 
6.254033e+01 
6.254033e+01 
6.254033e+01 
6.254033e+01 
6.254033e+01 
6.254033e+01 
6.254033e+01 
6.254033e+01 
6.254033e+01 
6.254033e+01 
6.254033e+01 
6.254033e+01 
6.254033e+01 
6.254033e+01 
6.254033e+01 
6.254033e+01 
6.254033e+01 
6.254033e+01 
6.254033e+01 
6.254033e+01 
6.254033e+01 
6.254033e+01 
6.254033e+01 
6.254033e+01 
6.254033e+01 
6.254033e+01 
6.254033e+01 
6.254033e+01 
6.254033e+01 
6.254033e+01 
6.254033e+01 
6.254033e+01 
6.254033e+01 
6.254033e+01 
6.254033e+01 
6.254033e+01 
6.254033e+01 
6.254033e+01 
6.254033e+01 
6.254033e+01 
6.254033e+01 
6.254033e+01 
6.254033e+01 
6.254033e+01 
6.254033e+01 
6.254033e+01 
6.254033e+01 
6.254033e+01 
6.254033e+01 
6.254033e+01 
6.254033e+01 
6.254033e+01 
6.254033e+01 
6.254033e+01 
6.254033e+01 
6.254033e+01 
6.254033e+01 
6.254033e+01 
6.254033e+01 
6.254033e+01 
6.254033e+01 
6.254033e+01 
6.254033e+01 
6.254033e+01 
6.254033e+01 
6.254033e+01 
6.254033e+01 
6.254033e+01 
6.254033e+01 
6.254033e+01 
6.254033e+01 
6.254033e+01 
6.254033e+01 
6.254033e+01 
6.254033e+01 
6.254033e+01 
6.254033e+01 
6.254033e+01 
6.254033e+01 
6.254033e+01 
6.254033e+01 
6.254033e+01 
6.254033e+01 
6.254033e+01 
6.254033e+01 
6.254033e+01 
6.254033e+01 
6.254033e+01 
6.254033e+01 
6.254033e+01 
6.254033e+01 
6.254033e+01 
6.254033e+01 
6.254033e+01 
6.254033e+01 
6.254033e+01 
6.254033e+01 
6.254033e+01 
6.254033e+01 
6.254033e+01 
6.254033e+01 
5.938929e+01 
5.938929e+01 
5.938929e+01 
5.938929e+01 
5.938929e+01 
5.938929e+01 
5.938929e+01 
5.938929e+01 
5.938929e+01 
5.938929e+01 
5.938929e+01 
5.938929e+01 
5.938929e+01 
5.938929e+01 
5.938929e+01 
5.938929e+01 
5.938929e+01 
5.938929e+01 
5.938929e+01 
5.938929e+01 
5.938929e+01 
5.938929e+01 
5.938929e+01 
5.938929e+01 
5.938929e+01 
5.938929e+01 
5.938929e+01 
5.938929e+01 
5.938929e+01 
5.938929e+01 
5.938929e+01 
5.938929e+01 
5.938929e+01 
5.938929e+01 
5.938929e+01 
5.938929e+01 
5.938929e+01 
5.938929e+01 
5.938929e+01 
5.938929e+01 
5.938929e+01 
5.938929e+01 
5.938929e+01 
5.938929e+01 
5.541345e+01 
5.541345e+01 
5.017199e+01 
5.017199e+01 
5.017199e+01 
5.017199e+01 
5.017199e+01 
5.017199e+01 
5.017199e+01 
5.017199e+01 
5.017199e+01 
5.017199e+01 
5.017199e+01 
5.017199e+01 
5.017199e+01 
5.017199e+01 
5.017199e+01 
5.017199e+01 
5.017199e+01 
5.017199e+01 
5.017199e+01 
5.017199e+01 
5.017199e+01 
5.017199e+01 
5.017199e+01 
5.017199e+01 
5.017199e+01 
5.017199e+01 
5.017199e+01 
5.017199e+01 
5.017199e+01 
5.017199e+01 
5.017199e+01 
5.017199e+01 
5.017199e+01 
5.017199e+01 
5.017199e+01 
5.017199e+01 
5.017199e+01 
5.017199e+01 
5.017199e+01 
5.017199e+01 
5.017199e+01 
5.017199e+01 
5.017199e+01 
5.017199e+01 
5.017199e+01 
5.017199e+01 
5.017199e+01 
5.017199e+01 
5.017199e+01 
5.017199e+01 
5.017199e+01 
5.017199e+01 
5.017199e+01 
5.017199e+01 
5.017199e+01 
5.017199e+01 
5.017199e+01 
5.017199e+01 
5.017199e+01 
5.017199e+01 
5.017199e+01 
5.017199e+01 
5.017199e+01 
5.017199e+01 
5.017199e+01 
5.017199e+01 
5.017199e+01 
5.017199e+01 
5.017199e+01 
4.985512e+01 
4.985512e+01 
4.985512e+01 
4.985512e+01 
4.985512e+01 
4.985512e+01 
4.985512e+01 
4.985512e+01 
4.985512e+01 
4.985512e+01 
4.985512e+01 
4.985512e+01 
4.985512e+01 
4.985512e+01 
4.985512e+01 
4.985512e+01 
4.985512e+01 
4.985512e+01 
4.985512e+01 
4.985512e+01 
4.985512e+01 
4.985512e+01 
4.985512e+01 
4.985512e+01 
4.985512e+01 
4.985512e+01 
4.985512e+01 
4.985512e+01 
4.985512e+01 
4.985512e+01 
4.985512e+01 
4.985512e+01 
4.985512e+01 
4.985512e+01 
4.985512e+01 
4.985512e+01 
4.985512e+01 
4.985512e+01 
4.985512e+01 
4.985512e+01 
4.985512e+01 
4.985512e+01 
4.985512e+01 
4.985512e+01 
4.985512e+01 
4.985512e+01 
4.985512e+01 
4.985512e+01 
4.985512e+01 
4.968161e+01 
4.968161e+01 
4.968161e+01 
4.968161e+01 
4.968161e+01 
4.968161e+01 
4.968161e+01 
4.968161e+01 
4.968161e+01 
4.968161e+01 
4.968161e+01 
4.968161e+01 
4.968161e+01 
4.968161e+01 
4.968161e+01 
4.968161e+01 
4.968161e+01 
4.968161e+01 
4.968161e+01 
4.968161e+01 
4.968161e+01 
4.968161e+01 
4.968161e+01 
4.968161e+01 
4.968161e+01 
4.968161e+01 
4.968161e+01 
4.968161e+01 
4.968161e+01 
4.968161e+01 
4.968161e+01 
4.968161e+01 
4.968161e+01 
4.968161e+01 
4.968161e+01 
4.968161e+01 
4.968161e+01 
4.968161e+01 
4.968161e+01 
4.968161e+01 
4.968161e+01 
4.968161e+01 
4.968161e+01 
4.968161e+01 
4.968161e+01 
4.968161e+01 
4.968161e+01 
4.968161e+01 
4.968161e+01 
4.968161e+01 
4.968161e+01 
4.968161e+01 
4.968161e+01 
4.968161e+01 
4.968161e+01 
4.968161e+01 
4.968161e+01 
4.968161e+01 
4.968161e+01 
4.968161e+01 
4.968161e+01 
4.968161e+01 
4.968161e+01 
4.968161e+01 
4.968161e+01 
4.968161e+01 
4.968161e+01 
4.968161e+01 
4.968161e+01 
4.968161e+01 
4.968161e+01 
4.968161e+01 
4.968161e+01 
4.968161e+01 
4.968161e+01 
4.968161e+01 
4.968161e+01 
4.650668e+01 
4.650668e+01 
4.650668e+01 
4.650668e+01 
4.650668e+01 
4.650668e+01 
4.650668e+01 
4.650668e+01 
4.650668e+01 
4.650668e+01 
4.650668e+01 
4.650668e+01 
4.650668e+01 
4.650668e+01 
4.650668e+01 
4.650668e+01 
4.650668e+01 
4.650668e+01 
4.650668e+01 
4.650668e+01 
4.650668e+01 
4.650668e+01 
4.650668e+01 
4.650668e+01 
4.650668e+01 
4.650668e+01 
4.650668e+01 
4.650668e+01 
4.650668e+01 
4.650668e+01 
4.650668e+01 
4.650668e+01 
4.650668e+01 
4.650668e+01 
4.650668e+01 
4.650668e+01 
4.650668e+01 
4.650668e+01 
4.650668e+01 
4.650668e+01 
4.650668e+01 
4.650668e+01 
4.650668e+01 
4.650668e+01 
4.650668e+01 
4.650668e+01 
4.650668e+01 
4.650668e+01 
4.650668e+01 
4.650668e+01 
4.650668e+01 
4.650668e+01 
4.650668e+01 
4.650668e+01 
4.650668e+01 
4.650668e+01 
4.650668e+01 
4.650668e+01 
4.650668e+01 
4.650668e+01 
4.650668e+01 
4.650668e+01 
4.650668e+01 
4.650668e+01 
4.650668e+01 
4.650668e+01 
4.650668e+01 
4.650668e+01 
4.650668e+01 
4.650668e+01 
4.650668e+01 
4.650668e+01 
4.650668e+01 
4.650668e+01 
4.650668e+01 
4.650668e+01 
4.650668e+01 
4.650668e+01 
4.650668e+01 
4.650668e+01 
4.650668e+01 
4.650668e+01 
4.650668e+01 
4.650668e+01 
4.650668e+01 
4.599750e+01 
4.599750e+01 
4.599750e+01 
4.599750e+01 
4.599750e+01 
4.599750e+01 
4.599750e+01 
4.599750e+01 
4.599750e+01 
4.366207e+01 
4.366207e+01 
4.366207e+01 
4.366207e+01 
4.366207e+01 
4.366207e+01 
4.366207e+01 
4.366207e+01 
4.366207e+01 
4.366207e+01 
4.366207e+01 
4.366207e+01 
4.366207e+01 
4.366207e+01 
4.366207e+01 
4.366207e+01 
4.366207e+01 
4.366207e+01 
4.366207e+01 
4.366207e+01 
4.366207e+01 
4.347602e+01 
4.347602e+01 
4.347602e+01 
4.347602e+01 
4.347602e+01 
4.347602e+01 
4.347602e+01 
4.347602e+01 
4.347602e+01 
4.347602e+01 
4.347602e+01 
4.347602e+01 
4.347602e+01 
4.347602e+01 
4.347602e+01 
4.347602e+01 
4.347602e+01 
4.347602e+01 
4.347602e+01 
4.347602e+01 
4.347602e+01 
4.347602e+01 
4.347602e+01 
4.347602e+01 
4.320256e+01 
4.320256e+01 
4.299301e+01 
4.299301e+01 
4.299301e+01 
4.299301e+01 
4.299301e+01 
4.299301e+01 
4.299301e+01 
4.299301e+01 
4.299301e+01 
4.299301e+01 
4.299301e+01 
4.299301e+01 
4.299301e+01 
4.299301e+01 
4.299301e+01 
4.299301e+01 
4.299301e+01 
4.299301e+01 
4.299301e+01 
4.299301e+01 
4.299301e+01 
4.299301e+01 
4.299301e+01 
4.299301e+01 
4.299301e+01 
4.299301e+01 
4.299301e+01 
4.299301e+01 
4.299301e+01 
4.299301e+01 
4.299301e+01 
4.299301e+01 
4.299301e+01 
4.299301e+01 
4.299301e+01 
4.299301e+01 
4.299301e+01 
4.299301e+01 
4.299301e+01 
4.299301e+01 
4.299301e+01 
4.299301e+01 
4.299301e+01 
4.299301e+01 
4.299301e+01 
4.299301e+01 
4.299301e+01 
4.299301e+01 
4.299301e+01 
4.299301e+01 
3.388061e+01 
3.388061e+01 
3.388061e+01 
3.388061e+01 
3.388061e+01 
3.388061e+01 
3.388061e+01 
3.388061e+01 
3.388061e+01 
3.388061e+01 
3.388061e+01 
3.352094e+01 
3.352094e+01 
3.352094e+01 
3.352094e+01 
3.352094e+01 
3.352094e+01 
3.352094e+01 
3.352094e+01 
3.352094e+01 
3.352094e+01 
3.352094e+01 
3.352094e+01 
3.352094e+01 
3.352094e+01 
3.352094e+01 
3.352094e+01 
3.352094e+01 
3.352094e+01 
3.352094e+01 
3.352094e+01 
3.352094e+01 
3.352094e+01 
3.352094e+01 
3.352094e+01 
3.352094e+01 
3.352094e+01 
3.352094e+01 
3.352094e+01 
3.352094e+01 
3.352094e+01 
3.352094e+01 
3.352094e+01 
3.352094e+01 
3.352094e+01 
3.352094e+01 
3.352094e+01 
3.352094e+01 
3.352094e+01 
3.352094e+01 
3.352094e+01 
3.352094e+01 
3.352094e+01 
3.352094e+01 
3.352094e+01 
3.352094e+01 
3.352094e+01 
3.352094e+01 
3.352094e+01 
3.352094e+01 
3.352094e+01 
3.352094e+01 
3.352094e+01 
3.352094e+01 
3.352094e+01 
3.102255e+01 
3.102255e+01 
3.102255e+01 
3.102255e+01 
3.102255e+01 
3.102255e+01 
3.102255e+01 
3.102255e+01 
3.102255e+01 
3.102255e+01 
3.102255e+01 
3.102255e+01 
3.102255e+01 
3.102255e+01 
3.102255e+01 
3.102255e+01 
3.102255e+01 
3.102255e+01 
3.102255e+01 
3.102255e+01 
3.102255e+01 
3.102255e+01 
3.102255e+01 
3.102255e+01 
3.102255e+01 
3.102255e+01 
3.102255e+01 
3.102255e+01 
3.102255e+01 
3.102255e+01 
3.102255e+01 
3.102255e+01 
3.102255e+01 
3.102255e+01 
3.102255e+01 
3.102255e+01 
3.102255e+01 
3.102255e+01 
3.102255e+01 
3.102255e+01 
3.102255e+01 
3.102255e+01 
3.102255e+01 
3.102255e+01 
3.102255e+01 
3.102255e+01 
3.102255e+01 
3.102255e+01 
3.102255e+01 
3.102255e+01 
3.102255e+01 
3.102255e+01 
3.102255e+01 
3.102255e+01 
3.102255e+01 
3.102255e+01 
3.102255e+01 
3.102255e+01 
3.102255e+01 
2.967865e+01 
2.967865e+01 
2.967865e+01 
2.967865e+01 
2.967865e+01 
2.967865e+01 
2.967865e+01 
2.967865e+01 
2.967865e+01 
2.967865e+01 
2.967865e+01 
2.967865e+01 
2.967865e+01 
2.967865e+01 
2.967865e+01 
2.967865e+01 
2.967865e+01 
2.967865e+01 
2.967865e+01 
2.967865e+01 
2.967865e+01 
2.967865e+01 
2.967865e+01 
2.967865e+01 
2.967865e+01 
2.967865e+01 
2.967865e+01 
2.967865e+01 
2.967865e+01 
2.967865e+01 
2.967865e+01 
2.967865e+01 
2.967865e+01 
2.967865e+01 
2.967865e+01 
2.967865e+01 
2.967865e+01 
2.967865e+01 
2.967865e+01 
2.967865e+01 
2.967865e+01 
2.967865e+01 
2.967865e+01 
2.967865e+01 
2.967865e+01 
2.967865e+01 
2.967865e+01 
2.967865e+01 
2.967865e+01 
2.967865e+01 
2.967865e+01 
2.967865e+01 
2.967865e+01 
2.967865e+01 
2.967865e+01 
2.967865e+01 
2.967865e+01 
2.793933e+01 
2.793933e+01 
2.793933e+01 
2.793933e+01 
2.793933e+01 
2.793933e+01 
2.793933e+01 
2.793933e+01 
2.793933e+01 
2.793933e+01 
2.793933e+01 
2.793933e+01 
2.793933e+01 
2.793933e+01 
2.793933e+01 
2.793933e+01 
2.793933e+01 
2.793933e+01 
2.793933e+01 
2.793933e+01 
2.793933e+01 
2.793933e+01 
2.793933e+01 
2.793933e+01 
2.793933e+01 
2.793933e+01 
2.793933e+01 
2.793933e+01 
2.793933e+01 
2.793933e+01 
2.793933e+01 
2.793933e+01 
2.793933e+01 
2.724777e+01 
2.724777e+01 
2.724777e+01 
2.724777e+01 
2.724777e+01 
2.724777e+01 
2.724777e+01 
2.724777e+01 
2.724777e+01 
2.724777e+01 
2.724777e+01 
2.724777e+01 
2.642016e+01 
2.642016e+01 
2.642016e+01 
2.642016e+01 
2.642016e+01 
2.642016e+01 
2.642016e+01 
2.642016e+01 
2.642016e+01 
2.642016e+01 
2.582995e+01 
2.582995e+01 
2.582995e+01 
2.582995e+01 
2.582995e+01 
2.582995e+01 
2.582995e+01 
2.582995e+01 
2.582995e+01 
2.582995e+01 
2.525091e+01 
2.525091e+01 
2.525091e+01 
2.525091e+01 
2.525091e+01 
2.525091e+01 
2.525091e+01 
2.525091e+01 
2.525091e+01 
2.525091e+01 
2.525091e+01 
2.525091e+01 
2.525091e+01 
2.525091e+01 
2.525091e+01 
2.525091e+01 
2.525091e+01 
2.525091e+01 
2.525091e+01 
2.525091e+01 
2.525091e+01 
2.525091e+01 
2.525091e+01 
2.525091e+01 
2.525091e+01 
2.525091e+01 
2.525091e+01 
2.525091e+01 
2.525091e+01 
2.525091e+01 
2.525091e+01 
2.408849e+01 
2.408849e+01 
2.408849e+01 
2.408849e+01 
2.408849e+01 
2.408849e+01 
2.408849e+01 
2.408849e+01 
2.408849e+01 
2.408849e+01 
2.408849e+01 
2.408849e+01 
2.408849e+01 
2.408849e+01 
2.408849e+01 
2.408849e+01 
2.408849e+01 
2.408849e+01 
2.408849e+01 
2.329235e+01 
2.329235e+01 
2.329235e+01 
2.329235e+01 
2.329235e+01 
2.329235e+01 
2.329235e+01 
2.329235e+01 
2.329235e+01 
2.329235e+01 
2.329235e+01 
2.329235e+01 
2.329235e+01 
2.329235e+01 
2.329235e+01 
2.329235e+01 
2.329235e+01 
2.329235e+01 
2.329235e+01 
2.329235e+01 
2.329235e+01 
2.329235e+01 
2.329235e+01 
2.095432e+01 
2.095432e+01 
2.095432e+01 
2.095432e+01 
2.095432e+01 
2.095432e+01 
2.095432e+01 
2.095432e+01 
2.095432e+01 
2.095432e+01 
2.095432e+01 
2.095432e+01 
2.095432e+01 
2.013522e+01 
2.013522e+01 
2.013522e+01 
2.013522e+01 
2.013522e+01 
2.013522e+01 
2.013522e+01 
2.013522e+01 
2.013522e+01 
2.013522e+01 
2.013522e+01 
2.013522e+01 
2.013522e+01 
2.013522e+01 
2.013522e+01 
2.013522e+01 
2.013522e+01 
2.013522e+01 
2.013522e+01 
2.013522e+01 
2.013522e+01 
2.013522e+01 
2.013522e+01 
2.013522e+01 
2.013522e+01 
2.013522e+01 
2.013522e+01 
2.013522e+01 
2.013522e+01 
2.013522e+01 
2.013522e+01 
2.013522e+01 
2.013522e+01 
2.013522e+01 
2.013522e+01 
2.013522e+01 
2.013522e+01 
2.013522e+01 
2.013522e+01 
2.013522e+01 
2.013522e+01 
1.932555e+01 
1.932555e+01 
1.932555e+01 
1.932555e+01 
1.932555e+01 
1.932555e+01 
1.932555e+01 
1.932555e+01 
1.932555e+01 
1.932555e+01 
1.932555e+01 
1.932555e+01 
1.932555e+01 
1.932555e+01 
1.932555e+01 
1.932555e+01 
1.932555e+01 
1.932555e+01 
1.932555e+01 
1.932555e+01 
1.932555e+01 
1.932555e+01 
1.932555e+01 
1.932555e+01 
1.932555e+01 
1.932555e+01 
1.932555e+01 
1.932555e+01 
1.932555e+01 
1.932555e+01 
1.932555e+01 
1.932555e+01 
1.932555e+01 
1.932555e+01 
1.932555e+01 
1.932555e+01 
1.932555e+01 
1.932555e+01 
1.761769e+01 
1.761769e+01 
1.761769e+01 
1.761769e+01 
1.761769e+01 
1.761769e+01 
1.761769e+01 
1.761769e+01 
1.761769e+01 
1.761769e+01 
1.761769e+01 
1.761769e+01 
1.761769e+01 
1.761769e+01 
1.761769e+01 
1.761769e+01 
1.761769e+01 
1.761769e+01 
1.723198e+01 
1.723198e+01 
1.723198e+01 
1.723198e+01 
1.723198e+01 
1.723198e+01 
1.723198e+01 
1.723198e+01 
1.723198e+01 
1.723198e+01 
1.723198e+01 
1.723198e+01 
1.723198e+01 
1.723198e+01 
1.723198e+01 
1.723198e+01 
1.723198e+01 
1.682821e+01 
1.682821e+01 
1.682821e+01 
1.682821e+01 
1.682821e+01 
1.682821e+01 
1.682641e+01 
1.682641e+01 
1.682641e+01 
1.682641e+01 
1.682641e+01 
1.682641e+01 
1.682641e+01 
1.682641e+01 
1.682641e+01 
1.682641e+01 
1.672788e+01 
1.672788e+01 
1.672788e+01 
1.672788e+01 
1.672788e+01 
1.672788e+01 
1.672635e+01 
1.672635e+01 
1.672635e+01 
1.672635e+01 
1.504528e+01 
1.504528e+01 
1.504528e+01 
1.504528e+01 
1.504528e+01 
1.504528e+01 
1.446343e+01 
1.446343e+01 
1.446343e+01 
1.446343e+01 
1.446343e+01 
1.446343e+01 
1.446343e+01 
1.446343e+01 
1.446343e+01 
1.446343e+01 
1.446343e+01 
1.446343e+01 
1.446343e+01 
1.446343e+01 
1.446343e+01 
1.446343e+01 
1.446343e+01 
1.446343e+01 
1.446343e+01 
1.446343e+01 
1.446343e+01 
1.446343e+01 
1.446343e+01 
1.446343e+01 
1.446343e+01 
1.446343e+01 
1.446343e+01 
1.446343e+01 
1.446343e+01 
1.446343e+01 
1.446343e+01 
1.446343e+01 
1.446343e+01 
1.446343e+01 
1.446343e+01 
1.446343e+01 
1.446343e+01 
1.446343e+01 
1.446343e+01 
1.446343e+01 
1.446343e+01 
1.446343e+01 
1.446343e+01 
1.446343e+01 
1.446343e+01 
1.446343e+01 
1.446343e+01 
1.446343e+01 
1.446343e+01 
1.446343e+01 
1.446343e+01 
1.446343e+01 
1.446343e+01 
1.446343e+01 
1.446343e+01 
1.446343e+01 
1.446343e+01 
1.446343e+01 
1.446343e+01 
1.446343e+01 
1.446343e+01 
1.446343e+01 
1.446343e+01 
1.446343e+01 
1.446343e+01 
1.446343e+01 
1.440677e+01 
1.440677e+01 
1.440677e+01 
1.440677e+01 
1.440677e+01 
1.440010e+01 
1.440010e+01 
1.440010e+01 
1.440010e+01 
1.440010e+01 
1.440010e+01 
1.440010e+01 
1.440010e+01 
1.440010e+01 
1.433601e+01 
1.433601e+01 
1.433601e+01 
1.433601e+01 
1.433601e+01 
1.433601e+01 
1.433601e+01 
1.433601e+01 
1.433601e+01 
1.433601e+01 
1.433601e+01 
1.433601e+01 
1.433601e+01 
1.431286e+01 
1.429900e+01 
1.429900e+01 
1.429900e+01 
1.429900e+01 
1.426895e+01 
1.426895e+01 
1.426895e+01 
1.426895e+01 
1.426895e+01 
1.426233e+01 
1.426233e+01 
1.426233e+01 
1.426233e+01 
1.424913e+01 
1.424913e+01 
1.424913e+01 
1.424913e+01 
1.424913e+01 
1.424913e+01 
1.424234e+01 
1.424234e+01 
1.424234e+01 
1.424234e+01 
1.424234e+01 
1.424234e+01 
1.424234e+01 
1.424234e+01 
1.424234e+01 
1.424234e+01 
1.423795e+01 
1.421504e+01 
1.421504e+01 
1.421504e+01 
1.421504e+01 
1.421504e+01 
1.421049e+01 
1.421049e+01 
1.421049e+01 
1.421049e+01 
1.421049e+01 
1.421049e+01 
1.421049e+01 
1.421049e+01 
1.421049e+01 
1.421049e+01 
1.421049e+01 
1.421049e+01 
1.421049e+01 
1.421049e+01 
1.421049e+01 
1.421049e+01 
1.421049e+01 
1.421049e+01 
1.421049e+01 
1.421049e+01 
1.421049e+01 
1.421049e+01 
1.421049e+01 
1.420471e+01 
1.419115e+01 
1.414861e+01 
1.414861e+01 
1.414861e+01 
1.414861e+01 
1.414861e+01 
1.414861e+01 
1.414861e+01 
1.414861e+01 
1.414861e+01 
1.414861e+01 
1.414010e+01 
1.414010e+01 
1.414010e+01 
1.414010e+01 
1.412018e+01 
1.412018e+01 
1.412018e+01 
1.412018e+01 
1.412018e+01 
1.412018e+01 
1.411421e+01 
1.411421e+01 
1.411421e+01 
1.411421e+01 
1.411421e+01 
1.410149e+01 
1.410149e+01 
1.410086e+01 
1.410086e+01 
1.410086e+01 
1.410086e+01 
1.409532e+01 
1.409532e+01 
1.409532e+01 
1.409532e+01 
1.409532e+01 
1.409532e+01 
1.409532e+01 
1.408179e+01 
1.408179e+01 
1.408179e+01 
1.408179e+01 
1.408179e+01 
1.408179e+01 
1.408179e+01 
1.408179e+01 
1.408179e+01 
1.408179e+01 
1.407926e+01 
1.407926e+01 
1.407926e+01 
1.407926e+01 
1.407926e+01 
1.407926e+01 
1.407926e+01 
1.407926e+01 
1.407926e+01 
1.407926e+01 
1.407907e+01 
1.407907e+01 
1.407907e+01 
1.407907e+01 
1.407907e+01 
1.407907e+01 
1.407907e+01 
1.407907e+01 
1.407907e+01 
1.407907e+01 
1.344226e+01 
1.344226e+01 
1.344226e+01 
1.344226e+01 
1.344226e+01 
1.344226e+01 
1.344226e+01 
1.317866e+01 
1.317866e+01 
1.316683e+01 
1.316683e+01 
1.316683e+01 
1.316683e+01 
1.316683e+01 
1.316683e+01 
1.316683e+01 
1.316683e+01 
1.311216e+01 
1.311216e+01 
1.311216e+01 
1.311216e+01 
1.311216e+01 
1.311216e+01 
1.311216e+01 
1.311216e+01 
1.311216e+01 
1.311216e+01 
1.311216e+01 
1.311216e+01 
1.311216e+01 
1.311216e+01 
1.311216e+01 
1.311216e+01 
1.311216e+01 
1.303826e+01 
1.303826e+01 
1.303826e+01 
1.303826e+01 
1.303826e+01 
1.303826e+01 
1.303826e+01 
1.303826e+01 
1.303826e+01 
1.303826e+01 
1.303826e+01 
1.303826e+01 
1.302125e+01 
1.302125e+01 
1.302125e+01 
1.302125e+01 
1.302125e+01 
1.302125e+01 
1.302125e+01 
1.302125e+01 
1.302125e+01 
1.302125e+01 
1.302125e+01 
1.302125e+01 
1.302125e+01 
1.302125e+01 
1.302125e+01 
1.302125e+01 
1.302125e+01 
1.302125e+01 
1.302125e+01 
1.301513e+01 
1.301513e+01 
1.301513e+01 
1.301513e+01 
1.301513e+01 
1.301513e+01 
1.301513e+01 
1.301513e+01 
1.301513e+01 
1.301513e+01 
1.301513e+01 
1.301513e+01 
1.301513e+01 
1.301513e+01 
1.301513e+01 
1.301513e+01 
1.301513e+01 
1.301513e+01 
1.301513e+01 
1.301513e+01 
1.301513e+01 
1.301513e+01 
1.301513e+01 
1.301513e+01 
1.301513e+01 
1.301513e+01 
1.301513e+01 
1.301513e+01 
1.301513e+01 
1.301513e+01 
1.301513e+01 
1.300597e+01 
1.300597e+01 
1.300597e+01 
1.300597e+01 
1.300597e+01 
1.300597e+01 
1.300597e+01 
1.299698e+01 
1.299698e+01 
1.299698e+01 
1.299698e+01 
1.299698e+01 
1.299698e+01 
1.299698e+01 
1.299698e+01 
1.299698e+01 
1.299698e+01 
1.299698e+01 
1.299698e+01 
1.299698e+01 
1.299698e+01 
1.299698e+01 
1.299698e+01 
1.299698e+01 
1.299698e+01 
1.299698e+01 
1.299698e+01 
1.299698e+01 
1.299698e+01 
1.299698e+01 
1.299698e+01 
1.299698e+01 
1.299698e+01 
1.299698e+01 
1.299698e+01 
1.299698e+01 
1.299698e+01 
1.299698e+01 
1.299698e+01 
1.299698e+01 
1.299698e+01 
1.299698e+01 
1.299698e+01 
1.299698e+01 
1.299698e+01 
1.299397e+01 
1.299397e+01 
1.299397e+01 
1.299397e+01 
1.299397e+01 
1.299397e+01 
1.289555e+01 
1.289555e+01 
1.289555e+01 
1.289555e+01 
1.289555e+01 
1.289555e+01 
1.289555e+01 
1.289555e+01 
1.289555e+01 
1.289555e+01 
1.289555e+01 
1.289555e+01 
1.289555e+01 
1.289555e+01 
1.289555e+01 
1.289555e+01 
1.289555e+01 
1.289555e+01 
1.289555e+01 
1.289555e+01 
1.289555e+01 
1.289555e+01 
1.289555e+01 
1.289555e+01 
1.289555e+01 
1.289555e+01 
1.289555e+01 
1.289555e+01 
1.289555e+01 
1.289555e+01 
1.289555e+01 
1.289555e+01 
1.289555e+01 
1.289555e+01 
1.289555e+01 
1.289555e+01 
1.289555e+01 
1.289555e+01 
1.289555e+01 
1.289555e+01 
1.289555e+01 
