6.103034e+04 
6.103034e+04 
6.103034e+04 
6.103034e+04 
6.103034e+04 
6.103034e+04 
6.103034e+04 
2.225024e+04 
2.225024e+04 
2.097638e+04 
2.097638e+04 
2.097638e+04 
2.097638e+04 
4.098774e+03 
4.098774e+03 
4.098774e+03 
4.098774e+03 
4.098774e+03 
4.098774e+03 
4.098774e+03 
1.790452e+03 
1.790452e+03 
1.790452e+03 
1.790452e+03 
1.098459e+03 
1.098459e+03 
1.098459e+03 
1.984027e+01 
1.984027e+01 
1.984027e+01 
1.984027e+01 
1.984027e+01 
1.984027e+01 
1.984027e+01 
1.984027e+01 
1.984027e+01 
1.984027e+01 
1.984027e+01 
1.984027e+01 
1.984027e+01 
1.984027e+01 
1.984027e+01 
1.984027e+01 
1.984027e+01 
1.984027e+01 
1.984027e+01 
1.984027e+01 
1.984027e+01 
1.984027e+01 
1.984027e+01 
1.984027e+01 
1.984027e+01 
1.600170e+01 
1.600170e+01 
1.600170e+01 
1.600170e+01 
1.600170e+01 
1.600170e+01 
1.600170e+01 
1.600170e+01 
1.600170e+01 
1.600170e+01 
1.600170e+01 
1.600170e+01 
1.336976e+01 
1.336976e+01 
1.336976e+01 
1.336976e+01 
1.336976e+01 
1.336976e+01 
1.282113e+01 
1.282113e+01 
1.282113e+01 
1.282113e+01 
1.282113e+01 
1.282113e+01 
1.282113e+01 
1.282113e+01 
1.282113e+01 
1.282113e+01 
1.282113e+01 
1.282113e+01 
1.282113e+01 
1.282113e+01 
1.282113e+01 
1.282113e+01 
1.282113e+01 
1.282113e+01 
1.282113e+01 
1.282113e+01 
1.282113e+01 
1.282113e+01 
1.282113e+01 
1.282113e+01 
1.282113e+01 
1.282113e+01 
1.282113e+01 
1.282113e+01 
1.282113e+01 
1.282113e+01 
1.282113e+01 
1.282113e+01 
1.013094e+01 
1.013094e+01 
1.013094e+01 
1.013094e+01 
1.013094e+01 
1.013094e+01 
1.013094e+01 
1.013094e+01 
1.013094e+01 
1.013094e+01 
1.013094e+01 
1.013094e+01 
1.013094e+01 
1.013094e+01 
1.013094e+01 
1.013094e+01 
1.013094e+01 
1.013094e+01 
1.013094e+01 
1.013094e+01 
1.013094e+01 
1.013094e+01 
1.013094e+01 
1.013094e+01 
1.013094e+01 
1.013094e+01 
1.013094e+01 
1.013094e+01 
1.013094e+01 
1.012649e+01 
1.012649e+01 
1.012649e+01 
8.685963e+00 
8.685963e+00 
8.685963e+00 
8.685963e+00 
8.685963e+00 
8.685963e+00 
8.685963e+00 
8.685963e+00 
8.685963e+00 
8.685963e+00 
8.685963e+00 
8.685963e+00 
8.685963e+00 
8.685963e+00 
8.685963e+00 
8.685963e+00 
8.685963e+00 
8.685963e+00 
8.499234e+00 
8.499234e+00 
8.499234e+00 
8.499234e+00 
8.499234e+00 
8.499234e+00 
8.499234e+00 
8.499234e+00 
8.499234e+00 
8.499234e+00 
8.499234e+00 
8.499234e+00 
8.499234e+00 
8.499234e+00 
8.499234e+00 
8.499234e+00 
8.499234e+00 
8.499234e+00 
8.499234e+00 
8.499234e+00 
8.499234e+00 
8.499234e+00 
8.499234e+00 
8.499234e+00 
8.499234e+00 
8.499234e+00 
8.499234e+00 
8.499234e+00 
8.499234e+00 
8.499234e+00 
8.499234e+00 
8.499234e+00 
8.499234e+00 
8.499234e+00 
8.499234e+00 
8.499234e+00 
8.499234e+00 
8.499234e+00 
8.499234e+00 
8.499234e+00 
8.499234e+00 
8.499234e+00 
8.499234e+00 
8.499234e+00 
8.499234e+00 
8.499234e+00 
8.499234e+00 
8.499234e+00 
8.499234e+00 
8.499234e+00 
8.499234e+00 
8.499234e+00 
8.499234e+00 
8.499234e+00 
8.499234e+00 
8.499234e+00 
8.499234e+00 
8.499234e+00 
8.499234e+00 
7.037974e+00 
7.037974e+00 
7.037974e+00 
7.037974e+00 
7.037974e+00 
7.037974e+00 
7.037974e+00 
7.037974e+00 
7.037974e+00 
7.037974e+00 
7.037974e+00 
7.037974e+00 
7.037974e+00 
7.037974e+00 
7.037974e+00 
7.037974e+00 
7.037974e+00 
7.037974e+00 
7.037974e+00 
7.037974e+00 
7.037974e+00 
7.037974e+00 
7.037974e+00 
7.037974e+00 
7.037974e+00 
7.037974e+00 
7.037974e+00 
7.037974e+00 
7.037974e+00 
7.037974e+00 
7.037974e+00 
7.037974e+00 
7.037974e+00 
7.037974e+00 
7.037974e+00 
7.037974e+00 
7.037974e+00 
7.037974e+00 
7.037974e+00 
7.037974e+00 
7.037974e+00 
7.037974e+00 
7.037974e+00 
7.037974e+00 
7.037974e+00 
7.037974e+00 
7.037974e+00 
7.037974e+00 
7.037974e+00 
7.037974e+00 
7.037974e+00 
7.037974e+00 
7.037974e+00 
7.037974e+00 
6.704899e+00 
6.704899e+00 
6.704899e+00 
6.704899e+00 
6.704899e+00 
6.704899e+00 
6.704899e+00 
6.704899e+00 
6.704899e+00 
6.704899e+00 
6.704899e+00 
6.704899e+00 
6.704899e+00 
6.704899e+00 
5.382886e+00 
5.382886e+00 
5.382886e+00 
5.382886e+00 
5.382886e+00 
5.382886e+00 
5.382886e+00 
5.382886e+00 
5.382886e+00 
5.382886e+00 
5.382886e+00 
5.382886e+00 
5.382886e+00 
5.382886e+00 
5.382886e+00 
5.382886e+00 
5.382886e+00 
5.382886e+00 
5.382886e+00 
5.382886e+00 
5.382886e+00 
5.382886e+00 
5.382886e+00 
5.382886e+00 
5.382886e+00 
5.382886e+00 
5.382886e+00 
5.382886e+00 
5.382886e+00 
5.382886e+00 
5.382886e+00 
5.382886e+00 
5.382886e+00 
5.382886e+00 
5.382886e+00 
5.382886e+00 
5.382886e+00 
5.382886e+00 
5.382886e+00 
5.382886e+00 
5.382886e+00 
5.382886e+00 
5.382886e+00 
5.382886e+00 
5.382886e+00 
5.382886e+00 
5.382886e+00 
5.382886e+00 
5.382886e+00 
5.382886e+00 
5.382886e+00 
5.382886e+00 
5.382886e+00 
5.382886e+00 
5.382886e+00 
5.382886e+00 
5.382886e+00 
5.382886e+00 
5.382886e+00 
5.382886e+00 
5.382886e+00 
4.939579e+00 
4.939579e+00 
4.939579e+00 
4.939579e+00 
4.939579e+00 
4.939579e+00 
4.939579e+00 
4.939579e+00 
4.939579e+00 
4.939579e+00 
4.939579e+00 
4.939579e+00 
4.939579e+00 
4.939579e+00 
4.939579e+00 
4.939579e+00 
4.939579e+00 
4.939579e+00 
4.939579e+00 
4.939579e+00 
4.939579e+00 
4.939579e+00 
4.939579e+00 
4.939579e+00 
4.939579e+00 
4.939579e+00 
4.939579e+00 
4.939579e+00 
4.939579e+00 
4.939579e+00 
4.939579e+00 
4.939579e+00 
4.939579e+00 
4.939579e+00 
4.939579e+00 
4.939579e+00 
4.939579e+00 
4.939579e+00 
4.939579e+00 
4.939579e+00 
4.939579e+00 
4.939579e+00 
4.939579e+00 
4.939579e+00 
4.939579e+00 
4.939579e+00 
4.939579e+00 
4.939579e+00 
4.939579e+00 
4.939579e+00 
4.939579e+00 
4.939579e+00 
4.939579e+00 
4.939579e+00 
4.939579e+00 
4.939579e+00 
4.939579e+00 
4.939579e+00 
4.939579e+00 
4.939579e+00 
4.939579e+00 
4.939579e+00 
4.939579e+00 
4.939579e+00 
4.939579e+00 
4.939579e+00 
4.939579e+00 
4.939579e+00 
4.939579e+00 
4.939579e+00 
4.939579e+00 
4.939579e+00 
4.939579e+00 
4.939579e+00 
4.939579e+00 
4.939579e+00 
4.939579e+00 
4.939579e+00 
4.939579e+00 
4.939579e+00 
4.939579e+00 
4.939579e+00 
4.939579e+00 
4.939579e+00 
4.939579e+00 
4.939579e+00 
4.939579e+00 
4.939579e+00 
4.939579e+00 
4.939579e+00 
4.939579e+00 
4.939579e+00 
4.939579e+00 
4.939579e+00 
4.939579e+00 
4.939579e+00 
4.939579e+00 
4.939579e+00 
4.939579e+00 
4.939579e+00 
4.939579e+00 
4.939579e+00 
4.939579e+00 
4.939579e+00 
4.939579e+00 
4.939579e+00 
4.939579e+00 
4.939579e+00 
4.568181e+00 
4.568181e+00 
4.568181e+00 
4.568181e+00 
4.568181e+00 
4.568181e+00 
4.568181e+00 
4.568181e+00 
4.568181e+00 
4.568181e+00 
4.568181e+00 
4.568181e+00 
4.568181e+00 
4.568181e+00 
4.568181e+00 
4.568181e+00 
4.568181e+00 
4.568181e+00 
4.568181e+00 
4.568181e+00 
4.568181e+00 
4.568181e+00 
4.568181e+00 
4.568181e+00 
4.568181e+00 
4.568181e+00 
4.568181e+00 
4.568181e+00 
4.568181e+00 
4.568181e+00 
4.568181e+00 
4.568181e+00 
4.568181e+00 
4.568181e+00 
4.568181e+00 
4.568181e+00 
4.568181e+00 
4.568181e+00 
4.568181e+00 
4.568181e+00 
4.568181e+00 
4.568181e+00 
4.568181e+00 
4.568181e+00 
4.568181e+00 
4.568181e+00 
4.568181e+00 
4.568181e+00 
4.568181e+00 
4.568181e+00 
4.568181e+00 
4.568181e+00 
4.568181e+00 
4.568181e+00 
4.568181e+00 
4.568181e+00 
4.568181e+00 
4.568181e+00 
4.568181e+00 
4.568181e+00 
4.568181e+00 
4.568181e+00 
4.568181e+00 
4.568181e+00 
4.568181e+00 
4.568181e+00 
4.568181e+00 
4.568181e+00 
4.568181e+00 
4.568181e+00 
4.568181e+00 
4.568181e+00 
4.568181e+00 
4.568181e+00 
4.568181e+00 
4.568181e+00 
4.568181e+00 
4.568181e+00 
4.568181e+00 
4.568181e+00 
4.568181e+00 
4.568181e+00 
4.568181e+00 
4.568181e+00 
4.568181e+00 
4.568181e+00 
4.568181e+00 
4.568181e+00 
4.568181e+00 
4.568181e+00 
4.568181e+00 
4.568181e+00 
4.568181e+00 
4.568181e+00 
4.568181e+00 
4.568181e+00 
4.568181e+00 
4.568181e+00 
4.568181e+00 
4.568181e+00 
4.568181e+00 
4.568181e+00 
4.568181e+00 
4.568181e+00 
4.568181e+00 
4.568181e+00 
4.568181e+00 
4.568181e+00 
4.568181e+00 
4.568181e+00 
4.568181e+00 
4.568181e+00 
4.568181e+00 
4.568181e+00 
4.568181e+00 
4.568181e+00 
4.568181e+00 
4.568181e+00 
4.568181e+00 
4.568181e+00 
4.568181e+00 
4.568181e+00 
4.568181e+00 
4.568181e+00 
4.568181e+00 
4.568181e+00 
4.568181e+00 
4.568181e+00 
4.568181e+00 
4.568181e+00 
4.568181e+00 
4.568181e+00 
4.568181e+00 
4.568181e+00 
4.568181e+00 
4.568181e+00 
4.568181e+00 
4.568181e+00 
4.568181e+00 
4.568181e+00 
4.568181e+00 
4.568181e+00 
4.568181e+00 
4.568181e+00 
4.568181e+00 
4.568181e+00 
4.568181e+00 
4.568181e+00 
4.568181e+00 
4.568181e+00 
4.568181e+00 
4.568181e+00 
4.568181e+00 
4.568181e+00 
4.568181e+00 
4.568181e+00 
4.568181e+00 
4.568181e+00 
4.568181e+00 
4.568181e+00 
4.568181e+00 
4.568181e+00 
4.568181e+00 
4.568181e+00 
4.271516e+00 
4.271516e+00 
4.271516e+00 
4.271516e+00 
4.271516e+00 
4.271516e+00 
4.271516e+00 
4.271516e+00 
4.271516e+00 
4.271516e+00 
4.271516e+00 
4.271516e+00 
4.271516e+00 
4.271516e+00 
4.271516e+00 
4.271516e+00 
4.271516e+00 
4.271516e+00 
4.271516e+00 
4.271516e+00 
4.271516e+00 
4.271516e+00 
4.271516e+00 
4.271516e+00 
4.271516e+00 
4.271516e+00 
4.271516e+00 
4.271516e+00 
4.271516e+00 
4.271516e+00 
4.271516e+00 
4.271516e+00 
4.271516e+00 
4.271516e+00 
4.271516e+00 
4.271516e+00 
4.271516e+00 
4.271516e+00 
4.271516e+00 
4.271516e+00 
4.271516e+00 
4.271516e+00 
4.271516e+00 
4.271516e+00 
4.271516e+00 
4.271516e+00 
4.271516e+00 
4.271516e+00 
4.271516e+00 
4.271516e+00 
4.271516e+00 
4.271516e+00 
4.271516e+00 
4.271516e+00 
4.271516e+00 
4.271516e+00 
4.271516e+00 
4.271516e+00 
4.271516e+00 
4.271516e+00 
4.271516e+00 
4.271516e+00 
4.271516e+00 
4.271516e+00 
4.271516e+00 
4.271516e+00 
4.271516e+00 
4.271516e+00 
4.271516e+00 
4.271516e+00 
4.271516e+00 
4.271516e+00 
4.271516e+00 
4.271516e+00 
4.271516e+00 
4.271516e+00 
4.271516e+00 
4.271516e+00 
3.493285e+00 
3.493285e+00 
3.493285e+00 
3.493285e+00 
3.493285e+00 
3.493285e+00 
3.493285e+00 
3.493285e+00 
3.493285e+00 
3.493285e+00 
3.493285e+00 
3.493285e+00 
3.493285e+00 
3.493285e+00 
3.493285e+00 
3.493285e+00 
3.493285e+00 
3.493285e+00 
3.493285e+00 
3.493285e+00 
3.493285e+00 
3.493285e+00 
3.493285e+00 
3.493285e+00 
3.493285e+00 
3.493285e+00 
3.493285e+00 
3.493285e+00 
3.493285e+00 
3.493285e+00 
3.493285e+00 
3.493285e+00 
3.493285e+00 
3.493285e+00 
3.493285e+00 
3.493285e+00 
3.493285e+00 
3.493285e+00 
3.493285e+00 
3.493285e+00 
3.493285e+00 
3.493285e+00 
3.493285e+00 
3.493285e+00 
3.493285e+00 
3.493285e+00 
3.493285e+00 
3.493285e+00 
3.493285e+00 
3.493285e+00 
3.493285e+00 
3.493285e+00 
3.493285e+00 
3.493285e+00 
3.493285e+00 
3.493285e+00 
3.493285e+00 
3.493285e+00 
3.493285e+00 
3.493285e+00 
3.493285e+00 
3.493285e+00 
3.493285e+00 
3.493285e+00 
3.493285e+00 
3.493285e+00 
3.493285e+00 
3.493285e+00 
3.493285e+00 
3.493285e+00 
3.493285e+00 
3.493285e+00 
3.493285e+00 
3.493285e+00 
3.493285e+00 
3.493285e+00 
3.493285e+00 
3.493285e+00 
3.493285e+00 
3.493285e+00 
3.493285e+00 
3.493285e+00 
3.493285e+00 
3.493285e+00 
3.493285e+00 
3.493285e+00 
3.493285e+00 
3.493285e+00 
3.493285e+00 
3.493285e+00 
3.493285e+00 
3.493285e+00 
3.493285e+00 
3.493285e+00 
3.493285e+00 
3.493285e+00 
3.493285e+00 
3.493285e+00 
3.493285e+00 
3.493285e+00 
3.493285e+00 
3.493285e+00 
3.493285e+00 
3.493285e+00 
3.493285e+00 
3.493285e+00 
3.493285e+00 
3.493285e+00 
3.493285e+00 
3.493285e+00 
3.493285e+00 
3.493285e+00 
3.493285e+00 
3.493285e+00 
3.493285e+00 
3.493285e+00 
3.493285e+00 
3.493285e+00 
3.493285e+00 
3.493285e+00 
3.493285e+00 
3.493285e+00 
3.493285e+00 
3.493285e+00 
3.493285e+00 
3.493285e+00 
3.493285e+00 
3.493285e+00 
3.493285e+00 
3.493285e+00 
3.493285e+00 
3.493285e+00 
3.493285e+00 
3.493285e+00 
3.493285e+00 
3.493285e+00 
3.493285e+00 
3.493285e+00 
3.493285e+00 
3.493285e+00 
3.493285e+00 
3.493285e+00 
3.493285e+00 
3.493285e+00 
3.493285e+00 
3.493285e+00 
3.493285e+00 
3.493285e+00 
3.493285e+00 
3.493285e+00 
3.493285e+00 
3.493285e+00 
3.493285e+00 
3.493285e+00 
3.493285e+00 
3.493285e+00 
3.493285e+00 
3.493285e+00 
3.493285e+00 
3.493285e+00 
3.493285e+00 
3.493285e+00 
3.493285e+00 
3.493285e+00 
3.493285e+00 
3.493285e+00 
3.493285e+00 
3.493285e+00 
3.493285e+00 
3.493285e+00 
3.493285e+00 
3.493285e+00 
3.493285e+00 
3.493285e+00 
3.493285e+00 
3.493285e+00 
3.493285e+00 
3.493285e+00 
3.493285e+00 
3.493285e+00 
3.493285e+00 
3.493285e+00 
3.493285e+00 
3.493285e+00 
3.493285e+00 
3.493285e+00 
3.493285e+00 
3.493285e+00 
3.493285e+00 
3.493285e+00 
3.493285e+00 
3.493285e+00 
3.493285e+00 
3.493285e+00 
3.493285e+00 
3.493285e+00 
3.493285e+00 
3.493285e+00 
3.493285e+00 
3.493285e+00 
3.493285e+00 
3.493285e+00 
3.493285e+00 
3.493285e+00 
3.493285e+00 
3.493285e+00 
3.493285e+00 
3.493285e+00 
3.493285e+00 
3.493285e+00 
3.493285e+00 
3.493285e+00 
3.493285e+00 
3.493285e+00 
3.493285e+00 
3.493285e+00 
3.493285e+00 
3.493285e+00 
3.493285e+00 
3.493285e+00 
3.493285e+00 
3.493285e+00 
3.493285e+00 
3.493285e+00 
3.493285e+00 
3.493285e+00 
3.493285e+00 
3.493285e+00 
3.493285e+00 
3.493285e+00 
3.493285e+00 
3.493285e+00 
3.493285e+00 
3.493285e+00 
3.493285e+00 
3.493285e+00 
3.493285e+00 
3.493285e+00 
3.493285e+00 
3.493285e+00 
3.493285e+00 
3.493285e+00 
3.493285e+00 
3.493285e+00 
3.493285e+00 
3.493285e+00 
3.493285e+00 
3.493285e+00 
3.493285e+00 
3.493285e+00 
3.493285e+00 
3.493285e+00 
3.493285e+00 
3.493285e+00 
3.493285e+00 
3.493285e+00 
3.493285e+00 
3.493285e+00 
3.493285e+00 
3.493285e+00 
3.493285e+00 
3.493285e+00 
3.493285e+00 
3.493285e+00 
3.493285e+00 
3.493285e+00 
3.493285e+00 
3.493285e+00 
3.493285e+00 
3.493285e+00 
3.493285e+00 
3.493285e+00 
3.493285e+00 
3.493285e+00 
3.493285e+00 
3.493285e+00 
3.493285e+00 
3.493285e+00 
3.493285e+00 
3.493285e+00 
3.493285e+00 
3.493285e+00 
3.493285e+00 
3.493285e+00 
3.493285e+00 
3.493285e+00 
3.493285e+00 
3.493285e+00 
3.493285e+00 
3.493285e+00 
3.493285e+00 
3.493285e+00 
3.493285e+00 
3.493285e+00 
3.493285e+00 
3.493285e+00 
3.493285e+00 
3.493285e+00 
3.493285e+00 
3.493285e+00 
3.493285e+00 
3.493285e+00 
3.493285e+00 
3.493285e+00 
3.493285e+00 
3.493285e+00 
3.493285e+00 
3.493285e+00 
3.493285e+00 
3.493285e+00 
3.493285e+00 
3.493285e+00 
3.493285e+00 
3.493285e+00 
3.493285e+00 
3.493285e+00 
3.493285e+00 
3.493285e+00 
3.493285e+00 
3.493285e+00 
2.950423e+00 
2.950423e+00 
2.950423e+00 
2.950423e+00 
2.950423e+00 
2.950423e+00 
2.950423e+00 
2.950423e+00 
2.950423e+00 
2.950423e+00 
2.950423e+00 
2.950423e+00 
2.950423e+00 
2.950423e+00 
2.950423e+00 
2.950423e+00 
2.950423e+00 
2.950423e+00 
2.950423e+00 
2.950423e+00 
2.734735e+00 
2.734735e+00 
2.734735e+00 
2.734735e+00 
2.734735e+00 
2.734735e+00 
2.734735e+00 
2.734735e+00 
2.734735e+00 
2.734735e+00 
2.734735e+00 
2.734735e+00 
2.734735e+00 
2.734735e+00 
2.734735e+00 
2.734735e+00 
2.734735e+00 
2.734735e+00 
2.734735e+00 
2.734735e+00 
2.734735e+00 
2.734735e+00 
2.734735e+00 
2.734735e+00 
2.734735e+00 
2.734735e+00 
2.734735e+00 
2.734735e+00 
2.734735e+00 
2.734735e+00 
2.734735e+00 
2.734735e+00 
2.734735e+00 
2.734735e+00 
2.734735e+00 
2.734735e+00 
2.734735e+00 
2.734735e+00 
2.629589e+00 
2.629589e+00 
2.629589e+00 
2.629589e+00 
2.629589e+00 
2.629589e+00 
2.629589e+00 
2.629589e+00 
2.629589e+00 
2.629589e+00 
2.204571e+00 
2.204571e+00 
2.204571e+00 
2.204571e+00 
2.204571e+00 
2.204571e+00 
2.204571e+00 
2.204571e+00 
2.204571e+00 
2.204571e+00 
2.204571e+00 
2.204571e+00 
2.204571e+00 
2.204571e+00 
2.204571e+00 
2.204571e+00 
2.204571e+00 
2.204571e+00 
2.204571e+00 
2.204571e+00 
2.204571e+00 
2.204571e+00 
2.204571e+00 
2.204571e+00 
2.204571e+00 
2.204571e+00 
2.204571e+00 
2.204571e+00 
2.204571e+00 
2.204571e+00 
2.204571e+00 
2.204571e+00 
2.204571e+00 
2.204571e+00 
2.204571e+00 
2.204571e+00 
2.204571e+00 
2.204571e+00 
2.204571e+00 
2.204571e+00 
2.204571e+00 
2.204571e+00 
2.204571e+00 
2.204571e+00 
2.204571e+00 
2.204571e+00 
2.204571e+00 
2.204571e+00 
2.204571e+00 
2.204571e+00 
2.204571e+00 
2.204571e+00 
2.204571e+00 
2.204571e+00 
2.204571e+00 
2.204571e+00 
2.204571e+00 
2.204571e+00 
2.204571e+00 
2.204571e+00 
2.204571e+00 
2.204571e+00 
2.204571e+00 
2.204571e+00 
2.204571e+00 
2.204571e+00 
2.204571e+00 
2.204571e+00 
2.204571e+00 
2.204571e+00 
2.204571e+00 
2.204571e+00 
2.204571e+00 
2.204571e+00 
2.204571e+00 
2.204571e+00 
2.204571e+00 
2.204571e+00 
2.204571e+00 
2.204571e+00 
2.204571e+00 
2.204571e+00 
2.204571e+00 
2.204571e+00 
2.204571e+00 
1.909543e+00 
1.909543e+00 
1.909543e+00 
1.909543e+00 
1.909543e+00 
1.909543e+00 
1.909543e+00 
1.909543e+00 
1.909543e+00 
1.909543e+00 
1.909543e+00 
1.909543e+00 
1.909543e+00 
1.909543e+00 
1.742628e+00 
1.742628e+00 
1.742628e+00 
1.742628e+00 
1.742628e+00 
1.742628e+00 
1.742628e+00 
1.742628e+00 
1.742628e+00 
1.742628e+00 
1.742628e+00 
1.742628e+00 
1.742628e+00 
1.742628e+00 
1.742628e+00 
1.742628e+00 
1.742628e+00 
1.742628e+00 
1.679767e+00 
1.679767e+00 
1.679767e+00 
1.679767e+00 
1.679767e+00 
1.679767e+00 
1.679767e+00 
1.679767e+00 
1.679767e+00 
1.679767e+00 
1.679767e+00 
1.679767e+00 
1.679767e+00 
1.679767e+00 
1.679767e+00 
1.679767e+00 
1.679767e+00 
1.679767e+00 
1.679767e+00 
1.679767e+00 
1.679767e+00 
1.679767e+00 
1.679767e+00 
1.679767e+00 
1.679767e+00 
1.679767e+00 
1.679767e+00 
1.679767e+00 
1.679767e+00 
1.679767e+00 
1.679767e+00 
1.679767e+00 
1.679767e+00 
1.679767e+00 
1.679767e+00 
1.679767e+00 
1.679767e+00 
1.679767e+00 
1.679767e+00 
1.679767e+00 
1.679767e+00 
1.679767e+00 
1.679767e+00 
1.679767e+00 
1.679767e+00 
1.679767e+00 
1.679767e+00 
1.623551e+00 
1.623551e+00 
1.623551e+00 
1.623551e+00 
1.623551e+00 
1.623551e+00 
1.623551e+00 
1.623551e+00 
1.623551e+00 
1.623551e+00 
1.623551e+00 
1.623551e+00 
1.623551e+00 
1.623551e+00 
1.623551e+00 
1.623551e+00 
1.623551e+00 
1.623551e+00 
1.623551e+00 
1.623551e+00 
1.623551e+00 
1.623551e+00 
1.623551e+00 
1.609944e+00 
1.609944e+00 
1.609944e+00 
1.609944e+00 
1.609944e+00 
1.609944e+00 
1.609944e+00 
1.609944e+00 
1.609944e+00 
1.609944e+00 
1.609944e+00 
1.609944e+00 
1.609944e+00 
1.609944e+00 
1.609944e+00 
1.609944e+00 
1.609944e+00 
1.609944e+00 
1.609944e+00 
1.609944e+00 
1.609944e+00 
1.609944e+00 
1.609944e+00 
1.609944e+00 
1.609944e+00 
1.609944e+00 
1.609944e+00 
1.609944e+00 
1.609944e+00 
1.609944e+00 
1.609944e+00 
1.609944e+00 
1.609944e+00 
1.609944e+00 
1.609944e+00 
1.609944e+00 
1.609944e+00 
1.609944e+00 
1.540985e+00 
1.540985e+00 
1.540985e+00 
1.540985e+00 
1.540985e+00 
1.540985e+00 
1.540985e+00 
1.540985e+00 
1.540985e+00 
1.540985e+00 
1.540985e+00 
1.540985e+00 
1.540985e+00 
1.540985e+00 
1.540985e+00 
1.540985e+00 
1.540985e+00 
1.540985e+00 
1.540985e+00 
1.540985e+00 
1.540985e+00 
1.540985e+00 
1.540985e+00 
1.540985e+00 
1.540985e+00 
1.540985e+00 
1.540985e+00 
1.540985e+00 
1.540985e+00 
1.540985e+00 
1.540985e+00 
1.540985e+00 
1.540985e+00 
1.540985e+00 
1.540985e+00 
1.540985e+00 
1.540985e+00 
1.540985e+00 
1.540985e+00 
1.540985e+00 
1.540985e+00 
1.540985e+00 
1.540985e+00 
1.540985e+00 
1.540985e+00 
1.540985e+00 
1.540985e+00 
1.540985e+00 
1.540985e+00 
1.411981e+00 
1.411981e+00 
1.411981e+00 
1.411981e+00 
1.411981e+00 
1.411981e+00 
1.411981e+00 
1.411981e+00 
1.397129e+00 
1.397129e+00 
1.397129e+00 
1.397129e+00 
1.397129e+00 
1.397129e+00 
1.297906e+00 
1.297906e+00 
1.297906e+00 
1.297906e+00 
1.297906e+00 
1.297906e+00 
1.297906e+00 
1.297906e+00 
1.234823e+00 
1.234823e+00 
1.234823e+00 
1.234823e+00 
1.234823e+00 
1.234823e+00 
1.178124e+00 
1.178124e+00 
1.178124e+00 
1.178124e+00 
1.178124e+00 
1.178124e+00 
1.178124e+00 
1.178124e+00 
1.178124e+00 
1.178124e+00 
1.178124e+00 
1.178124e+00 
1.178124e+00 
1.178124e+00 
1.178124e+00 
1.178124e+00 
1.178124e+00 
1.114381e+00 
1.114381e+00 
1.114381e+00 
1.114381e+00 
1.114381e+00 
1.114381e+00 
1.114381e+00 
1.028603e+00 
1.028603e+00 
1.028603e+00 
1.028603e+00 
1.028603e+00 
1.028603e+00 
1.028603e+00 
1.028603e+00 
1.028603e+00 
1.028603e+00 
1.028603e+00 
1.028603e+00 
1.028603e+00 
1.028603e+00 
1.028603e+00 
1.028603e+00 
1.028603e+00 
1.028603e+00 
1.028603e+00 
1.028603e+00 
1.028603e+00 
1.028603e+00 
1.028603e+00 
1.028603e+00 
1.022717e+00 
1.022717e+00 
1.022717e+00 
1.022717e+00 
1.022717e+00 
1.022717e+00 
1.022717e+00 
1.017011e+00 
1.017011e+00 
1.017011e+00 
1.017011e+00 
1.017011e+00 
1.016513e+00 
1.016513e+00 
1.016513e+00 
1.016513e+00 
1.016513e+00 
1.016513e+00 
1.016513e+00 
1.016513e+00 
1.016513e+00 
1.016513e+00 
1.016513e+00 
1.016513e+00 
1.016513e+00 
1.016513e+00 
1.016513e+00 
1.016513e+00 
1.016513e+00 
1.016513e+00 
1.016513e+00 
1.016513e+00 
1.016513e+00 
1.016513e+00 
1.016513e+00 
1.016513e+00 
1.016513e+00 
1.016513e+00 
1.016513e+00 
1.016513e+00 
1.016513e+00 
1.016513e+00 
1.016513e+00 
1.016513e+00 
1.016513e+00 
1.016513e+00 
1.016513e+00 
1.016513e+00 
1.016513e+00 
1.016513e+00 
1.016513e+00 
1.016513e+00 
1.016513e+00 
1.016513e+00 
1.016513e+00 
1.016513e+00 
1.016513e+00 
1.016513e+00 
1.016513e+00 
1.013022e+00 
1.013022e+00 
1.013022e+00 
1.013022e+00 
9.547747e-01 
9.547747e-01 
9.547747e-01 
9.547747e-01 
9.547747e-01 
9.547747e-01 
9.547747e-01 
9.547747e-01 
9.547747e-01 
9.547747e-01 
9.547747e-01 
9.547747e-01 
9.547747e-01 
9.547747e-01 
9.547747e-01 
9.547747e-01 
9.547747e-01 
9.547747e-01 
9.547747e-01 
9.547747e-01 
9.547747e-01 
9.547747e-01 
9.547747e-01 
9.547747e-01 
9.547747e-01 
9.547747e-01 
9.547747e-01 
9.547747e-01 
9.547747e-01 
9.547747e-01 
9.547747e-01 
9.547747e-01 
9.547747e-01 
9.547747e-01 
9.547747e-01 
9.547747e-01 
9.547747e-01 
9.547747e-01 
9.547747e-01 
9.547747e-01 
9.547747e-01 
9.547747e-01 
9.547747e-01 
9.547747e-01 
9.547747e-01 
9.084111e-01 
9.084111e-01 
9.084111e-01 
9.084111e-01 
9.084111e-01 
9.084111e-01 
9.084111e-01 
9.084111e-01 
9.084111e-01 
9.084111e-01 
9.084111e-01 
9.084111e-01 
9.084111e-01 
9.084111e-01 
9.084111e-01 
9.084111e-01 
9.084111e-01 
9.084111e-01 
9.084111e-01 
9.084111e-01 
9.084111e-01 
9.084111e-01 
9.084111e-01 
8.601499e-01 
8.601499e-01 
8.601499e-01 
8.601499e-01 
8.601499e-01 
8.116672e-01 
8.116672e-01 
8.116672e-01 
8.116672e-01 
8.116672e-01 
8.116672e-01 
8.116672e-01 
8.116672e-01 
8.116672e-01 
8.116672e-01 
8.116672e-01 
8.116672e-01 
8.116672e-01 
8.116672e-01 
8.023960e-01 
8.023960e-01 
8.023960e-01 
8.023960e-01 
8.023960e-01 
7.851651e-01 
7.851651e-01 
7.851651e-01 
7.851651e-01 
7.851651e-01 
7.851651e-01 
7.851651e-01 
7.851651e-01 
7.851651e-01 
7.851651e-01 
7.851651e-01 
7.851651e-01 
7.851651e-01 
7.851651e-01 
7.851651e-01 
7.851651e-01 
7.851651e-01 
7.851651e-01 
7.851651e-01 
7.851651e-01 
7.851651e-01 
7.851651e-01 
7.851651e-01 
7.851651e-01 
7.851651e-01 
7.851651e-01 
7.851651e-01 
7.851651e-01 
7.851651e-01 
7.851651e-01 
7.851651e-01 
7.851651e-01 
7.851651e-01 
7.851651e-01 
7.851651e-01 
7.851651e-01 
7.851651e-01 
7.851651e-01 
7.851651e-01 
7.851651e-01 
7.851651e-01 
7.851651e-01 
7.851651e-01 
7.851651e-01 
7.851651e-01 
7.851651e-01 
7.851651e-01 
7.810835e-01 
7.810835e-01 
7.810835e-01 
7.743499e-01 
7.743499e-01 
7.743499e-01 
7.743499e-01 
7.743499e-01 
7.743499e-01 
7.743499e-01 
7.743499e-01 
7.738116e-01 
7.738116e-01 
7.738116e-01 
7.738116e-01 
7.738116e-01 
7.738116e-01 
7.738116e-01 
7.727073e-01 
7.727073e-01 
7.727073e-01 
7.727073e-01 
7.727073e-01 
7.727073e-01 
7.727073e-01 
7.727073e-01 
7.727073e-01 
7.727073e-01 
7.727073e-01 
7.701007e-01 
7.701007e-01 
7.701007e-01 
7.688737e-01 
7.616150e-01 
7.553412e-01 
7.553412e-01 
7.553412e-01 
