6.297015e+02 
4.726761e+02 
4.726761e+02 
4.726761e+02 
4.726761e+02 
4.726761e+02 
4.589633e+02 
4.589633e+02 
4.589633e+02 
4.589633e+02 
4.589633e+02 
4.589633e+02 
4.589633e+02 
4.589633e+02 
4.589633e+02 
4.589633e+02 
4.589633e+02 
4.589633e+02 
4.589633e+02 
4.589633e+02 
4.589633e+02 
4.589633e+02 
4.589633e+02 
4.589633e+02 
4.589633e+02 
4.589633e+02 
4.589633e+02 
3.526612e+02 
3.526612e+02 
3.526612e+02 
3.526612e+02 
3.526612e+02 
3.526612e+02 
3.526612e+02 
3.526612e+02 
3.526612e+02 
3.526612e+02 
3.526612e+02 
3.526612e+02 
3.526612e+02 
3.526612e+02 
3.526612e+02 
3.526612e+02 
3.526612e+02 
3.526612e+02 
2.928915e+02 
2.928915e+02 
2.928915e+02 
2.928915e+02 
2.928915e+02 
2.928915e+02 
2.928915e+02 
2.928915e+02 
2.928915e+02 
2.928915e+02 
2.928915e+02 
2.928915e+02 
2.928915e+02 
2.928915e+02 
2.928915e+02 
2.928915e+02 
2.928915e+02 
2.928915e+02 
2.928915e+02 
2.928915e+02 
2.928915e+02 
2.928915e+02 
2.928915e+02 
2.928915e+02 
2.928915e+02 
2.928915e+02 
2.928915e+02 
2.928915e+02 
2.486361e+02 
2.486361e+02 
2.486361e+02 
1.772362e+02 
1.772362e+02 
1.772362e+02 
1.772362e+02 
1.772362e+02 
1.772362e+02 
1.772362e+02 
1.772362e+02 
1.772362e+02 
1.772362e+02 
1.772362e+02 
1.772362e+02 
1.772362e+02 
1.772362e+02 
1.772362e+02 
1.772362e+02 
1.772362e+02 
1.772362e+02 
1.772362e+02 
1.772362e+02 
1.772362e+02 
1.772362e+02 
1.772362e+02 
1.772362e+02 
1.772362e+02 
1.772362e+02 
1.772362e+02 
1.772362e+02 
1.772362e+02 
1.772362e+02 
1.772362e+02 
1.772362e+02 
1.772362e+02 
1.772362e+02 
1.772362e+02 
1.772362e+02 
1.772362e+02 
1.772362e+02 
1.772362e+02 
1.772362e+02 
1.772362e+02 
1.772362e+02 
1.772362e+02 
1.772362e+02 
1.772362e+02 
1.772362e+02 
1.772362e+02 
1.772362e+02 
1.772362e+02 
1.772362e+02 
1.772362e+02 
1.772362e+02 
1.772362e+02 
1.772362e+02 
1.772362e+02 
1.772362e+02 
1.772362e+02 
1.772362e+02 
1.772362e+02 
1.772362e+02 
1.772362e+02 
1.772362e+02 
1.772362e+02 
1.772362e+02 
1.772362e+02 
1.772362e+02 
1.772362e+02 
1.772362e+02 
1.772362e+02 
1.772362e+02 
1.772362e+02 
1.505537e+02 
1.505537e+02 
1.505537e+02 
1.505537e+02 
1.505537e+02 
1.505537e+02 
1.505537e+02 
1.505537e+02 
1.505537e+02 
1.505537e+02 
1.505537e+02 
1.505537e+02 
1.505537e+02 
1.505537e+02 
1.505537e+02 
1.505537e+02 
1.505537e+02 
1.505537e+02 
1.505537e+02 
1.505537e+02 
1.505537e+02 
1.505537e+02 
1.505537e+02 
1.505537e+02 
1.505537e+02 
1.505537e+02 
1.505537e+02 
1.505537e+02 
1.505537e+02 
1.505537e+02 
1.505537e+02 
1.505537e+02 
1.505537e+02 
1.505537e+02 
1.505537e+02 
1.505537e+02 
1.437813e+02 
1.437813e+02 
1.437813e+02 
1.437813e+02 
1.437813e+02 
1.437813e+02 
1.437813e+02 
1.437813e+02 
1.437813e+02 
1.437813e+02 
1.437813e+02 
1.437813e+02 
1.437813e+02 
1.437813e+02 
1.437813e+02 
1.437813e+02 
1.437813e+02 
1.437813e+02 
1.437813e+02 
1.437813e+02 
1.437813e+02 
1.437813e+02 
1.437813e+02 
1.437813e+02 
1.437813e+02 
1.437813e+02 
1.437813e+02 
1.437813e+02 
1.437813e+02 
1.437813e+02 
1.437813e+02 
1.437813e+02 
1.370383e+02 
1.370383e+02 
1.370383e+02 
1.370383e+02 
1.370383e+02 
1.370383e+02 
1.370383e+02 
1.370383e+02 
1.370383e+02 
1.370383e+02 
1.370383e+02 
1.370383e+02 
1.370383e+02 
1.370383e+02 
1.370383e+02 
1.370383e+02 
1.370383e+02 
1.370383e+02 
1.370383e+02 
1.370383e+02 
1.370383e+02 
1.370383e+02 
1.370383e+02 
1.370383e+02 
1.370383e+02 
1.370383e+02 
1.370383e+02 
1.370383e+02 
1.370383e+02 
1.370383e+02 
1.370383e+02 
1.370383e+02 
1.370383e+02 
1.370383e+02 
1.370383e+02 
1.370383e+02 
1.370383e+02 
1.370383e+02 
1.370383e+02 
1.370383e+02 
1.370383e+02 
1.370383e+02 
1.370383e+02 
1.370383e+02 
1.370383e+02 
1.370383e+02 
1.370383e+02 
1.370383e+02 
1.370383e+02 
1.370383e+02 
1.370383e+02 
1.370383e+02 
1.370383e+02 
1.370383e+02 
1.370383e+02 
1.370383e+02 
1.370383e+02 
1.338455e+02 
1.338455e+02 
1.338455e+02 
1.338455e+02 
1.338455e+02 
1.338455e+02 
1.338455e+02 
1.338455e+02 
1.338455e+02 
1.338455e+02 
1.338455e+02 
1.338455e+02 
1.338455e+02 
1.338455e+02 
1.338455e+02 
1.338455e+02 
1.338455e+02 
1.338455e+02 
1.338455e+02 
1.338455e+02 
1.338455e+02 
1.338455e+02 
1.338455e+02 
1.338455e+02 
1.338455e+02 
1.338455e+02 
1.338455e+02 
1.338455e+02 
1.338455e+02 
1.338455e+02 
1.338455e+02 
1.338455e+02 
1.338455e+02 
1.338455e+02 
1.338455e+02 
1.338455e+02 
1.338455e+02 
1.338455e+02 
1.338455e+02 
1.338455e+02 
1.338455e+02 
1.338455e+02 
1.338455e+02 
1.338455e+02 
1.338455e+02 
1.338455e+02 
1.338455e+02 
1.338455e+02 
1.338455e+02 
1.338455e+02 
1.338455e+02 
1.338455e+02 
1.338455e+02 
1.338455e+02 
1.338455e+02 
1.338455e+02 
1.338455e+02 
1.338455e+02 
1.338455e+02 
1.338455e+02 
1.338455e+02 
1.338455e+02 
1.338455e+02 
1.338455e+02 
1.338455e+02 
1.338455e+02 
1.338455e+02 
1.338455e+02 
1.338455e+02 
1.338455e+02 
1.338455e+02 
1.338455e+02 
1.338455e+02 
1.338455e+02 
1.338455e+02 
1.316988e+02 
1.316988e+02 
1.316988e+02 
1.316988e+02 
1.316988e+02 
1.316988e+02 
1.316988e+02 
1.316988e+02 
1.316988e+02 
1.316988e+02 
1.316988e+02 
1.316988e+02 
1.316988e+02 
1.316988e+02 
1.316988e+02 
1.316988e+02 
1.316988e+02 
1.310290e+02 
1.310290e+02 
1.310290e+02 
1.310290e+02 
1.310290e+02 
1.310290e+02 
1.310290e+02 
1.310290e+02 
1.310290e+02 
1.310290e+02 
1.310290e+02 
1.310290e+02 
1.310290e+02 
1.310290e+02 
1.295172e+02 
1.295172e+02 
1.295172e+02 
1.295172e+02 
1.295172e+02 
1.295172e+02 
1.295172e+02 
1.295172e+02 
1.295172e+02 
1.295172e+02 
1.295172e+02 
1.295172e+02 
1.295172e+02 
1.295172e+02 
1.295172e+02 
1.295172e+02 
1.295172e+02 
1.295172e+02 
1.295172e+02 
1.295172e+02 
1.295172e+02 
1.295172e+02 
1.295172e+02 
1.295172e+02 
1.261833e+02 
1.261833e+02 
1.261833e+02 
1.261833e+02 
1.261833e+02 
1.261833e+02 
1.261833e+02 
1.261833e+02 
1.261833e+02 
1.261833e+02 
1.261833e+02 
1.256325e+02 
1.256325e+02 
1.256325e+02 
1.256325e+02 
1.256325e+02 
1.256325e+02 
1.256325e+02 
1.256325e+02 
1.256325e+02 
1.256325e+02 
1.256325e+02 
1.256325e+02 
1.256325e+02 
1.256325e+02 
1.256325e+02 
1.256325e+02 
1.256325e+02 
1.242884e+02 
1.242884e+02 
1.242884e+02 
1.242884e+02 
1.242884e+02 
1.242884e+02 
1.242884e+02 
1.242884e+02 
1.242884e+02 
1.242884e+02 
1.242884e+02 
1.242884e+02 
1.242884e+02 
1.242884e+02 
1.242884e+02 
1.242884e+02 
1.242884e+02 
1.242884e+02 
1.242884e+02 
1.242884e+02 
1.242884e+02 
1.242884e+02 
1.242884e+02 
1.242884e+02 
1.242884e+02 
1.242884e+02 
1.242884e+02 
1.242884e+02 
1.242884e+02 
1.242884e+02 
1.242884e+02 
1.242884e+02 
1.242884e+02 
1.242884e+02 
1.242884e+02 
1.242884e+02 
1.242884e+02 
1.242884e+02 
1.242884e+02 
1.242884e+02 
1.240020e+02 
1.240020e+02 
1.240020e+02 
1.240020e+02 
1.240020e+02 
1.240020e+02 
1.240020e+02 
1.240020e+02 
1.240020e+02 
1.240020e+02 
1.240020e+02 
1.240020e+02 
1.240020e+02 
1.240020e+02 
1.240020e+02 
1.240020e+02 
1.240020e+02 
1.240020e+02 
1.240020e+02 
1.240020e+02 
1.240020e+02 
1.240020e+02 
1.240020e+02 
1.240020e+02 
1.240020e+02 
1.240020e+02 
1.240020e+02 
1.240020e+02 
1.240020e+02 
1.240020e+02 
1.240020e+02 
1.240020e+02 
1.240020e+02 
1.240020e+02 
1.240020e+02 
1.240020e+02 
1.240020e+02 
1.240020e+02 
1.240020e+02 
1.240020e+02 
1.240020e+02 
1.240020e+02 
1.240020e+02 
1.240020e+02 
1.240020e+02 
1.240020e+02 
1.240020e+02 
1.240020e+02 
1.240020e+02 
1.240020e+02 
1.240020e+02 
1.240020e+02 
1.240020e+02 
1.240020e+02 
1.240020e+02 
1.240020e+02 
1.240020e+02 
1.240020e+02 
1.240020e+02 
1.240020e+02 
1.240020e+02 
1.240020e+02 
1.240020e+02 
1.240020e+02 
1.240020e+02 
1.240020e+02 
1.240020e+02 
1.240020e+02 
1.240020e+02 
1.240020e+02 
1.240020e+02 
1.240020e+02 
1.240020e+02 
1.236191e+02 
1.236191e+02 
1.236191e+02 
1.236191e+02 
1.236191e+02 
1.236191e+02 
1.236191e+02 
1.236191e+02 
1.236191e+02 
1.236191e+02 
1.236191e+02 
1.236191e+02 
1.236191e+02 
1.236191e+02 
1.236191e+02 
1.236191e+02 
1.236191e+02 
1.236191e+02 
1.236191e+02 
1.236191e+02 
1.236191e+02 
1.236191e+02 
1.236191e+02 
1.236191e+02 
1.236191e+02 
1.236191e+02 
1.230908e+02 
1.230908e+02 
1.230908e+02 
1.230908e+02 
1.230908e+02 
1.230908e+02 
1.230908e+02 
1.230908e+02 
1.230908e+02 
1.230908e+02 
1.230908e+02 
1.230908e+02 
1.230908e+02 
1.224462e+02 
1.224462e+02 
1.224462e+02 
1.224462e+02 
1.224462e+02 
1.224462e+02 
1.224462e+02 
1.224462e+02 
1.224462e+02 
1.224462e+02 
1.224462e+02 
1.224462e+02 
1.224462e+02 
1.224462e+02 
1.224462e+02 
1.224462e+02 
1.224462e+02 
1.224462e+02 
1.224462e+02 
1.224462e+02 
1.220546e+02 
1.220546e+02 
1.220546e+02 
1.220546e+02 
1.220546e+02 
1.220546e+02 
1.220546e+02 
1.220546e+02 
1.220546e+02 
1.220546e+02 
1.220546e+02 
1.220546e+02 
1.220546e+02 
1.220546e+02 
1.220546e+02 
1.220546e+02 
1.220546e+02 
1.220546e+02 
1.220546e+02 
1.220546e+02 
1.220546e+02 
1.220546e+02 
1.220546e+02 
1.220546e+02 
1.220546e+02 
1.220546e+02 
1.220546e+02 
1.220546e+02 
1.220546e+02 
1.220546e+02 
1.220546e+02 
1.220546e+02 
1.220546e+02 
1.220546e+02 
1.220546e+02 
1.219949e+02 
1.219949e+02 
1.219949e+02 
1.219949e+02 
1.219949e+02 
1.219949e+02 
1.219949e+02 
1.219949e+02 
1.219949e+02 
1.219949e+02 
1.219949e+02 
1.219949e+02 
1.219949e+02 
1.219949e+02 
1.219949e+02 
1.219949e+02 
1.219949e+02 
1.219857e+02 
1.219857e+02 
1.219857e+02 
1.219857e+02 
1.219857e+02 
1.219857e+02 
1.219857e+02 
1.219857e+02 
1.219857e+02 
1.219857e+02 
1.219857e+02 
1.219857e+02 
1.219857e+02 
1.219857e+02 
1.219857e+02 
1.219857e+02 
1.219857e+02 
1.219857e+02 
1.219857e+02 
1.219857e+02 
1.217998e+02 
1.217998e+02 
1.217998e+02 
1.217998e+02 
1.217998e+02 
1.217998e+02 
1.217998e+02 
1.217998e+02 
1.217998e+02 
1.217998e+02 
1.217998e+02 
1.217998e+02 
1.217998e+02 
1.217998e+02 
1.217998e+02 
1.217998e+02 
1.217998e+02 
1.217998e+02 
1.217998e+02 
1.217998e+02 
1.217998e+02 
1.217998e+02 
1.217998e+02 
1.217998e+02 
1.217998e+02 
1.217998e+02 
1.217998e+02 
1.217998e+02 
1.217998e+02 
1.217998e+02 
1.217998e+02 
1.217998e+02 
1.217998e+02 
1.217998e+02 
1.217998e+02 
1.217998e+02 
1.217998e+02 
1.217998e+02 
1.217998e+02 
1.217998e+02 
1.217998e+02 
1.217998e+02 
1.217998e+02 
1.217998e+02 
1.217998e+02 
1.217998e+02 
1.217998e+02 
1.217998e+02 
1.217998e+02 
1.217998e+02 
1.217998e+02 
1.217998e+02 
1.217189e+02 
1.217189e+02 
1.217189e+02 
1.217189e+02 
1.217189e+02 
1.217189e+02 
1.217189e+02 
1.217189e+02 
1.217189e+02 
1.217189e+02 
1.217189e+02 
1.217189e+02 
1.217189e+02 
1.217189e+02 
1.217189e+02 
1.217189e+02 
1.217189e+02 
1.217189e+02 
1.217189e+02 
1.217189e+02 
1.217189e+02 
1.217189e+02 
1.217189e+02 
1.217189e+02 
1.217189e+02 
1.217189e+02 
1.217189e+02 
1.217189e+02 
1.217189e+02 
1.217189e+02 
1.217189e+02 
1.217189e+02 
1.217189e+02 
1.217189e+02 
1.217189e+02 
1.217189e+02 
1.216873e+02 
1.216873e+02 
1.216873e+02 
1.216873e+02 
1.216873e+02 
1.216085e+02 
1.216085e+02 
1.216085e+02 
1.216085e+02 
1.216085e+02 
1.216085e+02 
1.216085e+02 
1.216085e+02 
1.216085e+02 
1.216085e+02 
1.216085e+02 
1.216085e+02 
1.216085e+02 
1.216085e+02 
1.216085e+02 
1.216085e+02 
1.216085e+02 
1.216085e+02 
1.216085e+02 
1.216085e+02 
1.216085e+02 
1.216085e+02 
1.216085e+02 
1.216085e+02 
1.216080e+02 
1.216080e+02 
1.216080e+02 
1.216080e+02 
1.216080e+02 
1.216080e+02 
1.216080e+02 
1.216080e+02 
1.216080e+02 
1.215925e+02 
1.215925e+02 
1.215925e+02 
1.215925e+02 
1.215925e+02 
1.215925e+02 
1.215925e+02 
1.215728e+02 
1.215728e+02 
1.215728e+02 
1.215728e+02 
1.215728e+02 
1.215636e+02 
1.215636e+02 
1.215636e+02 
1.215636e+02 
1.215636e+02 
1.215480e+02 
1.215480e+02 
1.215480e+02 
1.215480e+02 
1.215480e+02 
1.215480e+02 
1.215480e+02 
1.215480e+02 
1.215480e+02 
1.215480e+02 
1.215480e+02 
1.215480e+02 
1.215480e+02 
1.215480e+02 
1.215480e+02 
1.215480e+02 
1.215480e+02 
1.215480e+02 
1.215480e+02 
1.215480e+02 
1.215480e+02 
1.215480e+02 
1.215480e+02 
1.215480e+02 
1.215480e+02 
1.215480e+02 
1.215480e+02 
1.215480e+02 
1.215394e+02 
1.215394e+02 
1.215394e+02 
1.215394e+02 
1.215394e+02 
1.215394e+02 
1.215394e+02 
1.215373e+02 
1.215373e+02 
1.215373e+02 
1.215373e+02 
1.215373e+02 
1.215236e+02 
1.215236e+02 
1.215236e+02 
1.215236e+02 
1.215236e+02 
1.215236e+02 
1.215236e+02 
1.215236e+02 
1.215236e+02 
1.215236e+02 
1.215236e+02 
1.215236e+02 
1.215236e+02 
1.215236e+02 
1.215236e+02 
1.215236e+02 
1.215236e+02 
1.215214e+02 
1.215214e+02 
1.215214e+02 
1.215214e+02 
1.215214e+02 
1.215214e+02 
1.215214e+02 
1.214982e+02 
1.214982e+02 
1.214982e+02 
1.214982e+02 
1.214982e+02 
1.214982e+02 
1.214982e+02 
1.214982e+02 
1.214982e+02 
1.214402e+02 
1.213110e+02 
1.213110e+02 
1.213110e+02 
1.213110e+02 
1.213110e+02 
1.213110e+02 
1.213110e+02 
1.213110e+02 
1.213110e+02 
1.213110e+02 
1.213110e+02 
1.213110e+02 
1.213110e+02 
1.213110e+02 
1.213110e+02 
1.213110e+02 
1.213110e+02 
1.213110e+02 
1.213110e+02 
1.211840e+02 
1.211840e+02 
1.211840e+02 
1.211840e+02 
1.211840e+02 
1.211840e+02 
1.211840e+02 
1.211840e+02 
1.211840e+02 
1.211840e+02 
1.211840e+02 
1.211840e+02 
1.211840e+02 
1.211840e+02 
1.211840e+02 
1.211840e+02 
1.211840e+02 
1.211840e+02 
1.211840e+02 
1.211840e+02 
1.211840e+02 
1.211840e+02 
1.211840e+02 
1.211840e+02 
1.211840e+02 
1.211840e+02 
1.211840e+02 
1.211840e+02 
1.211840e+02 
1.211840e+02 
1.211840e+02 
1.211840e+02 
1.211840e+02 
1.211840e+02 
1.211840e+02 
1.211840e+02 
1.211840e+02 
1.211840e+02 
1.211840e+02 
1.211840e+02 
1.211840e+02 
1.211840e+02 
1.211791e+02 
1.211791e+02 
1.211791e+02 
1.211791e+02 
1.211791e+02 
1.211791e+02 
1.211791e+02 
1.211791e+02 
1.211791e+02 
1.211791e+02 
1.211791e+02 
1.211791e+02 
1.211791e+02 
1.211321e+02 
1.211321e+02 
1.211321e+02 
1.211321e+02 
1.211321e+02 
1.211321e+02 
1.211321e+02 
1.211321e+02 
1.211321e+02 
1.211321e+02 
1.211321e+02 
1.211321e+02 
1.211321e+02 
1.211321e+02 
1.211321e+02 
1.211321e+02 
1.211321e+02 
1.211321e+02 
1.211321e+02 
1.211321e+02 
1.211321e+02 
1.211321e+02 
1.211321e+02 
1.211321e+02 
1.211321e+02 
1.211285e+02 
1.211285e+02 
1.211285e+02 
1.211285e+02 
1.211285e+02 
1.211285e+02 
1.211285e+02 
1.211285e+02 
1.211285e+02 
1.211285e+02 
1.211285e+02 
1.211285e+02 
1.211285e+02 
1.211285e+02 
1.211285e+02 
1.211285e+02 
1.211285e+02 
1.211285e+02 
1.211285e+02 
1.211285e+02 
1.211285e+02 
1.211285e+02 
1.211285e+02 
1.211285e+02 
1.211285e+02 
1.211285e+02 
1.211285e+02 
1.211285e+02 
1.211285e+02 
1.211285e+02 
1.211285e+02 
1.211285e+02 
1.211285e+02 
1.211285e+02 
1.211285e+02 
1.211285e+02 
1.211285e+02 
1.211285e+02 
1.211285e+02 
1.211285e+02 
1.211285e+02 
1.211285e+02 
1.211285e+02 
1.211285e+02 
1.211285e+02 
1.211285e+02 
1.211285e+02 
1.211285e+02 
1.211285e+02 
1.211285e+02 
1.211285e+02 
1.211285e+02 
1.211285e+02 
1.211285e+02 
1.211285e+02 
1.211285e+02 
1.211285e+02 
1.211285e+02 
1.211285e+02 
1.211285e+02 
1.211285e+02 
1.211285e+02 
1.211285e+02 
1.211285e+02 
1.211285e+02 
1.211285e+02 
1.211285e+02 
1.211285e+02 
1.211285e+02 
1.211285e+02 
1.210954e+02 
1.210954e+02 
1.210140e+02 
1.210140e+02 
1.210140e+02 
1.210140e+02 
1.210140e+02 
1.210140e+02 
1.210140e+02 
1.209663e+02 
1.209663e+02 
1.209663e+02 
1.209663e+02 
1.209663e+02 
1.209663e+02 
1.209663e+02 
1.209663e+02 
1.207751e+02 
1.207751e+02 
1.207751e+02 
1.207751e+02 
1.207751e+02 
1.207751e+02 
1.207751e+02 
1.207751e+02 
1.207751e+02 
1.207751e+02 
1.207751e+02 
1.207751e+02 
1.207751e+02 
1.207751e+02 
1.207751e+02 
1.207751e+02 
1.207751e+02 
1.207751e+02 
1.207751e+02 
1.207751e+02 
1.207751e+02 
1.207751e+02 
1.206642e+02 
1.206642e+02 
1.206642e+02 
1.206642e+02 
1.206642e+02 
1.206642e+02 
1.206642e+02 
1.206642e+02 
1.206642e+02 
1.206642e+02 
1.206428e+02 
1.206428e+02 
1.206428e+02 
1.206428e+02 
1.206428e+02 
1.206428e+02 
1.206428e+02 
1.206428e+02 
1.206428e+02 
1.206428e+02 
1.206428e+02 
1.206428e+02 
1.206428e+02 
1.206428e+02 
1.206428e+02 
1.206428e+02 
1.206428e+02 
1.206428e+02 
1.206428e+02 
1.206428e+02 
1.206428e+02 
1.206428e+02 
1.206428e+02 
1.206428e+02 
1.206428e+02 
1.206428e+02 
1.206428e+02 
1.206428e+02 
1.206428e+02 
1.206428e+02 
1.206428e+02 
1.206428e+02 
1.206428e+02 
1.206428e+02 
1.206428e+02 
1.206428e+02 
1.206428e+02 
1.206428e+02 
1.206428e+02 
1.206428e+02 
1.206428e+02 
1.206428e+02 
1.206428e+02 
1.206428e+02 
1.206428e+02 
1.206428e+02 
1.206428e+02 
1.206428e+02 
1.206428e+02 
1.206428e+02 
1.206428e+02 
1.206428e+02 
1.206428e+02 
1.206428e+02 
1.206428e+02 
1.206428e+02 
1.206428e+02 
1.205692e+02 
1.205692e+02 
1.205692e+02 
1.205160e+02 
1.205160e+02 
1.205160e+02 
1.205160e+02 
1.205160e+02 
1.205160e+02 
1.205160e+02 
1.205160e+02 
1.205160e+02 
1.205160e+02 
1.205033e+02 
1.205033e+02 
1.205033e+02 
1.205033e+02 
1.205033e+02 
1.205033e+02 
1.205033e+02 
1.205033e+02 
1.205033e+02 
1.204040e+02 
1.204040e+02 
1.204040e+02 
1.204040e+02 
1.204040e+02 
1.204040e+02 
1.204040e+02 
1.204040e+02 
1.204040e+02 
1.204040e+02 
1.204040e+02 
1.204040e+02 
1.204040e+02 
1.204040e+02 
1.204040e+02 
1.204040e+02 
1.204040e+02 
1.204040e+02 
1.204040e+02 
1.204040e+02 
1.204040e+02 
1.204040e+02 
1.204040e+02 
1.204040e+02 
1.204040e+02 
1.204040e+02 
1.204040e+02 
1.204040e+02 
1.204040e+02 
1.204040e+02 
1.204040e+02 
1.204040e+02 
1.204040e+02 
1.204040e+02 
1.204040e+02 
1.204040e+02 
1.204040e+02 
1.204040e+02 
1.202527e+02 
1.202527e+02 
1.202527e+02 
1.202527e+02 
1.202527e+02 
1.202527e+02 
1.202527e+02 
1.202527e+02 
1.202527e+02 
1.202527e+02 
1.202527e+02 
1.202527e+02 
1.202527e+02 
1.202527e+02 
1.202527e+02 
1.202527e+02 
1.202527e+02 
1.202148e+02 
1.202148e+02 
1.202148e+02 
1.202148e+02 
1.202148e+02 
1.202148e+02 
1.202148e+02 
1.202148e+02 
1.202148e+02 
1.202148e+02 
1.202148e+02 
1.202148e+02 
1.202148e+02 
1.202148e+02 
1.202148e+02 
1.202148e+02 
1.201758e+02 
1.201758e+02 
1.201758e+02 
1.201758e+02 
1.201758e+02 
1.201758e+02 
1.201758e+02 
1.201758e+02 
1.201758e+02 
1.201758e+02 
1.201758e+02 
1.201758e+02 
1.201758e+02 
1.201758e+02 
1.201758e+02 
1.201758e+02 
1.201758e+02 
1.201758e+02 
1.201758e+02 
1.201758e+02 
1.201758e+02 
1.201758e+02 
1.201758e+02 
1.201716e+02 
1.201716e+02 
1.201716e+02 
1.201716e+02 
1.201716e+02 
1.201716e+02 
1.201716e+02 
1.201716e+02 
1.201716e+02 
1.201716e+02 
1.201716e+02 
1.201716e+02 
1.201716e+02 
1.201716e+02 
1.201716e+02 
1.201716e+02 
1.201716e+02 
1.201716e+02 
1.201716e+02 
1.201716e+02 
1.201454e+02 
1.201454e+02 
1.201454e+02 
1.201454e+02 
1.201454e+02 
1.201454e+02 
1.201454e+02 
1.201454e+02 
1.201454e+02 
1.201454e+02 
1.201454e+02 
1.201454e+02 
1.201454e+02 
1.201454e+02 
1.200071e+02 
1.200071e+02 
1.200071e+02 
1.200071e+02 
1.200071e+02 
1.200071e+02 
1.200071e+02 
1.200071e+02 
1.200071e+02 
1.200071e+02 
1.200071e+02 
1.200071e+02 
1.200071e+02 
1.200071e+02 
1.200071e+02 
1.200071e+02 
1.200071e+02 
1.199210e+02 
1.199210e+02 
1.199210e+02 
1.199210e+02 
1.199210e+02 
1.199210e+02 
1.199210e+02 
1.199210e+02 
1.199210e+02 
1.199210e+02 
1.199210e+02 
1.199210e+02 
1.199210e+02 
1.199210e+02 
1.199210e+02 
1.199210e+02 
1.199210e+02 
1.199210e+02 
1.199210e+02 
1.199210e+02 
1.199210e+02 
1.199210e+02 
1.199210e+02 
1.199210e+02 
1.199210e+02 
1.199210e+02 
1.199210e+02 
1.199210e+02 
1.199210e+02 
1.199210e+02 
1.199210e+02 
1.199210e+02 
1.199210e+02 
1.199210e+02 
1.199210e+02 
1.199210e+02 
1.199210e+02 
1.199210e+02 
1.199210e+02 
1.199210e+02 
1.199210e+02 
1.199210e+02 
1.199210e+02 
1.199210e+02 
1.199210e+02 
1.199210e+02 
1.199210e+02 
1.199210e+02 
1.199210e+02 
1.199210e+02 
1.199210e+02 
1.199210e+02 
1.199210e+02 
1.199210e+02 
1.199210e+02 
1.199210e+02 
1.199210e+02 
1.199210e+02 
1.199210e+02 
1.199210e+02 
1.199210e+02 
1.199210e+02 
1.199210e+02 
1.199210e+02 
1.199210e+02 
1.199210e+02 
1.199210e+02 
1.199210e+02 
1.199210e+02 
1.199210e+02 
1.199210e+02 
1.199210e+02 
1.199210e+02 
1.199210e+02 
1.199210e+02 
1.199210e+02 
1.199210e+02 
1.199210e+02 
1.199210e+02 
1.199210e+02 
1.199210e+02 
1.199210e+02 
1.199210e+02 
1.199210e+02 
1.199210e+02 
1.199210e+02 
1.199210e+02 
1.199210e+02 
1.199210e+02 
1.199210e+02 
1.199210e+02 
1.199210e+02 
1.199210e+02 
1.199210e+02 
1.199210e+02 
1.199210e+02 
1.199210e+02 
1.199210e+02 
1.199210e+02 
1.199210e+02 
1.199210e+02 
1.199210e+02 
1.199210e+02 
1.199210e+02 
1.199210e+02 
1.199210e+02 
1.199210e+02 
1.199210e+02 
1.199210e+02 
1.199210e+02 
1.199210e+02 
1.199210e+02 
1.199210e+02 
1.199210e+02 
1.199210e+02 
1.199210e+02 
1.199210e+02 
1.199210e+02 
1.199210e+02 
1.199210e+02 
1.199210e+02 
1.199210e+02 
1.199210e+02 
1.199210e+02 
1.199210e+02 
1.199210e+02 
1.199210e+02 
1.199210e+02 
1.199210e+02 
1.199124e+02 
1.199124e+02 
1.199124e+02 
1.199124e+02 
1.199124e+02 
1.199119e+02 
1.199119e+02 
1.199119e+02 
1.199119e+02 
1.199119e+02 
1.199119e+02 
1.199119e+02 
1.199119e+02 
1.199119e+02 
1.199119e+02 
1.199119e+02 
1.199119e+02 
1.199119e+02 
1.199116e+02 
1.199116e+02 
1.199116e+02 
1.199116e+02 
1.199116e+02 
1.199116e+02 
1.199104e+02 
1.198856e+02 
1.198856e+02 
1.198856e+02 
1.198856e+02 
1.198856e+02 
1.198856e+02 
1.198856e+02 
1.198856e+02 
1.198856e+02 
1.198751e+02 
1.198751e+02 
1.198751e+02 
1.198751e+02 
1.198751e+02 
1.198751e+02 
1.198751e+02 
1.198708e+02 
1.198708e+02 
1.198708e+02 
1.198708e+02 
1.198708e+02 
1.198708e+02 
1.198708e+02 
1.198571e+02 
1.198571e+02 
1.198571e+02 
1.198571e+02 
1.198571e+02 
1.198571e+02 
1.198571e+02 
1.198471e+02 
1.198471e+02 
1.198471e+02 
1.198471e+02 
1.198471e+02 
1.198471e+02 
1.198471e+02 
1.198471e+02 
1.198471e+02 
1.198471e+02 
1.198471e+02 
1.198471e+02 
1.198471e+02 
1.198471e+02 
1.198471e+02 
1.198471e+02 
1.198471e+02 
1.198471e+02 
1.198434e+02 
1.198434e+02 
1.198434e+02 
1.198434e+02 
1.198434e+02 
1.198434e+02 
1.198434e+02 
1.198434e+02 
1.198434e+02 
1.198434e+02 
1.198434e+02 
1.198434e+02 
1.198434e+02 
1.198434e+02 
1.198434e+02 
1.198434e+02 
1.198428e+02 
1.198428e+02 
1.198428e+02 
1.198428e+02 
1.198418e+02 
1.198401e+02 
1.198401e+02 
1.198401e+02 
1.198401e+02 
1.198401e+02 
1.198401e+02 
1.198401e+02 
1.198377e+02 
1.198359e+02 
1.198359e+02 
1.198359e+02 
1.198359e+02 
1.198359e+02 
1.198358e+02 
1.198358e+02 
1.198358e+02 
1.198358e+02 
1.198358e+02 
1.198358e+02 
1.198358e+02 
1.198358e+02 
1.198358e+02 
1.198280e+02 
1.198280e+02 
1.198280e+02 
1.198280e+02 
1.198280e+02 
1.198280e+02 
1.198280e+02 
1.198280e+02 
1.198280e+02 
1.198280e+02 
1.198280e+02 
1.198280e+02 
1.198280e+02 
1.198280e+02 
1.198275e+02 
1.198275e+02 
1.198275e+02 
1.198275e+02 
1.198275e+02 
1.198275e+02 
1.198275e+02 
1.198275e+02 
1.198275e+02 
1.198275e+02 
1.198275e+02 
1.198275e+02 
1.198275e+02 
1.198275e+02 
1.198275e+02 
1.198275e+02 
1.198255e+02 
1.198255e+02 
1.198255e+02 
1.198255e+02 
1.198255e+02 
1.198255e+02 
1.198255e+02 
1.198255e+02 
1.198255e+02 
1.198255e+02 
1.198255e+02 
1.198255e+02 
1.198255e+02 
1.198255e+02 
1.198255e+02 
1.198255e+02 
1.198255e+02 
1.198255e+02 
1.198255e+02 
1.198255e+02 
1.198255e+02 
1.198255e+02 
1.198255e+02 
1.198255e+02 
1.198255e+02 
1.198255e+02 
1.198255e+02 
1.198255e+02 
1.198255e+02 
1.198255e+02 
1.198255e+02 
1.198255e+02 
1.198255e+02 
1.198255e+02 
1.198255e+02 
1.198255e+02 
1.198255e+02 
1.198255e+02 
1.198255e+02 
1.198255e+02 
1.198255e+02 
1.198255e+02 
1.198255e+02 
1.198255e+02 
1.198255e+02 
1.198255e+02 
1.198255e+02 
1.198255e+02 
1.198255e+02 
1.198255e+02 
1.198255e+02 
1.198255e+02 
1.198255e+02 
1.198255e+02 
1.198255e+02 
1.198255e+02 
1.198255e+02 
1.198255e+02 
1.198255e+02 
