2.353605e+03 
1.997724e+03 
1.997724e+03 
1.685249e+03 
1.685249e+03 
1.685249e+03 
1.685249e+03 
1.685249e+03 
1.481811e+03 
1.481811e+03 
1.472844e+03 
1.328369e+03 
1.328369e+03 
1.328369e+03 
1.328369e+03 
7.402466e+02 
7.402466e+02 
7.402466e+02 
7.402466e+02 
7.402466e+02 
7.402466e+02 
7.402466e+02 
7.402466e+02 
7.402466e+02 
7.402466e+02 
7.402466e+02 
7.402466e+02 
7.402466e+02 
7.402466e+02 
7.402466e+02 
7.402466e+02 
7.402466e+02 
7.402466e+02 
7.402466e+02 
7.402466e+02 
7.402466e+02 
7.402466e+02 
7.402466e+02 
7.402466e+02 
7.402466e+02 
7.402466e+02 
7.402466e+02 
7.402466e+02 
7.402466e+02 
7.402466e+02 
7.402466e+02 
7.402466e+02 
7.402466e+02 
7.402466e+02 
7.402466e+02 
7.402466e+02 
7.402466e+02 
7.402466e+02 
7.402466e+02 
7.402466e+02 
7.402466e+02 
7.402466e+02 
7.402466e+02 
7.402466e+02 
7.402466e+02 
7.402466e+02 
7.402466e+02 
7.402466e+02 
7.402466e+02 
7.402466e+02 
7.402466e+02 
7.314717e+02 
7.314717e+02 
7.314717e+02 
7.079798e+02 
7.079798e+02 
7.079798e+02 
7.079798e+02 
7.079798e+02 
7.079798e+02 
7.079798e+02 
7.079798e+02 
6.570247e+02 
6.432018e+02 
6.432018e+02 
6.432018e+02 
6.432018e+02 
6.432018e+02 
6.432018e+02 
6.432018e+02 
6.432018e+02 
6.432018e+02 
6.432018e+02 
6.432018e+02 
6.432018e+02 
6.432018e+02 
6.432018e+02 
6.432018e+02 
6.432018e+02 
6.432018e+02 
6.432018e+02 
6.432018e+02 
6.432018e+02 
6.432018e+02 
6.432018e+02 
6.432018e+02 
6.432018e+02 
6.432018e+02 
6.432018e+02 
6.432018e+02 
6.432018e+02 
6.432018e+02 
6.432018e+02 
6.432018e+02 
6.432018e+02 
6.432018e+02 
6.432018e+02 
6.432018e+02 
5.309483e+02 
5.309483e+02 
5.309483e+02 
5.309483e+02 
5.309483e+02 
5.309483e+02 
5.309483e+02 
5.309483e+02 
5.309483e+02 
5.309483e+02 
5.309483e+02 
5.309483e+02 
5.309483e+02 
5.309483e+02 
5.309483e+02 
5.309483e+02 
5.309483e+02 
5.309483e+02 
5.309483e+02 
5.309483e+02 
5.309483e+02 
5.309483e+02 
5.309483e+02 
5.309483e+02 
5.309483e+02 
5.309483e+02 
5.309483e+02 
5.309483e+02 
5.309483e+02 
5.309483e+02 
5.309483e+02 
5.309483e+02 
5.309483e+02 
5.309483e+02 
5.309483e+02 
5.309483e+02 
5.309483e+02 
5.309483e+02 
5.309483e+02 
5.309483e+02 
5.309483e+02 
5.309483e+02 
5.309483e+02 
5.309483e+02 
5.309483e+02 
5.309483e+02 
5.309483e+02 
5.309483e+02 
5.309483e+02 
5.309483e+02 
5.309483e+02 
5.309483e+02 
5.309483e+02 
5.309483e+02 
5.309483e+02 
5.309483e+02 
5.309483e+02 
5.309483e+02 
5.309483e+02 
5.309483e+02 
5.309483e+02 
5.309483e+02 
5.309483e+02 
5.309483e+02 
5.309483e+02 
5.309483e+02 
5.309483e+02 
5.309483e+02 
5.309483e+02 
5.309483e+02 
5.309483e+02 
5.309483e+02 
5.309483e+02 
5.309483e+02 
5.309483e+02 
5.309483e+02 
5.309483e+02 
5.309483e+02 
5.309483e+02 
5.309483e+02 
5.309483e+02 
5.309483e+02 
5.309483e+02 
5.309483e+02 
5.309483e+02 
5.309483e+02 
5.309483e+02 
5.309483e+02 
5.309483e+02 
5.272166e+02 
5.272166e+02 
3.301813e+02 
3.301813e+02 
3.301813e+02 
3.301813e+02 
3.301813e+02 
3.301813e+02 
3.301813e+02 
3.301813e+02 
3.301813e+02 
3.301813e+02 
3.301813e+02 
3.301813e+02 
3.301813e+02 
3.301813e+02 
3.301813e+02 
3.301813e+02 
3.301813e+02 
3.301813e+02 
3.301813e+02 
3.301813e+02 
3.301813e+02 
3.301813e+02 
3.301813e+02 
3.301813e+02 
3.301813e+02 
3.301813e+02 
3.301813e+02 
3.301813e+02 
3.301813e+02 
3.301813e+02 
3.301813e+02 
3.301813e+02 
3.301813e+02 
3.301813e+02 
3.301813e+02 
3.301813e+02 
3.301813e+02 
3.301813e+02 
3.301813e+02 
3.301813e+02 
3.301813e+02 
3.301813e+02 
3.301813e+02 
3.301813e+02 
3.301813e+02 
3.301813e+02 
3.301813e+02 
3.301813e+02 
3.301813e+02 
3.301813e+02 
3.301813e+02 
3.301813e+02 
3.301813e+02 
3.301813e+02 
3.301813e+02 
3.301813e+02 
3.301813e+02 
3.301813e+02 
3.301813e+02 
3.301813e+02 
3.301813e+02 
3.301813e+02 
3.301813e+02 
3.301813e+02 
3.301813e+02 
3.301813e+02 
3.301813e+02 
3.301813e+02 
3.301813e+02 
3.301813e+02 
3.301813e+02 
3.301813e+02 
3.301813e+02 
3.301813e+02 
3.301813e+02 
3.301813e+02 
3.301813e+02 
3.301813e+02 
3.301813e+02 
3.301813e+02 
3.301813e+02 
3.301813e+02 
3.301813e+02 
3.301813e+02 
3.301813e+02 
3.301813e+02 
3.301813e+02 
3.301813e+02 
3.301813e+02 
3.301813e+02 
3.301813e+02 
3.301813e+02 
3.301813e+02 
3.301813e+02 
3.301813e+02 
3.301813e+02 
3.301813e+02 
3.301813e+02 
3.301813e+02 
3.301813e+02 
3.301813e+02 
3.301813e+02 
3.301813e+02 
3.301813e+02 
3.301813e+02 
3.301813e+02 
3.301813e+02 
3.301813e+02 
3.301813e+02 
3.301813e+02 
3.301813e+02 
3.301813e+02 
3.301813e+02 
3.301813e+02 
3.301813e+02 
3.301813e+02 
3.301813e+02 
3.301813e+02 
3.301813e+02 
3.301813e+02 
3.301813e+02 
3.301813e+02 
3.301813e+02 
3.301813e+02 
3.301813e+02 
3.301813e+02 
3.301813e+02 
3.301813e+02 
3.301813e+02 
3.301813e+02 
3.301813e+02 
3.301813e+02 
3.301813e+02 
3.301813e+02 
3.301813e+02 
3.301813e+02 
3.301813e+02 
3.301813e+02 
3.301813e+02 
3.301813e+02 
3.301813e+02 
3.301813e+02 
3.301813e+02 
3.301813e+02 
3.301813e+02 
3.301813e+02 
3.301813e+02 
3.301813e+02 
3.301813e+02 
3.301813e+02 
3.301813e+02 
3.301813e+02 
3.301813e+02 
3.301813e+02 
3.301813e+02 
3.301813e+02 
3.301813e+02 
3.301813e+02 
3.301813e+02 
3.301813e+02 
3.301813e+02 
3.301813e+02 
3.301813e+02 
3.301813e+02 
3.301813e+02 
3.301813e+02 
3.301813e+02 
3.301813e+02 
3.301813e+02 
3.301813e+02 
3.301813e+02 
3.301813e+02 
3.301813e+02 
3.301813e+02 
3.301813e+02 
3.301813e+02 
3.301813e+02 
3.301813e+02 
3.301813e+02 
3.301813e+02 
3.301813e+02 
3.301813e+02 
3.301813e+02 
3.301813e+02 
3.301813e+02 
3.301813e+02 
3.301813e+02 
3.301813e+02 
3.301813e+02 
3.301813e+02 
3.301813e+02 
3.301813e+02 
3.301813e+02 
3.301813e+02 
3.301813e+02 
3.301813e+02 
3.301813e+02 
3.301813e+02 
3.301813e+02 
3.301813e+02 
3.301813e+02 
3.301813e+02 
3.301813e+02 
3.301813e+02 
3.301813e+02 
3.301813e+02 
3.301813e+02 
3.301813e+02 
3.301813e+02 
3.301813e+02 
3.301813e+02 
3.301813e+02 
3.301813e+02 
3.301813e+02 
3.301813e+02 
3.301813e+02 
3.301813e+02 
3.301813e+02 
3.301813e+02 
3.301813e+02 
3.301813e+02 
3.301813e+02 
3.301813e+02 
3.301813e+02 
3.301813e+02 
3.301813e+02 
3.301813e+02 
3.301813e+02 
3.301813e+02 
3.301813e+02 
3.301813e+02 
3.301813e+02 
3.301813e+02 
3.301813e+02 
3.301813e+02 
3.301813e+02 
3.301813e+02 
3.301813e+02 
3.301813e+02 
3.301813e+02 
3.301813e+02 
3.301813e+02 
3.301813e+02 
3.301813e+02 
3.301813e+02 
3.301813e+02 
3.301813e+02 
3.301813e+02 
3.301813e+02 
3.301813e+02 
3.301813e+02 
3.301813e+02 
3.301813e+02 
3.301813e+02 
3.301813e+02 
3.301813e+02 
3.301813e+02 
3.301813e+02 
3.301813e+02 
3.301813e+02 
3.301813e+02 
3.301813e+02 
3.301813e+02 
3.301813e+02 
3.301813e+02 
3.301813e+02 
3.301813e+02 
3.301813e+02 
3.301813e+02 
3.301813e+02 
3.301813e+02 
3.301813e+02 
3.301813e+02 
3.301813e+02 
3.301813e+02 
3.301813e+02 
3.301813e+02 
3.301813e+02 
3.301813e+02 
3.301813e+02 
3.301813e+02 
3.301813e+02 
3.301813e+02 
3.301813e+02 
3.301813e+02 
3.301813e+02 
3.301813e+02 
3.301813e+02 
3.301813e+02 
3.193306e+02 
3.193306e+02 
3.193306e+02 
3.193306e+02 
3.193306e+02 
3.193306e+02 
3.193306e+02 
3.193306e+02 
3.193306e+02 
3.193306e+02 
3.193306e+02 
3.193306e+02 
3.193306e+02 
3.193306e+02 
3.193306e+02 
3.193306e+02 
3.193306e+02 
3.193306e+02 
3.193306e+02 
3.193306e+02 
3.193306e+02 
3.193306e+02 
3.193306e+02 
3.193306e+02 
3.193306e+02 
3.193306e+02 
3.193306e+02 
3.193306e+02 
3.193306e+02 
3.193306e+02 
3.193306e+02 
3.193306e+02 
3.193306e+02 
3.193306e+02 
3.193306e+02 
3.193306e+02 
3.193306e+02 
3.193306e+02 
3.193306e+02 
3.193306e+02 
3.193306e+02 
3.193306e+02 
3.193306e+02 
3.193306e+02 
3.193306e+02 
3.193306e+02 
3.193306e+02 
3.193306e+02 
3.193306e+02 
3.193306e+02 
3.193306e+02 
3.193306e+02 
3.193306e+02 
3.193306e+02 
3.193306e+02 
3.193306e+02 
3.193306e+02 
3.193306e+02 
3.193306e+02 
3.193306e+02 
3.193306e+02 
3.193306e+02 
3.193306e+02 
3.193306e+02 
3.193306e+02 
3.193306e+02 
3.193306e+02 
3.193306e+02 
3.193306e+02 
3.193306e+02 
3.193306e+02 
3.193306e+02 
3.193306e+02 
3.193306e+02 
3.193306e+02 
3.193306e+02 
3.193306e+02 
3.193306e+02 
3.193306e+02 
3.193306e+02 
3.193306e+02 
3.193306e+02 
3.193306e+02 
3.193306e+02 
3.193306e+02 
3.193306e+02 
3.193306e+02 
3.193306e+02 
3.193306e+02 
3.193306e+02 
3.193306e+02 
3.193306e+02 
3.193306e+02 
3.193306e+02 
3.193306e+02 
3.193306e+02 
3.193306e+02 
3.193306e+02 
3.193306e+02 
3.193306e+02 
3.193306e+02 
3.193306e+02 
3.193306e+02 
3.193306e+02 
3.193306e+02 
3.193306e+02 
3.193306e+02 
3.193306e+02 
3.193306e+02 
3.193306e+02 
3.193306e+02 
3.193306e+02 
3.193306e+02 
3.193306e+02 
3.193306e+02 
3.193306e+02 
3.193306e+02 
3.193306e+02 
3.193306e+02 
3.193306e+02 
3.193306e+02 
3.193306e+02 
1.174737e+02 
1.174737e+02 
1.174737e+02 
1.174737e+02 
1.174737e+02 
1.174737e+02 
1.174737e+02 
1.174737e+02 
1.174737e+02 
1.174737e+02 
1.174737e+02 
1.174737e+02 
1.174737e+02 
1.174737e+02 
1.174737e+02 
1.174737e+02 
1.174737e+02 
1.174737e+02 
1.174737e+02 
1.174737e+02 
1.174737e+02 
1.174737e+02 
1.174737e+02 
1.174737e+02 
1.174737e+02 
1.174737e+02 
1.174737e+02 
1.174737e+02 
1.174737e+02 
1.174737e+02 
1.174737e+02 
1.174737e+02 
1.174737e+02 
1.174737e+02 
1.174737e+02 
1.174737e+02 
1.174737e+02 
1.174737e+02 
1.174737e+02 
1.174737e+02 
1.174737e+02 
1.174737e+02 
1.174737e+02 
1.174737e+02 
1.174737e+02 
1.174737e+02 
1.174737e+02 
1.174737e+02 
1.174737e+02 
1.174737e+02 
1.174737e+02 
1.174737e+02 
1.174737e+02 
1.174737e+02 
1.174737e+02 
1.174737e+02 
1.174737e+02 
1.174737e+02 
1.174737e+02 
1.174737e+02 
1.174737e+02 
1.174737e+02 
1.174737e+02 
1.174737e+02 
1.174737e+02 
1.174737e+02 
1.174737e+02 
1.174737e+02 
1.174737e+02 
1.174737e+02 
1.174737e+02 
1.174737e+02 
1.174737e+02 
1.174737e+02 
1.174737e+02 
1.174737e+02 
1.174737e+02 
1.174737e+02 
1.174737e+02 
1.174737e+02 
1.174737e+02 
1.174737e+02 
1.174737e+02 
1.174737e+02 
1.174737e+02 
1.174737e+02 
1.174737e+02 
1.174737e+02 
1.174737e+02 
1.174737e+02 
1.174737e+02 
1.174737e+02 
1.174737e+02 
1.174737e+02 
1.174737e+02 
1.174737e+02 
1.174737e+02 
1.174737e+02 
1.174737e+02 
1.174737e+02 
1.174737e+02 
1.174737e+02 
1.174737e+02 
1.174737e+02 
1.174737e+02 
1.174737e+02 
1.174737e+02 
1.174737e+02 
1.174737e+02 
1.174737e+02 
1.174737e+02 
1.174737e+02 
1.174737e+02 
1.174737e+02 
1.174737e+02 
1.174737e+02 
1.174737e+02 
1.174737e+02 
1.174737e+02 
1.174737e+02 
1.174737e+02 
1.174737e+02 
1.174737e+02 
1.174737e+02 
1.174737e+02 
1.174737e+02 
1.174737e+02 
1.174737e+02 
1.174737e+02 
1.174737e+02 
1.174737e+02 
1.174737e+02 
1.174737e+02 
1.174737e+02 
1.174737e+02 
1.174737e+02 
1.174737e+02 
1.174737e+02 
1.174737e+02 
1.174737e+02 
1.174737e+02 
1.174737e+02 
1.174737e+02 
1.174737e+02 
1.174737e+02 
1.174737e+02 
1.174737e+02 
1.174737e+02 
1.174737e+02 
1.174737e+02 
1.174737e+02 
1.174737e+02 
1.174737e+02 
1.174737e+02 
1.174737e+02 
1.174737e+02 
1.174737e+02 
1.174737e+02 
1.174737e+02 
1.174737e+02 
1.174737e+02 
1.174737e+02 
1.174737e+02 
1.174737e+02 
1.174737e+02 
1.174737e+02 
1.174737e+02 
1.174737e+02 
1.174737e+02 
1.174737e+02 
1.174737e+02 
1.174737e+02 
1.174737e+02 
1.174737e+02 
1.174737e+02 
1.174737e+02 
1.174737e+02 
1.174737e+02 
1.174737e+02 
1.174737e+02 
1.174737e+02 
1.174737e+02 
1.174737e+02 
1.174737e+02 
1.174737e+02 
1.174737e+02 
1.174737e+02 
1.174737e+02 
1.174737e+02 
1.174737e+02 
1.174737e+02 
1.174737e+02 
1.174737e+02 
1.174737e+02 
1.174737e+02 
1.174737e+02 
1.174737e+02 
1.174737e+02 
1.174737e+02 
1.174737e+02 
1.174737e+02 
1.174737e+02 
1.174737e+02 
1.174737e+02 
1.174737e+02 
1.174737e+02 
1.174737e+02 
1.174737e+02 
1.174737e+02 
1.174737e+02 
1.174737e+02 
1.174737e+02 
1.174737e+02 
1.174737e+02 
1.174737e+02 
1.174737e+02 
1.174737e+02 
1.174737e+02 
1.174737e+02 
1.174737e+02 
1.174737e+02 
1.174737e+02 
1.174737e+02 
1.174737e+02 
1.174737e+02 
1.174737e+02 
1.174737e+02 
1.174737e+02 
1.174737e+02 
1.174737e+02 
1.174737e+02 
1.174737e+02 
1.174737e+02 
1.174737e+02 
1.174737e+02 
1.174737e+02 
1.174737e+02 
1.174737e+02 
1.174737e+02 
1.174737e+02 
1.174737e+02 
1.174737e+02 
1.174737e+02 
1.174737e+02 
1.174737e+02 
1.174737e+02 
1.174737e+02 
1.174737e+02 
1.174737e+02 
1.174737e+02 
1.174737e+02 
1.174737e+02 
1.174737e+02 
1.174737e+02 
1.174737e+02 
1.174737e+02 
1.174737e+02 
1.174737e+02 
1.174737e+02 
1.174737e+02 
1.174737e+02 
1.174737e+02 
1.174737e+02 
1.174737e+02 
1.174737e+02 
1.174737e+02 
1.174737e+02 
1.174737e+02 
1.174737e+02 
1.174737e+02 
1.174737e+02 
1.174737e+02 
1.174737e+02 
1.174737e+02 
1.174737e+02 
1.174737e+02 
1.174737e+02 
1.174737e+02 
1.174737e+02 
1.174737e+02 
1.174737e+02 
1.174737e+02 
1.174737e+02 
1.174737e+02 
1.174737e+02 
1.174737e+02 
1.174737e+02 
1.174737e+02 
1.174737e+02 
1.174737e+02 
1.174737e+02 
1.174737e+02 
1.174737e+02 
1.174737e+02 
1.174737e+02 
1.174737e+02 
1.174737e+02 
1.174737e+02 
1.174737e+02 
1.174737e+02 
1.174737e+02 
1.174737e+02 
1.174737e+02 
1.174737e+02 
1.174737e+02 
1.174737e+02 
1.174737e+02 
1.174737e+02 
1.174737e+02 
1.174737e+02 
1.174737e+02 
1.174737e+02 
1.174737e+02 
1.174737e+02 
1.174737e+02 
1.174737e+02 
1.174737e+02 
1.174737e+02 
1.174737e+02 
1.174737e+02 
1.174737e+02 
1.174737e+02 
1.174737e+02 
1.174737e+02 
1.174737e+02 
1.174737e+02 
1.174737e+02 
1.174737e+02 
1.174737e+02 
1.174737e+02 
1.174737e+02 
1.174737e+02 
1.174737e+02 
1.174737e+02 
1.174737e+02 
1.174737e+02 
1.174737e+02 
1.174737e+02 
1.174737e+02 
1.174737e+02 
1.174737e+02 
1.174737e+02 
1.174737e+02 
1.174737e+02 
1.174737e+02 
1.174737e+02 
1.174737e+02 
1.174737e+02 
1.174737e+02 
1.174737e+02 
1.174737e+02 
1.174737e+02 
1.174737e+02 
1.174737e+02 
1.174737e+02 
1.174737e+02 
1.174737e+02 
1.174737e+02 
1.174737e+02 
1.174737e+02 
1.174737e+02 
1.174737e+02 
1.174737e+02 
1.174737e+02 
1.174737e+02 
1.174737e+02 
1.174737e+02 
1.174737e+02 
1.174737e+02 
1.174737e+02 
1.174737e+02 
1.174737e+02 
1.174737e+02 
1.174737e+02 
1.174737e+02 
1.174737e+02 
1.174737e+02 
1.174737e+02 
1.174737e+02 
1.174737e+02 
1.174737e+02 
1.174737e+02 
1.174737e+02 
1.174737e+02 
1.174737e+02 
1.174737e+02 
1.174737e+02 
1.174737e+02 
1.174737e+02 
1.174737e+02 
1.174737e+02 
1.174737e+02 
1.174737e+02 
1.174737e+02 
1.174737e+02 
1.174737e+02 
1.174737e+02 
1.174737e+02 
1.174737e+02 
1.174737e+02 
1.174737e+02 
1.174737e+02 
1.174737e+02 
1.174737e+02 
1.174737e+02 
1.174737e+02 
1.174737e+02 
1.174737e+02 
1.174737e+02 
1.174737e+02 
1.174737e+02 
1.174737e+02 
1.174737e+02 
1.174737e+02 
1.174737e+02 
1.174737e+02 
1.174737e+02 
1.174737e+02 
1.174737e+02 
1.174737e+02 
1.174737e+02 
1.174737e+02 
1.174737e+02 
1.174737e+02 
1.174737e+02 
1.174737e+02 
1.174737e+02 
1.174737e+02 
1.174737e+02 
1.174737e+02 
1.174737e+02 
1.174737e+02 
1.174737e+02 
1.174737e+02 
1.174737e+02 
1.174737e+02 
1.174737e+02 
1.174737e+02 
1.174737e+02 
1.174737e+02 
1.174737e+02 
1.174737e+02 
1.174737e+02 
1.174737e+02 
1.174737e+02 
1.174737e+02 
1.174737e+02 
1.174737e+02 
1.174737e+02 
1.174737e+02 
1.174737e+02 
1.174737e+02 
1.174737e+02 
1.174737e+02 
1.174737e+02 
1.174737e+02 
1.174737e+02 
1.174737e+02 
1.174737e+02 
1.174737e+02 
1.174737e+02 
1.174737e+02 
1.174737e+02 
1.174737e+02 
1.174737e+02 
1.174737e+02 
1.174737e+02 
1.174737e+02 
1.174737e+02 
1.174737e+02 
1.174737e+02 
1.174737e+02 
1.174737e+02 
1.174737e+02 
1.174737e+02 
1.174737e+02 
1.174737e+02 
1.174737e+02 
1.174737e+02 
1.174737e+02 
1.174737e+02 
1.174737e+02 
1.174737e+02 
1.174737e+02 
1.174737e+02 
1.174737e+02 
1.174737e+02 
1.174737e+02 
1.174737e+02 
1.174737e+02 
1.174737e+02 
1.174737e+02 
1.174737e+02 
1.174737e+02 
1.174737e+02 
1.174737e+02 
1.174737e+02 
1.174737e+02 
1.174737e+02 
1.174737e+02 
1.174737e+02 
1.174737e+02 
1.174737e+02 
1.174737e+02 
1.174737e+02 
1.174737e+02 
1.174737e+02 
1.174737e+02 
1.174737e+02 
1.174737e+02 
1.174737e+02 
1.174737e+02 
1.174737e+02 
1.174737e+02 
1.174737e+02 
1.174737e+02 
1.174737e+02 
1.174737e+02 
1.174737e+02 
1.174737e+02 
1.174737e+02 
1.174737e+02 
1.174737e+02 
1.174737e+02 
1.174737e+02 
1.174737e+02 
1.174737e+02 
1.174737e+02 
1.174737e+02 
1.174737e+02 
1.174737e+02 
1.174737e+02 
1.174737e+02 
1.174737e+02 
1.174737e+02 
1.174737e+02 
1.174737e+02 
1.174737e+02 
1.174737e+02 
1.174737e+02 
1.174737e+02 
1.174737e+02 
1.174737e+02 
1.174737e+02 
1.174737e+02 
1.174737e+02 
1.174737e+02 
1.174737e+02 
1.174737e+02 
1.174737e+02 
1.174737e+02 
1.174737e+02 
1.174737e+02 
1.174737e+02 
1.174737e+02 
1.174737e+02 
1.174737e+02 
1.174737e+02 
1.174737e+02 
1.174737e+02 
1.174737e+02 
1.174737e+02 
1.174737e+02 
1.174737e+02 
1.174737e+02 
1.174737e+02 
1.174737e+02 
1.174737e+02 
1.174737e+02 
1.174737e+02 
1.174737e+02 
1.174737e+02 
1.174737e+02 
1.174737e+02 
1.174737e+02 
1.174737e+02 
1.174737e+02 
1.174737e+02 
1.174737e+02 
1.174737e+02 
1.174737e+02 
1.174737e+02 
1.174737e+02 
1.174737e+02 
1.174737e+02 
1.174737e+02 
1.174737e+02 
1.174737e+02 
1.174737e+02 
1.174737e+02 
1.174737e+02 
1.174737e+02 
1.174737e+02 
1.174737e+02 
1.174737e+02 
1.174737e+02 
1.174737e+02 
1.174737e+02 
1.174737e+02 
1.174737e+02 
1.174737e+02 
1.174737e+02 
1.174737e+02 
1.174737e+02 
1.174737e+02 
1.174737e+02 
1.174737e+02 
1.174737e+02 
1.174737e+02 
1.174737e+02 
1.174737e+02 
1.174737e+02 
1.174737e+02 
1.174737e+02 
1.174737e+02 
1.174737e+02 
1.174737e+02 
1.174737e+02 
1.174737e+02 
1.174737e+02 
1.174737e+02 
1.174737e+02 
1.174737e+02 
1.174737e+02 
1.174737e+02 
1.174737e+02 
1.174737e+02 
1.174737e+02 
1.174737e+02 
1.174737e+02 
1.174737e+02 
1.174737e+02 
1.174737e+02 
1.174737e+02 
1.174737e+02 
1.174737e+02 
1.174737e+02 
1.174737e+02 
1.174737e+02 
1.174737e+02 
1.174737e+02 
1.174737e+02 
1.174737e+02 
1.174737e+02 
1.174737e+02 
1.174737e+02 
1.174737e+02 
1.174737e+02 
1.174737e+02 
1.174737e+02 
1.174737e+02 
1.174737e+02 
1.174737e+02 
1.174737e+02 
1.174737e+02 
1.174737e+02 
1.174737e+02 
1.174737e+02 
1.174737e+02 
1.174737e+02 
1.174737e+02 
1.174737e+02 
1.174737e+02 
1.174737e+02 
1.174737e+02 
1.174737e+02 
1.174737e+02 
1.174737e+02 
1.174737e+02 
1.174737e+02 
1.174737e+02 
1.174737e+02 
1.174737e+02 
1.174737e+02 
1.174737e+02 
1.174737e+02 
1.174737e+02 
1.174737e+02 
1.174737e+02 
1.174737e+02 
1.174737e+02 
1.174737e+02 
1.174737e+02 
1.174737e+02 
1.174737e+02 
1.174737e+02 
1.174737e+02 
1.174737e+02 
1.174737e+02 
1.174737e+02 
1.174737e+02 
1.174737e+02 
1.174737e+02 
1.174737e+02 
1.174737e+02 
1.174737e+02 
1.174737e+02 
1.174737e+02 
1.174737e+02 
1.174737e+02 
1.174737e+02 
1.174737e+02 
1.174737e+02 
1.174737e+02 
1.174737e+02 
1.174737e+02 
1.174737e+02 
1.174737e+02 
1.174737e+02 
1.174737e+02 
1.174737e+02 
1.174737e+02 
1.174737e+02 
1.174737e+02 
1.174737e+02 
1.174737e+02 
1.174737e+02 
1.174737e+02 
1.174737e+02 
1.174737e+02 
1.174737e+02 
1.174737e+02 
1.174737e+02 
1.174737e+02 
1.174737e+02 
1.174737e+02 
1.174737e+02 
1.174737e+02 
1.174737e+02 
1.174737e+02 
1.174737e+02 
1.174737e+02 
1.174737e+02 
1.174737e+02 
1.174737e+02 
1.174737e+02 
1.174737e+02 
1.174737e+02 
1.174737e+02 
1.174737e+02 
1.174737e+02 
1.174737e+02 
1.174737e+02 
1.174737e+02 
1.174737e+02 
1.174737e+02 
1.174737e+02 
1.174737e+02 
1.174737e+02 
1.174737e+02 
1.174737e+02 
1.174737e+02 
1.174737e+02 
1.174737e+02 
1.174737e+02 
1.174737e+02 
1.174737e+02 
1.174737e+02 
1.174737e+02 
1.174737e+02 
1.174737e+02 
1.174737e+02 
1.174737e+02 
1.174737e+02 
1.174737e+02 
1.174737e+02 
1.174737e+02 
1.174737e+02 
1.174737e+02 
1.174737e+02 
1.174737e+02 
1.174737e+02 
1.174737e+02 
1.174737e+02 
1.174737e+02 
1.174737e+02 
1.174737e+02 
1.174737e+02 
1.174737e+02 
1.174737e+02 
1.174737e+02 
1.174737e+02 
1.174737e+02 
1.174737e+02 
1.174737e+02 
1.174737e+02 
1.174737e+02 
1.174737e+02 
1.174737e+02 
1.174737e+02 
1.174737e+02 
1.174737e+02 
1.174737e+02 
1.174737e+02 
1.174737e+02 
1.174737e+02 
1.174737e+02 
1.174737e+02 
1.174737e+02 
1.174737e+02 
1.174737e+02 
1.174737e+02 
1.174737e+02 
1.174737e+02 
1.174737e+02 
1.174737e+02 
1.174737e+02 
1.174737e+02 
1.174737e+02 
1.174737e+02 
1.174737e+02 
1.174737e+02 
1.174737e+02 
1.174737e+02 
1.174737e+02 
1.174737e+02 
1.174737e+02 
1.174737e+02 
1.174737e+02 
1.174737e+02 
1.174737e+02 
1.174737e+02 
1.174737e+02 
1.174737e+02 
1.174737e+02 
1.174737e+02 
1.174737e+02 
1.174737e+02 
1.174737e+02 
1.174737e+02 
1.174737e+02 
1.174737e+02 
1.174737e+02 
1.174737e+02 
1.174737e+02 
1.174737e+02 
1.174737e+02 
1.174737e+02 
1.174737e+02 
1.174737e+02 
1.174737e+02 
1.174737e+02 
1.174737e+02 
1.174737e+02 
1.174737e+02 
1.174737e+02 
1.174737e+02 
1.174737e+02 
1.174737e+02 
1.174737e+02 
1.174737e+02 
1.174737e+02 
1.174737e+02 
1.174737e+02 
1.174737e+02 
1.174737e+02 
1.174737e+02 
1.174737e+02 
1.174737e+02 
1.174737e+02 
1.174737e+02 
1.174737e+02 
1.174737e+02 
1.174737e+02 
1.174737e+02 
1.174737e+02 
1.174737e+02 
1.174737e+02 
1.174737e+02 
1.174737e+02 
1.174737e+02 
1.174737e+02 
1.174737e+02 
1.174737e+02 
1.174737e+02 
1.174737e+02 
1.174737e+02 
1.174737e+02 
1.174737e+02 
1.174737e+02 
1.174737e+02 
1.174737e+02 
1.174737e+02 
1.174737e+02 
1.174737e+02 
1.174737e+02 
1.174737e+02 
1.174737e+02 
1.174737e+02 
1.174737e+02 
1.174737e+02 
1.174737e+02 
1.174737e+02 
1.174737e+02 
1.174737e+02 
1.174737e+02 
1.174737e+02 
1.174737e+02 
1.174737e+02 
1.174737e+02 
1.174737e+02 
1.174737e+02 
1.174737e+02 
1.174737e+02 
1.174737e+02 
1.174737e+02 
1.174737e+02 
9.837091e+01 
9.837091e+01 
9.837091e+01 
9.837091e+01 
9.837091e+01 
9.837091e+01 
9.837091e+01 
9.837091e+01 
9.837091e+01 
9.837091e+01 
9.837091e+01 
9.837091e+01 
9.837091e+01 
9.837091e+01 
9.837091e+01 
9.837091e+01 
9.837091e+01 
9.837091e+01 
9.837091e+01 
9.837091e+01 
9.837091e+01 
9.837091e+01 
9.837091e+01 
9.837091e+01 
9.837091e+01 
9.837091e+01 
9.837091e+01 
9.837091e+01 
9.837091e+01 
9.837091e+01 
9.837091e+01 
9.837091e+01 
9.837091e+01 
9.837091e+01 
9.837091e+01 
9.837091e+01 
9.837091e+01 
9.837091e+01 
9.837091e+01 
9.837091e+01 
9.837091e+01 
9.837091e+01 
9.837091e+01 
9.837091e+01 
9.837091e+01 
9.837091e+01 
9.837091e+01 
9.837091e+01 
9.837091e+01 
9.837091e+01 
9.837091e+01 
9.837091e+01 
9.837091e+01 
9.837091e+01 
9.837091e+01 
9.837091e+01 
9.837091e+01 
9.837091e+01 
9.837091e+01 
9.837091e+01 
9.837091e+01 
9.837091e+01 
9.837091e+01 
9.837091e+01 
9.837091e+01 
9.837091e+01 
9.837091e+01 
9.837091e+01 
9.837091e+01 
9.837091e+01 
9.837091e+01 
9.837091e+01 
9.837091e+01 
9.837091e+01 
9.837091e+01 
9.837091e+01 
9.837091e+01 
9.837091e+01 
9.837091e+01 
9.837091e+01 
9.837091e+01 
9.837091e+01 
9.837091e+01 
9.837091e+01 
9.837091e+01 
9.837091e+01 
9.837091e+01 
9.837091e+01 
9.837091e+01 
9.837091e+01 
9.837091e+01 
9.837091e+01 
9.837091e+01 
9.837091e+01 
9.837091e+01 
9.837091e+01 
9.837091e+01 
9.837091e+01 
9.837091e+01 
9.837091e+01 
9.837091e+01 
9.837091e+01 
9.837091e+01 
9.837091e+01 
9.837091e+01 
9.837091e+01 
9.837091e+01 
9.837091e+01 
9.837091e+01 
9.837091e+01 
9.837091e+01 
9.837091e+01 
9.837091e+01 
9.837091e+01 
9.837091e+01 
9.837091e+01 
9.837091e+01 
9.837091e+01 
9.837091e+01 
9.837091e+01 
9.837091e+01 
9.837091e+01 
9.837091e+01 
9.837091e+01 
9.837091e+01 
9.837091e+01 
9.837091e+01 
9.837091e+01 
9.837091e+01 
9.837091e+01 
9.837091e+01 
9.837091e+01 
9.837091e+01 
9.837091e+01 
9.837091e+01 
9.837091e+01 
9.837091e+01 
9.837091e+01 
9.837091e+01 
9.837091e+01 
9.837091e+01 
9.837091e+01 
9.837091e+01 
9.837091e+01 
9.837091e+01 
9.837091e+01 
9.837091e+01 
9.837091e+01 
9.837091e+01 
9.837091e+01 
9.837091e+01 
9.837091e+01 
9.837091e+01 
9.837091e+01 
9.837091e+01 
9.837091e+01 
9.837091e+01 
9.837091e+01 
9.837091e+01 
9.837091e+01 
9.837091e+01 
9.837091e+01 
9.837091e+01 
9.837091e+01 
9.837091e+01 
9.837091e+01 
9.837091e+01 
9.837091e+01 
9.837091e+01 
9.837091e+01 
9.837091e+01 
9.837091e+01 
9.837091e+01 
9.837091e+01 
9.837091e+01 
9.837091e+01 
9.837091e+01 
9.837091e+01 
9.837091e+01 
9.837091e+01 
9.837091e+01 
9.837091e+01 
9.837091e+01 
9.837091e+01 
9.837091e+01 
9.837091e+01 
9.837091e+01 
9.837091e+01 
9.837091e+01 
9.837091e+01 
9.837091e+01 
9.837091e+01 
9.837091e+01 
9.837091e+01 
9.837091e+01 
9.837091e+01 
9.837091e+01 
9.837091e+01 
9.837091e+01 
9.001205e+01 
9.001205e+01 
9.001205e+01 
9.001205e+01 
9.001205e+01 
9.001205e+01 
9.001205e+01 
9.001205e+01 
9.001205e+01 
9.001205e+01 
9.001205e+01 
9.001205e+01 
9.001205e+01 
9.001205e+01 
9.001205e+01 
9.001205e+01 
9.001205e+01 
9.001205e+01 
9.001205e+01 
9.001205e+01 
9.001205e+01 
9.001205e+01 
9.001205e+01 
9.001205e+01 
9.001205e+01 
9.001205e+01 
9.001205e+01 
9.001205e+01 
9.001205e+01 
9.001205e+01 
9.001205e+01 
9.001205e+01 
9.001205e+01 
9.001205e+01 
9.001205e+01 
9.001205e+01 
9.001205e+01 
9.001205e+01 
9.001205e+01 
9.001205e+01 
9.001205e+01 
9.001205e+01 
9.001205e+01 
9.001205e+01 
9.001205e+01 
9.001205e+01 
9.001205e+01 
9.001205e+01 
9.001205e+01 
8.722829e+01 
8.722829e+01 
8.722829e+01 
8.722829e+01 
8.722829e+01 
8.722829e+01 
8.722829e+01 
8.722829e+01 
8.722829e+01 
8.722829e+01 
8.722829e+01 
8.722829e+01 
8.722829e+01 
8.722829e+01 
8.722829e+01 
8.722829e+01 
8.722829e+01 
8.722829e+01 
8.722829e+01 
8.722829e+01 
8.722829e+01 
8.699267e+01 
8.699267e+01 
8.699267e+01 
8.699267e+01 
8.699267e+01 
8.699267e+01 
8.699267e+01 
8.699267e+01 
8.668979e+01 
8.668979e+01 
8.668979e+01 
8.655060e+01 
8.655060e+01 
8.655060e+01 
8.655060e+01 
8.655060e+01 
8.655060e+01 
8.655060e+01 
8.655060e+01 
8.655060e+01 
8.655060e+01 
8.655060e+01 
8.655060e+01 
8.655060e+01 
8.655060e+01 
8.655060e+01 
8.655060e+01 
8.655060e+01 
8.655060e+01 
8.655060e+01 
8.655060e+01 
8.655060e+01 
8.655060e+01 
8.655060e+01 
8.655060e+01 
8.655060e+01 
8.655060e+01 
8.655060e+01 
8.655060e+01 
8.655060e+01 
8.655060e+01 
8.655060e+01 
8.655060e+01 
8.655060e+01 
8.655060e+01 
8.655060e+01 
8.655060e+01 
8.655060e+01 
8.655060e+01 
8.655060e+01 
8.655060e+01 
8.655060e+01 
8.655060e+01 
8.655060e+01 
8.655060e+01 
8.655060e+01 
8.655060e+01 
8.655060e+01 
8.655060e+01 
8.655060e+01 
8.655060e+01 
8.655060e+01 
8.655060e+01 
8.655060e+01 
8.655060e+01 
8.655060e+01 
8.655060e+01 
8.655060e+01 
8.655060e+01 
8.655060e+01 
8.655060e+01 
8.655060e+01 
8.655060e+01 
8.655060e+01 
8.655060e+01 
8.655060e+01 
8.655060e+01 
8.655060e+01 
8.655060e+01 
8.655060e+01 
8.655060e+01 
8.655060e+01 
8.655060e+01 
8.655060e+01 
8.655060e+01 
8.655060e+01 
8.655060e+01 
8.655060e+01 
8.655060e+01 
8.655060e+01 
8.655060e+01 
8.655060e+01 
8.655060e+01 
8.655060e+01 
8.655060e+01 
8.655060e+01 
8.655060e+01 
8.655060e+01 
8.655060e+01 
8.655060e+01 
8.655060e+01 
8.655060e+01 
8.655060e+01 
8.655060e+01 
8.655060e+01 
8.655060e+01 
8.655060e+01 
8.655060e+01 
7.261151e+01 
7.261151e+01 
7.261151e+01 
7.261151e+01 
7.261151e+01 
7.261151e+01 
7.261151e+01 
7.261151e+01 
7.261151e+01 
7.261151e+01 
7.261151e+01 
7.261151e+01 
7.261151e+01 
7.261151e+01 
7.261151e+01 
7.261151e+01 
7.261151e+01 
7.261151e+01 
7.261151e+01 
7.261151e+01 
7.261151e+01 
7.261151e+01 
7.261151e+01 
7.261151e+01 
7.261151e+01 
7.261151e+01 
7.261151e+01 
7.261151e+01 
7.261151e+01 
7.261151e+01 
7.261151e+01 
7.261151e+01 
7.261151e+01 
7.261151e+01 
7.261151e+01 
7.261151e+01 
7.261151e+01 
7.261151e+01 
7.261151e+01 
7.261151e+01 
7.261151e+01 
7.261151e+01 
7.261151e+01 
7.261151e+01 
7.261151e+01 
7.261151e+01 
7.261151e+01 
7.261151e+01 
7.261151e+01 
7.261151e+01 
7.261151e+01 
7.261151e+01 
7.261151e+01 
7.261151e+01 
7.261151e+01 
7.261151e+01 
7.261151e+01 
7.261151e+01 
7.261151e+01 
7.261151e+01 
7.261151e+01 
7.261151e+01 
7.261151e+01 
7.261151e+01 
7.261151e+01 
7.261151e+01 
7.261151e+01 
7.261151e+01 
7.261151e+01 
7.261151e+01 
7.261151e+01 
7.261151e+01 
7.261151e+01 
7.261151e+01 
7.261151e+01 
7.261151e+01 
7.261151e+01 
7.261151e+01 
7.261151e+01 
7.261151e+01 
7.261151e+01 
7.261151e+01 
7.261151e+01 
7.261151e+01 
7.261151e+01 
7.261151e+01 
7.261151e+01 
7.261151e+01 
7.261151e+01 
7.261151e+01 
7.261151e+01 
7.261151e+01 
7.261151e+01 
7.261151e+01 
7.261151e+01 
7.261151e+01 
7.261151e+01 
7.261151e+01 
7.261151e+01 
7.261151e+01 
7.261151e+01 
7.261151e+01 
7.261151e+01 
7.261151e+01 
7.261151e+01 
7.261151e+01 
7.261151e+01 
7.261151e+01 
7.261151e+01 
7.261151e+01 
7.261151e+01 
7.261151e+01 
7.261151e+01 
7.261151e+01 
7.261151e+01 
7.261151e+01 
7.261151e+01 
7.261151e+01 
7.261151e+01 
7.261151e+01 
7.261151e+01 
7.261151e+01 
7.261151e+01 
7.261151e+01 
7.261151e+01 
7.261151e+01 
7.261151e+01 
7.261151e+01 
7.261151e+01 
7.261151e+01 
7.261151e+01 
7.261151e+01 
7.261151e+01 
7.261151e+01 
7.261151e+01 
7.261151e+01 
7.261151e+01 
7.261151e+01 
7.261151e+01 
7.261151e+01 
7.261151e+01 
7.261151e+01 
7.261151e+01 
7.261151e+01 
7.261151e+01 
7.261151e+01 
7.261151e+01 
7.261151e+01 
7.261151e+01 
7.261151e+01 
7.261151e+01 
7.261151e+01 
7.261151e+01 
7.261151e+01 
7.261151e+01 
7.261151e+01 
7.261151e+01 
7.261151e+01 
7.261151e+01 
7.261151e+01 
7.261151e+01 
7.261151e+01 
7.261151e+01 
7.261151e+01 
7.261151e+01 
7.261151e+01 
7.261151e+01 
7.261151e+01 
7.261151e+01 
7.261151e+01 
7.261151e+01 
7.261151e+01 
7.261151e+01 
7.261151e+01 
7.261151e+01 
7.261151e+01 
7.261151e+01 
7.261151e+01 
7.261151e+01 
7.261151e+01 
7.261151e+01 
7.261151e+01 
6.398421e+01 
6.398421e+01 
6.398421e+01 
6.398421e+01 
6.398421e+01 
6.398421e+01 
6.398421e+01 
6.398421e+01 
6.398421e+01 
6.398421e+01 
6.398421e+01 
6.398421e+01 
6.398421e+01 
6.398421e+01 
6.398421e+01 
6.398421e+01 
6.398421e+01 
6.398421e+01 
6.398421e+01 
6.398421e+01 
6.398421e+01 
6.398421e+01 
6.398421e+01 
6.398421e+01 
6.398421e+01 
6.398421e+01 
6.398421e+01 
6.398421e+01 
6.398421e+01 
6.398421e+01 
6.398421e+01 
6.398421e+01 
6.398421e+01 
6.398421e+01 
6.398421e+01 
6.398421e+01 
6.398421e+01 
6.398421e+01 
6.398421e+01 
6.398421e+01 
6.398421e+01 
6.398421e+01 
5.710489e+01 
5.710489e+01 
5.710489e+01 
5.710489e+01 
5.710489e+01 
5.710489e+01 
5.710489e+01 
5.710489e+01 
5.710489e+01 
5.710489e+01 
5.710489e+01 
5.710489e+01 
5.710489e+01 
5.710489e+01 
5.710489e+01 
5.710489e+01 
5.710489e+01 
5.710489e+01 
4.987678e+01 
4.987678e+01 
4.987678e+01 
4.987678e+01 
4.930539e+01 
4.930539e+01 
4.930539e+01 
4.906122e+01 
4.558896e+01 
4.558896e+01 
4.558896e+01 
4.558896e+01 
4.558896e+01 
4.558896e+01 
4.429039e+01 
4.366136e+01 
4.366136e+01 
4.366136e+01 
4.336395e+01 
4.313050e+01 
4.298835e+01 
4.290261e+01 
4.285155e+01 
4.282168e+01 
4.280464e+01 
4.279531e+01 
4.279052e+01 
4.278836e+01 
4.278767e+01 
4.278767e+01 
4.278767e+01 
4.278147e+01 
4.276699e+01 
4.275580e+01 
4.274713e+01 
4.274037e+01 
4.273510e+01 
4.273097e+01 
4.272772e+01 
4.272518e+01 
4.272317e+01 
4.272159e+01 
4.272035e+01 
4.271937e+01 
4.271859e+01 
4.271798e+01 
4.271750e+01 
4.271712e+01 
4.271682e+01 
4.271658e+01 
4.271639e+01 
4.271624e+01 
4.271613e+01 
4.271603e+01 
4.271596e+01 
4.271590e+01 
4.271586e+01 
4.271582e+01 
4.271579e+01 
4.271577e+01 
4.271575e+01 
4.271574e+01 
4.271573e+01 
4.271572e+01 
4.271571e+01 
4.271570e+01 
4.271570e+01 
4.271570e+01 
4.271569e+01 
4.271569e+01 
4.271569e+01 
4.271569e+01 
4.271569e+01 
4.271569e+01 
4.271569e+01 
4.271569e+01 
4.271569e+01 
4.271568e+01 
4.271568e+01 
4.271568e+01 
4.271568e+01 
4.271568e+01 
4.271568e+01 
4.271568e+01 
4.271568e+01 
4.271568e+01 
4.271568e+01 
4.271568e+01 
4.271568e+01 
4.271568e+01 
4.271568e+01 
4.271568e+01 
4.271568e+01 
4.271568e+01 
4.271568e+01 
4.271568e+01 
4.271568e+01 
4.271568e+01 
4.271568e+01 
4.271568e+01 
4.271568e+01 
4.271568e+01 
4.271568e+01 
4.271568e+01 
4.271568e+01 
4.271568e+01 
4.271568e+01 
4.271568e+01 
4.271568e+01 
4.271568e+01 
4.271568e+01 
4.231212e+01 
4.193451e+01 
4.193451e+01 
4.147375e+01 
4.145091e+01 
4.145091e+01 
4.145091e+01 
4.145091e+01 
4.145091e+01 
4.145091e+01 
4.145091e+01 
4.140196e+01 
4.139040e+01 
4.139040e+01 
4.139040e+01 
4.135463e+01 
4.130413e+01 
4.128546e+01 
4.128380e+01 
4.128380e+01 
4.127267e+01 
4.126672e+01 
4.126672e+01 
4.124638e+01 
4.123254e+01 
4.122315e+01 
4.121669e+01 
4.121218e+01 
4.120899e+01 
4.120670e+01 
4.120503e+01 
4.120380e+01 
4.120289e+01 
4.120220e+01 
4.120168e+01 
4.120129e+01 
4.120098e+01 
4.120075e+01 
4.120057e+01 
4.120043e+01 
4.120032e+01 
4.120023e+01 
4.120017e+01 
4.120011e+01 
4.120007e+01 
4.120004e+01 
4.120002e+01 
4.120000e+01 
4.119998e+01 
4.066951e+01 
4.058148e+01 
4.015524e+01 
3.985725e+01 
3.964592e+01 
3.949397e+01 
3.938328e+01 
3.930171e+01 
3.924094e+01 
3.919527e+01 
3.916067e+01 
3.913428e+01 
3.911405e+01 
3.909847e+01 
3.908643e+01 
3.907709e+01 
3.906984e+01 
3.906419e+01 
3.905979e+01 
3.905635e+01 
3.905367e+01 
3.905157e+01 
3.904993e+01 
3.904864e+01 
3.904764e+01 
3.904685e+01 
3.904624e+01 
3.904575e+01 
3.904538e+01 
3.904508e+01 
3.904485e+01 
3.904467e+01 
3.904452e+01 
3.904441e+01 
3.904433e+01 
3.904426e+01 
3.904420e+01 
3.904416e+01 
3.904413e+01 
3.904410e+01 
3.904408e+01 
3.904407e+01 
3.904406e+01 
3.902802e+01 
3.902802e+01 
3.864478e+01 
3.864478e+01 
3.864478e+01 
3.864478e+01 
3.864478e+01 
3.861837e+01 
3.861837e+01 
3.861837e+01 
3.861837e+01 
3.861837e+01 
3.861837e+01 
3.861223e+01 
3.859576e+01 
3.859151e+01 
3.859151e+01 
3.858696e+01 
3.858696e+01 
3.858696e+01 
3.858696e+01 
3.858529e+01 
3.858529e+01 
3.325732e+01 
3.325732e+01 
3.325732e+01 
3.244788e+01 
3.244788e+01 
3.244788e+01 
3.244788e+01 
3.244788e+01 
3.244788e+01 
3.244788e+01 
3.244788e+01 
3.244788e+01 
3.244788e+01 
3.244788e+01 
3.244788e+01 
3.244788e+01 
3.244788e+01 
3.244788e+01 
3.244788e+01 
3.244788e+01 
3.244788e+01 
3.244788e+01 
3.244788e+01 
3.244788e+01 
3.244788e+01 
3.244788e+01 
3.244788e+01 
3.244788e+01 
3.244788e+01 
3.244788e+01 
3.244788e+01 
3.244788e+01 
3.244788e+01 
3.244788e+01 
3.244788e+01 
3.244788e+01 
3.244788e+01 
3.244788e+01 
3.244788e+01 
3.244788e+01 
3.244788e+01 
3.244788e+01 
3.244788e+01 
3.244788e+01 
3.244788e+01 
3.244788e+01 
3.244788e+01 
3.184509e+01 
3.184509e+01 
3.184509e+01 
3.184509e+01 
3.184509e+01 
3.184509e+01 
3.184509e+01 
3.184509e+01 
3.184509e+01 
3.123235e+01 
3.123235e+01 
3.123235e+01 
3.123235e+01 
3.123235e+01 
3.123235e+01 
3.123235e+01 
3.073129e+01 
3.073129e+01 
3.073129e+01 
3.073129e+01 
3.002706e+01 
3.002706e+01 
2.958625e+01 
2.958625e+01 
2.958625e+01 
2.958625e+01 
2.958625e+01 
2.958625e+01 
2.958625e+01 
2.958625e+01 
2.958625e+01 
2.958625e+01 
2.958625e+01 
2.958625e+01 
2.958625e+01 
2.958625e+01 
2.958625e+01 
2.958625e+01 
2.958625e+01 
2.958625e+01 
2.958625e+01 
2.958625e+01 
2.958625e+01 
2.958625e+01 
2.958625e+01 
2.958625e+01 
2.958625e+01 
2.958625e+01 
2.958625e+01 
2.958625e+01 
2.958625e+01 
2.958625e+01 
2.958625e+01 
2.958625e+01 
2.958625e+01 
2.958625e+01 
2.958625e+01 
2.958625e+01 
2.958625e+01 
2.958625e+01 
2.958625e+01 
2.958625e+01 
2.958625e+01 
2.958625e+01 
2.958625e+01 
2.958625e+01 
2.958625e+01 
2.958625e+01 
2.958625e+01 
2.958625e+01 
2.958625e+01 
2.958625e+01 
2.958625e+01 
2.958625e+01 
2.958625e+01 
2.958625e+01 
2.946527e+01 
2.946527e+01 
2.946527e+01 
2.920004e+01 
2.920004e+01 
2.920004e+01 
2.920004e+01 
2.920004e+01 
2.879253e+01 
2.879253e+01 
2.879253e+01 
2.879253e+01 
2.879253e+01 
2.879253e+01 
2.879253e+01 
2.879253e+01 
2.879253e+01 
2.879253e+01 
2.879253e+01 
2.879253e+01 
2.879253e+01 
2.879253e+01 
2.879253e+01 
2.879253e+01 
2.879253e+01 
2.879253e+01 
2.879253e+01 
2.879253e+01 
2.879253e+01 
2.879253e+01 
2.879253e+01 
2.879253e+01 
2.879253e+01 
2.879253e+01 
2.879253e+01 
2.879253e+01 
2.879253e+01 
2.879253e+01 
2.879253e+01 
2.879253e+01 
2.879253e+01 
2.879253e+01 
2.879253e+01 
2.879253e+01 
2.879253e+01 
2.879253e+01 
2.879253e+01 
2.879253e+01 
2.879253e+01 
2.879253e+01 
2.879253e+01 
2.879253e+01 
2.879253e+01 
2.879253e+01 
2.879253e+01 
2.879253e+01 
2.879253e+01 
2.879253e+01 
2.879253e+01 
2.879253e+01 
2.879253e+01 
2.879253e+01 
2.879253e+01 
2.879253e+01 
2.879253e+01 
2.879253e+01 
2.879253e+01 
2.879253e+01 
2.879253e+01 
2.879253e+01 
2.879253e+01 
2.879253e+01 
2.879253e+01 
2.879253e+01 
2.879253e+01 
2.879253e+01 
2.855332e+01 
2.855332e+01 
2.855332e+01 
2.855332e+01 
2.855332e+01 
2.855332e+01 
2.855332e+01 
2.855332e+01 
2.855332e+01 
2.855332e+01 
2.855332e+01 
2.855332e+01 
2.855332e+01 
2.855332e+01 
2.855332e+01 
2.855332e+01 
2.855332e+01 
2.855332e+01 
2.855332e+01 
2.855332e+01 
2.855332e+01 
2.855332e+01 
2.855332e+01 
2.855332e+01 
2.855332e+01 
2.855332e+01 
2.855332e+01 
2.855332e+01 
2.855332e+01 
2.855332e+01 
2.855332e+01 
2.210364e+01 
2.210364e+01 
2.210364e+01 
2.210364e+01 
2.210364e+01 
2.210364e+01 
2.210364e+01 
2.210364e+01 
2.210364e+01 
2.210364e+01 
2.090104e+01 
2.090104e+01 
2.090104e+01 
2.090104e+01 
2.090104e+01 
2.090104e+01 
2.090104e+01 
2.090104e+01 
2.090104e+01 
2.090104e+01 
2.090104e+01 
2.090104e+01 
2.090104e+01 
2.090104e+01 
2.090104e+01 
2.090104e+01 
2.090104e+01 
2.090104e+01 
2.090104e+01 
2.090104e+01 
2.090104e+01 
2.090104e+01 
2.090104e+01 
2.090104e+01 
2.090104e+01 
2.090104e+01 
2.090104e+01 
2.090104e+01 
2.090104e+01 
2.090104e+01 
2.090104e+01 
2.090104e+01 
2.090104e+01 
2.090104e+01 
2.090104e+01 
1.633266e+01 
1.633266e+01 
1.633266e+01 
1.633266e+01 
1.633266e+01 
1.633266e+01 
1.633266e+01 
1.633266e+01 
1.633266e+01 
1.633266e+01 
1.633266e+01 
1.633266e+01 
1.633266e+01 
1.633266e+01 
1.633266e+01 
1.633266e+01 
1.633266e+01 
1.626189e+01 
1.626189e+01 
1.626189e+01 
1.626189e+01 
1.626189e+01 
1.626189e+01 
1.626189e+01 
1.626189e+01 
1.626189e+01 
1.626189e+01 
1.566290e+01 
1.566290e+01 
1.566290e+01 
1.566290e+01 
1.566290e+01 
1.566290e+01 
1.566290e+01 
1.566290e+01 
1.566290e+01 
1.566290e+01 
1.566290e+01 
1.566290e+01 
1.566290e+01 
1.566290e+01 
1.566290e+01 
1.566290e+01 
1.566290e+01 
1.566290e+01 
1.566290e+01 
1.566290e+01 
1.566290e+01 
1.566290e+01 
1.566290e+01 
1.566290e+01 
1.566290e+01 
1.566290e+01 
1.566290e+01 
1.566290e+01 
1.566290e+01 
1.566290e+01 
1.566290e+01 
1.566290e+01 
1.566290e+01 
1.566290e+01 
1.566290e+01 
1.566290e+01 
1.566290e+01 
1.566290e+01 
1.566290e+01 
1.566290e+01 
1.566290e+01 
1.566290e+01 
1.566290e+01 
1.566290e+01 
1.566290e+01 
1.566290e+01 
1.566290e+01 
1.566290e+01 
1.566290e+01 
1.566290e+01 
1.566290e+01 
1.566290e+01 
1.561594e+01 
1.561594e+01 
1.561594e+01 
1.561594e+01 
1.561594e+01 
1.561594e+01 
1.561594e+01 
1.561594e+01 
1.561594e+01 
1.561594e+01 
1.561594e+01 
1.561594e+01 
1.561594e+01 
1.561594e+01 
1.559813e+01 
1.559813e+01 
1.559813e+01 
1.550276e+01 
1.541322e+01 
1.536279e+01 
1.533470e+01 
1.531930e+01 
1.531106e+01 
1.530681e+01 
1.530476e+01 
1.530388e+01 
1.530361e+01 
1.530361e+01 
1.530067e+01 
1.529870e+01 
1.529737e+01 
1.529645e+01 
1.529580e+01 
1.529534e+01 
1.529501e+01 
1.529477e+01 
1.529459e+01 
1.529446e+01 
1.529436e+01 
1.529429e+01 
1.529423e+01 
1.529419e+01 
1.529416e+01 
1.529413e+01 
1.529412e+01 
1.529410e+01 
1.529409e+01 
1.529408e+01 
1.529408e+01 
1.529407e+01 
1.529407e+01 
1.529407e+01 
1.529406e+01 
1.529406e+01 
1.529406e+01 
1.529406e+01 
1.529406e+01 
1.529406e+01 
1.529406e+01 
1.529406e+01 
1.529406e+01 
1.529406e+01 
1.529406e+01 
1.529406e+01 
1.529406e+01 
1.529406e+01 
1.512865e+01 
1.512865e+01 
1.512865e+01 
1.512865e+01 
1.512865e+01 
1.512865e+01 
1.512865e+01 
1.512865e+01 
1.512865e+01 
1.512865e+01 
1.512865e+01 
1.512865e+01 
1.512865e+01 
1.512865e+01 
1.512865e+01 
1.512865e+01 
1.512865e+01 
1.512865e+01 
1.512865e+01 
1.512865e+01 
1.512865e+01 
1.512865e+01 
1.512865e+01 
1.512865e+01 
1.512865e+01 
1.512865e+01 
1.512865e+01 
1.512865e+01 
1.465355e+01 
1.465355e+01 
1.465355e+01 
1.465355e+01 
1.465355e+01 
1.465355e+01 
1.465355e+01 
1.465355e+01 
1.465355e+01 
1.465355e+01 
1.465355e+01 
1.465355e+01 
1.465355e+01 
1.465355e+01 
1.465355e+01 
1.465355e+01 
1.465355e+01 
1.465355e+01 
1.465355e+01 
1.465355e+01 
1.465355e+01 
1.465355e+01 
1.465355e+01 
1.465355e+01 
1.465355e+01 
1.465355e+01 
1.465355e+01 
1.465355e+01 
1.465355e+01 
1.465355e+01 
1.465355e+01 
1.465355e+01 
1.465355e+01 
1.465355e+01 
1.465355e+01 
1.465355e+01 
1.465355e+01 
1.465355e+01 
1.465355e+01 
1.465355e+01 
1.465355e+01 
1.465355e+01 
1.465355e+01 
1.465355e+01 
1.465355e+01 
1.465355e+01 
1.465355e+01 
1.465355e+01 
1.465355e+01 
1.465355e+01 
1.465355e+01 
1.465355e+01 
1.465355e+01 
1.465355e+01 
1.465355e+01 
1.465355e+01 
1.465355e+01 
1.465355e+01 
1.465355e+01 
1.465355e+01 
1.465355e+01 
1.465355e+01 
1.465355e+01 
1.465355e+01 
1.465355e+01 
1.465355e+01 
1.465355e+01 
1.465355e+01 
1.465355e+01 
1.465355e+01 
1.465355e+01 
1.465355e+01 
1.465355e+01 
1.465355e+01 
1.465355e+01 
1.465355e+01 
1.465355e+01 
1.465355e+01 
1.465355e+01 
1.465355e+01 
1.465355e+01 
1.465355e+01 
1.465355e+01 
1.465355e+01 
1.465355e+01 
1.465355e+01 
1.465355e+01 
1.465355e+01 
1.465355e+01 
1.465355e+01 
1.465355e+01 
1.465355e+01 
1.465355e+01 
1.465355e+01 
1.465355e+01 
1.465355e+01 
1.420902e+01 
1.420902e+01 
1.420902e+01 
1.420902e+01 
1.420902e+01 
1.420902e+01 
1.420902e+01 
1.420902e+01 
1.420902e+01 
1.420902e+01 
1.420902e+01 
1.420902e+01 
1.420902e+01 
1.420902e+01 
1.420902e+01 
1.420902e+01 
1.420902e+01 
1.420902e+01 
1.420902e+01 
1.420902e+01 
1.420902e+01 
1.420902e+01 
1.420902e+01 
1.420902e+01 
1.420902e+01 
1.420902e+01 
1.420902e+01 
1.420902e+01 
1.420902e+01 
1.420902e+01 
1.420902e+01 
1.420902e+01 
1.420902e+01 
1.420902e+01 
1.420902e+01 
1.420902e+01 
1.420902e+01 
1.420902e+01 
1.420902e+01 
1.420902e+01 
1.420902e+01 
1.420902e+01 
1.420902e+01 
1.420902e+01 
1.420902e+01 
1.420902e+01 
1.420902e+01 
1.420902e+01 
1.420902e+01 
1.420902e+01 
1.420902e+01 
1.420902e+01 
1.420902e+01 
1.420902e+01 
1.420902e+01 
1.420902e+01 
1.420902e+01 
1.420902e+01 
1.420902e+01 
1.420902e+01 
1.420902e+01 
1.420902e+01 
1.420902e+01 
1.420902e+01 
1.420902e+01 
1.420902e+01 
1.420902e+01 
1.420902e+01 
1.420902e+01 
1.420902e+01 
1.420902e+01 
1.420902e+01 
1.420902e+01 
1.420902e+01 
1.420902e+01 
1.420902e+01 
1.420902e+01 
1.420902e+01 
1.420902e+01 
1.420902e+01 
1.420902e+01 
1.420902e+01 
1.420902e+01 
1.420902e+01 
1.420902e+01 
1.420902e+01 
1.420902e+01 
1.420902e+01 
1.420902e+01 
1.420902e+01 
1.420902e+01 
1.420902e+01 
1.420902e+01 
1.420902e+01 
1.420902e+01 
1.420902e+01 
1.420902e+01 
1.420902e+01 
1.420902e+01 
1.420902e+01 
1.420902e+01 
1.420902e+01 
1.420902e+01 
1.420902e+01 
1.420902e+01 
1.420902e+01 
1.420902e+01 
1.420902e+01 
1.420902e+01 
1.420902e+01 
1.420902e+01 
1.420902e+01 
1.420902e+01 
1.420902e+01 
1.420902e+01 
1.420902e+01 
1.420902e+01 
1.420902e+01 
1.420902e+01 
1.420902e+01 
1.420902e+01 
1.420902e+01 
1.420902e+01 
1.420902e+01 
1.420902e+01 
1.420902e+01 
1.420902e+01 
1.420902e+01 
1.420902e+01 
1.420902e+01 
1.420902e+01 
1.347902e+01 
1.347902e+01 
1.347902e+01 
1.347902e+01 
1.347902e+01 
1.347902e+01 
1.347902e+01 
1.347902e+01 
1.347902e+01 
1.347902e+01 
1.347902e+01 
1.347902e+01 
1.347902e+01 
1.347902e+01 
1.347902e+01 
1.347902e+01 
1.347902e+01 
1.347902e+01 
1.347902e+01 
1.347902e+01 
1.347902e+01 
1.347902e+01 
1.347902e+01 
1.347902e+01 
1.347902e+01 
1.347902e+01 
1.347902e+01 
1.347902e+01 
1.347902e+01 
1.347902e+01 
1.347902e+01 
1.347902e+01 
1.347902e+01 
1.347902e+01 
1.347902e+01 
1.347902e+01 
1.347902e+01 
1.347902e+01 
1.347902e+01 
1.347902e+01 
1.347902e+01 
1.347902e+01 
1.347902e+01 
1.347902e+01 
1.347902e+01 
1.347902e+01 
1.347902e+01 
1.347902e+01 
1.347902e+01 
1.347902e+01 
1.347902e+01 
1.347902e+01 
1.347902e+01 
1.347902e+01 
1.347902e+01 
1.347902e+01 
1.347902e+01 
1.347902e+01 
1.347902e+01 
1.347902e+01 
1.347902e+01 
1.347902e+01 
1.347902e+01 
1.347902e+01 
1.347902e+01 
1.347902e+01 
1.347902e+01 
1.347902e+01 
1.347902e+01 
1.347902e+01 
1.347902e+01 
1.347902e+01 
1.347902e+01 
1.347902e+01 
1.347902e+01 
1.347902e+01 
1.347902e+01 
1.347902e+01 
1.347902e+01 
1.347902e+01 
1.347902e+01 
1.347902e+01 
1.347902e+01 
1.347902e+01 
1.347902e+01 
1.347902e+01 
1.347902e+01 
1.347902e+01 
1.347902e+01 
1.347902e+01 
1.347902e+01 
1.347902e+01 
1.347902e+01 
1.347902e+01 
1.347902e+01 
1.347902e+01 
1.347902e+01 
1.347902e+01 
1.347902e+01 
1.347902e+01 
1.347902e+01 
1.347902e+01 
1.347902e+01 
1.347902e+01 
1.347902e+01 
1.347902e+01 
1.347902e+01 
1.347902e+01 
1.347902e+01 
1.347902e+01 
1.347902e+01 
1.347902e+01 
1.347902e+01 
1.347902e+01 
1.347902e+01 
1.347902e+01 
1.347902e+01 
1.347902e+01 
1.347902e+01 
1.347902e+01 
1.347902e+01 
1.347902e+01 
1.347902e+01 
1.347902e+01 
1.347902e+01 
1.347902e+01 
1.347902e+01 
1.347902e+01 
1.347902e+01 
1.347902e+01 
1.347902e+01 
1.347902e+01 
1.347902e+01 
1.347902e+01 
1.347902e+01 
1.347902e+01 
1.347902e+01 
1.347902e+01 
1.347902e+01 
1.347902e+01 
1.347902e+01 
1.347902e+01 
1.347902e+01 
1.347902e+01 
1.347902e+01 
1.347902e+01 
1.347902e+01 
1.347902e+01 
1.347902e+01 
1.347902e+01 
1.347902e+01 
1.347902e+01 
1.347902e+01 
1.347902e+01 
1.347902e+01 
1.347902e+01 
1.347902e+01 
1.347902e+01 
1.347902e+01 
1.347902e+01 
1.347902e+01 
1.347902e+01 
1.347902e+01 
1.347902e+01 
1.347902e+01 
1.347902e+01 
1.347902e+01 
1.347902e+01 
1.347902e+01 
1.347902e+01 
1.347902e+01 
1.347902e+01 
1.347902e+01 
1.347902e+01 
1.347902e+01 
1.347902e+01 
1.347902e+01 
1.347902e+01 
1.347902e+01 
1.347902e+01 
1.347902e+01 
1.347902e+01 
1.347902e+01 
1.347902e+01 
1.347902e+01 
1.347902e+01 
1.347902e+01 
1.347902e+01 
1.345976e+01 
1.345976e+01 
1.345976e+01 
1.345976e+01 
1.345976e+01 
1.345976e+01 
1.345976e+01 
1.345976e+01 
1.345976e+01 
1.345976e+01 
1.345976e+01 
1.345976e+01 
1.345976e+01 
1.345976e+01 
1.345774e+01 
1.345774e+01 
1.345774e+01 
1.345774e+01 
1.345774e+01 
1.345774e+01 
1.345774e+01 
1.345774e+01 
1.345774e+01 
1.345774e+01 
1.345774e+01 
1.345774e+01 
1.345774e+01 
1.345774e+01 
1.345774e+01 
1.345774e+01 
1.345774e+01 
1.345774e+01 
1.345774e+01 
1.345774e+01 
1.345774e+01 
1.345774e+01 
1.345774e+01 
1.345707e+01 
1.345707e+01 
1.345707e+01 
1.345707e+01 
1.345707e+01 
1.345707e+01 
1.345707e+01 
1.345707e+01 
1.345707e+01 
1.345707e+01 
1.345707e+01 
1.345707e+01 
1.345707e+01 
1.345707e+01 
1.345707e+01 
1.345707e+01 
1.345707e+01 
1.338172e+01 
1.318876e+01 
1.318876e+01 
1.318876e+01 
1.318876e+01 
1.318876e+01 
1.318876e+01 
1.318876e+01 
1.318876e+01 
1.318876e+01 
1.318876e+01 
1.318876e+01 
1.318876e+01 
1.318876e+01 
1.318876e+01 
1.318876e+01 
1.318876e+01 
1.318876e+01 
1.318876e+01 
1.318876e+01 
1.318876e+01 
1.318876e+01 
1.318876e+01 
1.318876e+01 
1.318876e+01 
1.318876e+01 
1.318876e+01 
1.318876e+01 
1.318876e+01 
1.318876e+01 
1.318876e+01 
1.318876e+01 
1.318876e+01 
1.318876e+01 
1.318876e+01 
1.318876e+01 
1.318876e+01 
1.318876e+01 
1.318876e+01 
1.318876e+01 
1.318876e+01 
1.318876e+01 
1.318876e+01 
1.318876e+01 
1.318876e+01 
1.318876e+01 
1.318876e+01 
1.318876e+01 
1.318876e+01 
1.318876e+01 
1.318876e+01 
1.318876e+01 
1.318876e+01 
1.318876e+01 
1.318876e+01 
1.318876e+01 
1.318876e+01 
1.318876e+01 
1.318876e+01 
1.318876e+01 
1.318876e+01 
1.318876e+01 
1.318876e+01 
1.318876e+01 
1.318876e+01 
1.318876e+01 
1.318876e+01 
1.318876e+01 
1.318876e+01 
1.318876e+01 
1.318876e+01 
1.318876e+01 
1.318876e+01 
1.318876e+01 
1.318876e+01 
1.318876e+01 
1.317615e+01 
1.317615e+01 
1.317615e+01 
1.317615e+01 
1.317615e+01 
1.317615e+01 
1.317615e+01 
1.317615e+01 
1.317615e+01 
1.317615e+01 
1.317615e+01 
1.317615e+01 
1.317615e+01 
1.317615e+01 
1.317615e+01 
1.317615e+01 
1.313342e+01 
1.313342e+01 
1.313342e+01 
1.313342e+01 
1.313342e+01 
1.312234e+01 
1.312234e+01 
1.312234e+01 
1.312234e+01 
1.312234e+01 
1.312234e+01 
1.312234e+01 
1.312234e+01 
1.312234e+01 
1.312234e+01 
1.312234e+01 
1.312234e+01 
1.312234e+01 
1.312234e+01 
1.312234e+01 
1.312234e+01 
1.312234e+01 
1.311830e+01 
1.311830e+01 
1.311830e+01 
1.311830e+01 
1.311830e+01 
1.311830e+01 
1.311830e+01 
1.311830e+01 
1.311830e+01 
1.311830e+01 
1.311830e+01 
1.311830e+01 
1.311830e+01 
1.311830e+01 
1.311830e+01 
1.311830e+01 
1.311830e+01 
1.311830e+01 
1.311830e+01 
1.311830e+01 
1.311830e+01 
1.311830e+01 
1.311830e+01 
1.311830e+01 
1.311830e+01 
1.311830e+01 
1.311830e+01 
1.311830e+01 
1.311830e+01 
1.311830e+01 
1.311830e+01 
1.311830e+01 
1.311830e+01 
1.311830e+01 
1.311830e+01 
1.311830e+01 
1.311830e+01 
1.311830e+01 
1.311830e+01 
1.311830e+01 
1.311830e+01 
1.311830e+01 
1.311830e+01 
1.311830e+01 
1.311830e+01 
1.311830e+01 
1.311830e+01 
1.311830e+01 
1.311830e+01 
1.311830e+01 
1.311830e+01 
1.311830e+01 
1.311830e+01 
1.311830e+01 
1.311647e+01 
1.311647e+01 
1.311647e+01 
1.311647e+01 
1.311647e+01 
1.311647e+01 
1.311647e+01 
1.311647e+01 
1.311647e+01 
1.311647e+01 
1.311647e+01 
1.311647e+01 
1.311647e+01 
1.311484e+01 
1.307628e+01 
1.307628e+01 
1.307628e+01 
1.307628e+01 
1.307628e+01 
1.307628e+01 
1.307628e+01 
1.307628e+01 
1.307628e+01 
1.307306e+01 
1.307306e+01 
1.307306e+01 
1.305502e+01 
1.305502e+01 
1.230081e+01 
1.230081e+01 
1.230081e+01 
1.230081e+01 
1.230081e+01 
1.230081e+01 
1.230081e+01 
1.230081e+01 
1.230081e+01 
1.230081e+01 
1.230081e+01 
1.230081e+01 
1.230081e+01 
1.230081e+01 
1.230081e+01 
9.437260e+00 
9.437260e+00 
9.437260e+00 
9.437260e+00 
9.437260e+00 
9.437260e+00 
9.437260e+00 
9.437260e+00 
9.437260e+00 
9.437260e+00 
9.437260e+00 
9.437260e+00 
8.778568e+00 
8.778568e+00 
8.778568e+00 
8.778568e+00 
8.778568e+00 
8.778568e+00 
8.778568e+00 
8.778568e+00 
8.778568e+00 
8.778568e+00 
8.778568e+00 
8.778568e+00 
8.778568e+00 
8.778568e+00 
8.778568e+00 
8.778568e+00 
8.778568e+00 
8.778568e+00 
8.778568e+00 
8.778568e+00 
8.778568e+00 
8.778568e+00 
8.778568e+00 
8.778568e+00 
8.778568e+00 
8.279065e+00 
8.279065e+00 
8.279065e+00 
8.153122e+00 
8.153122e+00 
8.153122e+00 
6.341197e+00 
6.341197e+00 
6.341197e+00 
6.341197e+00 
6.341197e+00 
6.341197e+00 
6.341197e+00 
6.341197e+00 
6.341197e+00 
6.341197e+00 
6.341197e+00 
6.341197e+00 
6.341197e+00 
6.341197e+00 
6.341197e+00 
6.341197e+00 
6.341197e+00 
6.341197e+00 
5.685066e+00 
5.685066e+00 
5.685066e+00 
5.685066e+00 
5.685066e+00 
5.685066e+00 
5.685066e+00 
5.685066e+00 
5.685066e+00 
5.685066e+00 
5.685066e+00 
5.685066e+00 
5.685066e+00 
5.685066e+00 
5.685066e+00 
5.685066e+00 
5.640278e+00 
5.640278e+00 
5.640278e+00 
5.640278e+00 
5.640278e+00 
5.640278e+00 
5.640278e+00 
5.640278e+00 
5.640278e+00 
5.640278e+00 
5.640278e+00 
5.640278e+00 
5.640278e+00 
5.640278e+00 
5.640278e+00 
5.640278e+00 
5.640278e+00 
5.640278e+00 
5.640278e+00 
5.640278e+00 
5.510864e+00 
5.510864e+00 
5.510864e+00 
5.510864e+00 
5.510864e+00 
5.510864e+00 
5.510864e+00 
5.510864e+00 
5.510864e+00 
5.510864e+00 
5.383726e+00 
5.383726e+00 
5.383726e+00 
4.223903e+00 
4.223903e+00 
3.849975e+00 
3.849975e+00 
3.849975e+00 
3.849975e+00 
3.849975e+00 
3.849975e+00 
3.849975e+00 
3.849975e+00 
3.555333e+00 
3.555333e+00 
3.555333e+00 
3.555333e+00 
3.555333e+00 
3.555333e+00 
3.555333e+00 
3.555333e+00 
3.555333e+00 
3.555333e+00 
3.526110e+00 
3.526110e+00 
3.303885e+00 
3.303885e+00 
3.303885e+00 
2.675433e+00 
2.675433e+00 
2.675433e+00 
2.675433e+00 
2.675433e+00 
2.675433e+00 
2.675433e+00 
2.523328e+00 
2.523328e+00 
2.504230e+00 
2.504230e+00 
2.504230e+00 
2.504230e+00 
2.504230e+00 
2.504230e+00 
2.504230e+00 
2.504230e+00 
2.504230e+00 
2.504230e+00 
2.504230e+00 
1.629859e+00 
1.364752e+00 
1.364752e+00 
1.364752e+00 
1.364752e+00 
1.364752e+00 
1.364752e+00 
1.364752e+00 
1.364752e+00 
1.364752e+00 
1.364752e+00 
1.364752e+00 
1.364752e+00 
1.364752e+00 
1.364752e+00 
1.364752e+00 
1.364752e+00 
1.364752e+00 
1.364752e+00 
1.364752e+00 
1.364752e+00 
1.364752e+00 
1.364752e+00 
1.364752e+00 
1.364752e+00 
1.364752e+00 
1.364752e+00 
1.364752e+00 
1.364752e+00 
1.364752e+00 
1.315400e+00 
1.315400e+00 
1.315400e+00 
6.266768e-01 
6.266768e-01 
6.266768e-01 
6.266768e-01 
4.797406e-01 
4.797406e-01 
4.797406e-01 
4.797406e-01 
4.797406e-01 
4.797406e-01 
4.797406e-01 
4.797406e-01 
4.609724e-01 
4.609724e-01 
4.609724e-01 
4.609724e-01 
4.609724e-01 
4.609724e-01 
4.609724e-01 
4.609724e-01 
4.609724e-01 
4.609724e-01 
4.609724e-01 
4.609724e-01 
4.609724e-01 
4.609724e-01 
3.229985e-01 
3.229985e-01 
3.229985e-01 
3.229985e-01 
3.229985e-01 
3.229985e-01 
3.229985e-01 
3.229985e-01 
3.229985e-01 
3.229985e-01 
3.229985e-01 
3.229985e-01 
3.229985e-01 
3.229985e-01 
3.229985e-01 
3.229985e-01 
3.229985e-01 
3.229985e-01 
3.229985e-01 
3.229985e-01 
3.229985e-01 
3.229985e-01 
3.229985e-01 
3.229985e-01 
3.229985e-01 
3.229985e-01 
3.229985e-01 
3.229985e-01 
3.229985e-01 
3.229985e-01 
3.229985e-01 
3.229985e-01 
3.229985e-01 
3.229985e-01 
3.229985e-01 
3.229985e-01 
3.229985e-01 
3.229985e-01 
3.229985e-01 
3.229985e-01 
3.229985e-01 
3.229985e-01 
3.229985e-01 
3.229985e-01 
3.229985e-01 
3.229985e-01 
3.229985e-01 
3.229985e-01 
3.229985e-01 
3.229985e-01 
3.229985e-01 
3.229985e-01 
3.229985e-01 
3.229985e-01 
3.229985e-01 
3.229985e-01 
3.229985e-01 
3.007237e-01 
3.007237e-01 
2.912835e-01 
2.912835e-01 
2.912835e-01 
2.334983e-01 
2.334983e-01 
2.138161e-01 
2.138161e-01 
2.138161e-01 
2.138161e-01 
2.138161e-01 
1.829300e-01 
1.829300e-01 
1.829300e-01 
1.829300e-01 
1.829300e-01 
1.829300e-01 
1.829300e-01 
1.829300e-01 
1.829300e-01 
1.799615e-01 
1.799615e-01 
1.799615e-01 
1.799615e-01 
9.719901e-02 
9.719901e-02 
9.719901e-02 
9.719901e-02 
9.045337e-02 
9.045337e-02 
9.045337e-02 
9.045337e-02 
9.045337e-02 
9.045337e-02 
9.045337e-02 
9.045337e-02 
9.045337e-02 
9.045337e-02 
9.045337e-02 
9.045337e-02 
9.045337e-02 
9.045337e-02 
9.045337e-02 
9.045337e-02 
9.045337e-02 
9.045337e-02 
9.045337e-02 
9.045337e-02 
9.045337e-02 
9.045337e-02 
9.045337e-02 
9.045337e-02 
9.045337e-02 
9.045337e-02 
9.045337e-02 
9.045337e-02 
9.045337e-02 
9.045337e-02 
8.939533e-02 
8.939533e-02 
8.939533e-02 
8.939533e-02 
8.900020e-02 
8.900020e-02 
8.867325e-02 
8.867325e-02 
8.858006e-02 
8.858006e-02 
8.858006e-02 
8.850020e-02 
8.850020e-02 
8.850020e-02 
8.850020e-02 
8.850020e-02 
8.850020e-02 
8.850020e-02 
8.850020e-02 
8.850020e-02 
8.850020e-02 
8.850020e-02 
8.850020e-02 
8.839748e-02 
8.838710e-02 
8.838710e-02 
8.826818e-02 
8.826209e-02 
8.826209e-02 
8.826209e-02 
8.818481e-02 
8.811066e-02 
7.380940e-02 
7.338353e-02 
7.338353e-02 
7.147918e-02 
7.147918e-02 
5.741926e-02 
5.741926e-02 
5.741926e-02 
5.741926e-02 
4.925078e-02 
4.925078e-02 
4.925078e-02 
4.817199e-02 
4.817199e-02 
4.817199e-02 
4.466651e-02 
4.466651e-02 
4.466651e-02 
4.293837e-02 
4.239589e-02 
4.239589e-02 
4.161223e-02 
4.161223e-02 
4.161223e-02 
3.853094e-02 
3.853094e-02 
3.853094e-02 
3.853094e-02 
3.853094e-02 
3.853094e-02 
3.853094e-02 
3.853094e-02 
3.853094e-02 
3.840896e-02 
2.902540e-02 
2.902540e-02 
2.902540e-02 
2.610268e-02 
2.610268e-02 
2.610268e-02 
2.610268e-02 
2.603057e-02 
2.603057e-02 
2.463177e-02 
2.394410e-02 
2.371008e-02 
2.366970e-02 
2.366970e-02 
2.305758e-02 
2.270236e-02 
2.012182e-02 
2.012182e-02 
2.012182e-02 
1.976644e-02 
1.976644e-02 
1.652517e-02 
1.652517e-02 
1.382552e-02 
1.382552e-02 
1.382552e-02 
1.382552e-02 
1.382552e-02 
1.382552e-02 
8.347121e-03 
8.347121e-03 
8.347121e-03 
8.347121e-03 
8.347121e-03 
8.347121e-03 
8.347121e-03 
8.347121e-03 
8.347121e-03 
8.347121e-03 
8.347121e-03 
8.347121e-03 
8.347121e-03 
8.347121e-03 
8.347121e-03 
8.347121e-03 
8.347121e-03 
8.347121e-03 
5.310053e-03 
4.032630e-03 
4.032630e-03 
4.009791e-03 
4.009791e-03 
3.816835e-03 
3.816835e-03 
3.816835e-03 
3.708293e-03 
3.594405e-03 
3.594405e-03 
3.566393e-03 
3.566393e-03 
3.532562e-03 
3.532562e-03 
3.532562e-03 
3.489154e-03 
3.469407e-03 
3.469407e-03 
3.469407e-03 
3.469407e-03 
3.469407e-03 
3.386548e-03 
3.356826e-03 
3.356826e-03 
3.356826e-03 
3.356826e-03 
3.356826e-03 
3.356826e-03 
3.290798e-03 
3.258517e-03 
3.258517e-03 
3.258517e-03 
3.258517e-03 
3.258517e-03 
3.258517e-03 
3.258517e-03 
2.811111e-03 
2.811111e-03 
2.811111e-03 
2.811111e-03 
2.811111e-03 
2.811111e-03 
2.811111e-03 
2.811111e-03 
2.811111e-03 
2.811111e-03 
2.811111e-03 
2.811111e-03 
2.811111e-03 
2.811111e-03 
2.811111e-03 
2.811111e-03 
2.811111e-03 
2.270799e-03 
2.270799e-03 
1.393005e-03 
1.393005e-03 
1.393005e-03 
8.137875e-04 
8.137875e-04 
8.137875e-04 
8.137875e-04 
8.137875e-04 
8.137875e-04 
8.137875e-04 
8.137875e-04 
8.137875e-04 
4.811601e-04 
4.811601e-04 
4.811601e-04 
4.811601e-04 
4.521012e-04 
4.521012e-04 
4.110411e-04 
4.110411e-04 
4.110411e-04 
4.110411e-04 
4.110411e-04 
4.110411e-04 
4.110411e-04 
4.110411e-04 
4.110411e-04 
4.110411e-04 
4.110411e-04 
3.157986e-04 
2.872674e-04 
2.872674e-04 
2.303213e-04 
2.303213e-04 
2.090114e-04 
2.090114e-04 
2.090114e-04 
2.090114e-04 
2.090114e-04 
2.090114e-04 
2.085507e-04 
2.085507e-04 
2.021429e-04 
2.021429e-04 
2.021429e-04 
1.989990e-04 
1.989990e-04 
1.989990e-04 
1.989990e-04 
1.971911e-04 
1.971911e-04 
1.971911e-04 
1.939865e-04 
1.922620e-04 
1.922620e-04 
1.917419e-04 
1.917419e-04 
1.917419e-04 
1.913592e-04 
1.911888e-04 
1.911888e-04 
1.911888e-04 
1.900627e-04 
1.889891e-04 
1.883563e-04 
1.879713e-04 
1.877303e-04 
1.875756e-04 
1.874743e-04 
1.874067e-04 
1.873612e-04 
1.873302e-04 
1.873090e-04 
1.872944e-04 
1.872843e-04 
1.872773e-04 
1.872725e-04 
1.872691e-04 
1.872667e-04 
1.872651e-04 
1.788707e-04 
1.788707e-04 
1.737699e-04 
1.617980e-04 
1.547410e-04 
1.504475e-04 
1.477589e-04 
8.159408e-05 
8.159408e-05 
8.159408e-05 
8.159408e-05 
7.027780e-05 
7.027780e-05 
7.027780e-05 
7.027780e-05 
7.027780e-05 
7.027780e-05 
7.027780e-05 
6.175664e-05 
6.175664e-05 
4.679976e-05 
4.679976e-05 
4.679976e-05 
4.679976e-05 
4.679976e-05 
4.679976e-05 
4.679976e-05 
4.679976e-05 
4.120325e-05 
4.120325e-05 
3.210696e-05 
3.210696e-05 
3.210696e-05 
3.210696e-05 
2.896950e-05 
2.896950e-05 
2.896950e-05 
2.806478e-05 
2.806478e-05 
2.602448e-05 
2.602448e-05 
2.602448e-05 
2.602448e-05 
2.485405e-05 
2.485405e-05 
2.485405e-05 
2.485405e-05 
2.485405e-05 
2.485405e-05 
2.485405e-05 
2.485405e-05 
2.341438e-05 
2.273723e-05 
2.273723e-05 
2.271033e-05 
2.271033e-05 
2.271033e-05 
2.271033e-05 
1.974596e-05 
1.974596e-05 
1.974596e-05 
1.910661e-05 
1.910661e-05 
1.458540e-05 
1.458540e-05 
1.458540e-05 
1.458540e-05 
1.458540e-05 
1.458540e-05 
1.452851e-05 
1.452851e-05 
1.452851e-05 
1.452851e-05 
1.452851e-05 
1.452851e-05 
1.452851e-05 
1.452851e-05 
1.452851e-05 
1.452851e-05 
1.452851e-05 
1.452851e-05 
1.452851e-05 
1.452851e-05 
1.452851e-05 
1.452851e-05 
1.449951e-05 
1.449951e-05 
1.449951e-05 
1.449951e-05 
1.449951e-05 
1.449951e-05 
1.449951e-05 
1.424482e-05 
1.424482e-05 
1.424482e-05 
1.424482e-05 
1.424482e-05 
1.424482e-05 
1.424482e-05 
1.424482e-05 
1.424482e-05 
1.424482e-05 
1.424482e-05 
1.377884e-05 
1.069568e-05 
1.069568e-05 
1.069568e-05 
1.054635e-05 
1.054635e-05 
1.032790e-05 
1.032790e-05 
1.032790e-05 
1.032790e-05 
5.796100e-06 
5.796100e-06 
5.796100e-06 
5.796100e-06 
5.796100e-06 
5.651578e-06 
5.651578e-06 
5.651578e-06 
5.651578e-06 
5.651578e-06 
5.651578e-06 
5.651578e-06 
4.105361e-06 
4.105361e-06 
2.546687e-06 
2.546687e-06 
2.425089e-06 
2.425089e-06 
2.425089e-06 
2.425089e-06 
2.425089e-06 
2.425089e-06 
2.425089e-06 
2.425089e-06 
2.425089e-06 
2.425089e-06 
2.425089e-06 
2.425089e-06 
2.425089e-06 
2.425089e-06 
2.425089e-06 
2.425089e-06 
2.425089e-06 
2.425089e-06 
2.425089e-06 
2.425089e-06 
2.425089e-06 
2.425089e-06 
2.425089e-06 
2.425089e-06 
2.380203e-06 
2.380203e-06 
2.380203e-06 
2.380203e-06 
2.380203e-06 
2.380203e-06 
2.380203e-06 
2.380203e-06 
1.810385e-06 
1.810385e-06 
1.810385e-06 
1.810385e-06 
1.810385e-06 
1.810385e-06 
1.810385e-06 
1.810385e-06 
1.810385e-06 
1.158046e-06 
1.158046e-06 
1.061840e-06 
1.061840e-06 
1.061840e-06 
1.061840e-06 
1.061840e-06 
1.061840e-06 
1.061840e-06 
1.061840e-06 
1.019443e-06 
1.019443e-06 
1.019443e-06 
1.019443e-06 
1.019443e-06 
1.019443e-06 
1.019443e-06 
1.019443e-06 
1.019443e-06 
1.019443e-06 
1.019443e-06 
1.019443e-06 
1.019443e-06 
1.019443e-06 
1.019443e-06 
1.019443e-06 
1.019443e-06 
1.019443e-06 
9.510019e-07 
9.510019e-07 
9.510019e-07 
9.510019e-07 
9.510019e-07 
9.510019e-07 
9.510019e-07 
8.874295e-07 
8.874295e-07 
8.874295e-07 
8.874295e-07 
8.874295e-07 
8.874295e-07 
8.874295e-07 
8.874295e-07 
8.874295e-07 
8.874295e-07 
8.874295e-07 
8.874295e-07 
8.874295e-07 
8.874295e-07 
8.874295e-07 
8.874295e-07 
8.874295e-07 
8.576804e-07 
8.576804e-07 
8.079339e-07 
8.079339e-07 
7.657328e-07 
7.657328e-07 
7.575019e-07 
7.575019e-07 
7.575019e-07 
7.563266e-07 
6.270060e-07 
6.218887e-07 
6.218887e-07 
5.909568e-07 
5.909568e-07 
5.909568e-07 
5.909568e-07 
5.909568e-07 
5.909568e-07 
5.332173e-07 
5.332173e-07 
5.332173e-07 
5.332173e-07 
3.507652e-07 
3.507652e-07 
3.507652e-07 
3.507652e-07 
3.507652e-07 
3.507652e-07 
3.436611e-07 
3.436611e-07 
3.436611e-07 
2.115477e-07 
2.115477e-07 
2.115477e-07 
2.115477e-07 
2.115477e-07 
2.115477e-07 
2.115477e-07 
2.115477e-07 
2.115477e-07 
2.115477e-07 
2.115477e-07 
2.115477e-07 
2.115477e-07 
2.115477e-07 
2.115477e-07 
2.115477e-07 
2.115477e-07 
2.115477e-07 
2.115477e-07 
2.115477e-07 
2.115477e-07 
2.115477e-07 
1.922017e-07 
1.922017e-07 
1.922017e-07 
1.916370e-07 
1.916370e-07 
1.916370e-07 
1.916370e-07 
1.916370e-07 
1.916370e-07 
1.916370e-07 
1.731714e-07 
1.731714e-07 
1.731714e-07 
1.731714e-07 
1.731714e-07 
1.731714e-07 
1.605763e-07 
1.301930e-07 
1.169103e-07 
1.113079e-07 
1.090920e-07 
1.083257e-07 
1.081493e-07 
1.081493e-07 
1.074875e-07 
1.070781e-07 
1.068315e-07 
1.066779e-07 
1.065803e-07 
1.065167e-07 
1.064751e-07 
9.716399e-08 
9.716399e-08 
8.767153e-08 
8.767153e-08 
8.767153e-08 
8.767153e-08 
7.572644e-08 
7.572644e-08 
7.572644e-08 
4.905561e-08 
4.905561e-08 
4.343376e-08 
4.343376e-08 
4.343376e-08 
4.343376e-08 
4.343376e-08 
4.343376e-08 
3.941654e-08 
3.941654e-08 
3.941654e-08 
3.941654e-08 
3.941654e-08 
3.941654e-08 
3.749480e-08 
3.609011e-08 
3.609011e-08 
3.609011e-08 
3.609011e-08 
3.609011e-08 
3.605563e-08 
3.605563e-08 
3.605563e-08 
3.605563e-08 
3.605563e-08 
3.605563e-08 
3.605563e-08 
3.605563e-08 
3.605563e-08 
3.582763e-08 
3.522348e-08 
3.238579e-08 
2.672916e-08 
2.672916e-08 
2.331892e-08 
1.222752e-08 
4.826380e-09 
3.455696e-09 
3.455696e-09 
3.455696e-09 
3.455696e-09 
3.455696e-09 
3.455696e-09 
3.455696e-09 
3.455696e-09 
3.455696e-09 
3.455696e-09 
3.455696e-09 
3.455696e-09 
3.455696e-09 
3.015331e-09 
3.015331e-09 
3.015331e-09 
2.603861e-09 
2.603861e-09 
2.603861e-09 
2.476805e-09 
2.476805e-09 
2.476805e-09 
2.476805e-09 
2.476805e-09 
2.476805e-09 
2.476805e-09 
2.476805e-09 
2.476805e-09 
2.476805e-09 
2.476805e-09 
2.476805e-09 
2.216268e-09 
2.216268e-09 
2.216268e-09 
2.216268e-09 
2.216268e-09 
2.216268e-09 
1.726910e-09 
1.726910e-09 
1.726910e-09 
1.726910e-09 
1.241429e-09 
1.241429e-09 
1.241429e-09 
1.241429e-09 
1.241429e-09 
1.241429e-09 
1.241429e-09 
9.246031e-10 
9.246031e-10 
9.246031e-10 
8.926800e-10 
8.926800e-10 
8.926800e-10 
8.926800e-10 
8.926800e-10 
8.926800e-10 
8.926800e-10 
8.926800e-10 
8.328955e-10 
8.328955e-10 
8.220025e-10 
8.220025e-10 
8.220025e-10 
8.220025e-10 
6.075886e-10 
6.075886e-10 
6.075886e-10 
5.385459e-10 
4.058911e-10 
4.058911e-10 
3.109740e-10 
3.109740e-10 
1.252973e-10 
1.252973e-10 
7.339115e-11 
7.339115e-11 
7.339115e-11 
7.339115e-11 
7.339115e-11 
7.339115e-11 
4.985249e-11 
4.985249e-11 
4.985249e-11 
4.985249e-11 
4.985249e-11 
4.985249e-11 
4.985249e-11 
4.985249e-11 
4.985249e-11 
4.985249e-11 
4.985249e-11 
4.985249e-11 
4.985249e-11 
4.985249e-11 
4.985249e-11 
4.985249e-11 
4.554490e-11 
4.554490e-11 
4.552832e-11 
4.552832e-11 
4.552832e-11 
4.298243e-11 
4.138090e-11 
4.086613e-11 
4.086613e-11 
4.086613e-11 
4.086613e-11 
3.963385e-11 
3.877913e-11 
3.845657e-11 
3.795460e-11 
3.795460e-11 
3.795460e-11 
3.795460e-11 
3.795460e-11 
3.525128e-11 
2.692816e-11 
2.289361e-11 
2.289361e-11 
2.219003e-11 
2.219003e-11 
2.111985e-11 
2.111985e-11 
2.111985e-11 
2.111985e-11 
2.111985e-11 
2.111985e-11 
2.111985e-11 
2.111985e-11 
2.111985e-11 
1.992850e-11 
1.992850e-11 
1.992850e-11 
1.992850e-11 
1.945503e-11 
1.782656e-11 
1.486640e-11 
6.643797e-12 
6.643797e-12 
6.643797e-12 
6.643797e-12 
6.643797e-12 
6.643797e-12 
6.643797e-12 
6.643797e-12 
6.094680e-12 
6.094680e-12 
6.094680e-12 
6.094680e-12 
6.094680e-12 
6.094680e-12 
5.942876e-12 
5.201321e-12 
4.647690e-12 
4.588626e-12 
4.588626e-12 
4.571898e-12 
4.571898e-12 
4.245789e-12 
3.774314e-12 
3.774314e-12 
3.774314e-12 
3.774314e-12 
3.774314e-12 
3.774314e-12 
3.774314e-12 
3.774314e-12 
3.747669e-12 
3.146150e-12 
3.125944e-12 
3.125944e-12 
3.125944e-12 
2.892131e-12 
2.404225e-12 
2.304897e-12 
2.250052e-12 
2.217782e-12 
2.198538e-12 
2.140732e-12 
2.118676e-12 
2.118676e-12 
2.118676e-12 
2.118676e-12 
1.819508e-12 
1.819508e-12 
1.429449e-12 
1.429449e-12 
1.429449e-12 
1.429449e-12 
1.429449e-12 
1.429449e-12 
1.429449e-12 
1.429449e-12 
1.429449e-12 
1.429449e-12 
1.429449e-12 
1.429449e-12 
1.429449e-12 
1.429449e-12 
1.429449e-12 
1.429449e-12 
1.429449e-12 
1.429449e-12 
1.429449e-12 
1.429449e-12 
1.429449e-12 
1.429449e-12 
1.429449e-12 
1.429449e-12 
1.429449e-12 
1.429449e-12 
1.404062e-12 
1.404062e-12 
1.404062e-12 
1.404062e-12 
1.404062e-12 
1.404062e-12 
1.404062e-12 
1.404062e-12 
1.404062e-12 
1.404062e-12 
1.404062e-12 
1.404062e-12 
1.404062e-12 
1.404062e-12 
1.404062e-12 
1.404062e-12 
1.404062e-12 
1.404062e-12 
1.398807e-12 
1.103488e-12 
9.758120e-13 
9.758120e-13 
7.102467e-13 
6.970720e-13 
6.970720e-13 
5.088522e-13 
5.088522e-13 
5.088522e-13 
5.088522e-13 
5.088522e-13 
5.088522e-13 
5.088522e-13 
5.088522e-13 
4.674039e-13 
4.674039e-13 
4.674039e-13 
4.406105e-13 
4.406105e-13 
4.406105e-13 
4.406105e-13 
4.406105e-13 
4.406105e-13 
4.406105e-13 
4.406105e-13 
4.406105e-13 
1.313764e-13 
1.313764e-13 
1.313764e-13 
1.313764e-13 
1.313764e-13 
1.313764e-13 
1.313764e-13 
1.313764e-13 
1.313764e-13 
1.313764e-13 
1.313764e-13 
1.313764e-13 
1.313764e-13 
1.313764e-13 
1.313764e-13 
1.313764e-13 
1.313764e-13 
1.313764e-13 
1.313764e-13 
1.313764e-13 
1.313764e-13 
1.313764e-13 
1.313764e-13 
1.313764e-13 
1.313764e-13 
1.313764e-13 
1.313764e-13 
1.313764e-13 
1.313764e-13 
1.313764e-13 
1.313764e-13 
1.313764e-13 
1.313764e-13 
1.313764e-13 
1.313764e-13 
1.313764e-13 
1.313764e-13 
1.313764e-13 
1.313764e-13 
1.313764e-13 
1.313764e-13 
1.313764e-13 
1.313764e-13 
1.313764e-13 
1.313764e-13 
1.313764e-13 
1.313764e-13 
1.313764e-13 
1.009563e-13 
1.009563e-13 
1.009563e-13 
1.009563e-13 
1.009563e-13 
1.009563e-13 
1.009563e-13 
1.009563e-13 
1.009563e-13 
1.009563e-13 
1.009563e-13 
1.009563e-13 
1.009563e-13 
1.009563e-13 
1.009563e-13 
1.009563e-13 
1.009563e-13 
1.009563e-13 
1.009563e-13 
1.009563e-13 
1.009563e-13 
1.009563e-13 
1.009563e-13 
1.009563e-13 
1.009563e-13 
1.009563e-13 
1.009563e-13 
1.009563e-13 
1.009563e-13 
1.009563e-13 
1.009563e-13 
1.009563e-13 
1.009563e-13 
1.009563e-13 
1.009563e-13 
1.009563e-13 
1.009563e-13 
1.009563e-13 
1.009563e-13 
1.009563e-13 
1.009563e-13 
1.009563e-13 
1.009563e-13 
1.009563e-13 
1.009563e-13 
1.009563e-13 
1.009563e-13 
1.009563e-13 
1.009563e-13 
1.009563e-13 
1.009563e-13 
1.009563e-13 
7.394085e-14 
7.394085e-14 
7.394085e-14 
7.394085e-14 
7.394085e-14 
7.394085e-14 
7.394085e-14 
7.394085e-14 
7.394085e-14 
7.394085e-14 
7.394085e-14 
7.394085e-14 
7.394085e-14 
7.394085e-14 
7.394085e-14 
7.394085e-14 
7.394085e-14 
7.394085e-14 
7.394085e-14 
7.394085e-14 
7.394085e-14 
7.394085e-14 
6.202446e-14 
6.202446e-14 
6.202446e-14 
6.202446e-14 
6.202446e-14 
5.573320e-14 
5.573320e-14 
5.573320e-14 
5.573320e-14 
5.573320e-14 
5.573320e-14 
5.092223e-14 
5.092223e-14 
4.736952e-14 
4.736952e-14 
2.553513e-14 
2.553513e-14 
2.553513e-14 
2.553513e-14 
2.553513e-14 
2.553513e-14 
2.553513e-14 
2.442491e-14 
2.442491e-14 
2.442491e-14 
2.442491e-14 
2.442491e-14 
2.442491e-14 
2.442491e-14 
2.442491e-14 
2.442491e-14 
2.442491e-14 
2.442491e-14 
2.442491e-14 
2.442491e-14 
2.442491e-14 
2.442491e-14 
2.442491e-14 
2.442491e-14 
2.442491e-14 
2.442491e-14 
2.442491e-14 
2.442491e-14 
2.442491e-14 
2.442491e-14 
2.442491e-14 
2.442491e-14 
2.368476e-14 
2.368476e-14 
2.368476e-14 
2.368476e-14 
2.368476e-14 
2.368476e-14 
2.368476e-14 
2.368476e-14 
2.368476e-14 
2.368476e-14 
2.368476e-14 
2.368476e-14 
2.368476e-14 
2.368476e-14 
2.368476e-14 
2.368476e-14 
2.368476e-14 
1.724546e-14 
1.724546e-14 
1.724546e-14 
1.724546e-14 
1.724546e-14 
1.724546e-14 
1.724546e-14 
1.724546e-14 
1.724546e-14 
1.724546e-14 
1.724546e-14 
1.724546e-14 
1.724546e-14 
1.724546e-14 
1.724546e-14 
1.724546e-14 
1.724546e-14 
1.724546e-14 
1.724546e-14 
1.724546e-14 
1.724546e-14 
1.724546e-14 
1.724546e-14 
1.724546e-14 
1.724546e-14 
1.724546e-14 
1.724546e-14 
1.724546e-14 
1.724546e-14 
1.724546e-14 
1.724546e-14 
1.724546e-14 
1.724546e-14 
1.576517e-14 
1.576517e-14 
1.576517e-14 
1.576517e-14 
1.576517e-14 
1.576517e-14 
1.576517e-14 
1.465494e-14 
1.465494e-14 
1.465494e-14 
1.465494e-14 
1.465494e-14 
1.465494e-14 
1.465494e-14 
1.465494e-14 
1.465494e-14 
1.465494e-14 
1.465494e-14 
1.465494e-14 
1.465494e-14 
1.465494e-14 
1.465494e-14 
1.465494e-14 
1.465494e-14 
1.465494e-14 
1.465494e-14 
1.465494e-14 
1.465494e-14 
1.465494e-14 
1.465494e-14 
1.465494e-14 
1.465494e-14 
1.465494e-14 
1.465494e-14 
1.465494e-14 
1.465494e-14 
1.465494e-14 
1.221245e-14 
1.221245e-14 
1.221245e-14 
1.221245e-14 
1.221245e-14 
1.221245e-14 
1.221245e-14 
1.221245e-14 
1.221245e-14 
1.221245e-14 
1.221245e-14 
1.221245e-14 
1.221245e-14 
1.221245e-14 
8.881784e-15 
8.881784e-15 
8.881784e-15 
7.401487e-15 
7.401487e-15 
7.401487e-15 
7.401487e-15 
7.401487e-15 
7.401487e-15 
7.401487e-15 
7.401487e-15 
7.401487e-15 
7.401487e-15 
7.401487e-15 
7.401487e-15 
7.401487e-15 
7.401487e-15 
7.401487e-15 
7.401487e-15 
7.401487e-15 
7.401487e-15 
7.401487e-15 
7.401487e-15 
7.401487e-15 
7.401487e-15 
7.401487e-15 
7.401487e-15 
7.401487e-15 
7.401487e-15 
7.401487e-15 
7.401487e-15 
7.401487e-15 
7.031412e-15 
7.031412e-15 
7.031412e-15 
7.031412e-15 
7.031412e-15 
7.031412e-15 
7.031412e-15 
6.661338e-15 
6.661338e-15 
6.661338e-15 
6.661338e-15 
6.661338e-15 
6.661338e-15 
6.661338e-15 
6.661338e-15 
6.661338e-15 
6.661338e-15 
5.551115e-15 
5.551115e-15 
3.330669e-15 
3.330669e-15 
2.590520e-15 
2.590520e-15 
2.590520e-15 
2.590520e-15 
2.590520e-15 
2.590520e-15 
2.590520e-15 
2.590520e-15 
2.590520e-15 
2.590520e-15 
2.590520e-15 
2.590520e-15 
2.590520e-15 
2.220446e-15 
2.220446e-15 
2.220446e-15 
2.220446e-15 
2.220446e-15 
2.220446e-15 
2.220446e-15 
2.220446e-15 
2.220446e-15 
2.220446e-15 
2.220446e-15 
2.220446e-15 
2.220446e-15 
2.220446e-15 
2.220446e-15 
2.220446e-15 
2.220446e-15 
2.220446e-15 
2.220446e-15 
2.220446e-15 
2.220446e-15 
2.220446e-15 
2.220446e-15 
2.220446e-15 
2.220446e-15 
2.220446e-15 
2.220446e-15 
2.220446e-15 
2.220446e-15 
2.220446e-15 
2.220446e-15 
2.220446e-15 
2.220446e-15 
2.220446e-15 
2.220446e-15 
2.220446e-15 
2.220446e-15 
2.220446e-15 
2.220446e-15 
2.220446e-15 
2.220446e-15 
2.220446e-15 
2.220446e-15 
2.220446e-15 
2.220446e-15 
2.220446e-15 
2.220446e-15 
2.220446e-15 
2.220446e-15 
2.220446e-15 
2.220446e-15 
2.220446e-15 
2.220446e-15 
2.220446e-15 
2.220446e-15 
2.220446e-15 
2.220446e-15 
2.220446e-15 
2.220446e-15 
2.220446e-15 
2.220446e-15 
2.220446e-15 
2.220446e-15 
2.220446e-15 
2.220446e-15 
2.220446e-15 
2.220446e-15 
2.220446e-15 
2.220446e-15 
2.220446e-15 
2.220446e-15 
2.220446e-15 
2.220446e-15 
2.220446e-15 
2.220446e-15 
2.220446e-15 
2.220446e-15 
2.220446e-15 
2.220446e-15 
2.220446e-15 
2.220446e-15 
2.220446e-15 
2.220446e-15 
2.220446e-15 
2.220446e-15 
2.220446e-15 
2.220446e-15 
2.220446e-15 
2.220446e-15 
2.220446e-15 
2.220446e-15 
2.220446e-15 
2.220446e-15 
2.220446e-15 
2.220446e-15 
2.220446e-15 
2.220446e-15 
2.220446e-15 
2.220446e-15 
2.220446e-15 
2.220446e-15 
2.220446e-15 
2.220446e-15 
2.220446e-15 
2.220446e-15 
2.220446e-15 
2.220446e-15 
2.220446e-15 
2.220446e-15 
2.220446e-15 
2.220446e-15 
2.220446e-15 
2.220446e-15 
2.220446e-15 
2.220446e-15 
2.220446e-15 
2.220446e-15 
2.220446e-15 
2.220446e-15 
2.220446e-15 
2.220446e-15 
2.220446e-15 
2.220446e-15 
2.220446e-15 
2.220446e-15 
2.220446e-15 
2.220446e-15 
2.220446e-15 
2.220446e-15 
2.220446e-15 
2.220446e-15 
2.220446e-15 
2.220446e-15 
2.220446e-15 
2.220446e-15 
2.220446e-15 
2.220446e-15 
2.220446e-15 
2.220446e-15 
2.220446e-15 
2.220446e-15 
2.220446e-15 
2.220446e-15 
1.850372e-15 
1.850372e-15 
1.850372e-15 
1.850372e-15 
1.850372e-15 
1.850372e-15 
1.850372e-15 
1.850372e-15 
1.850372e-15 
1.850372e-15 
1.850372e-15 
1.850372e-15 
1.850372e-15 
1.480297e-15 
1.480297e-15 
1.480297e-15 
1.480297e-15 
1.480297e-15 
1.480297e-15 
1.480297e-15 
1.480297e-15 
1.480297e-15 
1.480297e-15 
1.480297e-15 
1.480297e-15 
1.480297e-15 
1.480297e-15 
1.480297e-15 
1.480297e-15 
1.480297e-15 
1.480297e-15 
1.480297e-15 
1.480297e-15 
1.480297e-15 
1.480297e-15 
1.480297e-15 
1.480297e-15 
1.480297e-15 
1.480297e-15 
1.480297e-15 
1.480297e-15 
1.110223e-15 
1.110223e-15 
1.110223e-15 
1.110223e-15 
1.110223e-15 
7.401487e-16 
7.401487e-16 
7.401487e-16 
7.401487e-16 
7.401487e-16 
7.401487e-16 
7.401487e-16 
7.401487e-16 
7.401487e-16 
7.401487e-16 
7.401487e-16 
7.401487e-16 
7.401487e-16 
7.401487e-16 
7.401487e-16 
7.401487e-16 
7.401487e-16 
7.401487e-16 
7.401487e-16 
7.401487e-16 
7.401487e-16 
7.401487e-16 
7.401487e-16 
7.401487e-16 
7.401487e-16 
7.401487e-16 
7.401487e-16 
7.401487e-16 
7.401487e-16 
7.401487e-16 
7.401487e-16 
7.401487e-16 
7.401487e-16 
7.401487e-16 
7.401487e-16 
7.401487e-16 
7.401487e-16 
7.401487e-16 
7.401487e-16 
7.401487e-16 
7.401487e-16 
7.401487e-16 
7.401487e-16 
7.401487e-16 
7.401487e-16 
7.401487e-16 
7.401487e-16 
7.401487e-16 
7.401487e-16 
7.401487e-16 
7.401487e-16 
7.401487e-16 
7.401487e-16 
7.401487e-16 
7.401487e-16 
7.401487e-16 
7.401487e-16 
7.401487e-16 
7.401487e-16 
7.401487e-16 
7.401487e-16 
7.401487e-16 
7.401487e-16 
7.401487e-16 
7.401487e-16 
7.401487e-16 
7.401487e-16 
3.700743e-16 
3.700743e-16 
3.700743e-16 
3.700743e-16 
3.700743e-16 
3.700743e-16 
3.700743e-16 
3.700743e-16 
3.700743e-16 
3.700743e-16 
3.700743e-16 
3.700743e-16 
3.700743e-16 
3.700743e-16 
3.700743e-16 
0 
0 
0 
0 
0 
0 
0 
0 
0 
0 
0 
0 
0 
0 
0 
0 
0 
0 
0 
0 
0 
0 
0 
0 
0 
0 
0 
0 
0 
0 
0 
0 
0 
0 
0 
0 
0 
0 
0 
0 
0 
0 
0 
0 
0 
0 
0 
0 
0 
0 
0 
0 
0 
0 
0 
0 
0 
0 
0 
0 
0 
0 
0 
0 
0 
0 
0 
0 
0 
0 
0 
0 
0 
0 
0 
0 
0 
0 
0 
0 
0 
0 
0 
0 
0 
0 
0 
0 
0 
0 
0 
0 
0 
0 
0 
0 
0 
0 
0 
0 
0 
0 
0 
0 
0 
0 
0 
0 
0 
0 
0 
0 
0 
0 
0 
0 
0 
0 
0 
0 
0 
0 
0 
0 
0 
0 
0 
0 
0 
0 
0 
0 
0 
0 
0 
0 
0 
0 
0 
0 
0 
0 
0 
0 
0 
0 
0 
0 
0 
0 
0 
0 
0 
0 
0 
0 
0 
0 
0 
0 
0 
0 
0 
0 
0 
0 
0 
0 
0 
0 
0 
0 
0 
0 
0 
0 
0 
0 
0 
0 
0 
0 
0 
0 
0 
0 
0 
0 
0 
0 
0 
0 
0 
0 
0 
0 
0 
0 
0 
0 
0 
0 
0 
0 
0 
0 
0 
0 
0 
0 
0 
0 
0 
0 
0 
0 
0 
0 
0 
0 
0 
0 
0 
0 
0 
0 
0 
0 
0 
0 
0 
0 
0 
0 
0 
0 
0 
0 
0 
0 
0 
0 
0 
0 
0 
0 
0 
0 
0 
0 
0 
0 
0 
0 
0 
0 
0 
0 
0 
0 
0 
0 
0 
0 
0 
0 
0 
0 
0 
0 
0 
0 
0 
0 
0 
0 
0 
0 
0 
0 
0 
0 
0 
0 
0 
0 
0 
0 
0 
0 
0 
0 
0 
0 
0 
0 
0 
0 
0 
0 
0 
0 
0 
0 
0 
0 
0 
0 
0 
0 
0 
0 
0 
0 
0 
0 
0 
0 
0 
0 
0 
0 
0 
0 
0 
0 
0 
0 
0 
0 
0 
0 
0 
0 
0 
0 
0 
0 
0 
0 
0 
0 
0 
0 
0 
0 
0 
0 
0 
0 
0 
0 
0 
0 
0 
0 
0 
0 
0 
0 
0 
0 
0 
0 
0 
0 
0 
0 
0 
0 
0 
0 
0 
0 
0 
0 
0 
0 
0 
0 
0 
0 
0 
0 
0 
0 
0 
0 
0 
0 
0 
0 
0 
0 
0 
0 
0 
0 
0 
0 
0 
0 
0 
0 
0 
0 
0 
0 
0 
0 
0 
0 
0 
0 
0 
0 
0 
0 
0 
0 
0 
0 
0 
0 
0 
0 
0 
0 
0 
0 
0 
0 
0 
0 
0 
0 
0 
0 
0 
0 
0 
0 
0 
0 
0 
0 
0 
0 
0 
0 
0 
0 
0 
0 
0 
0 
0 
0 
0 
0 
0 
0 
0 
0 
0 
0 
0 
0 
0 
0 
0 
0 
0 
0 
0 
0 
0 
0 
0 
0 
0 
0 
0 
0 
0 
0 
0 
0 
0 
0 
0 
0 
0 
0 
0 
0 
0 
0 
0 
0 
0 
0 
0 
0 
0 
0 
0 
0 
0 
0 
0 
0 
0 
0 
0 
0 
0 
0 
0 
0 
0 
0 
0 
0 
0 
0 
0 
0 
0 
0 
0 
0 
0 
0 
0 
0 
0 
0 
0 
0 
0 
0 
0 
0 
0 
0 
0 
0 
0 
0 
0 
0 
0 
0 
0 
0 
0 
0 
0 
0 
0 
0 
0 
0 
0 
0 
0 
0 
0 
0 
0 
0 
0 
0 
0 
0 
0 
0 
0 
0 
0 
0 
0 
0 
0 
0 
0 
0 
0 
0 
0 
0 
0 
0 
0 
0 
0 
0 
0 
0 
0 
0 
0 
0 
0 
0 
0 
0 
0 
0 
0 
0 
0 
0 
0 
0 
0 
0 
0 
0 
0 
0 
0 
0 
0 
0 
0 
0 
0 
0 
0 
0 
0 
0 
0 
0 
0 
0 
0 
0 
0 
0 
0 
0 
0 
0 
0 
0 
0 
0 
0 
0 
0 
0 
0 
0 
0 
0 
0 
0 
0 
0 
0 
0 
0 
0 
0 
0 
0 
0 
0 
0 
0 
0 
0 
0 
0 
0 
0 
0 
0 
0 
0 
0 
0 
0 
0 
0 
0 
0 
0 
0 
0 
0 
0 
0 
0 
0 
0 
0 
0 
0 
0 
0 
0 
0 
0 
0 
0 
0 
0 
0 
0 
0 
0 
0 
0 
0 
0 
0 
0 
0 
0 
0 
0 
0 
0 
0 
0 
0 
0 
0 
0 
0 
0 
0 
0 
0 
0 
0 
0 
0 
0 
0 
0 
0 
0 
0 
0 
0 
0 
0 
0 
0 
0 
0 
0 
0 
0 
0 
0 
0 
0 
0 
0 
0 
0 
0 
0 
0 
0 
0 
0 
0 
0 
0 
0 
0 
0 
0 
0 
0 
0 
0 
0 
0 
0 
0 
0 
0 
0 
0 
0 
0 
0 
0 
0 
0 
0 
0 
0 
0 
0 
0 
0 
0 
0 
0 
0 
0 
0 
0 
0 
0 
0 
0 
0 
0 
0 
0 
0 
0 
0 
0 
0 
0 
0 
0 
0 
0 
0 
0 
0 
0 
0 
0 
0 
0 
0 
0 
0 
0 
0 
0 
0 
0 
0 
0 
0 
0 
0 
0 
0 
0 
0 
0 
0 
0 
0 
0 
0 
0 
0 
0 
0 
0 
0 
0 
0 
0 
0 
0 
0 
0 
0 
0 
0 
0 
0 
0 
0 
0 
0 
0 
0 
0 
0 
0 
0 
0 
0 
0 
0 
0 
0 
0 
0 
0 
0 
0 
0 
0 
0 
0 
0 
0 
0 
0 
0 
0 
0 
0 
0 
0 
0 
0 
0 
0 
0 
0 
0 
0 
0 
0 
0 
0 
0 
0 
0 
0 
0 
0 
0 
0 
0 
0 
0 
0 
0 
0 
0 
0 
0 
0 
0 
0 
0 
0 
0 
0 
0 
0 
0 
0 
0 
0 
0 
0 
0 
0 
0 
0 
0 
0 
0 
0 
0 
0 
0 
0 
0 
0 
0 
0 
0 
0 
0 
0 
0 
0 
0 
0 
0 
0 
0 
0 
0 
0 
0 
0 
0 
0 
0 
0 
0 
0 
0 
0 
0 
0 
0 
0 
0 
0 
0 
0 
0 
0 
0 
0 
0 
0 
0 
0 
0 
0 
0 
0 
0 
0 
0 
0 
0 
0 
0 
0 
0 
0 
0 
0 
0 
0 
0 
0 
0 
0 
0 
0 
0 
0 
0 
0 
0 
0 
0 
0 
0 
0 
0 
0 
0 
0 
0 
0 
0 
0 
0 
0 
0 
0 
0 
0 
0 
0 
0 
0 
0 
0 
0 
0 
0 
0 
0 
0 
0 
0 
0 
0 
0 
0 
0 
0 
0 
0 
0 
0 
0 
0 
0 
0 
0 
0 
0 
0 
0 
0 
0 
0 
0 
0 
0 
0 
0 
0 
0 
0 
0 
0 
0 
0 
0 
0 
0 
0 
0 
0 
0 
0 
0 
0 
0 
0 
0 
0 
0 
0 
0 
0 
0 
0 
0 
0 
0 
0 
0 
0 
0 
0 
0 
0 
0 
0 
0 
0 
0 
0 
0 
0 
0 
0 
0 
0 
0 
0 
0 
0 
0 
0 
0 
0 
0 
0 
0 
0 
0 
0 
0 
0 
0 
0 
0 
0 
0 
0 
0 
0 
0 
0 
0 
0 
0 
0 
0 
0 
0 
0 
0 
0 
0 
0 
0 
0 
0 
0 
0 
0 
0 
0 
0 
0 
0 
0 
0 
0 
0 
0 
0 
0 
0 
0 
0 
0 
0 
0 
0 
0 
0 
0 
0 
0 
0 
0 
0 
0 
0 
0 
0 
0 
0 
0 
0 
0 
0 
0 
0 
0 
0 
0 
0 
0 
0 
0 
0 
0 
0 
0 
0 
0 
0 
0 
0 
0 
0 
0 
0 
0 
0 
0 
0 
0 
0 
0 
0 
0 
0 
0 
0 
0 
0 
0 
0 
0 
0 
0 
0 
0 
0 
0 
0 
0 
0 
0 
0 
0 
0 
0 
0 
0 
0 
0 
0 
0 
0 
0 
0 
0 
0 
0 
0 
0 
0 
0 
0 
0 
0 
0 
0 
0 
0 
0 
0 
0 
0 
0 
0 
0 
0 
0 
0 
0 
0 
0 
0 
0 
0 
0 
0 
0 
0 
0 
0 
0 
0 
0 
0 
0 
0 
0 
0 
0 
0 
0 
0 
0 
0 
0 
0 
0 
0 
0 
0 
0 
0 
0 
0 
0 
0 
0 
0 
0 
0 
0 
0 
0 
0 
0 
0 
0 
0 
0 
0 
0 
0 
0 
0 
0 
0 
0 
0 
0 
0 
0 
0 
0 
0 
0 
0 
0 
0 
0 
0 
0 
0 
0 
0 
0 
0 
0 
0 
0 
0 
0 
0 
0 
0 
0 
0 
0 
0 
0 
0 
0 
0 
0 
0 
0 
0 
0 
0 
0 
0 
0 
0 
0 
0 
0 
0 
0 
0 
0 
0 
0 
0 
0 
0 
0 
0 
0 
0 
0 
0 
0 
0 
0 
0 
0 
0 
0 
0 
0 
0 
0 
0 
0 
0 
0 
0 
0 
0 
0 
0 
0 
0 
0 
0 
0 
0 
0 
0 
0 
0 
0 
0 
0 
0 
0 
0 
0 
0 
0 
0 
0 
0 
0 
0 
0 
0 
0 
0 
0 
0 
0 
0 
0 
0 
0 
0 
0 
0 
0 
0 
0 
0 
0 
0 
0 
0 
0 
0 
0 
0 
0 
0 
0 
0 
0 
0 
0 
0 
0 
0 
0 
0 
0 
0 
0 
0 
0 
0 
0 
0 
0 
0 
0 
0 
0 
0 
0 
0 
0 
0 
0 
0 
0 
0 
0 
0 
0 
0 
0 
0 
0 
0 
0 
0 
0 
0 
0 
0 
0 
0 
0 
0 
0 
0 
0 
0 
0 
0 
0 
0 
0 
0 
0 
0 
0 
0 
0 
0 
0 
0 
0 
0 
0 
0 
0 
0 
0 
0 
0 
0 
0 
0 
0 
0 
0 
0 
0 
0 
0 
0 
0 
0 
0 
0 
0 
0 
0 
0 
0 
0 
0 
0 
0 
0 
0 
0 
0 
0 
0 
0 
0 
0 
0 
0 
0 
0 
0 
0 
0 
0 
0 
0 
0 
0 
0 
0 
0 
0 
0 
0 
0 
0 
0 
0 
0 
0 
0 
0 
0 
0 
0 
0 
0 
0 
0 
0 
0 
0 
0 
0 
0 
0 
0 
0 
0 
0 
0 
0 
0 
0 
0 
0 
0 
0 
0 
0 
0 
0 
0 
0 
0 
0 
0 
0 
0 
0 
0 
0 
0 
0 
0 
0 
0 
0 
0 
0 
0 
0 
0 
0 
0 
0 
0 
0 
0 
0 
0 
0 
0 
0 
0 
0 
0 
0 
0 
0 
0 
0 
0 
0 
0 
0 
0 
0 
0 
0 
0 
0 
0 
0 
0 
0 
0 
0 
0 
0 
0 
0 
0 
0 
0 
0 
0 
0 
0 
0 
0 
0 
0 
0 
0 
0 
0 
0 
0 
0 
0 
0 
0 
0 
0 
0 
0 
0 
0 
0 
0 
0 
0 
0 
0 
0 
0 
0 
0 
0 
0 
0 
0 
0 
0 
0 
0 
0 
0 
0 
0 
0 
0 
0 
0 
0 
0 
0 
0 
0 
0 
0 
0 
0 
0 
0 
0 
0 
0 
0 
0 
0 
0 
0 
0 
0 
0 
0 
0 
0 
0 
0 
0 
0 
0 
0 
0 
0 
0 
0 
0 
0 
0 
0 
0 
0 
0 
0 
0 
0 
0 
0 
0 
0 
0 
0 
0 
0 
0 
0 
0 
0 
0 
0 
0 
0 
0 
0 
0 
0 
0 
0 
0 
0 
0 
0 
0 
0 
0 
0 
0 
0 
0 
0 
0 
0 
0 
0 
0 
0 
0 
0 
0 
0 
0 
0 
0 
0 
0 
0 
0 
0 
0 
0 
0 
0 
0 
0 
0 
0 
0 
0 
0 
0 
0 
0 
0 
0 
0 
0 
0 
0 
0 
0 
0 
0 
0 
0 
0 
0 
0 
0 
0 
0 
0 
0 
0 
0 
0 
0 
0 
0 
0 
0 
0 
0 
0 
0 
0 
0 
0 
0 
0 
0 
0 
0 
0 
0 
0 
0 
0 
0 
0 
0 
0 
0 
0 
0 
0 
0 
0 
0 
0 
0 
0 
0 
0 
0 
0 
0 
0 
0 
0 
0 
0 
0 
0 
0 
0 
0 
0 
0 
0 
0 
0 
0 
0 
0 
0 
0 
0 
0 
0 
0 
0 
0 
0 
0 
0 
0 
0 
0 
0 
0 
0 
0 
0 
0 
0 
0 
0 
0 
0 
0 
0 
0 
0 
0 
0 
0 
0 
0 
0 
0 
0 
0 
0 
0 
0 
0 
0 
0 
0 
0 
0 
0 
0 
0 
0 
0 
0 
0 
0 
0 
0 
0 
0 
0 
0 
0 
0 
0 
0 
0 
0 
0 
0 
0 
0 
0 
0 
0 
0 
0 
0 
0 
0 
0 
0 
0 
0 
0 
0 
0 
0 
0 
0 
0 
0 
0 
0 
0 
0 
0 
0 
0 
0 
0 
0 
0 
0 
0 
0 
0 
0 
0 
0 
0 
0 
0 
0 
0 
0 
0 
0 
0 
0 
0 
0 
0 
0 
0 
0 
0 
0 
0 
0 
0 
0 
0 
0 
0 
0 
0 
0 
0 
0 
0 
0 
0 
0 
0 
0 
0 
0 
0 
0 
0 
0 
0 
0 
0 
0 
0 
0 
0 
0 
0 
0 
0 
0 
0 
0 
0 
0 
0 
0 
0 
0 
0 
0 
0 
0 
0 
0 
0 
0 
0 
0 
0 
0 
0 
0 
0 
0 
0 
0 
0 
0 
0 
0 
0 
0 
0 
0 
0 
0 
0 
0 
0 
0 
0 
0 
0 
0 
0 
0 
0 
0 
0 
0 
0 
0 
0 
0 
0 
0 
0 
0 
0 
0 
0 
0 
0 
0 
0 
0 
0 
0 
0 
0 
0 
0 
0 
0 
0 
0 
0 
0 
0 
0 
0 
0 
0 
0 
0 
0 
0 
0 
0 
0 
0 
0 
0 
0 
0 
0 
0 
0 
0 
0 
0 
0 
0 
0 
0 
0 
0 
0 
0 
0 
0 
0 
0 
0 
0 
0 
0 
0 
0 
0 
0 
0 
0 
0 
0 
0 
0 
0 
0 
0 
0 
0 
0 
0 
0 
0 
0 
0 
0 
0 
0 
0 
0 
0 
0 
0 
0 
0 
0 
0 
0 
0 
0 
0 
0 
0 
0 
0 
0 
0 
0 
0 
0 
0 
0 
0 
0 
0 
0 
0 
0 
0 
0 
0 
0 
0 
0 
0 
0 
0 
0 
0 
0 
0 
0 
0 
0 
0 
0 
0 
0 
0 
0 
0 
0 
0 
0 
0 
0 
0 
0 
0 
0 
0 
0 
0 
0 
0 
0 
0 
0 
0 
0 
0 
0 
0 
0 
0 
0 
0 
0 
0 
0 
0 
0 
0 
0 
0 
0 
0 
0 
0 
0 
0 
0 
0 
0 
0 
0 
0 
0 
0 
0 
0 
0 
0 
0 
0 
0 
0 
0 
0 
0 
0 
0 
0 
0 
0 
0 
0 
0 
0 
0 
0 
0 
0 
0 
0 
0 
0 
0 
0 
0 
0 
0 
0 
0 
0 
0 
0 
0 
0 
0 
0 
0 
0 
0 
0 
0 
0 
0 
0 
0 
0 
0 
0 
0 
0 
0 
0 
0 
0 
0 
0 
0 
0 
0 
0 
0 
0 
0 
0 
0 
0 
0 
0 
0 
0 
0 
0 
0 
0 
0 
0 
0 
0 
0 
0 
0 
0 
0 
0 
0 
0 
0 
0 
0 
0 
0 
0 
0 
0 
0 
0 
0 
0 
0 
0 
0 
0 
0 
0 
0 
0 
0 
0 
0 
0 
0 
0 
0 
0 
0 
0 
0 
0 
0 
0 
0 
0 
0 
0 
0 
0 
0 
0 
0 
0 
0 
0 
0 
0 
0 
0 
0 
0 
0 
0 
0 
0 
0 
0 
0 
0 
0 
0 
0 
0 
0 
0 
0 
0 
0 
0 
0 
0 
0 
0 
0 
0 
0 
0 
0 
0 
0 
0 
0 
0 
0 
0 
0 
0 
0 
0 
0 
0 
0 
0 
0 
0 
0 
0 
0 
0 
0 
0 
0 
0 
0 
0 
0 
0 
0 
0 
0 
0 
0 
0 
0 
0 
0 
0 
0 
0 
0 
0 
0 
0 
0 
0 
0 
0 
0 
0 
0 
0 
0 
0 
0 
0 
0 
0 
0 
0 
0 
0 
0 
0 
0 
0 
0 
0 
0 
0 
0 
0 
0 
0 
0 
0 
0 
0 
0 
0 
0 
0 
0 
0 
0 
0 
0 
0 
0 
0 
0 
0 
0 
0 
0 
0 
0 
0 
0 
0 
0 
0 
0 
0 
0 
0 
0 
0 
0 
0 
0 
0 
0 
0 
0 
0 
0 
0 
0 
0 
0 
0 
0 
0 
0 
0 
0 
0 
0 
0 
0 
0 
0 
0 
0 
0 
0 
0 
0 
0 
0 
0 
0 
0 
0 
0 
0 
0 
0 
0 
0 
0 
0 
0 
0 
0 
0 
0 
0 
0 
0 
0 
0 
0 
0 
0 
0 
0 
0 
0 
0 
0 
0 
0 
0 
0 
0 
0 
0 
0 
0 
0 
0 
0 
0 
0 
0 
0 
0 
0 
0 
0 
0 
0 
0 
0 
0 
0 
0 
0 
0 
0 
0 
0 
0 
0 
0 
0 
0 
0 
0 
0 
0 
0 
0 
0 
0 
0 
0 
0 
0 
0 
0 
0 
0 
0 
0 
0 
0 
0 
0 
0 
0 
0 
0 
0 
0 
0 
0 
0 
0 
0 
0 
0 
0 
0 
0 
0 
0 
0 
0 
0 
0 
0 
0 
0 
0 
0 
0 
0 
0 
0 
0 
0 
0 
0 
0 
0 
0 
0 
0 
0 
0 
0 
0 
0 
0 
0 
0 
0 
0 
0 
0 
0 
0 
0 
0 
0 
0 
0 
0 
0 
0 
0 
0 
0 
0 
0 
0 
0 
0 
0 
0 
0 
0 
0 
0 
0 
0 
0 
0 
0 
0 
0 
0 
0 
0 
0 
0 
0 
0 
0 
0 
0 
0 
0 
0 
0 
0 
0 
0 
0 
0 
0 
0 
0 
0 
0 
0 
0 
0 
0 
0 
0 
0 
0 
0 
0 
0 
0 
0 
0 
0 
0 
0 
0 
0 
0 
0 
0 
0 
0 
0 
0 
0 
0 
0 
0 
0 
0 
0 
0 
0 
0 
0 
0 
0 
0 
0 
0 
0 
0 
0 
0 
0 
0 
0 
0 
0 
0 
0 
0 
0 
0 
0 
0 
0 
0 
0 
0 
0 
0 
0 
0 
0 
0 
0 
0 
0 
0 
0 
0 
0 
0 
0 
0 
0 
0 
0 
0 
0 
0 
0 
0 
0 
0 
0 
0 
0 
0 
0 
0 
0 
0 
0 
0 
0 
0 
0 
0 
0 
0 
0 
0 
0 
0 
0 
0 
0 
0 
0 
0 
0 
0 
0 
0 
0 
0 
0 
0 
0 
0 
0 
0 
0 
0 
0 
0 
0 
0 
0 
0 
0 
0 
0 
0 
0 
0 
0 
0 
0 
0 
0 
0 
0 
0 
0 
0 
0 
0 
0 
0 
0 
0 
0 
0 
0 
0 
0 
0 
0 
0 
0 
0 
0 
0 
0 
0 
0 
0 
0 
0 
0 
0 
0 
0 
0 
0 
0 
0 
0 
0 
0 
0 
0 
0 
0 
0 
0 
0 
0 
0 
0 
0 
0 
0 
0 
0 
0 
0 
0 
0 
0 
0 
0 
0 
0 
0 
0 
0 
0 
0 
0 
0 
0 
0 
0 
0 
0 
0 
0 
0 
0 
0 
0 
0 
0 
0 
0 
0 
0 
0 
0 
0 
0 
0 
0 
0 
0 
0 
0 
0 
0 
0 
0 
0 
0 
0 
0 
0 
0 
0 
0 
0 
0 
0 
0 
0 
0 
0 
0 
0 
0 
0 
0 
0 
0 
0 
0 
0 
0 
0 
0 
0 
0 
0 
0 
0 
0 
0 
0 
0 
0 
0 
0 
0 
0 
0 
0 
0 
0 
0 
0 
0 
0 
0 
0 
0 
0 
0 
0 
0 
0 
0 
0 
0 
0 
0 
0 
0 
0 
0 
0 
0 
0 
0 
0 
0 
0 
0 
0 
0 
0 
0 
0 
0 
0 
0 
0 
0 
0 
0 
0 
0 
0 
0 
0 
0 
0 
0 
0 
0 
0 
0 
0 
0 
0 
0 
0 
0 
0 
0 
0 
0 
0 
0 
0 
0 
0 
0 
0 
0 
0 
0 
0 
0 
0 
0 
0 
0 
0 
0 
0 
0 
0 
0 
0 
0 
0 
0 
0 
0 
0 
0 
0 
0 
0 
0 
0 
0 
0 
0 
0 
0 
0 
0 
0 
0 
0 
0 
0 
0 
0 
0 
0 
0 
0 
0 
0 
0 
0 
0 
0 
0 
0 
0 
0 
0 
0 
0 
0 
0 
0 
0 
0 
0 
0 
0 
0 
0 
0 
0 
0 
0 
0 
0 
0 
0 
0 
0 
0 
0 
0 
0 
0 
0 
0 
0 
0 
0 
0 
0 
0 
0 
0 
0 
0 
0 
0 
0 
0 
0 
0 
0 
0 
0 
0 
0 
0 
0 
0 
0 
0 
0 
0 
0 
0 
0 
0 
0 
0 
0 
0 
0 
0 
0 
0 
0 
0 
0 
0 
0 
0 
0 
0 
0 
0 
0 
0 
0 
0 
0 
0 
0 
0 
0 
0 
0 
0 
0 
0 
0 
0 
0 
0 
0 
0 
0 
0 
0 
0 
0 
0 
0 
0 
0 
0 
0 
0 
0 
0 
0 
0 
0 
0 
0 
0 
0 
0 
0 
0 
0 
0 
0 
0 
0 
0 
0 
0 
0 
0 
0 
0 
0 
0 
0 
0 
0 
0 
0 
0 
0 
0 
0 
0 
0 
0 
0 
0 
0 
0 
0 
0 
0 
0 
0 
0 
0 
0 
0 
0 
0 
0 
0 
0 
0 
0 
0 
0 
0 
0 
0 
0 
0 
0 
0 
0 
0 
0 
0 
0 
0 
0 
0 
0 
0 
0 
0 
0 
0 
0 
0 
0 
0 
0 
0 
0 
0 
0 
0 
0 
0 
0 
0 
0 
0 
0 
0 
0 
0 
0 
0 
0 
0 
0 
0 
0 
0 
0 
0 
0 
0 
0 
0 
0 
0 
0 
0 
0 
0 
0 
0 
0 
0 
0 
0 
0 
0 
0 
0 
0 
0 
0 
0 
0 
0 
0 
0 
0 
0 
0 
0 
0 
0 
0 
0 
0 
0 
0 
0 
0 
0 
0 
0 
0 
0 
0 
0 
0 
0 
0 
0 
0 
0 
0 
0 
0 
0 
0 
0 
0 
0 
0 
0 
0 
0 
0 
0 
0 
0 
0 
0 
0 
0 
0 
0 
0 
0 
0 
0 
0 
0 
0 
0 
0 
0 
0 
0 
0 
0 
0 
0 
0 
0 
0 
0 
0 
0 
0 
0 
0 
0 
0 
0 
0 
0 
0 
0 
0 
0 
0 
0 
0 
0 
0 
0 
0 
0 
0 
0 
0 
0 
0 
0 
0 
0 
0 
0 
0 
0 
0 
0 
0 
0 
0 
0 
0 
0 
0 
0 
0 
0 
0 
0 
0 
0 
0 
0 
0 
0 
0 
0 
0 
0 
0 
0 
0 
0 
0 
0 
0 
0 
0 
0 
0 
0 
0 
0 
0 
0 
0 
0 
0 
0 
0 
0 
0 
0 
0 
0 
0 
0 
0 
0 
0 
0 
0 
0 
0 
0 
0 
0 
0 
0 
0 
0 
0 
0 
0 
0 
0 
0 
0 
0 
0 
0 
0 
0 
0 
0 
0 
0 
0 
0 
0 
0 
0 
0 
0 
0 
0 
0 
0 
0 
0 
0 
0 
0 
0 
0 
0 
0 
0 
0 
0 
0 
0 
0 
0 
0 
0 
0 
0 
0 
0 
0 
0 
0 
0 
0 
0 
0 
0 
0 
0 
0 
0 
0 
0 
0 
0 
0 
0 
0 
0 
0 
0 
0 
0 
0 
0 
0 
0 
0 
0 
0 
0 
0 
0 
0 
0 
0 
0 
0 
0 
0 
0 
0 
0 
0 
0 
0 
0 
0 
0 
0 
0 
0 
0 
0 
0 
0 
0 
0 
0 
0 
0 
0 
0 
0 
0 
0 
0 
0 
0 
0 
0 
0 
0 
0 
0 
0 
0 
0 
0 
0 
0 
0 
0 
0 
0 
0 
0 
0 
0 
0 
0 
0 
0 
0 
0 
0 
0 
0 
0 
0 
0 
0 
0 
0 
0 
0 
0 
0 
0 
0 
0 
0 
0 
0 
0 
0 
0 
0 
0 
0 
0 
0 
0 
0 
0 
0 
0 
0 
0 
0 
0 
0 
0 
0 
0 
0 
0 
0 
0 
0 
0 
0 
0 
0 
0 
0 
0 
0 
0 
0 
0 
0 
0 
0 
0 
0 
0 
0 
0 
0 
0 
0 
0 
0 
0 
0 
0 
0 
0 
0 
0 
0 
0 
0 
0 
0 
0 
0 
0 
0 
0 
0 
0 
0 
0 
0 
0 
0 
0 
0 
0 
0 
0 
0 
0 
0 
0 
0 
0 
0 
0 
0 
0 
0 
0 
0 
0 
0 
0 
0 
0 
0 
0 
0 
0 
0 
0 
0 
0 
0 
0 
0 
0 
0 
0 
0 
0 
0 
0 
0 
0 
0 
0 
0 
0 
0 
0 
0 
0 
0 
0 
0 
0 
0 
0 
0 
0 
0 
0 
0 
0 
0 
0 
0 
0 
0 
0 
0 
0 
0 
0 
0 
0 
0 
0 
0 
0 
0 
0 
0 
0 
0 
0 
0 
0 
0 
0 
0 
0 
0 
0 
0 
0 
0 
0 
0 
0 
0 
0 
0 
0 
0 
0 
0 
0 
0 
0 
0 
0 
0 
0 
0 
0 
0 
0 
0 
0 
0 
0 
0 
0 
0 
0 
0 
0 
0 
0 
0 
0 
0 
0 
0 
0 
0 
0 
0 
0 
0 
0 
0 
0 
0 
0 
0 
0 
0 
0 
0 
0 
0 
0 
0 
0 
0 
0 
0 
0 
0 
0 
0 
0 
0 
0 
0 
0 
0 
0 
0 
0 
0 
0 
0 
0 
0 
0 
0 
0 
0 
0 
0 
0 
0 
0 
0 
0 
0 
0 
0 
0 
0 
0 
0 
0 
0 
0 
0 
0 
0 
0 
0 
0 
0 
0 
0 
0 
0 
0 
0 
0 
0 
0 
0 
0 
0 
0 
0 
0 
0 
0 
0 
0 
0 
0 
0 
0 
0 
0 
0 
0 
0 
0 
0 
0 
0 
0 
0 
0 
0 
0 
0 
0 
0 
0 
0 
0 
0 
0 
0 
0 
0 
0 
0 
0 
0 
0 
0 
0 
0 
0 
0 
0 
0 
0 
0 
0 
0 
0 
0 
0 
0 
0 
0 
0 
0 
0 
0 
0 
0 
0 
0 
0 
0 
0 
0 
0 
0 
0 
0 
0 
0 
0 
0 
0 
0 
0 
0 
0 
0 
0 
0 
0 
0 
0 
0 
0 
0 
0 
0 
0 
0 
0 
0 
0 
0 
0 
0 
0 
0 
0 
0 
0 
0 
0 
0 
0 
0 
0 
0 
0 
0 
0 
0 
0 
0 
0 
0 
0 
0 
0 
0 
0 
0 
0 
0 
0 
0 
0 
0 
0 
0 
0 
0 
0 
0 
0 
0 
0 
0 
0 
0 
0 
0 
0 
0 
0 
0 
0 
0 
0 
0 
0 
0 
0 
0 
0 
0 
0 
0 
0 
0 
0 
0 
0 
0 
0 
0 
0 
0 
0 
0 
0 
0 
0 
0 
0 
0 
0 
0 
0 
0 
0 
0 
0 
0 
0 
0 
0 
0 
0 
