9.154474e+02 
9.136177e+02 
9.060048e+02 
8.945663e+02 
8.945663e+02 
8.945663e+02 
8.945663e+02 
8.945663e+02 
8.822593e+02 
8.687276e+02 
8.653905e+02 
8.653905e+02 
8.653905e+02 
8.653905e+02 
8.653905e+02 
8.653905e+02 
8.653905e+02 
8.653905e+02 
8.653905e+02 
8.653905e+02 
8.653905e+02 
8.653905e+02 
8.653905e+02 
8.653905e+02 
8.653905e+02 
8.653905e+02 
8.653905e+02 
8.653905e+02 
8.653905e+02 
8.653905e+02 
8.653905e+02 
8.653905e+02 
8.653905e+02 
8.653905e+02 
8.429696e+02 
8.429696e+02 
8.429696e+02 
8.429696e+02 
8.429696e+02 
8.429696e+02 
8.429696e+02 
8.429696e+02 
8.429696e+02 
8.429696e+02 
8.429696e+02 
8.429696e+02 
8.429696e+02 
8.429696e+02 
8.429696e+02 
8.429696e+02 
8.429696e+02 
8.429696e+02 
8.429696e+02 
8.429696e+02 
8.429696e+02 
8.429696e+02 
8.429696e+02 
8.429696e+02 
8.429696e+02 
8.429696e+02 
8.429696e+02 
8.429696e+02 
8.429696e+02 
8.429696e+02 
8.429696e+02 
8.429696e+02 
8.429696e+02 
8.429696e+02 
8.429696e+02 
8.429696e+02 
8.429696e+02 
8.429696e+02 
8.429696e+02 
8.429696e+02 
8.429696e+02 
8.429696e+02 
8.429696e+02 
8.429696e+02 
8.429696e+02 
8.429696e+02 
8.429696e+02 
8.429696e+02 
8.429696e+02 
8.421951e+02 
8.421951e+02 
8.421951e+02 
8.421951e+02 
8.421951e+02 
8.421951e+02 
8.421951e+02 
8.421951e+02 
8.421951e+02 
8.421951e+02 
8.421951e+02 
8.421951e+02 
8.421951e+02 
8.421951e+02 
8.421951e+02 
8.421951e+02 
8.421951e+02 
8.421951e+02 
8.421951e+02 
8.421951e+02 
8.421951e+02 
8.421951e+02 
8.421951e+02 
8.421951e+02 
8.421951e+02 
8.421951e+02 
8.421951e+02 
8.421951e+02 
8.421951e+02 
8.421951e+02 
8.421951e+02 
8.421951e+02 
8.421951e+02 
8.421951e+02 
8.421951e+02 
8.421951e+02 
8.421951e+02 
8.421951e+02 
8.421951e+02 
8.421951e+02 
8.421951e+02 
8.421951e+02 
8.421951e+02 
8.421951e+02 
8.421951e+02 
8.421951e+02 
8.421951e+02 
8.421951e+02 
8.421951e+02 
8.421951e+02 
8.421951e+02 
8.421951e+02 
8.421951e+02 
8.421951e+02 
8.421951e+02 
8.421951e+02 
8.421951e+02 
8.421951e+02 
8.421951e+02 
8.421951e+02 
8.421951e+02 
8.421951e+02 
8.421951e+02 
8.421951e+02 
8.421951e+02 
8.421951e+02 
8.421951e+02 
8.421951e+02 
8.421951e+02 
8.421951e+02 
8.421951e+02 
8.421951e+02 
8.421951e+02 
8.421951e+02 
8.421951e+02 
8.421951e+02 
8.421951e+02 
8.421951e+02 
8.421951e+02 
8.421951e+02 
8.421951e+02 
8.377038e+02 
8.377038e+02 
8.377038e+02 
8.377038e+02 
8.377038e+02 
8.377038e+02 
8.377038e+02 
8.377038e+02 
8.377038e+02 
8.377038e+02 
8.377038e+02 
8.377038e+02 
8.377038e+02 
8.377038e+02 
8.377038e+02 
8.377038e+02 
8.377038e+02 
8.377038e+02 
8.377038e+02 
8.377038e+02 
8.377038e+02 
8.377038e+02 
8.377038e+02 
8.377038e+02 
8.377038e+02 
8.377038e+02 
8.377038e+02 
8.377038e+02 
8.377038e+02 
8.377038e+02 
8.377038e+02 
8.377038e+02 
8.377038e+02 
8.377038e+02 
8.377038e+02 
8.377038e+02 
8.377038e+02 
8.377038e+02 
8.377038e+02 
8.377038e+02 
8.377038e+02 
8.377038e+02 
8.377038e+02 
8.377038e+02 
8.377038e+02 
8.377038e+02 
8.377038e+02 
8.377038e+02 
8.377038e+02 
8.377038e+02 
8.377038e+02 
8.377038e+02 
8.377038e+02 
8.377038e+02 
8.377038e+02 
8.377038e+02 
8.377038e+02 
8.377038e+02 
8.377038e+02 
8.377038e+02 
8.377038e+02 
8.377038e+02 
8.377038e+02 
8.377038e+02 
8.377038e+02 
8.377038e+02 
8.377038e+02 
8.377038e+02 
8.377038e+02 
8.377038e+02 
8.377038e+02 
8.377038e+02 
8.377038e+02 
8.377038e+02 
8.377038e+02 
8.377038e+02 
8.377038e+02 
8.377038e+02 
8.377038e+02 
8.377038e+02 
8.377038e+02 
8.377038e+02 
8.377038e+02 
8.377038e+02 
8.377038e+02 
8.377038e+02 
8.377038e+02 
8.377038e+02 
8.377038e+02 
8.377038e+02 
8.377038e+02 
8.377038e+02 
8.377038e+02 
8.377038e+02 
8.377038e+02 
8.377038e+02 
8.377038e+02 
8.377038e+02 
8.377038e+02 
8.377038e+02 
8.377038e+02 
8.377038e+02 
8.377038e+02 
8.377038e+02 
8.377038e+02 
8.377038e+02 
8.377038e+02 
8.377038e+02 
8.377038e+02 
8.377038e+02 
8.377038e+02 
8.377038e+02 
8.377038e+02 
8.377038e+02 
8.377038e+02 
8.377038e+02 
8.377038e+02 
8.377038e+02 
8.377038e+02 
8.377038e+02 
8.377038e+02 
8.377038e+02 
8.377038e+02 
8.377038e+02 
8.377038e+02 
8.377038e+02 
8.377038e+02 
8.377038e+02 
8.377038e+02 
8.377038e+02 
8.377038e+02 
8.377038e+02 
8.377038e+02 
8.377038e+02 
8.377038e+02 
8.377038e+02 
8.377038e+02 
8.377038e+02 
8.377038e+02 
8.377038e+02 
8.377038e+02 
8.377038e+02 
8.377038e+02 
8.377038e+02 
8.377038e+02 
8.377038e+02 
8.377038e+02 
8.377038e+02 
8.377038e+02 
8.377038e+02 
8.377038e+02 
8.377038e+02 
8.377038e+02 
8.377038e+02 
8.377038e+02 
8.377038e+02 
8.377038e+02 
8.377038e+02 
8.377038e+02 
8.377038e+02 
8.377038e+02 
8.377038e+02 
8.377038e+02 
8.377038e+02 
8.377038e+02 
8.377038e+02 
8.377038e+02 
8.377038e+02 
8.377038e+02 
8.377038e+02 
8.377038e+02 
8.377038e+02 
8.377038e+02 
8.377038e+02 
8.377038e+02 
8.377038e+02 
8.377038e+02 
8.377038e+02 
8.377038e+02 
8.377038e+02 
8.377038e+02 
8.377038e+02 
8.377038e+02 
8.377038e+02 
8.377038e+02 
8.377038e+02 
8.377038e+02 
8.377038e+02 
8.377038e+02 
8.377038e+02 
8.377038e+02 
8.377038e+02 
8.377038e+02 
8.377038e+02 
8.377038e+02 
8.377038e+02 
8.377038e+02 
8.377038e+02 
8.377038e+02 
8.377038e+02 
8.377038e+02 
8.377038e+02 
8.377038e+02 
8.377038e+02 
8.377038e+02 
8.377038e+02 
8.377038e+02 
8.377038e+02 
8.377038e+02 
8.377038e+02 
8.377038e+02 
8.377038e+02 
8.377038e+02 
8.377038e+02 
8.377038e+02 
8.377038e+02 
8.377038e+02 
8.377038e+02 
8.377038e+02 
8.377038e+02 
8.377038e+02 
8.377038e+02 
8.377038e+02 
8.377038e+02 
8.377038e+02 
8.377038e+02 
8.377038e+02 
8.377038e+02 
8.377038e+02 
8.377038e+02 
8.377038e+02 
8.377038e+02 
8.377038e+02 
8.377038e+02 
8.377038e+02 
8.377038e+02 
8.377038e+02 
8.377038e+02 
8.377038e+02 
8.377038e+02 
8.377038e+02 
8.377038e+02 
8.377038e+02 
8.377038e+02 
8.377038e+02 
8.377038e+02 
8.377038e+02 
8.377038e+02 
8.377038e+02 
8.377038e+02 
8.377038e+02 
8.377038e+02 
8.377038e+02 
8.377038e+02 
8.377038e+02 
8.377038e+02 
8.377038e+02 
8.377038e+02 
8.377038e+02 
8.377038e+02 
8.377038e+02 
8.377038e+02 
8.377038e+02 
8.377038e+02 
8.377038e+02 
8.377038e+02 
8.377038e+02 
8.377038e+02 
8.377038e+02 
8.377038e+02 
8.377038e+02 
8.377038e+02 
8.377038e+02 
8.377038e+02 
8.377038e+02 
8.377038e+02 
8.377038e+02 
8.377038e+02 
8.377038e+02 
8.377038e+02 
8.377038e+02 
8.377038e+02 
8.331937e+02 
8.331937e+02 
8.331937e+02 
8.331937e+02 
8.331937e+02 
8.331937e+02 
8.331937e+02 
8.331937e+02 
8.331937e+02 
8.331937e+02 
8.331937e+02 
8.331937e+02 
8.331937e+02 
8.331937e+02 
8.331937e+02 
8.331937e+02 
8.331937e+02 
8.331937e+02 
8.331937e+02 
8.331937e+02 
8.331937e+02 
8.331937e+02 
8.331937e+02 
8.331937e+02 
8.331937e+02 
8.331937e+02 
8.331937e+02 
8.331937e+02 
8.331937e+02 
8.331937e+02 
8.331937e+02 
8.331937e+02 
8.331937e+02 
8.331937e+02 
8.331937e+02 
8.331937e+02 
8.331937e+02 
8.331937e+02 
8.331937e+02 
8.331937e+02 
8.331937e+02 
8.331937e+02 
8.331937e+02 
8.331937e+02 
8.331937e+02 
8.331937e+02 
8.331937e+02 
8.331937e+02 
8.331937e+02 
8.331937e+02 
8.331937e+02 
8.331937e+02 
8.331937e+02 
8.331937e+02 
8.331937e+02 
8.331937e+02 
8.331937e+02 
8.331937e+02 
8.331937e+02 
8.331937e+02 
8.331937e+02 
8.331937e+02 
8.331937e+02 
8.331937e+02 
8.331937e+02 
8.331937e+02 
8.331937e+02 
8.331937e+02 
8.331937e+02 
8.331937e+02 
8.331937e+02 
8.331937e+02 
8.331937e+02 
8.331937e+02 
8.331937e+02 
8.331937e+02 
8.331937e+02 
8.331937e+02 
8.331937e+02 
8.331937e+02 
8.331937e+02 
8.331937e+02 
8.331937e+02 
8.331937e+02 
8.331937e+02 
8.331937e+02 
8.331937e+02 
8.331937e+02 
8.331937e+02 
8.331937e+02 
8.331937e+02 
8.331937e+02 
8.331937e+02 
8.331937e+02 
8.331937e+02 
8.331937e+02 
8.331937e+02 
8.331937e+02 
8.331937e+02 
8.331937e+02 
8.331937e+02 
8.331937e+02 
8.331937e+02 
8.331937e+02 
8.331937e+02 
8.331937e+02 
8.331937e+02 
8.331937e+02 
8.331937e+02 
8.331937e+02 
8.331937e+02 
8.308148e+02 
8.308148e+02 
8.308148e+02 
8.308148e+02 
8.308148e+02 
8.308148e+02 
8.308148e+02 
8.308148e+02 
8.308148e+02 
8.308148e+02 
8.308148e+02 
8.308148e+02 
8.308148e+02 
8.308148e+02 
8.308148e+02 
8.308148e+02 
8.308148e+02 
8.308148e+02 
8.308148e+02 
8.308148e+02 
8.308148e+02 
8.308148e+02 
8.308148e+02 
8.308148e+02 
8.308148e+02 
8.308148e+02 
8.308148e+02 
8.308148e+02 
8.308148e+02 
8.308148e+02 
8.308148e+02 
8.308148e+02 
8.308148e+02 
8.308148e+02 
8.308148e+02 
8.308148e+02 
8.308148e+02 
8.308148e+02 
8.308148e+02 
8.308148e+02 
8.308148e+02 
8.308148e+02 
8.308148e+02 
8.308148e+02 
8.308148e+02 
8.308148e+02 
8.308148e+02 
8.308148e+02 
8.308148e+02 
8.308148e+02 
8.308148e+02 
8.308148e+02 
8.308148e+02 
8.308148e+02 
8.308148e+02 
8.308148e+02 
8.308148e+02 
8.308148e+02 
8.308148e+02 
8.308148e+02 
8.308148e+02 
8.308148e+02 
8.308148e+02 
8.308148e+02 
8.308148e+02 
8.308148e+02 
8.308148e+02 
8.308148e+02 
8.308148e+02 
8.308148e+02 
8.308148e+02 
8.308148e+02 
8.308148e+02 
8.308148e+02 
8.308148e+02 
8.308148e+02 
8.308148e+02 
8.308148e+02 
8.308148e+02 
8.308148e+02 
8.308148e+02 
8.308148e+02 
8.308148e+02 
8.308148e+02 
8.308148e+02 
8.308148e+02 
8.308148e+02 
8.308148e+02 
8.308148e+02 
8.308148e+02 
8.308148e+02 
8.308148e+02 
8.308148e+02 
8.308148e+02 
8.308148e+02 
8.308148e+02 
8.308148e+02 
8.308148e+02 
8.308148e+02 
8.308148e+02 
8.308148e+02 
8.308148e+02 
8.308148e+02 
8.308148e+02 
8.308148e+02 
8.308148e+02 
8.308148e+02 
8.308148e+02 
8.308148e+02 
8.308148e+02 
8.308148e+02 
8.308148e+02 
8.308148e+02 
8.308148e+02 
8.308148e+02 
8.308148e+02 
8.308148e+02 
8.308148e+02 
8.308148e+02 
8.308148e+02 
8.308148e+02 
8.308148e+02 
8.308148e+02 
8.308148e+02 
8.308148e+02 
8.308148e+02 
8.308148e+02 
8.308148e+02 
8.308148e+02 
8.308148e+02 
8.308148e+02 
8.308148e+02 
8.308148e+02 
8.308148e+02 
8.308148e+02 
8.308148e+02 
8.308148e+02 
8.308148e+02 
8.308148e+02 
8.308148e+02 
8.308148e+02 
8.308148e+02 
8.308148e+02 
8.308148e+02 
8.308148e+02 
8.308148e+02 
8.308148e+02 
8.308148e+02 
8.308148e+02 
8.308148e+02 
8.308148e+02 
8.308148e+02 
8.308148e+02 
8.308148e+02 
8.308148e+02 
8.308148e+02 
8.308148e+02 
8.308148e+02 
8.308148e+02 
8.308148e+02 
8.308148e+02 
8.308148e+02 
8.308148e+02 
8.308148e+02 
8.308148e+02 
8.308148e+02 
8.308148e+02 
8.308148e+02 
8.301329e+02 
8.301329e+02 
8.301329e+02 
8.301329e+02 
8.301329e+02 
8.301329e+02 
8.301329e+02 
8.301329e+02 
8.301329e+02 
8.301329e+02 
8.301329e+02 
8.301329e+02 
8.301329e+02 
8.301329e+02 
8.301329e+02 
8.301329e+02 
8.301329e+02 
8.301329e+02 
8.301329e+02 
8.301329e+02 
8.301329e+02 
8.301329e+02 
8.301329e+02 
8.301329e+02 
8.301329e+02 
8.301329e+02 
8.301329e+02 
8.301329e+02 
8.301329e+02 
8.301329e+02 
8.301329e+02 
8.301329e+02 
8.301329e+02 
8.301329e+02 
8.301329e+02 
8.301329e+02 
8.301329e+02 
8.301329e+02 
8.301329e+02 
8.301329e+02 
8.301329e+02 
8.301329e+02 
8.301329e+02 
8.301329e+02 
8.301329e+02 
8.301329e+02 
8.301329e+02 
8.301329e+02 
8.301329e+02 
8.301329e+02 
8.301329e+02 
8.301329e+02 
8.301329e+02 
8.301329e+02 
8.301329e+02 
8.301329e+02 
8.301329e+02 
8.301329e+02 
8.301329e+02 
8.301329e+02 
8.301329e+02 
8.301329e+02 
8.301329e+02 
8.301329e+02 
8.301329e+02 
8.301329e+02 
8.301329e+02 
8.301329e+02 
8.301329e+02 
8.301329e+02 
8.301329e+02 
8.301329e+02 
8.301329e+02 
8.301329e+02 
8.301329e+02 
8.301329e+02 
8.301329e+02 
8.301329e+02 
8.301329e+02 
8.301329e+02 
8.301329e+02 
8.301329e+02 
8.301329e+02 
8.301329e+02 
8.301329e+02 
8.301329e+02 
8.301329e+02 
8.301329e+02 
8.301329e+02 
8.301329e+02 
8.301329e+02 
8.301329e+02 
8.301329e+02 
8.301329e+02 
8.301329e+02 
8.301329e+02 
8.301329e+02 
8.301329e+02 
8.301329e+02 
8.301329e+02 
8.301329e+02 
8.301329e+02 
8.301329e+02 
8.301329e+02 
8.301329e+02 
8.301329e+02 
8.301329e+02 
8.301329e+02 
8.301329e+02 
8.301329e+02 
8.301329e+02 
8.301329e+02 
8.301329e+02 
8.301329e+02 
8.301329e+02 
8.301329e+02 
8.301329e+02 
8.301329e+02 
8.301329e+02 
8.301329e+02 
8.301329e+02 
8.301329e+02 
8.301329e+02 
8.301329e+02 
8.301329e+02 
8.301329e+02 
8.301329e+02 
8.301329e+02 
8.301329e+02 
8.301329e+02 
8.301329e+02 
8.301329e+02 
8.301329e+02 
8.301329e+02 
8.301329e+02 
8.301329e+02 
8.301329e+02 
8.301329e+02 
8.301329e+02 
8.301329e+02 
8.301329e+02 
8.301329e+02 
8.301329e+02 
8.301329e+02 
8.301329e+02 
8.301329e+02 
8.301329e+02 
8.301329e+02 
8.301329e+02 
8.301329e+02 
8.301329e+02 
8.301329e+02 
8.301329e+02 
8.301329e+02 
8.301329e+02 
8.301329e+02 
8.301329e+02 
8.301329e+02 
8.301329e+02 
8.301329e+02 
8.301329e+02 
8.301329e+02 
8.301329e+02 
8.301329e+02 
8.301329e+02 
8.301329e+02 
8.301329e+02 
8.301329e+02 
8.301329e+02 
8.301329e+02 
8.301329e+02 
8.301329e+02 
8.301329e+02 
8.301329e+02 
8.301329e+02 
8.301329e+02 
8.301329e+02 
8.301329e+02 
8.211276e+02 
8.211276e+02 
8.211276e+02 
8.211276e+02 
8.211276e+02 
8.211276e+02 
8.211276e+02 
8.211276e+02 
8.211276e+02 
8.211276e+02 
8.211276e+02 
8.211276e+02 
8.211276e+02 
8.211276e+02 
8.211276e+02 
8.211276e+02 
8.211276e+02 
8.211276e+02 
8.211276e+02 
8.211276e+02 
8.211276e+02 
8.211276e+02 
8.211276e+02 
8.211276e+02 
8.211276e+02 
8.211276e+02 
8.211276e+02 
8.211276e+02 
8.211276e+02 
8.211276e+02 
8.211276e+02 
8.211276e+02 
8.211276e+02 
8.211276e+02 
8.211276e+02 
8.211276e+02 
8.211276e+02 
8.211276e+02 
8.211276e+02 
8.211276e+02 
8.211276e+02 
8.211276e+02 
8.211276e+02 
8.211276e+02 
8.211276e+02 
8.211276e+02 
8.211276e+02 
8.211276e+02 
8.211276e+02 
8.211276e+02 
8.211276e+02 
8.211276e+02 
8.211276e+02 
8.211276e+02 
8.211276e+02 
8.211276e+02 
8.211276e+02 
8.211276e+02 
8.211276e+02 
8.211276e+02 
8.211276e+02 
8.211276e+02 
8.211276e+02 
8.211276e+02 
8.211276e+02 
8.211276e+02 
8.211276e+02 
8.211276e+02 
8.211276e+02 
8.211276e+02 
8.211276e+02 
8.211276e+02 
8.211276e+02 
8.211276e+02 
8.211276e+02 
8.211276e+02 
8.211276e+02 
8.211276e+02 
8.211276e+02 
8.211276e+02 
8.211276e+02 
8.211276e+02 
8.211276e+02 
8.211276e+02 
8.211276e+02 
8.211276e+02 
8.211276e+02 
8.211276e+02 
8.211276e+02 
8.211276e+02 
8.211276e+02 
8.211276e+02 
8.211276e+02 
8.211276e+02 
8.211276e+02 
8.211276e+02 
8.211276e+02 
8.211276e+02 
8.211276e+02 
8.211276e+02 
8.211276e+02 
8.211276e+02 
8.211276e+02 
8.211276e+02 
8.211276e+02 
8.211276e+02 
8.211276e+02 
8.211276e+02 
8.211276e+02 
8.211276e+02 
8.211276e+02 
8.211276e+02 
8.211276e+02 
8.211276e+02 
8.211276e+02 
8.211276e+02 
8.211276e+02 
8.211276e+02 
8.211276e+02 
8.211276e+02 
8.211276e+02 
8.211276e+02 
8.211276e+02 
8.211276e+02 
8.211276e+02 
8.211276e+02 
8.211276e+02 
8.211276e+02 
8.211276e+02 
8.211276e+02 
8.211276e+02 
8.211276e+02 
8.211276e+02 
8.211276e+02 
8.211276e+02 
8.211276e+02 
8.211276e+02 
8.211276e+02 
8.211276e+02 
8.211276e+02 
8.211276e+02 
8.211276e+02 
8.211276e+02 
8.211276e+02 
8.211276e+02 
8.211276e+02 
8.211276e+02 
8.211276e+02 
8.211276e+02 
8.211276e+02 
8.211276e+02 
8.211276e+02 
8.211276e+02 
8.211276e+02 
8.211276e+02 
8.211276e+02 
8.211276e+02 
8.211276e+02 
8.211276e+02 
8.211276e+02 
8.211276e+02 
8.211276e+02 
8.211276e+02 
8.211276e+02 
8.211276e+02 
8.211276e+02 
8.211276e+02 
8.211276e+02 
8.211276e+02 
8.211276e+02 
8.211276e+02 
8.211276e+02 
8.211276e+02 
8.211276e+02 
8.211276e+02 
8.211276e+02 
8.211276e+02 
8.211276e+02 
8.211276e+02 
8.211276e+02 
8.211276e+02 
8.211276e+02 
8.211276e+02 
8.211276e+02 
8.211276e+02 
8.211276e+02 
8.211276e+02 
8.211276e+02 
8.211276e+02 
8.211276e+02 
8.211276e+02 
8.188106e+02 
8.188106e+02 
8.188106e+02 
8.188106e+02 
8.188106e+02 
8.188106e+02 
8.188106e+02 
8.188106e+02 
8.188106e+02 
8.188106e+02 
8.188106e+02 
8.188106e+02 
8.188106e+02 
8.188106e+02 
8.188106e+02 
8.188106e+02 
8.188106e+02 
8.188106e+02 
8.188106e+02 
8.188106e+02 
8.188106e+02 
8.188106e+02 
8.188106e+02 
8.188106e+02 
8.188106e+02 
8.188106e+02 
8.188106e+02 
8.188106e+02 
8.188106e+02 
8.188106e+02 
8.188106e+02 
8.188106e+02 
8.188106e+02 
8.188106e+02 
8.188106e+02 
8.188106e+02 
8.188106e+02 
8.188106e+02 
8.188106e+02 
8.188106e+02 
8.188106e+02 
8.188106e+02 
8.188106e+02 
8.188106e+02 
8.188106e+02 
8.188106e+02 
8.188106e+02 
8.188106e+02 
8.188106e+02 
8.188106e+02 
8.188106e+02 
8.188106e+02 
8.188106e+02 
8.188106e+02 
8.188106e+02 
8.188106e+02 
8.188106e+02 
8.188106e+02 
8.188106e+02 
8.188106e+02 
8.188106e+02 
8.188106e+02 
8.188106e+02 
8.188106e+02 
8.188106e+02 
8.188106e+02 
8.188106e+02 
8.188106e+02 
8.188106e+02 
8.188106e+02 
8.188106e+02 
8.188106e+02 
8.188106e+02 
8.188106e+02 
8.188106e+02 
8.188106e+02 
8.188106e+02 
8.188106e+02 
8.188106e+02 
8.188106e+02 
8.188106e+02 
8.188106e+02 
8.188106e+02 
8.188106e+02 
8.188106e+02 
8.188106e+02 
8.188106e+02 
8.188106e+02 
8.188106e+02 
8.188106e+02 
8.188106e+02 
8.188106e+02 
8.188106e+02 
8.188106e+02 
8.188106e+02 
8.188106e+02 
8.188106e+02 
8.188106e+02 
8.188106e+02 
8.188106e+02 
8.188106e+02 
8.188106e+02 
8.188106e+02 
8.188106e+02 
8.188106e+02 
8.188106e+02 
8.188106e+02 
8.188106e+02 
8.188106e+02 
8.188106e+02 
8.188106e+02 
8.188106e+02 
8.188106e+02 
8.188106e+02 
8.188106e+02 
8.188106e+02 
8.188106e+02 
8.188106e+02 
8.188106e+02 
8.188106e+02 
8.188106e+02 
8.188106e+02 
8.188106e+02 
8.188106e+02 
8.188106e+02 
8.188106e+02 
8.188106e+02 
8.188106e+02 
8.188106e+02 
8.188106e+02 
8.188106e+02 
8.188106e+02 
8.188106e+02 
8.188106e+02 
8.188106e+02 
8.188106e+02 
8.188106e+02 
8.188106e+02 
8.188106e+02 
8.188106e+02 
8.188106e+02 
8.188106e+02 
8.188106e+02 
8.188106e+02 
8.188106e+02 
8.188106e+02 
8.188106e+02 
8.188106e+02 
8.188106e+02 
8.188106e+02 
8.188106e+02 
8.188106e+02 
8.188106e+02 
8.188106e+02 
8.188106e+02 
8.188106e+02 
8.188106e+02 
8.188106e+02 
8.188106e+02 
8.188106e+02 
8.188106e+02 
8.188106e+02 
8.188106e+02 
8.188106e+02 
8.188106e+02 
8.188106e+02 
8.188106e+02 
8.188106e+02 
8.188106e+02 
8.188106e+02 
8.188106e+02 
8.188106e+02 
8.188106e+02 
8.188106e+02 
8.188106e+02 
8.188106e+02 
8.188106e+02 
8.188106e+02 
8.188106e+02 
8.188106e+02 
8.188106e+02 
8.188106e+02 
8.188106e+02 
8.188106e+02 
8.188106e+02 
8.188106e+02 
8.188106e+02 
8.188106e+02 
8.188106e+02 
8.188106e+02 
8.188106e+02 
8.188106e+02 
8.188106e+02 
8.188106e+02 
8.188106e+02 
8.188106e+02 
8.188106e+02 
8.188106e+02 
8.188106e+02 
8.188106e+02 
8.188106e+02 
8.188106e+02 
8.188106e+02 
8.188106e+02 
8.188106e+02 
8.188106e+02 
8.188106e+02 
8.188106e+02 
8.188106e+02 
8.188106e+02 
8.188106e+02 
8.188106e+02 
8.188106e+02 
8.188106e+02 
8.188106e+02 
8.188106e+02 
8.188106e+02 
8.188106e+02 
8.188106e+02 
8.188106e+02 
8.188106e+02 
8.188106e+02 
8.188106e+02 
8.188106e+02 
8.188106e+02 
8.188106e+02 
8.188106e+02 
8.188106e+02 
8.188106e+02 
8.188106e+02 
8.188106e+02 
8.188106e+02 
8.188106e+02 
8.188106e+02 
8.188106e+02 
8.188106e+02 
8.188106e+02 
8.188106e+02 
8.188106e+02 
8.188106e+02 
8.188106e+02 
8.188106e+02 
8.188106e+02 
8.188106e+02 
8.188106e+02 
8.188106e+02 
8.188106e+02 
8.188106e+02 
8.188106e+02 
8.188106e+02 
8.188106e+02 
8.188106e+02 
8.188106e+02 
8.188106e+02 
8.188106e+02 
8.188106e+02 
8.188106e+02 
8.188106e+02 
8.188106e+02 
8.188106e+02 
8.188106e+02 
8.188106e+02 
8.188106e+02 
8.188106e+02 
8.188106e+02 
8.188106e+02 
8.188106e+02 
8.188106e+02 
8.188106e+02 
8.188106e+02 
8.188106e+02 
8.188106e+02 
8.188106e+02 
8.188106e+02 
8.188106e+02 
8.188106e+02 
8.188106e+02 
8.188106e+02 
8.157530e+02 
8.157530e+02 
8.156066e+02 
8.156066e+02 
8.156066e+02 
8.156066e+02 
8.156066e+02 
8.156066e+02 
8.156066e+02 
8.156066e+02 
8.156066e+02 
8.156066e+02 
8.156066e+02 
8.156066e+02 
8.156066e+02 
8.156066e+02 
8.156066e+02 
8.156066e+02 
8.156066e+02 
8.156066e+02 
8.156066e+02 
8.156066e+02 
8.156066e+02 
8.156066e+02 
8.156066e+02 
8.156066e+02 
8.156066e+02 
8.156066e+02 
8.156066e+02 
8.156066e+02 
8.156066e+02 
8.156066e+02 
8.156066e+02 
8.156066e+02 
8.156066e+02 
8.156066e+02 
8.156066e+02 
8.156066e+02 
8.156066e+02 
8.156066e+02 
8.156066e+02 
8.156066e+02 
8.156066e+02 
8.156066e+02 
8.156066e+02 
8.156066e+02 
8.156066e+02 
8.156066e+02 
8.156066e+02 
8.156066e+02 
8.156066e+02 
8.156066e+02 
8.156066e+02 
8.156066e+02 
8.156066e+02 
8.156066e+02 
8.156066e+02 
8.156066e+02 
8.156066e+02 
8.156066e+02 
8.156066e+02 
8.156066e+02 
8.156066e+02 
8.156066e+02 
8.156066e+02 
8.156066e+02 
8.156066e+02 
8.156066e+02 
8.156066e+02 
8.156066e+02 
8.156066e+02 
8.156066e+02 
8.156066e+02 
8.156066e+02 
8.156066e+02 
8.156066e+02 
8.156066e+02 
8.156066e+02 
8.156066e+02 
8.156066e+02 
8.156066e+02 
8.156066e+02 
8.156066e+02 
8.156066e+02 
8.156066e+02 
8.156066e+02 
8.156066e+02 
8.156066e+02 
8.156066e+02 
8.156066e+02 
8.156066e+02 
8.156066e+02 
8.156066e+02 
8.156066e+02 
8.156066e+02 
8.156066e+02 
8.156066e+02 
8.156066e+02 
8.156066e+02 
8.156066e+02 
8.156066e+02 
8.156066e+02 
8.156066e+02 
8.156066e+02 
8.156066e+02 
8.156066e+02 
8.156066e+02 
8.156066e+02 
8.156066e+02 
8.156066e+02 
8.156066e+02 
8.156066e+02 
8.156066e+02 
8.156066e+02 
8.156066e+02 
8.156066e+02 
8.156066e+02 
8.156066e+02 
8.156066e+02 
8.156066e+02 
8.156066e+02 
8.156066e+02 
8.156066e+02 
8.156066e+02 
8.156066e+02 
8.156066e+02 
8.156066e+02 
8.156066e+02 
8.156066e+02 
8.156066e+02 
8.156066e+02 
8.156066e+02 
8.156066e+02 
8.156066e+02 
8.156066e+02 
8.156066e+02 
8.156066e+02 
8.156066e+02 
8.156066e+02 
8.156066e+02 
8.156066e+02 
8.156066e+02 
8.156066e+02 
8.156066e+02 
8.156066e+02 
8.156066e+02 
8.156066e+02 
8.156066e+02 
8.156066e+02 
8.156066e+02 
8.156066e+02 
8.156066e+02 
8.156066e+02 
8.156066e+02 
8.156066e+02 
8.156066e+02 
8.156066e+02 
8.156066e+02 
8.156066e+02 
8.156066e+02 
8.156066e+02 
8.156066e+02 
8.156066e+02 
8.156066e+02 
8.156066e+02 
8.156066e+02 
8.156066e+02 
8.156066e+02 
8.156066e+02 
8.156066e+02 
8.156066e+02 
8.156066e+02 
8.156066e+02 
8.156066e+02 
8.156066e+02 
8.156066e+02 
8.156066e+02 
8.156066e+02 
8.156066e+02 
8.156066e+02 
8.156066e+02 
8.156066e+02 
8.156066e+02 
8.156066e+02 
8.156066e+02 
8.156066e+02 
8.156066e+02 
8.156066e+02 
8.156066e+02 
8.156066e+02 
8.156066e+02 
8.156066e+02 
8.156066e+02 
8.156066e+02 
8.156066e+02 
8.156066e+02 
8.156066e+02 
8.156066e+02 
8.156066e+02 
8.156066e+02 
8.156066e+02 
8.156066e+02 
8.156066e+02 
8.156066e+02 
8.156066e+02 
8.156066e+02 
8.156066e+02 
8.156066e+02 
8.156066e+02 
8.156066e+02 
8.156066e+02 
8.156066e+02 
8.156066e+02 
8.156066e+02 
8.156066e+02 
8.156066e+02 
8.156066e+02 
8.156066e+02 
8.156066e+02 
8.156066e+02 
8.156066e+02 
8.156066e+02 
8.156066e+02 
8.156066e+02 
8.156066e+02 
8.156066e+02 
8.156066e+02 
8.156066e+02 
8.156066e+02 
8.156066e+02 
8.156066e+02 
8.156066e+02 
8.156066e+02 
8.156066e+02 
8.156066e+02 
8.156066e+02 
8.156066e+02 
8.156066e+02 
8.156066e+02 
8.156066e+02 
8.156066e+02 
8.156066e+02 
8.156066e+02 
8.156066e+02 
8.156066e+02 
8.156066e+02 
8.156066e+02 
8.156066e+02 
8.156066e+02 
8.156066e+02 
8.156066e+02 
8.156066e+02 
8.156066e+02 
8.156066e+02 
8.156066e+02 
8.156066e+02 
8.156066e+02 
8.156066e+02 
8.156066e+02 
8.156066e+02 
8.156066e+02 
8.156066e+02 
8.156066e+02 
8.156066e+02 
8.156066e+02 
8.156066e+02 
8.156066e+02 
8.156066e+02 
8.156066e+02 
8.156066e+02 
8.156066e+02 
8.156066e+02 
8.156066e+02 
8.156066e+02 
8.145155e+02 
8.145155e+02 
8.145155e+02 
8.145155e+02 
8.145155e+02 
8.145155e+02 
8.145155e+02 
8.145155e+02 
8.145155e+02 
8.145155e+02 
8.145155e+02 
8.145155e+02 
8.145155e+02 
8.145155e+02 
8.145155e+02 
8.145155e+02 
8.145155e+02 
8.145155e+02 
8.145155e+02 
8.145155e+02 
8.145155e+02 
8.145155e+02 
8.145155e+02 
8.145155e+02 
8.145155e+02 
8.145155e+02 
8.145155e+02 
8.145155e+02 
8.145155e+02 
8.145155e+02 
8.145155e+02 
8.145155e+02 
8.145155e+02 
8.145155e+02 
8.145155e+02 
8.145155e+02 
8.145155e+02 
8.145155e+02 
8.145155e+02 
8.145155e+02 
8.145155e+02 
8.145155e+02 
8.145155e+02 
8.145155e+02 
8.145155e+02 
8.145155e+02 
8.145155e+02 
8.145155e+02 
8.145155e+02 
8.145155e+02 
8.145155e+02 
8.145155e+02 
8.145155e+02 
8.145155e+02 
8.145155e+02 
8.145155e+02 
8.145155e+02 
8.145155e+02 
8.145155e+02 
8.145155e+02 
8.145155e+02 
8.145155e+02 
8.145155e+02 
8.145155e+02 
8.145155e+02 
8.145155e+02 
8.145155e+02 
8.145155e+02 
8.145155e+02 
8.145155e+02 
8.145155e+02 
8.141708e+02 
8.141708e+02 
8.141708e+02 
8.141708e+02 
8.141708e+02 
8.141708e+02 
8.141708e+02 
8.141708e+02 
8.141708e+02 
8.141708e+02 
8.141210e+02 
8.141210e+02 
8.140938e+02 
8.138363e+02 
8.138363e+02 
8.138363e+02 
8.138363e+02 
8.138363e+02 
8.138363e+02 
8.138363e+02 
8.138363e+02 
8.138363e+02 
8.138363e+02 
8.138363e+02 
8.138363e+02 
8.138363e+02 
8.138363e+02 
8.138363e+02 
8.138363e+02 
8.138363e+02 
8.138363e+02 
8.138363e+02 
8.138363e+02 
8.138363e+02 
8.138363e+02 
8.138363e+02 
8.138363e+02 
8.138363e+02 
8.138363e+02 
8.138363e+02 
8.138363e+02 
8.138363e+02 
8.138363e+02 
8.138363e+02 
8.138363e+02 
8.138363e+02 
8.138363e+02 
8.138363e+02 
8.138363e+02 
8.138363e+02 
8.138363e+02 
8.138363e+02 
8.138363e+02 
8.138363e+02 
8.138363e+02 
8.138363e+02 
8.138363e+02 
8.138363e+02 
8.138363e+02 
8.138363e+02 
8.138363e+02 
8.138363e+02 
8.138363e+02 
8.138363e+02 
8.138363e+02 
8.138363e+02 
8.138363e+02 
8.136693e+02 
8.136693e+02 
8.136693e+02 
8.136693e+02 
8.136693e+02 
8.136693e+02 
8.136693e+02 
8.136693e+02 
8.136693e+02 
8.136693e+02 
8.136693e+02 
8.132862e+02 
8.132862e+02 
8.132862e+02 
8.132862e+02 
8.132862e+02 
8.132862e+02 
8.132862e+02 
8.132862e+02 
8.132862e+02 
8.132862e+02 
8.132862e+02 
8.132862e+02 
8.132803e+02 
8.132803e+02 
8.132803e+02 
8.132803e+02 
8.132803e+02 
8.132803e+02 
8.132760e+02 
8.132760e+02 
8.132760e+02 
8.132760e+02 
8.132071e+02 
8.132071e+02 
8.132071e+02 
8.132071e+02 
8.132071e+02 
8.132071e+02 
8.132071e+02 
8.132071e+02 
8.132071e+02 
8.132071e+02 
8.132071e+02 
8.132071e+02 
8.132071e+02 
8.132071e+02 
8.132071e+02 
8.132071e+02 
8.132071e+02 
8.132071e+02 
8.132071e+02 
8.132071e+02 
8.132071e+02 
8.132071e+02 
8.132071e+02 
8.132071e+02 
8.132071e+02 
8.132071e+02 
8.132071e+02 
8.132071e+02 
8.132071e+02 
8.132071e+02 
8.132071e+02 
8.132071e+02 
8.132071e+02 
8.132071e+02 
8.132071e+02 
8.132071e+02 
8.132071e+02 
8.132048e+02 
8.131936e+02 
8.131936e+02 
8.131917e+02 
8.131917e+02 
8.131917e+02 
8.131917e+02 
8.131917e+02 
8.131917e+02 
8.131917e+02 
8.131917e+02 
8.131917e+02 
8.131917e+02 
8.131917e+02 
8.131917e+02 
8.131917e+02 
8.131917e+02 
8.131917e+02 
8.131917e+02 
8.131917e+02 
8.131917e+02 
8.131917e+02 
8.131917e+02 
8.131917e+02 
8.131917e+02 
8.131917e+02 
8.131917e+02 
8.131917e+02 
8.131917e+02 
8.131917e+02 
8.131917e+02 
8.131917e+02 
8.131917e+02 
8.131917e+02 
8.131917e+02 
8.131917e+02 
8.131917e+02 
8.131917e+02 
8.131917e+02 
8.131917e+02 
8.131917e+02 
8.131917e+02 
8.131917e+02 
8.131917e+02 
8.131917e+02 
8.131917e+02 
8.131917e+02 
8.131917e+02 
8.131917e+02 
8.131917e+02 
8.131917e+02 
8.131917e+02 
8.131917e+02 
8.131917e+02 
8.131917e+02 
8.131917e+02 
8.131917e+02 
8.131917e+02 
8.131917e+02 
8.131917e+02 
8.131917e+02 
8.131917e+02 
8.131917e+02 
8.131917e+02 
8.131917e+02 
8.131917e+02 
8.131917e+02 
8.131917e+02 
8.131917e+02 
8.131917e+02 
8.131917e+02 
8.131917e+02 
8.131917e+02 
8.131917e+02 
8.131917e+02 
8.131917e+02 
8.131917e+02 
8.131917e+02 
8.131917e+02 
8.131917e+02 
8.131917e+02 
8.131917e+02 
8.131917e+02 
8.131917e+02 
8.131917e+02 
8.131917e+02 
8.131917e+02 
8.131917e+02 
8.131917e+02 
8.131917e+02 
8.131917e+02 
8.131917e+02 
8.131917e+02 
8.131917e+02 
8.131917e+02 
8.131917e+02 
8.131917e+02 
8.131917e+02 
8.131917e+02 
8.131917e+02 
8.131917e+02 
8.131917e+02 
8.131917e+02 
8.131917e+02 
8.131917e+02 
8.131917e+02 
8.131917e+02 
8.131917e+02 
8.131917e+02 
8.131917e+02 
8.131917e+02 
8.131917e+02 
8.131917e+02 
8.131917e+02 
8.131917e+02 
8.131917e+02 
8.131917e+02 
8.131917e+02 
8.131905e+02 
8.131905e+02 
8.131905e+02 
8.131905e+02 
8.131905e+02 
8.131905e+02 
8.131905e+02 
8.131905e+02 
8.131905e+02 
8.131905e+02 
8.131905e+02 
8.131905e+02 
8.131905e+02 
8.131905e+02 
8.131905e+02 
8.131905e+02 
8.131905e+02 
8.131905e+02 
8.131905e+02 
8.131905e+02 
8.131905e+02 
8.131905e+02 
8.131905e+02 
8.131905e+02 
8.131905e+02 
8.131905e+02 
8.131905e+02 
8.131905e+02 
8.131905e+02 
8.131905e+02 
8.131905e+02 
8.131905e+02 
8.131905e+02 
8.131905e+02 
8.131905e+02 
8.131905e+02 
8.131903e+02 
8.131903e+02 
8.131895e+02 
8.131895e+02 
8.131895e+02 
8.131895e+02 
8.131895e+02 
8.131895e+02 
8.131895e+02 
8.131895e+02 
8.131895e+02 
8.131895e+02 
8.131895e+02 
8.131895e+02 
8.131895e+02 
8.131895e+02 
8.131895e+02 
8.131895e+02 
8.131895e+02 
8.131895e+02 
8.131895e+02 
8.131895e+02 
8.131895e+02 
8.131895e+02 
8.131895e+02 
8.131895e+02 
8.131895e+02 
8.131895e+02 
8.131895e+02 
8.131895e+02 
8.131895e+02 
8.131895e+02 
8.131895e+02 
8.131895e+02 
8.131895e+02 
8.131895e+02 
8.131895e+02 
8.131895e+02 
8.131895e+02 
8.131895e+02 
8.131895e+02 
8.131895e+02 
8.131895e+02 
8.131895e+02 
8.131895e+02 
8.131895e+02 
8.131895e+02 
8.131895e+02 
8.131895e+02 
8.131895e+02 
8.131895e+02 
8.131895e+02 
8.131895e+02 
8.131895e+02 
8.131895e+02 
8.131895e+02 
8.131895e+02 
8.131895e+02 
8.131895e+02 
8.131895e+02 
8.131895e+02 
8.131895e+02 
8.131895e+02 
8.131895e+02 
8.131895e+02 
8.131895e+02 
8.131895e+02 
8.131895e+02 
8.131895e+02 
8.131895e+02 
8.131895e+02 
8.131895e+02 
8.131895e+02 
8.131895e+02 
8.131895e+02 
8.131895e+02 
8.131895e+02 
8.131895e+02 
8.131895e+02 
8.131895e+02 
8.131895e+02 
8.131895e+02 
8.131895e+02 
8.131895e+02 
8.131895e+02 
8.131895e+02 
8.131895e+02 
8.131895e+02 
8.131895e+02 
8.131895e+02 
8.131895e+02 
8.131895e+02 
8.131895e+02 
8.131895e+02 
8.131895e+02 
8.131895e+02 
8.131895e+02 
8.131895e+02 
8.131895e+02 
8.131895e+02 
8.131895e+02 
8.131895e+02 
8.131895e+02 
8.131895e+02 
8.131895e+02 
8.131895e+02 
8.131895e+02 
8.131895e+02 
8.131895e+02 
8.131895e+02 
8.131895e+02 
8.131895e+02 
8.131895e+02 
8.131895e+02 
8.131895e+02 
8.131895e+02 
8.131895e+02 
8.131895e+02 
8.131895e+02 
8.131895e+02 
8.131895e+02 
8.131895e+02 
8.131895e+02 
8.131895e+02 
8.131895e+02 
8.131895e+02 
8.131895e+02 
8.131895e+02 
8.131895e+02 
8.131895e+02 
8.131895e+02 
8.131895e+02 
8.131895e+02 
8.131895e+02 
8.131895e+02 
8.131895e+02 
8.131895e+02 
8.131895e+02 
8.131895e+02 
8.085704e+02 
8.085704e+02 
8.085704e+02 
8.085704e+02 
8.085704e+02 
8.085704e+02 
8.085704e+02 
8.085704e+02 
8.068221e+02 
8.068221e+02 
8.068221e+02 
8.068221e+02 
8.068221e+02 
8.068221e+02 
8.068221e+02 
8.068221e+02 
8.068221e+02 
8.068221e+02 
8.068221e+02 
8.068221e+02 
8.068221e+02 
8.068221e+02 
8.068221e+02 
8.068221e+02 
8.068221e+02 
8.068221e+02 
8.068221e+02 
8.068221e+02 
8.068221e+02 
8.068221e+02 
8.068221e+02 
8.068221e+02 
8.068221e+02 
8.068221e+02 
8.068221e+02 
8.068221e+02 
8.068221e+02 
8.068221e+02 
8.068221e+02 
8.068221e+02 
8.068221e+02 
8.068221e+02 
8.068221e+02 
8.068221e+02 
8.068221e+02 
8.068221e+02 
8.058249e+02 
8.058249e+02 
8.058249e+02 
8.058249e+02 
8.058249e+02 
8.058249e+02 
8.058249e+02 
8.058249e+02 
8.058249e+02 
8.058249e+02 
8.058249e+02 
8.058249e+02 
8.058249e+02 
8.058249e+02 
8.058249e+02 
8.058249e+02 
8.058249e+02 
8.058249e+02 
8.058249e+02 
8.058249e+02 
8.058249e+02 
8.058249e+02 
8.058249e+02 
8.058249e+02 
8.058249e+02 
8.058249e+02 
8.058249e+02 
8.058249e+02 
8.058249e+02 
8.058249e+02 
8.058249e+02 
8.058249e+02 
8.058249e+02 
8.058249e+02 
8.058249e+02 
8.058249e+02 
8.055661e+02 
8.055661e+02 
8.055661e+02 
8.055661e+02 
8.055661e+02 
8.055661e+02 
8.055661e+02 
8.055661e+02 
8.055661e+02 
8.055661e+02 
8.055661e+02 
8.055661e+02 
8.055661e+02 
8.055661e+02 
8.055661e+02 
8.055661e+02 
8.055661e+02 
8.055661e+02 
8.055661e+02 
8.055661e+02 
8.055661e+02 
8.055661e+02 
8.055661e+02 
8.055661e+02 
8.048079e+02 
8.048079e+02 
8.048079e+02 
8.048079e+02 
8.048079e+02 
8.048079e+02 
8.048079e+02 
8.048079e+02 
8.048079e+02 
8.048079e+02 
8.048079e+02 
8.048079e+02 
8.048079e+02 
8.048079e+02 
8.048079e+02 
8.048079e+02 
8.048079e+02 
8.048079e+02 
8.048079e+02 
8.048079e+02 
8.048079e+02 
8.048079e+02 
8.048079e+02 
8.048079e+02 
8.045926e+02 
8.045926e+02 
8.045926e+02 
8.045926e+02 
8.045926e+02 
8.045926e+02 
8.045926e+02 
8.045926e+02 
8.045926e+02 
8.045926e+02 
8.045926e+02 
8.045926e+02 
8.045926e+02 
8.045926e+02 
8.045926e+02 
8.039559e+02 
8.039559e+02 
8.039559e+02 
8.039559e+02 
8.039559e+02 
8.039559e+02 
8.039559e+02 
8.039559e+02 
8.039559e+02 
8.039559e+02 
8.039559e+02 
8.039559e+02 
8.039559e+02 
8.039559e+02 
8.039559e+02 
8.039559e+02 
8.039559e+02 
8.039559e+02 
8.039559e+02 
8.039559e+02 
8.039559e+02 
8.039559e+02 
8.039559e+02 
8.039559e+02 
8.039559e+02 
8.039559e+02 
8.039559e+02 
8.039559e+02 
8.039559e+02 
8.039559e+02 
8.039559e+02 
8.039559e+02 
8.039559e+02 
8.039559e+02 
8.039559e+02 
8.039559e+02 
8.039559e+02 
8.039559e+02 
8.039559e+02 
8.039559e+02 
8.039559e+02 
8.039559e+02 
8.039559e+02 
8.039559e+02 
8.039559e+02 
8.039559e+02 
8.039559e+02 
8.039559e+02 
8.039559e+02 
8.039559e+02 
8.039559e+02 
8.039559e+02 
8.039559e+02 
8.039559e+02 
8.039559e+02 
8.039559e+02 
8.039559e+02 
8.039559e+02 
8.039559e+02 
8.039559e+02 
8.039559e+02 
8.039559e+02 
8.039559e+02 
8.039559e+02 
8.039559e+02 
8.039559e+02 
8.039559e+02 
8.039559e+02 
8.039507e+02 
8.039507e+02 
8.039507e+02 
8.039507e+02 
8.039507e+02 
8.039507e+02 
8.039507e+02 
8.039507e+02 
8.039507e+02 
8.039507e+02 
8.039507e+02 
8.039507e+02 
8.039507e+02 
8.039507e+02 
8.039507e+02 
8.039507e+02 
8.039507e+02 
8.039507e+02 
8.039004e+02 
8.039004e+02 
8.039004e+02 
8.038926e+02 
8.038926e+02 
8.038761e+02 
8.038754e+02 
8.038754e+02 
8.038754e+02 
8.038725e+02 
8.038708e+02 
8.038708e+02 
8.038708e+02 
8.038708e+02 
8.038708e+02 
8.038672e+02 
8.038646e+02 
8.038631e+02 
8.038621e+02 
8.038615e+02 
8.038611e+02 
8.038608e+02 
8.038607e+02 
8.038606e+02 
8.038605e+02 
8.038605e+02 
8.038604e+02 
8.038604e+02 
8.038604e+02 
8.038604e+02 
8.038604e+02 
8.038604e+02 
8.038604e+02 
8.038604e+02 
8.038604e+02 
8.038604e+02 
8.038604e+02 
8.038604e+02 
8.038604e+02 
8.038604e+02 
8.038604e+02 
8.038604e+02 
8.038604e+02 
8.038604e+02 
8.038604e+02 
8.038604e+02 
8.038604e+02 
8.038604e+02 
8.038604e+02 
8.038604e+02 
8.038604e+02 
8.038604e+02 
8.038604e+02 
8.038604e+02 
8.038604e+02 
8.038604e+02 
8.038604e+02 
8.038604e+02 
8.038604e+02 
8.038604e+02 
8.038604e+02 
8.038604e+02 
8.038604e+02 
8.038604e+02 
8.038604e+02 
8.038604e+02 
8.038604e+02 
8.038604e+02 
8.038604e+02 
8.038604e+02 
8.038604e+02 
8.038604e+02 
8.038604e+02 
8.038604e+02 
8.038604e+02 
8.038604e+02 
8.038604e+02 
8.038604e+02 
8.038604e+02 
8.038604e+02 
8.038604e+02 
8.038604e+02 
8.038604e+02 
8.038604e+02 
8.038604e+02 
8.038604e+02 
8.038604e+02 
8.038604e+02 
8.038604e+02 
8.038604e+02 
8.038604e+02 
8.038604e+02 
8.038604e+02 
8.038604e+02 
8.038604e+02 
8.038604e+02 
8.038604e+02 
8.038604e+02 
8.038604e+02 
8.038604e+02 
8.038604e+02 
8.038604e+02 
8.038604e+02 
8.038495e+02 
8.037978e+02 
8.037624e+02 
8.037427e+02 
8.037322e+02 
8.037269e+02 
8.037246e+02 
8.037238e+02 
8.037238e+02 
8.037238e+02 
8.037197e+02 
8.037168e+02 
8.037147e+02 
8.037133e+02 
8.037123e+02 
8.037116e+02 
8.037111e+02 
8.037107e+02 
8.037104e+02 
8.037102e+02 
8.037100e+02 
8.037099e+02 
8.037098e+02 
8.037097e+02 
8.037097e+02 
8.037096e+02 
8.037096e+02 
8.037096e+02 
8.037096e+02 
8.037096e+02 
8.037095e+02 
8.036896e+02 
8.036896e+02 
8.036896e+02 
8.036719e+02 
8.036641e+02 
8.036619e+02 
8.036619e+02 
8.036585e+02 
8.036585e+02 
8.036585e+02 
8.036577e+02 
8.036577e+02 
8.036571e+02 
8.036571e+02 
8.036571e+02 
8.036571e+02 
8.036571e+02 
8.036571e+02 
8.036571e+02 
8.036526e+02 
8.036526e+02 
8.036526e+02 
8.036526e+02 
8.036526e+02 
8.036526e+02 
8.036526e+02 
8.036526e+02 
8.036526e+02 
8.036526e+02 
8.036526e+02 
8.036526e+02 
8.036526e+02 
8.036526e+02 
8.036526e+02 
8.036526e+02 
8.036501e+02 
8.036501e+02 
8.036501e+02 
8.036501e+02 
8.036501e+02 
8.036501e+02 
8.036501e+02 
8.036501e+02 
8.036501e+02 
8.036501e+02 
8.036501e+02 
8.036501e+02 
8.036501e+02 
8.036501e+02 
8.036501e+02 
8.036501e+02 
8.036501e+02 
8.036501e+02 
8.036501e+02 
8.036501e+02 
8.036501e+02 
8.036501e+02 
8.036501e+02 
8.036501e+02 
8.036501e+02 
8.036501e+02 
8.036501e+02 
8.036501e+02 
8.036501e+02 
8.036501e+02 
8.036501e+02 
8.036501e+02 
8.036501e+02 
8.036501e+02 
8.036501e+02 
8.036501e+02 
8.036501e+02 
8.036501e+02 
8.036501e+02 
8.036501e+02 
8.036501e+02 
8.036501e+02 
8.036501e+02 
8.036501e+02 
8.036501e+02 
8.036501e+02 
8.036498e+02 
8.036498e+02 
8.036498e+02 
8.036498e+02 
8.036498e+02 
8.036498e+02 
8.036498e+02 
8.036498e+02 
8.036498e+02 
8.036498e+02 
8.036498e+02 
8.036498e+02 
8.036498e+02 
8.036498e+02 
8.036498e+02 
8.036498e+02 
8.036498e+02 
8.036498e+02 
8.036498e+02 
8.036497e+02 
8.036497e+02 
8.036497e+02 
8.036497e+02 
8.036497e+02 
8.036497e+02 
8.036497e+02 
8.036497e+02 
8.036497e+02 
8.036497e+02 
8.036497e+02 
8.036497e+02 
8.036497e+02 
8.036497e+02 
8.036497e+02 
8.036497e+02 
8.036497e+02 
8.036497e+02 
8.036497e+02 
8.036497e+02 
8.036497e+02 
8.036497e+02 
8.036497e+02 
8.036497e+02 
8.036497e+02 
8.036496e+02 
8.036496e+02 
8.036496e+02 
8.036496e+02 
8.036496e+02 
8.036496e+02 
8.036496e+02 
8.036496e+02 
8.036496e+02 
8.036496e+02 
8.036496e+02 
8.036496e+02 
8.036496e+02 
8.036496e+02 
8.036496e+02 
8.036496e+02 
8.036496e+02 
8.036496e+02 
8.036496e+02 
8.036496e+02 
8.036496e+02 
8.036389e+02 
8.036389e+02 
8.036389e+02 
8.036323e+02 
8.036323e+02 
8.036323e+02 
8.036323e+02 
8.036314e+02 
8.036314e+02 
8.036314e+02 
8.036314e+02 
8.036314e+02 
8.036314e+02 
8.036314e+02 
8.036314e+02 
8.036314e+02 
8.036314e+02 
8.036299e+02 
8.036299e+02 
8.036299e+02 
8.036299e+02 
8.036299e+02 
8.036299e+02 
8.036299e+02 
8.036299e+02 
8.036299e+02 
8.036171e+02 
8.035954e+02 
8.035954e+02 
8.035954e+02 
8.035116e+02 
8.035116e+02 
8.035116e+02 
8.035116e+02 
8.035116e+02 
8.035116e+02 
8.035116e+02 
8.035116e+02 
8.035116e+02 
8.035116e+02 
8.035116e+02 
8.035096e+02 
8.035002e+02 
8.035002e+02 
8.035002e+02 
8.034847e+02 
8.034847e+02 
8.034847e+02 
8.034847e+02 
8.034847e+02 
8.034760e+02 
8.034760e+02 
8.034760e+02 
8.034751e+02 
8.034751e+02 
8.034751e+02 
8.034751e+02 
8.034749e+02 
8.034749e+02 
8.034669e+02 
8.034669e+02 
8.034669e+02 
8.034669e+02 
8.034669e+02 
8.034669e+02 
8.034669e+02 
8.034669e+02 
8.034669e+02 
8.034669e+02 
8.034669e+02 
8.034669e+02 
8.034669e+02 
8.034669e+02 
8.034669e+02 
8.034669e+02 
8.034626e+02 
8.034626e+02 
8.034378e+02 
8.034378e+02 
8.034003e+02 
8.034003e+02 
8.034003e+02 
8.034003e+02 
8.034003e+02 
8.034003e+02 
8.034003e+02 
8.034003e+02 
8.034003e+02 
8.034003e+02 
8.034003e+02 
8.034003e+02 
8.034003e+02 
8.034003e+02 
8.033555e+02 
8.033555e+02 
8.033555e+02 
8.033555e+02 
8.033555e+02 
8.033555e+02 
8.033555e+02 
8.033555e+02 
8.033555e+02 
8.033555e+02 
8.033555e+02 
8.033555e+02 
8.033555e+02 
8.033555e+02 
8.033555e+02 
8.033555e+02 
8.033555e+02 
8.033555e+02 
8.033555e+02 
8.033555e+02 
8.033555e+02 
8.033555e+02 
8.033555e+02 
8.033555e+02 
8.033555e+02 
8.033555e+02 
8.033555e+02 
8.033555e+02 
8.033555e+02 
8.033555e+02 
8.033555e+02 
8.033555e+02 
8.033555e+02 
8.033555e+02 
8.033555e+02 
8.033555e+02 
8.033555e+02 
8.033555e+02 
8.033555e+02 
8.033555e+02 
8.033555e+02 
8.033555e+02 
8.033555e+02 
8.033555e+02 
8.033555e+02 
8.033555e+02 
8.033555e+02 
8.033555e+02 
8.033555e+02 
8.033555e+02 
8.033555e+02 
8.033555e+02 
8.033555e+02 
8.033555e+02 
8.033548e+02 
8.033548e+02 
8.033548e+02 
8.033548e+02 
8.033548e+02 
8.033548e+02 
8.033548e+02 
8.033548e+02 
8.033548e+02 
8.033548e+02 
8.033548e+02 
8.033548e+02 
8.033548e+02 
8.033548e+02 
8.033548e+02 
8.033548e+02 
8.033548e+02 
8.033548e+02 
8.033548e+02 
8.033548e+02 
8.033548e+02 
8.033548e+02 
8.033548e+02 
8.033548e+02 
8.033548e+02 
8.031105e+02 
8.031105e+02 
8.031105e+02 
8.031105e+02 
8.031105e+02 
8.031105e+02 
8.031105e+02 
8.031105e+02 
8.031105e+02 
8.031105e+02 
8.031105e+02 
8.031105e+02 
8.031105e+02 
8.031105e+02 
8.031105e+02 
8.031105e+02 
8.031105e+02 
8.031105e+02 
8.031105e+02 
8.031105e+02 
8.031105e+02 
8.031105e+02 
8.031105e+02 
8.031105e+02 
8.031105e+02 
8.031105e+02 
8.030714e+02 
8.030714e+02 
8.030714e+02 
8.030714e+02 
8.030659e+02 
8.030659e+02 
8.030659e+02 
8.030659e+02 
8.030659e+02 
8.030659e+02 
8.030659e+02 
8.030659e+02 
8.030659e+02 
8.030659e+02 
8.030659e+02 
8.030659e+02 
8.030659e+02 
8.030659e+02 
8.030659e+02 
8.030659e+02 
8.030659e+02 
8.030659e+02 
8.030659e+02 
8.030659e+02 
8.030659e+02 
8.030659e+02 
8.030659e+02 
8.030659e+02 
8.030659e+02 
8.030659e+02 
8.030659e+02 
8.030659e+02 
8.030659e+02 
8.030659e+02 
8.030659e+02 
8.030659e+02 
8.030659e+02 
8.030659e+02 
8.030659e+02 
8.030659e+02 
8.030659e+02 
8.030659e+02 
8.030659e+02 
8.030659e+02 
8.030659e+02 
8.030659e+02 
8.030659e+02 
8.030659e+02 
8.030659e+02 
8.030558e+02 
8.030558e+02 
8.030558e+02 
8.030558e+02 
8.030558e+02 
8.030558e+02 
8.030558e+02 
8.030558e+02 
8.030558e+02 
8.030558e+02 
8.030558e+02 
8.030558e+02 
8.030558e+02 
8.030558e+02 
8.030558e+02 
8.030558e+02 
8.030558e+02 
8.030558e+02 
8.030558e+02 
8.030558e+02 
8.030558e+02 
8.030558e+02 
8.030558e+02 
8.030558e+02 
8.030558e+02 
8.030558e+02 
8.030558e+02 
8.030558e+02 
8.030558e+02 
8.030558e+02 
8.030558e+02 
8.030558e+02 
8.030558e+02 
8.030558e+02 
8.030558e+02 
8.030558e+02 
8.030558e+02 
8.030558e+02 
8.030558e+02 
8.030558e+02 
8.030558e+02 
8.030558e+02 
8.030558e+02 
8.030558e+02 
8.030558e+02 
8.030558e+02 
8.030558e+02 
8.030558e+02 
8.030558e+02 
8.030558e+02 
8.030558e+02 
8.030558e+02 
8.030558e+02 
8.030558e+02 
8.030558e+02 
8.030558e+02 
8.030558e+02 
8.030558e+02 
8.030558e+02 
8.030558e+02 
8.030558e+02 
8.030558e+02 
8.030558e+02 
8.030558e+02 
8.030558e+02 
8.030558e+02 
8.030558e+02 
8.030558e+02 
8.030558e+02 
8.030558e+02 
8.030558e+02 
8.030558e+02 
8.030558e+02 
8.030558e+02 
8.030558e+02 
8.030558e+02 
8.030558e+02 
8.030558e+02 
8.030558e+02 
8.030558e+02 
8.030558e+02 
8.030558e+02 
8.030558e+02 
8.030558e+02 
8.030558e+02 
8.030558e+02 
8.030558e+02 
8.030558e+02 
8.030558e+02 
8.030558e+02 
8.030558e+02 
8.030558e+02 
8.030558e+02 
8.030558e+02 
8.030558e+02 
8.030558e+02 
8.030558e+02 
8.030558e+02 
8.030558e+02 
8.030558e+02 
8.030558e+02 
8.030558e+02 
8.030558e+02 
8.030558e+02 
8.030558e+02 
8.030558e+02 
8.030558e+02 
8.030558e+02 
8.030558e+02 
8.030558e+02 
8.030558e+02 
8.030558e+02 
8.030558e+02 
8.030558e+02 
8.030558e+02 
8.030558e+02 
8.030558e+02 
8.030558e+02 
8.030558e+02 
8.030558e+02 
8.030558e+02 
8.030558e+02 
8.030558e+02 
8.030558e+02 
8.030558e+02 
8.030554e+02 
8.030554e+02 
8.030554e+02 
8.030554e+02 
8.030554e+02 
8.030554e+02 
8.030554e+02 
8.030554e+02 
8.030554e+02 
8.030554e+02 
8.030554e+02 
8.030554e+02 
8.030554e+02 
8.030554e+02 
8.030554e+02 
8.030554e+02 
8.030554e+02 
8.030554e+02 
8.030554e+02 
8.030554e+02 
8.030554e+02 
8.030554e+02 
8.030554e+02 
8.030554e+02 
8.030554e+02 
8.030554e+02 
8.030554e+02 
8.030554e+02 
8.030554e+02 
8.030554e+02 
8.030554e+02 
8.030554e+02 
8.030554e+02 
8.030554e+02 
8.030554e+02 
8.030554e+02 
8.030554e+02 
8.030554e+02 
8.030554e+02 
8.030554e+02 
8.030554e+02 
8.030554e+02 
8.030554e+02 
8.030554e+02 
8.030554e+02 
8.030554e+02 
8.030554e+02 
8.030554e+02 
8.030554e+02 
8.030554e+02 
8.030554e+02 
8.030554e+02 
8.030554e+02 
8.030554e+02 
8.030554e+02 
8.030554e+02 
8.030554e+02 
8.030554e+02 
8.030353e+02 
8.030353e+02 
8.021727e+02 
8.021727e+02 
8.021727e+02 
8.021727e+02 
8.021727e+02 
8.021727e+02 
8.021727e+02 
8.021727e+02 
8.021727e+02 
8.021727e+02 
8.021727e+02 
8.021727e+02 
8.021727e+02 
8.021727e+02 
8.021727e+02 
8.021727e+02 
8.021727e+02 
8.021727e+02 
8.021727e+02 
8.021727e+02 
8.021727e+02 
8.021727e+02 
8.021727e+02 
8.021727e+02 
8.021727e+02 
8.021727e+02 
8.021727e+02 
8.021727e+02 
8.020758e+02 
8.020758e+02 
8.020758e+02 
8.020487e+02 
8.020487e+02 
8.020487e+02 
8.020487e+02 
8.020487e+02 
8.020487e+02 
8.020487e+02 
8.020487e+02 
8.020487e+02 
8.020487e+02 
8.020487e+02 
8.020487e+02 
8.020487e+02 
8.020487e+02 
8.020487e+02 
8.020487e+02 
8.020487e+02 
8.020487e+02 
8.020487e+02 
8.020487e+02 
8.020487e+02 
8.020487e+02 
8.020487e+02 
8.020487e+02 
8.020487e+02 
8.020487e+02 
8.020487e+02 
8.020487e+02 
8.020487e+02 
8.020487e+02 
8.020487e+02 
8.020487e+02 
8.020487e+02 
8.020487e+02 
8.020487e+02 
8.020487e+02 
8.020487e+02 
8.020307e+02 
8.020307e+02 
8.020157e+02 
8.020157e+02 
8.020157e+02 
8.020157e+02 
8.020157e+02 
8.020157e+02 
8.020157e+02 
8.020157e+02 
8.020157e+02 
8.020157e+02 
8.020157e+02 
8.020157e+02 
8.020127e+02 
8.020127e+02 
8.020127e+02 
8.020127e+02 
8.020127e+02 
8.020127e+02 
8.020127e+02 
8.020127e+02 
8.020127e+02 
8.020127e+02 
8.020127e+02 
8.020127e+02 
8.020127e+02 
8.020127e+02 
8.020102e+02 
8.020102e+02 
8.020102e+02 
8.020102e+02 
8.020098e+02 
8.020098e+02 
8.020098e+02 
8.020098e+02 
8.020098e+02 
8.020098e+02 
8.020098e+02 
8.020098e+02 
8.020098e+02 
8.020098e+02 
8.020098e+02 
8.020098e+02 
8.020098e+02 
8.020098e+02 
8.020098e+02 
8.020095e+02 
8.020095e+02 
8.020095e+02 
8.020095e+02 
8.020095e+02 
8.020095e+02 
8.020095e+02 
8.020094e+02 
8.020092e+02 
8.020092e+02 
8.020091e+02 
8.020091e+02 
8.020091e+02 
8.020091e+02 
8.020091e+02 
8.020090e+02 
8.020090e+02 
8.020090e+02 
8.020090e+02 
8.020090e+02 
8.020090e+02 
8.020090e+02 
8.020090e+02 
8.020090e+02 
8.020090e+02 
8.020090e+02 
8.020090e+02 
8.020090e+02 
8.020090e+02 
8.020090e+02 
8.020090e+02 
8.020090e+02 
8.020090e+02 
8.020090e+02 
8.020090e+02 
8.020090e+02 
8.020090e+02 
8.020090e+02 
8.020090e+02 
8.020090e+02 
8.020090e+02 
8.020090e+02 
8.020090e+02 
8.020090e+02 
8.020090e+02 
8.020090e+02 
8.020090e+02 
8.020090e+02 
8.020090e+02 
8.020090e+02 
8.020090e+02 
8.020090e+02 
8.020090e+02 
8.020090e+02 
8.020090e+02 
8.020090e+02 
8.020090e+02 
8.020090e+02 
8.020090e+02 
8.020090e+02 
8.020064e+02 
8.020064e+02 
8.020064e+02 
8.020064e+02 
8.020064e+02 
8.020012e+02 
8.020012e+02 
8.020012e+02 
8.020003e+02 
8.020003e+02 
8.019984e+02 
8.019984e+02 
8.019984e+02 
8.019984e+02 
8.019984e+02 
8.019963e+02 
8.019963e+02 
8.019963e+02 
8.019963e+02 
8.019963e+02 
8.019963e+02 
8.019963e+02 
8.019963e+02 
8.019963e+02 
8.019963e+02 
8.019963e+02 
8.019963e+02 
8.019963e+02 
8.019963e+02 
8.019963e+02 
8.019963e+02 
8.019951e+02 
8.019951e+02 
8.019951e+02 
8.019943e+02 
8.019943e+02 
8.019943e+02 
8.019934e+02 
8.019934e+02 
8.019934e+02 
8.019934e+02 
8.019934e+02 
8.019934e+02 
8.019934e+02 
8.019934e+02 
8.019934e+02 
8.019934e+02 
8.019934e+02 
8.019934e+02 
8.019934e+02 
8.019922e+02 
8.019922e+02 
8.019922e+02 
8.019922e+02 
8.019922e+02 
8.019922e+02 
8.019922e+02 
8.019922e+02 
8.019920e+02 
8.019920e+02 
8.019920e+02 
8.019920e+02 
8.019920e+02 
8.019920e+02 
8.019920e+02 
8.019920e+02 
8.019920e+02 
8.019920e+02 
8.019920e+02 
8.019920e+02 
8.019920e+02 
8.019920e+02 
8.019918e+02 
8.019918e+02 
8.019916e+02 
8.019915e+02 
8.019915e+02 
8.019915e+02 
8.019915e+02 
8.019915e+02 
8.019915e+02 
8.019915e+02 
8.019915e+02 
8.019914e+02 
8.019914e+02 
8.019914e+02 
8.019914e+02 
8.019914e+02 
8.019914e+02 
8.019914e+02 
8.019914e+02 
8.019914e+02 
8.019914e+02 
8.019914e+02 
8.019914e+02 
8.019914e+02 
8.019914e+02 
8.019914e+02 
8.019914e+02 
8.019914e+02 
8.019914e+02 
8.019914e+02 
8.019914e+02 
8.019914e+02 
8.019914e+02 
8.019914e+02 
8.019914e+02 
8.019914e+02 
8.019914e+02 
8.019914e+02 
8.019914e+02 
8.019914e+02 
8.019914e+02 
8.019914e+02 
8.019914e+02 
8.019914e+02 
8.019914e+02 
8.019914e+02 
8.019914e+02 
8.019914e+02 
8.019914e+02 
8.019914e+02 
8.019914e+02 
8.019914e+02 
8.019914e+02 
8.019914e+02 
8.019914e+02 
8.019914e+02 
8.019914e+02 
8.019914e+02 
8.019914e+02 
8.019914e+02 
8.019914e+02 
8.019914e+02 
8.019914e+02 
8.019914e+02 
8.019914e+02 
8.019914e+02 
8.019914e+02 
8.019914e+02 
8.019914e+02 
8.019914e+02 
8.019914e+02 
8.019914e+02 
8.019914e+02 
8.019914e+02 
8.019914e+02 
8.019914e+02 
8.019914e+02 
8.019914e+02 
8.019914e+02 
8.019914e+02 
8.019914e+02 
8.019914e+02 
8.019914e+02 
8.019914e+02 
8.019914e+02 
8.019914e+02 
8.019914e+02 
8.019914e+02 
8.019914e+02 
8.019914e+02 
8.019914e+02 
8.019914e+02 
8.019914e+02 
8.019914e+02 
8.019914e+02 
8.019914e+02 
8.019914e+02 
8.019914e+02 
8.019914e+02 
8.019914e+02 
8.019914e+02 
8.019914e+02 
8.019914e+02 
8.019914e+02 
8.019914e+02 
8.019914e+02 
8.019909e+02 
8.019909e+02 
8.019909e+02 
8.019909e+02 
8.019909e+02 
8.019909e+02 
8.019909e+02 
8.019909e+02 
8.019909e+02 
8.019909e+02 
8.019909e+02 
8.019909e+02 
8.019909e+02 
8.019909e+02 
8.019909e+02 
8.019909e+02 
8.019909e+02 
8.019909e+02 
8.019909e+02 
8.019909e+02 
8.019909e+02 
8.019909e+02 
8.019909e+02 
8.019909e+02 
8.019909e+02 
8.019909e+02 
8.019906e+02 
8.019906e+02 
8.019906e+02 
8.019906e+02 
8.019905e+02 
8.019905e+02 
8.019905e+02 
8.019905e+02 
8.019905e+02 
8.019905e+02 
8.019904e+02 
8.019904e+02 
8.019904e+02 
8.019904e+02 
8.019904e+02 
8.019904e+02 
8.019904e+02 
8.019904e+02 
8.019904e+02 
8.019904e+02 
8.019903e+02 
8.019903e+02 
8.019903e+02 
8.019903e+02 
8.019903e+02 
8.019903e+02 
8.019903e+02 
8.019903e+02 
8.019903e+02 
8.019903e+02 
8.019903e+02 
8.019903e+02 
8.019903e+02 
8.019903e+02 
8.019903e+02 
8.019903e+02 
8.019903e+02 
8.019903e+02 
8.019903e+02 
8.019903e+02 
8.019903e+02 
8.019903e+02 
8.019903e+02 
8.019903e+02 
8.019903e+02 
8.019903e+02 
8.019903e+02 
8.019903e+02 
8.019903e+02 
8.019903e+02 
8.019903e+02 
8.019903e+02 
8.019903e+02 
8.019903e+02 
8.019903e+02 
8.019903e+02 
8.019903e+02 
8.019903e+02 
8.019903e+02 
8.019903e+02 
8.019903e+02 
8.019903e+02 
8.019903e+02 
8.019903e+02 
8.019903e+02 
8.019902e+02 
8.019902e+02 
8.019902e+02 
8.019902e+02 
8.019902e+02 
8.019902e+02 
8.019902e+02 
8.019902e+02 
8.019902e+02 
8.019902e+02 
8.019902e+02 
8.019902e+02 
8.019902e+02 
8.019902e+02 
8.019902e+02 
8.019902e+02 
8.019902e+02 
8.019902e+02 
8.019902e+02 
8.019902e+02 
8.019902e+02 
8.019902e+02 
8.019902e+02 
8.019902e+02 
8.019902e+02 
8.019902e+02 
8.019902e+02 
8.019902e+02 
8.019902e+02 
8.019902e+02 
8.019902e+02 
8.019902e+02 
8.019902e+02 
8.019902e+02 
8.019902e+02 
8.019902e+02 
8.019902e+02 
8.019902e+02 
8.019902e+02 
8.019902e+02 
8.019902e+02 
8.019902e+02 
8.019902e+02 
8.019902e+02 
8.019902e+02 
8.019902e+02 
8.019902e+02 
8.019902e+02 
8.019902e+02 
8.019902e+02 
8.019902e+02 
8.019902e+02 
8.019902e+02 
8.019902e+02 
8.019902e+02 
8.019902e+02 
8.019902e+02 
8.019902e+02 
8.019902e+02 
8.019902e+02 
8.019902e+02 
8.019902e+02 
8.019902e+02 
8.019902e+02 
8.019902e+02 
8.019902e+02 
8.019902e+02 
8.019902e+02 
8.019902e+02 
8.019902e+02 
8.019902e+02 
8.019902e+02 
8.019902e+02 
8.019902e+02 
8.019902e+02 
8.019902e+02 
8.019902e+02 
8.019902e+02 
8.019902e+02 
8.019902e+02 
8.019902e+02 
8.019902e+02 
8.019902e+02 
8.019902e+02 
8.019902e+02 
8.019902e+02 
8.019902e+02 
8.019901e+02 
8.019901e+02 
8.019901e+02 
8.019901e+02 
8.019901e+02 
8.019901e+02 
8.019901e+02 
8.019901e+02 
8.019901e+02 
8.019901e+02 
8.019901e+02 
8.019901e+02 
8.015552e+02 
8.015552e+02 
8.012426e+02 
8.012426e+02 
8.012426e+02 
8.012426e+02 
8.012426e+02 
8.012426e+02 
8.012426e+02 
8.012426e+02 
8.012426e+02 
8.012426e+02 
8.012426e+02 
8.012426e+02 
8.012426e+02 
8.012426e+02 
8.012426e+02 
8.012426e+02 
8.012426e+02 
8.012426e+02 
8.012426e+02 
8.012426e+02 
8.012426e+02 
8.012426e+02 
8.012426e+02 
8.012426e+02 
8.012426e+02 
8.012426e+02 
8.012426e+02 
8.012426e+02 
8.012426e+02 
8.012426e+02 
8.012426e+02 
8.012426e+02 
8.012426e+02 
8.012161e+02 
8.012161e+02 
8.012161e+02 
8.012085e+02 
8.012085e+02 
8.011927e+02 
8.011927e+02 
8.011927e+02 
8.011927e+02 
8.011896e+02 
8.011896e+02 
8.011881e+02 
8.011881e+02 
8.011709e+02 
8.011709e+02 
8.011709e+02 
8.011709e+02 
8.011709e+02 
8.011673e+02 
8.011662e+02 
8.011662e+02 
8.011662e+02 
8.011603e+02 
8.011602e+02 
8.011602e+02 
8.011602e+02 
8.011602e+02 
8.011602e+02 
8.011602e+02 
8.011404e+02 
8.011401e+02 
8.010710e+02 
8.010710e+02 
8.010660e+02 
8.010660e+02 
8.010660e+02 
8.010660e+02 
8.010660e+02 
8.010660e+02 
8.010660e+02 
8.010596e+02 
8.010596e+02 
8.010596e+02 
8.010593e+02 
8.010593e+02 
8.010571e+02 
8.010571e+02 
8.010571e+02 
8.010571e+02 
8.010571e+02 
8.010571e+02 
8.010571e+02 
8.010571e+02 
8.010571e+02 
8.010427e+02 
8.010427e+02 
8.010427e+02 
8.010427e+02 
8.010390e+02 
8.010390e+02 
8.010287e+02 
8.010287e+02 
8.010287e+02 
8.010287e+02 
8.010287e+02 
8.010287e+02 
8.010287e+02 
8.010287e+02 
8.010287e+02 
8.010287e+02 
8.010287e+02 
8.010287e+02 
8.010287e+02 
8.010287e+02 
8.010287e+02 
8.010287e+02 
8.010287e+02 
8.010287e+02 
8.010287e+02 
8.010287e+02 
8.010287e+02 
8.010287e+02 
8.010287e+02 
8.010284e+02 
8.010284e+02 
8.010284e+02 
8.010284e+02 
8.010284e+02 
8.010284e+02 
8.010284e+02 
8.010258e+02 
8.010254e+02 
8.010254e+02 
8.010160e+02 
8.010160e+02 
8.010160e+02 
8.010160e+02 
8.010160e+02 
8.010160e+02 
8.010160e+02 
8.010160e+02 
8.010160e+02 
8.010121e+02 
8.010105e+02 
8.010105e+02 
8.010086e+02 
8.010084e+02 
8.010084e+02 
8.010082e+02 
8.010082e+02 
8.010082e+02 
8.010082e+02 
8.010080e+02 
8.010080e+02 
8.010080e+02 
8.010080e+02 
8.010080e+02 
8.010060e+02 
8.010060e+02 
8.010060e+02 
8.010060e+02 
8.010060e+02 
8.010060e+02 
8.010060e+02 
8.010060e+02 
8.010051e+02 
8.010051e+02 
8.010051e+02 
8.010051e+02 
8.010051e+02 
8.010050e+02 
8.010050e+02 
8.010050e+02 
8.010050e+02 
8.010050e+02 
8.010050e+02 
8.010050e+02 
8.010050e+02 
8.010049e+02 
8.010049e+02 
8.010049e+02 
8.010047e+02 
8.010047e+02 
8.010047e+02 
8.010047e+02 
8.010045e+02 
8.010045e+02 
8.010045e+02 
8.010045e+02 
8.010045e+02 
8.010045e+02 
8.010044e+02 
8.010044e+02 
8.010043e+02 
8.010043e+02 
8.010043e+02 
8.010043e+02 
8.010043e+02 
8.010033e+02 
8.010020e+02 
8.010008e+02 
8.010008e+02 
8.009987e+02 
8.009987e+02 
8.009987e+02 
8.009987e+02 
8.009987e+02 
8.007883e+02 
8.002764e+02 
8.002764e+02 
8.002764e+02 
8.002764e+02 
8.002764e+02 
8.002764e+02 
8.002764e+02 
8.002764e+02 
8.002764e+02 
8.002764e+02 
8.002764e+02 
8.002764e+02 
8.002764e+02 
8.002764e+02 
8.002764e+02 
8.002764e+02 
8.001904e+02 
8.001904e+02 
8.001904e+02 
8.001904e+02 
8.001904e+02 
8.001904e+02 
8.001904e+02 
8.001904e+02 
8.001904e+02 
8.001904e+02 
8.001904e+02 
8.001670e+02 
8.001564e+02 
8.001564e+02 
8.001564e+02 
8.001386e+02 
8.001386e+02 
8.001386e+02 
8.001386e+02 
8.001143e+02 
8.000883e+02 
8.000883e+02 
8.000883e+02 
8.000883e+02 
8.000883e+02 
8.000883e+02 
8.000883e+02 
8.000883e+02 
8.000738e+02 
8.000738e+02 
8.000682e+02 
8.000682e+02 
8.000682e+02 
8.000682e+02 
8.000682e+02 
8.000682e+02 
8.000682e+02 
8.000682e+02 
8.000682e+02 
8.000682e+02 
8.000682e+02 
8.000682e+02 
8.000682e+02 
8.000678e+02 
8.000678e+02 
8.000678e+02 
8.000623e+02 
8.000623e+02 
8.000472e+02 
8.000472e+02 
8.000472e+02 
8.000472e+02 
8.000472e+02 
8.000472e+02 
8.000472e+02 
8.000472e+02 
8.000472e+02 
8.000472e+02 
8.000422e+02 
8.000411e+02 
8.000411e+02 
8.000408e+02 
8.000408e+02 
8.000408e+02 
8.000408e+02 
8.000408e+02 
8.000408e+02 
8.000408e+02 
8.000408e+02 
8.000408e+02 
8.000406e+02 
8.000405e+02 
8.000405e+02 
8.000405e+02 
8.000405e+02 
8.000405e+02 
8.000179e+02 
8.000179e+02 
8.000179e+02 
8.000179e+02 
8.000179e+02 
8.000179e+02 
8.000179e+02 
8.000179e+02 
8.000133e+02 
8.000133e+02 
8.000133e+02 
8.000133e+02 
8.000131e+02 
8.000131e+02 
8.000131e+02 
8.000131e+02 
8.000128e+02 
8.000128e+02 
8.000128e+02 
8.000127e+02 
8.000127e+02 
8.000127e+02 
8.000127e+02 
8.000127e+02 
8.000127e+02 
8.000126e+02 
8.000126e+02 
8.000126e+02 
8.000126e+02 
8.000126e+02 
8.000073e+02 
8.000073e+02 
8.000073e+02 
8.000073e+02 
8.000045e+02 
8.000045e+02 
8.000045e+02 
8.000045e+02 
8.000045e+02 
8.000045e+02 
8.000045e+02 
8.000045e+02 
8.000045e+02 
8.000045e+02 
8.000045e+02 
8.000045e+02 
8.000045e+02 
8.000045e+02 
8.000045e+02 
8.000045e+02 
8.000045e+02 
8.000045e+02 
8.000045e+02 
8.000045e+02 
8.000045e+02 
8.000045e+02 
8.000045e+02 
8.000045e+02 
8.000045e+02 
8.000041e+02 
8.000041e+02 
8.000041e+02 
8.000041e+02 
8.000041e+02 
8.000041e+02 
8.000041e+02 
8.000041e+02 
8.000041e+02 
8.000041e+02 
8.000041e+02 
8.000041e+02 
8.000041e+02 
8.000041e+02 
8.000037e+02 
8.000037e+02 
8.000036e+02 
8.000036e+02 
8.000036e+02 
8.000036e+02 
8.000036e+02 
8.000036e+02 
8.000036e+02 
8.000036e+02 
8.000036e+02 
8.000036e+02 
8.000036e+02 
8.000036e+02 
8.000036e+02 
8.000036e+02 
8.000036e+02 
8.000036e+02 
8.000036e+02 
8.000035e+02 
8.000035e+02 
8.000035e+02 
8.000035e+02 
8.000035e+02 
8.000035e+02 
8.000035e+02 
8.000035e+02 
8.000035e+02 
8.000028e+02 
8.000028e+02 
8.000028e+02 
8.000012e+02 
8.000012e+02 
8.000012e+02 
8.000010e+02 
8.000010e+02 
8.000010e+02 
8.000010e+02 
8.000010e+02 
8.000010e+02 
8.000010e+02 
8.000010e+02 
8.000010e+02 
8.000010e+02 
8.000010e+02 
8.000010e+02 
8.000010e+02 
8.000010e+02 
8.000010e+02 
8.000010e+02 
8.000010e+02 
8.000010e+02 
8.000010e+02 
8.000010e+02 
8.000010e+02 
8.000009e+02 
8.000008e+02 
8.000008e+02 
8.000008e+02 
8.000008e+02 
8.000008e+02 
8.000008e+02 
8.000008e+02 
8.000008e+02 
8.000008e+02 
8.000008e+02 
8.000008e+02 
8.000008e+02 
8.000008e+02 
8.000008e+02 
8.000008e+02 
8.000008e+02 
8.000008e+02 
8.000008e+02 
8.000008e+02 
8.000007e+02 
8.000007e+02 
8.000007e+02 
8.000007e+02 
8.000007e+02 
8.000007e+02 
8.000007e+02 
8.000007e+02 
8.000007e+02 
8.000003e+02 
8.000003e+02 
8.000003e+02 
8.000003e+02 
8.000003e+02 
8.000003e+02 
8.000003e+02 
8.000003e+02 
8.000003e+02 
8.000003e+02 
8.000003e+02 
8.000003e+02 
8.000003e+02 
8.000003e+02 
8.000003e+02 
8.000003e+02 
8.000003e+02 
8.000003e+02 
8.000003e+02 
8.000003e+02 
8.000003e+02 
8.000003e+02 
8.000003e+02 
8.000003e+02 
8.000003e+02 
8.000003e+02 
8.000003e+02 
8.000003e+02 
8.000003e+02 
8.000003e+02 
8.000003e+02 
8.000003e+02 
8.000003e+02 
8.000003e+02 
8.000003e+02 
8.000003e+02 
8.000003e+02 
8.000003e+02 
8.000003e+02 
8.000003e+02 
8.000003e+02 
8.000003e+02 
8.000003e+02 
8.000003e+02 
8.000003e+02 
8.000002e+02 
8.000002e+02 
8.000002e+02 
8.000002e+02 
8.000002e+02 
8.000002e+02 
8.000002e+02 
8.000002e+02 
8.000002e+02 
8.000002e+02 
8.000002e+02 
8.000002e+02 
8.000002e+02 
8.000002e+02 
8.000002e+02 
8.000002e+02 
8.000002e+02 
8.000002e+02 
8.000002e+02 
8.000002e+02 
8.000002e+02 
8.000002e+02 
8.000002e+02 
8.000002e+02 
8.000002e+02 
8.000002e+02 
8.000002e+02 
8.000001e+02 
8.000001e+02 
8.000001e+02 
8.000001e+02 
8.000001e+02 
8.000001e+02 
8.000001e+02 
8.000001e+02 
8.000001e+02 
8.000001e+02 
8.000001e+02 
8.000001e+02 
8.000001e+02 
8.000000e+02 
8.000000e+02 
8.000000e+02 
8.000000e+02 
8.000000e+02 
8.000000e+02 
8.000000e+02 
8.000000e+02 
8.000000e+02 
8.000000e+02 
8.000000e+02 
8.000000e+02 
8.000000e+02 
8.000000e+02 
8.000000e+02 
8.000000e+02 
8.000000e+02 
8.000000e+02 
8.000000e+02 
8.000000e+02 
8.000000e+02 
8.000000e+02 
8.000000e+02 
8.000000e+02 
8.000000e+02 
8.000000e+02 
8.000000e+02 
8.000000e+02 
8.000000e+02 
8.000000e+02 
8.000000e+02 
8.000000e+02 
8.000000e+02 
8.000000e+02 
8.000000e+02 
8.000000e+02 
8.000000e+02 
8.000000e+02 
8.000000e+02 
8.000000e+02 
8.000000e+02 
8.000000e+02 
8.000000e+02 
8.000000e+02 
8.000000e+02 
8.000000e+02 
8.000000e+02 
8.000000e+02 
8.000000e+02 
8.000000e+02 
8.000000e+02 
8.000000e+02 
8.000000e+02 
8.000000e+02 
8.000000e+02 
8.000000e+02 
8.000000e+02 
8.000000e+02 
8.000000e+02 
8.000000e+02 
8.000000e+02 
8.000000e+02 
8.000000e+02 
8.000000e+02 
8.000000e+02 
8.000000e+02 
8.000000e+02 
8.000000e+02 
8.000000e+02 
8.000000e+02 
8.000000e+02 
8.000000e+02 
8.000000e+02 
8.000000e+02 
8.000000e+02 
8.000000e+02 
8.000000e+02 
8.000000e+02 
8.000000e+02 
8.000000e+02 
8.000000e+02 
8.000000e+02 
8.000000e+02 
8.000000e+02 
8.000000e+02 
8.000000e+02 
8.000000e+02 
8.000000e+02 
8.000000e+02 
8.000000e+02 
8.000000e+02 
8.000000e+02 
8.000000e+02 
8.000000e+02 
8.000000e+02 
8.000000e+02 
8.000000e+02 
8.000000e+02 
8.000000e+02 
8.000000e+02 
8.000000e+02 
8.000000e+02 
8.000000e+02 
8.000000e+02 
8.000000e+02 
8.000000e+02 
8.000000e+02 
8.000000e+02 
8.000000e+02 
8.000000e+02 
8.000000e+02 
8.000000e+02 
8.000000e+02 
8.000000e+02 
8.000000e+02 
8.000000e+02 
8.000000e+02 
8.000000e+02 
8.000000e+02 
8.000000e+02 
8.000000e+02 
8.000000e+02 
8.000000e+02 
8.000000e+02 
8.000000e+02 
8.000000e+02 
8.000000e+02 
8.000000e+02 
8.000000e+02 
8.000000e+02 
8.000000e+02 
8.000000e+02 
8.000000e+02 
8.000000e+02 
8.000000e+02 
8.000000e+02 
8.000000e+02 
8.000000e+02 
8.000000e+02 
8.000000e+02 
8.000000e+02 
8.000000e+02 
8.000000e+02 
8.000000e+02 
8.000000e+02 
8.000000e+02 
8.000000e+02 
8.000000e+02 
8.000000e+02 
8.000000e+02 
8.000000e+02 
8.000000e+02 
8.000000e+02 
8.000000e+02 
8.000000e+02 
8.000000e+02 
8.000000e+02 
8.000000e+02 
8.000000e+02 
8.000000e+02 
8.000000e+02 
8.000000e+02 
8.000000e+02 
8.000000e+02 
8.000000e+02 
8.000000e+02 
8.000000e+02 
8.000000e+02 
8.000000e+02 
8.000000e+02 
8.000000e+02 
8.000000e+02 
8.000000e+02 
8.000000e+02 
8.000000e+02 
8.000000e+02 
8.000000e+02 
8.000000e+02 
8.000000e+02 
8.000000e+02 
8.000000e+02 
8.000000e+02 
8.000000e+02 
8.000000e+02 
8.000000e+02 
8.000000e+02 
8.000000e+02 
8.000000e+02 
8.000000e+02 
8.000000e+02 
8.000000e+02 
8.000000e+02 
8.000000e+02 
8.000000e+02 
8.000000e+02 
8.000000e+02 
8.000000e+02 
8.000000e+02 
8.000000e+02 
8.000000e+02 
8.000000e+02 
8.000000e+02 
8.000000e+02 
8.000000e+02 
8.000000e+02 
8.000000e+02 
8.000000e+02 
8.000000e+02 
8.000000e+02 
8.000000e+02 
8.000000e+02 
8.000000e+02 
8.000000e+02 
8.000000e+02 
8.000000e+02 
8.000000e+02 
8.000000e+02 
8.000000e+02 
8.000000e+02 
8.000000e+02 
8.000000e+02 
8.000000e+02 
8.000000e+02 
8.000000e+02 
8.000000e+02 
8.000000e+02 
8.000000e+02 
8.000000e+02 
8.000000e+02 
8.000000e+02 
8.000000e+02 
8.000000e+02 
8.000000e+02 
8.000000e+02 
8.000000e+02 
8.000000e+02 
8.000000e+02 
8.000000e+02 
8.000000e+02 
8.000000e+02 
8.000000e+02 
8.000000e+02 
8.000000e+02 
8.000000e+02 
8.000000e+02 
8.000000e+02 
8.000000e+02 
8.000000e+02 
8.000000e+02 
8.000000e+02 
8.000000e+02 
8.000000e+02 
8.000000e+02 
8.000000e+02 
8.000000e+02 
8.000000e+02 
8.000000e+02 
8.000000e+02 
8.000000e+02 
8.000000e+02 
8.000000e+02 
8.000000e+02 
8.000000e+02 
8.000000e+02 
8.000000e+02 
8.000000e+02 
8.000000e+02 
8.000000e+02 
8.000000e+02 
8.000000e+02 
8.000000e+02 
8.000000e+02 
8.000000e+02 
8.000000e+02 
8.000000e+02 
8.000000e+02 
8.000000e+02 
8.000000e+02 
8.000000e+02 
8.000000e+02 
8.000000e+02 
8.000000e+02 
8.000000e+02 
8.000000e+02 
8.000000e+02 
8.000000e+02 
8.000000e+02 
8.000000e+02 
8.000000e+02 
8.000000e+02 
8.000000e+02 
8.000000e+02 
8.000000e+02 
8.000000e+02 
8.000000e+02 
8.000000e+02 
8.000000e+02 
8.000000e+02 
8.000000e+02 
8.000000e+02 
8.000000e+02 
8.000000e+02 
8.000000e+02 
8.000000e+02 
8.000000e+02 
8.000000e+02 
8.000000e+02 
8.000000e+02 
8.000000e+02 
8.000000e+02 
8.000000e+02 
8.000000e+02 
8.000000e+02 
8.000000e+02 
8.000000e+02 
8.000000e+02 
8.000000e+02 
8.000000e+02 
8.000000e+02 
8.000000e+02 
8.000000e+02 
8.000000e+02 
8.000000e+02 
8.000000e+02 
8.000000e+02 
8.000000e+02 
8.000000e+02 
8.000000e+02 
8.000000e+02 
8.000000e+02 
8.000000e+02 
8.000000e+02 
8.000000e+02 
8.000000e+02 
8.000000e+02 
8.000000e+02 
8.000000e+02 
8.000000e+02 
8.000000e+02 
8.000000e+02 
8.000000e+02 
8.000000e+02 
8.000000e+02 
8.000000e+02 
8.000000e+02 
8.000000e+02 
8.000000e+02 
8.000000e+02 
8.000000e+02 
8.000000e+02 
8.000000e+02 
8.000000e+02 
8.000000e+02 
8.000000e+02 
8.000000e+02 
8.000000e+02 
8.000000e+02 
8.000000e+02 
8.000000e+02 
8.000000e+02 
8.000000e+02 
8.000000e+02 
8.000000e+02 
8.000000e+02 
8.000000e+02 
8.000000e+02 
8.000000e+02 
8.000000e+02 
8.000000e+02 
8.000000e+02 
8.000000e+02 
8.000000e+02 
8.000000e+02 
8.000000e+02 
8.000000e+02 
8.000000e+02 
8.000000e+02 
8.000000e+02 
8.000000e+02 
8.000000e+02 
8.000000e+02 
8.000000e+02 
8.000000e+02 
8.000000e+02 
8.000000e+02 
8.000000e+02 
8.000000e+02 
8.000000e+02 
8.000000e+02 
8.000000e+02 
8.000000e+02 
8.000000e+02 
8.000000e+02 
8.000000e+02 
8.000000e+02 
8.000000e+02 
8.000000e+02 
8.000000e+02 
8.000000e+02 
8.000000e+02 
8.000000e+02 
8.000000e+02 
8.000000e+02 
8.000000e+02 
8.000000e+02 
8.000000e+02 
8.000000e+02 
8.000000e+02 
8.000000e+02 
8.000000e+02 
8.000000e+02 
8.000000e+02 
8.000000e+02 
8.000000e+02 
8.000000e+02 
8.000000e+02 
8.000000e+02 
8.000000e+02 
8.000000e+02 
8.000000e+02 
8.000000e+02 
8.000000e+02 
8.000000e+02 
8.000000e+02 
8.000000e+02 
8.000000e+02 
8.000000e+02 
8.000000e+02 
8.000000e+02 
8.000000e+02 
8.000000e+02 
8.000000e+02 
8.000000e+02 
8.000000e+02 
8.000000e+02 
8.000000e+02 
8.000000e+02 
8.000000e+02 
8.000000e+02 
8.000000e+02 
8.000000e+02 
8.000000e+02 
8.000000e+02 
8.000000e+02 
8.000000e+02 
8.000000e+02 
8.000000e+02 
8.000000e+02 
8.000000e+02 
8.000000e+02 
8.000000e+02 
8.000000e+02 
8.000000e+02 
8.000000e+02 
8.000000e+02 
8.000000e+02 
8.000000e+02 
8.000000e+02 
8.000000e+02 
8.000000e+02 
8.000000e+02 
8.000000e+02 
8.000000e+02 
8.000000e+02 
8.000000e+02 
8.000000e+02 
8.000000e+02 
8.000000e+02 
8.000000e+02 
8.000000e+02 
8.000000e+02 
8.000000e+02 
8.000000e+02 
8.000000e+02 
8.000000e+02 
8.000000e+02 
8.000000e+02 
8.000000e+02 
8.000000e+02 
8.000000e+02 
8.000000e+02 
8.000000e+02 
8.000000e+02 
8.000000e+02 
8.000000e+02 
8.000000e+02 
8.000000e+02 
8.000000e+02 
8.000000e+02 
8.000000e+02 
8.000000e+02 
8.000000e+02 
8.000000e+02 
8.000000e+02 
8.000000e+02 
8.000000e+02 
8.000000e+02 
8.000000e+02 
8.000000e+02 
8.000000e+02 
8.000000e+02 
8.000000e+02 
8.000000e+02 
8.000000e+02 
8.000000e+02 
8.000000e+02 
8.000000e+02 
8.000000e+02 
8.000000e+02 
8.000000e+02 
8.000000e+02 
8.000000e+02 
8.000000e+02 
8.000000e+02 
8.000000e+02 
8.000000e+02 
8.000000e+02 
8.000000e+02 
8.000000e+02 
8.000000e+02 
8.000000e+02 
8.000000e+02 
8.000000e+02 
8.000000e+02 
8.000000e+02 
8.000000e+02 
8.000000e+02 
8.000000e+02 
8.000000e+02 
8.000000e+02 
8.000000e+02 
8.000000e+02 
8.000000e+02 
8.000000e+02 
8.000000e+02 
8.000000e+02 
8.000000e+02 
8.000000e+02 
8.000000e+02 
8.000000e+02 
8.000000e+02 
8.000000e+02 
8.000000e+02 
8.000000e+02 
8.000000e+02 
8.000000e+02 
8.000000e+02 
8.000000e+02 
8.000000e+02 
8.000000e+02 
8.000000e+02 
8.000000e+02 
8.000000e+02 
8.000000e+02 
8.000000e+02 
8.000000e+02 
8.000000e+02 
8.000000e+02 
8.000000e+02 
8.000000e+02 
8.000000e+02 
8.000000e+02 
8.000000e+02 
8.000000e+02 
8.000000e+02 
8.000000e+02 
8.000000e+02 
8.000000e+02 
8.000000e+02 
8.000000e+02 
8.000000e+02 
8.000000e+02 
8.000000e+02 
8.000000e+02 
8.000000e+02 
8.000000e+02 
8.000000e+02 
8.000000e+02 
8.000000e+02 
8.000000e+02 
8.000000e+02 
8.000000e+02 
8.000000e+02 
8.000000e+02 
8.000000e+02 
8.000000e+02 
8.000000e+02 
8.000000e+02 
8.000000e+02 
8.000000e+02 
8.000000e+02 
8.000000e+02 
8.000000e+02 
8.000000e+02 
8.000000e+02 
8.000000e+02 
8.000000e+02 
8.000000e+02 
8.000000e+02 
8.000000e+02 
8.000000e+02 
8.000000e+02 
8.000000e+02 
8.000000e+02 
8.000000e+02 
8.000000e+02 
8.000000e+02 
8.000000e+02 
8.000000e+02 
8.000000e+02 
8.000000e+02 
8.000000e+02 
8.000000e+02 
800 
800 
800 
800 
800 
800 
800 
800 
800 
800 
800 
800 
800 
800 
800 
800 
800 
800 
800 
800 
800 
800 
800 
800 
800 
800 
800 
800 
800 
800 
800 
800 
800 
800 
800 
800 
800 
800 
800 
800 
800 
800 
800 
800 
800 
800 
800 
800 
800 
800 
800 
800 
800 
800 
800 
800 
800 
800 
800 
800 
800 
800 
800 
800 
800 
800 
800 
800 
800 
800 
800 
800 
800 
800 
800 
800 
800 
800 
800 
800 
800 
800 
800 
800 
800 
800 
800 
800 
800 
800 
800 
800 
800 
800 
800 
800 
800 
800 
800 
800 
800 
800 
800 
800 
800 
800 
800 
800 
800 
800 
800 
800 
800 
800 
800 
800 
800 
800 
800 
800 
800 
800 
800 
800 
800 
800 
800 
800 
800 
800 
800 
800 
800 
800 
800 
800 
800 
800 
800 
800 
800 
800 
800 
800 
800 
800 
800 
800 
800 
800 
800 
800 
800 
800 
800 
800 
800 
800 
800 
800 
800 
800 
800 
800 
800 
800 
800 
800 
800 
800 
800 
800 
800 
800 
800 
800 
800 
800 
800 
800 
800 
800 
800 
800 
800 
800 
800 
800 
800 
800 
800 
800 
800 
800 
800 
800 
800 
800 
800 
800 
800 
800 
800 
800 
800 
800 
800 
800 
800 
800 
800 
800 
800 
800 
800 
800 
800 
800 
800 
800 
800 
800 
800 
800 
800 
800 
800 
800 
800 
800 
800 
800 
800 
800 
800 
800 
800 
800 
800 
800 
800 
800 
800 
800 
800 
800 
800 
800 
800 
800 
800 
800 
800 
800 
800 
800 
800 
800 
800 
800 
800 
800 
800 
800 
800 
800 
800 
800 
800 
800 
800 
800 
800 
800 
800 
800 
800 
800 
800 
800 
800 
800 
800 
800 
800 
800 
800 
800 
800 
800 
800 
800 
800 
800 
800 
800 
800 
800 
800 
800 
800 
800 
800 
800 
800 
800 
800 
800 
800 
800 
800 
800 
800 
800 
800 
800 
800 
800 
800 
800 
800 
800 
800 
800 
800 
800 
800 
800 
800 
800 
800 
800 
800 
800 
800 
800 
800 
800 
800 
800 
800 
800 
800 
800 
800 
800 
800 
800 
800 
800 
800 
800 
800 
800 
800 
800 
800 
800 
800 
800 
800 
800 
800 
800 
800 
800 
800 
800 
800 
800 
800 
800 
800 
800 
800 
800 
800 
800 
800 
800 
800 
800 
800 
800 
800 
800 
800 
800 
800 
800 
800 
800 
800 
800 
800 
800 
800 
800 
800 
800 
800 
800 
800 
800 
800 
800 
800 
800 
800 
800 
800 
800 
800 
800 
800 
800 
800 
800 
800 
800 
800 
800 
800 
800 
800 
800 
800 
800 
800 
800 
800 
800 
800 
800 
800 
800 
800 
800 
800 
800 
800 
800 
800 
800 
800 
800 
800 
800 
800 
800 
800 
800 
800 
800 
800 
800 
800 
800 
800 
800 
800 
800 
800 
800 
800 
800 
800 
800 
800 
800 
800 
800 
800 
800 
800 
800 
800 
800 
800 
800 
800 
800 
800 
800 
800 
800 
800 
800 
800 
800 
800 
800 
800 
800 
800 
800 
800 
800 
800 
800 
800 
800 
800 
800 
800 
800 
800 
800 
800 
800 
800 
800 
800 
800 
800 
800 
800 
800 
800 
800 
800 
800 
800 
800 
800 
800 
800 
800 
800 
800 
800 
800 
800 
800 
800 
800 
800 
800 
800 
800 
800 
800 
800 
800 
800 
800 
800 
800 
800 
800 
800 
800 
800 
800 
800 
800 
800 
800 
800 
800 
800 
800 
800 
800 
800 
800 
800 
800 
800 
800 
800 
800 
800 
800 
800 
800 
800 
800 
800 
800 
800 
800 
800 
800 
800 
800 
800 
800 
800 
800 
800 
800 
800 
800 
800 
800 
800 
800 
800 
800 
800 
800 
800 
800 
800 
800 
800 
800 
800 
800 
800 
800 
800 
800 
800 
800 
800 
800 
800 
800 
800 
800 
800 
800 
800 
800 
800 
800 
800 
800 
800 
800 
800 
800 
800 
800 
800 
800 
800 
800 
800 
800 
800 
800 
800 
800 
800 
800 
800 
800 
800 
800 
800 
800 
800 
800 
800 
800 
800 
800 
800 
800 
800 
800 
800 
800 
800 
800 
800 
800 
800 
800 
800 
800 
800 
800 
800 
800 
800 
800 
800 
800 
800 
800 
800 
800 
800 
800 
800 
800 
800 
800 
800 
800 
800 
800 
800 
800 
800 
800 
800 
800 
800 
800 
800 
800 
800 
800 
800 
800 
800 
800 
800 
800 
800 
800 
800 
800 
800 
800 
800 
800 
800 
800 
800 
800 
800 
800 
800 
800 
800 
800 
800 
800 
800 
800 
800 
800 
800 
800 
800 
800 
800 
800 
800 
800 
800 
800 
800 
800 
800 
800 
800 
800 
800 
800 
800 
800 
800 
800 
800 
800 
800 
800 
800 
800 
800 
800 
800 
800 
800 
800 
800 
800 
800 
800 
800 
800 
800 
800 
800 
800 
800 
800 
800 
800 
800 
800 
800 
800 
800 
800 
800 
800 
800 
800 
800 
800 
800 
800 
800 
800 
800 
800 
800 
800 
800 
800 
800 
800 
800 
800 
800 
800 
800 
800 
800 
800 
800 
800 
800 
800 
800 
800 
800 
800 
800 
800 
800 
800 
800 
800 
800 
800 
800 
800 
800 
800 
800 
800 
800 
800 
800 
800 
800 
800 
800 
800 
800 
800 
800 
800 
800 
800 
800 
800 
800 
800 
800 
800 
800 
800 
800 
800 
800 
800 
800 
800 
800 
800 
800 
800 
800 
800 
800 
800 
800 
800 
800 
800 
800 
800 
800 
800 
800 
800 
800 
800 
800 
800 
800 
800 
800 
800 
800 
800 
800 
800 
800 
800 
800 
800 
800 
800 
800 
800 
800 
800 
800 
800 
800 
800 
800 
800 
800 
800 
800 
800 
800 
800 
800 
800 
800 
800 
800 
800 
800 
800 
800 
800 
800 
800 
800 
800 
800 
800 
800 
800 
800 
800 
800 
800 
800 
800 
800 
800 
800 
800 
800 
800 
800 
800 
800 
800 
800 
800 
800 
800 
800 
800 
800 
800 
800 
800 
800 
800 
800 
800 
800 
800 
800 
800 
800 
800 
800 
800 
800 
800 
800 
800 
800 
800 
800 
800 
800 
800 
800 
800 
800 
800 
800 
800 
800 
800 
800 
800 
800 
800 
800 
800 
800 
800 
800 
800 
800 
800 
800 
800 
800 
800 
800 
800 
800 
800 
800 
800 
800 
800 
800 
800 
800 
800 
800 
800 
800 
800 
800 
800 
800 
800 
800 
800 
800 
800 
800 
800 
800 
800 
800 
800 
800 
800 
800 
800 
800 
800 
800 
800 
800 
800 
800 
800 
800 
800 
800 
800 
800 
800 
800 
800 
800 
800 
800 
800 
800 
800 
800 
800 
800 
800 
800 
800 
800 
800 
800 
800 
800 
800 
800 
800 
800 
800 
800 
800 
800 
800 
800 
800 
800 
800 
800 
800 
800 
800 
800 
800 
800 
800 
800 
800 
800 
800 
800 
800 
800 
800 
800 
800 
800 
800 
800 
800 
800 
800 
800 
800 
800 
800 
800 
800 
800 
800 
800 
800 
800 
800 
800 
800 
800 
800 
800 
800 
800 
800 
800 
800 
800 
800 
800 
800 
800 
800 
800 
800 
800 
800 
800 
800 
800 
800 
800 
800 
800 
800 
800 
800 
800 
800 
800 
800 
800 
800 
800 
800 
800 
800 
800 
800 
800 
800 
800 
800 
800 
800 
800 
800 
800 
800 
800 
800 
800 
800 
800 
800 
800 
800 
800 
800 
800 
800 
800 
800 
800 
800 
800 
800 
800 
800 
800 
800 
800 
800 
800 
800 
800 
800 
800 
800 
800 
800 
800 
800 
800 
800 
800 
800 
800 
800 
800 
800 
800 
800 
800 
800 
800 
800 
800 
800 
800 
800 
800 
800 
800 
800 
800 
800 
800 
800 
800 
800 
800 
800 
800 
800 
800 
800 
800 
800 
800 
800 
800 
800 
800 
800 
800 
800 
800 
800 
800 
800 
800 
800 
800 
800 
800 
800 
800 
800 
800 
800 
800 
800 
800 
800 
800 
800 
800 
800 
800 
800 
800 
800 
800 
800 
800 
800 
800 
800 
800 
800 
800 
800 
800 
800 
800 
800 
800 
800 
800 
800 
800 
800 
800 
800 
800 
800 
800 
800 
800 
800 
800 
800 
800 
800 
800 
800 
800 
800 
800 
800 
800 
800 
800 
800 
800 
800 
800 
800 
800 
800 
800 
800 
800 
800 
800 
800 
800 
800 
800 
800 
800 
800 
800 
800 
800 
800 
800 
800 
800 
800 
800 
800 
800 
800 
800 
800 
800 
800 
800 
800 
800 
800 
800 
800 
800 
800 
800 
800 
800 
800 
800 
800 
800 
800 
800 
800 
800 
800 
800 
800 
800 
800 
800 
800 
800 
800 
800 
800 
800 
800 
800 
800 
800 
800 
800 
800 
800 
800 
800 
800 
800 
800 
800 
800 
800 
800 
800 
800 
800 
800 
800 
800 
800 
800 
800 
800 
800 
800 
800 
800 
800 
800 
800 
800 
800 
800 
800 
800 
800 
800 
800 
800 
800 
800 
800 
800 
800 
800 
800 
800 
800 
800 
800 
800 
800 
800 
800 
800 
800 
800 
800 
800 
800 
800 
800 
800 
800 
800 
800 
800 
800 
800 
800 
800 
800 
800 
800 
800 
800 
800 
800 
800 
800 
800 
800 
800 
800 
800 
800 
800 
800 
800 
800 
800 
800 
800 
800 
800 
800 
800 
800 
800 
800 
800 
800 
800 
800 
800 
800 
800 
800 
800 
800 
800 
800 
800 
800 
800 
800 
800 
800 
800 
800 
800 
800 
800 
800 
800 
800 
800 
800 
800 
800 
800 
800 
800 
800 
800 
800 
800 
800 
800 
800 
800 
800 
800 
800 
800 
800 
800 
800 
800 
800 
800 
800 
800 
800 
800 
800 
800 
800 
800 
800 
800 
800 
800 
800 
800 
800 
800 
800 
800 
800 
800 
800 
800 
800 
800 
800 
800 
800 
800 
800 
800 
800 
800 
800 
800 
800 
800 
800 
800 
800 
800 
800 
800 
800 
800 
800 
800 
800 
800 
800 
800 
800 
800 
800 
800 
800 
800 
800 
800 
800 
800 
800 
800 
800 
800 
800 
800 
800 
800 
800 
800 
800 
800 
800 
800 
800 
800 
800 
800 
800 
800 
800 
800 
800 
800 
800 
800 
800 
800 
800 
800 
800 
800 
800 
800 
800 
800 
800 
800 
800 
800 
800 
800 
800 
800 
800 
800 
800 
800 
800 
800 
800 
800 
800 
800 
800 
800 
800 
800 
800 
800 
800 
800 
800 
800 
800 
800 
800 
800 
800 
800 
800 
800 
800 
800 
800 
800 
800 
800 
800 
800 
800 
800 
800 
800 
800 
800 
800 
800 
800 
800 
800 
800 
800 
800 
800 
800 
800 
800 
800 
800 
800 
800 
800 
800 
800 
800 
800 
800 
800 
800 
800 
800 
800 
800 
800 
800 
800 
800 
800 
800 
800 
800 
800 
800 
800 
800 
800 
800 
800 
800 
800 
800 
800 
800 
800 
800 
800 
800 
800 
800 
800 
800 
800 
800 
800 
800 
800 
800 
800 
800 
800 
800 
800 
800 
800 
800 
800 
800 
800 
800 
800 
800 
800 
800 
800 
800 
800 
800 
800 
800 
800 
800 
800 
800 
800 
800 
800 
800 
800 
800 
800 
800 
800 
800 
800 
800 
800 
800 
800 
800 
800 
800 
800 
800 
800 
800 
800 
800 
800 
800 
800 
800 
800 
800 
800 
800 
800 
800 
800 
800 
800 
800 
800 
800 
800 
800 
800 
800 
800 
800 
800 
800 
800 
800 
800 
800 
800 
800 
800 
800 
800 
800 
800 
800 
800 
800 
800 
800 
800 
800 
800 
800 
800 
800 
800 
800 
800 
800 
800 
800 
800 
800 
800 
800 
800 
800 
800 
800 
800 
800 
800 
800 
800 
800 
800 
800 
800 
800 
800 
800 
800 
800 
800 
800 
800 
800 
800 
800 
800 
800 
800 
800 
800 
800 
800 
800 
800 
800 
800 
800 
800 
800 
800 
800 
800 
800 
800 
800 
800 
800 
800 
800 
800 
800 
800 
800 
800 
800 
800 
800 
800 
800 
800 
800 
800 
800 
800 
800 
800 
800 
800 
800 
800 
800 
800 
800 
800 
800 
800 
800 
800 
800 
800 
800 
800 
800 
800 
800 
800 
800 
800 
800 
800 
800 
800 
800 
800 
800 
800 
800 
800 
800 
800 
800 
800 
800 
800 
800 
800 
800 
800 
800 
800 
800 
800 
800 
800 
800 
800 
800 
800 
800 
800 
800 
800 
800 
800 
800 
800 
800 
800 
800 
800 
800 
800 
800 
800 
800 
800 
800 
800 
800 
800 
800 
800 
800 
800 
800 
800 
800 
800 
800 
800 
800 
800 
800 
800 
800 
800 
800 
800 
800 
800 
800 
800 
800 
800 
800 
800 
800 
800 
800 
800 
800 
800 
800 
800 
800 
800 
800 
800 
800 
800 
800 
800 
800 
800 
800 
800 
800 
800 
800 
800 
800 
800 
800 
800 
800 
800 
800 
800 
800 
800 
800 
800 
800 
800 
800 
800 
800 
800 
800 
800 
800 
800 
800 
800 
800 
800 
800 
800 
800 
800 
800 
800 
800 
800 
800 
800 
800 
800 
800 
800 
800 
800 
800 
800 
800 
800 
800 
800 
800 
800 
800 
800 
800 
800 
800 
800 
800 
800 
800 
800 
800 
800 
800 
800 
800 
800 
800 
800 
800 
800 
800 
800 
800 
800 
800 
800 
800 
800 
800 
800 
800 
800 
800 
800 
800 
800 
800 
800 
800 
800 
800 
800 
800 
800 
800 
800 
800 
800 
800 
800 
800 
800 
800 
800 
800 
800 
800 
800 
800 
800 
800 
800 
800 
800 
800 
800 
800 
800 
800 
800 
800 
800 
800 
800 
800 
800 
800 
800 
800 
800 
800 
800 
800 
800 
800 
800 
800 
800 
800 
800 
800 
800 
800 
800 
800 
800 
800 
800 
800 
800 
800 
800 
800 
800 
800 
800 
800 
800 
800 
800 
800 
800 
800 
800 
800 
800 
800 
800 
800 
800 
800 
800 
800 
800 
800 
800 
800 
800 
800 
800 
800 
800 
800 
800 
800 
800 
800 
800 
800 
800 
800 
800 
800 
800 
800 
800 
800 
800 
800 
800 
800 
800 
800 
800 
800 
800 
800 
800 
800 
800 
800 
800 
800 
800 
800 
800 
800 
800 
800 
800 
800 
800 
800 
800 
800 
800 
800 
800 
800 
800 
800 
800 
800 
800 
800 
800 
800 
800 
800 
800 
800 
800 
800 
800 
800 
800 
800 
800 
800 
800 
800 
800 
800 
800 
800 
800 
800 
800 
800 
800 
800 
800 
800 
800 
800 
800 
800 
800 
800 
800 
800 
800 
800 
800 
800 
800 
800 
800 
800 
800 
800 
800 
800 
800 
800 
800 
800 
800 
800 
800 
800 
800 
800 
800 
800 
800 
800 
800 
800 
800 
800 
800 
800 
800 
800 
800 
800 
800 
800 
800 
800 
800 
800 
800 
800 
800 
800 
800 
800 
800 
800 
800 
800 
800 
800 
800 
800 
800 
800 
800 
800 
800 
800 
800 
800 
800 
800 
800 
800 
800 
800 
800 
800 
800 
800 
800 
800 
800 
800 
800 
800 
800 
800 
800 
800 
800 
800 
800 
800 
800 
800 
800 
800 
800 
800 
800 
800 
800 
800 
800 
800 
800 
800 
800 
800 
800 
800 
800 
800 
800 
800 
800 
800 
800 
800 
800 
800 
800 
800 
800 
800 
800 
800 
800 
800 
800 
800 
800 
800 
800 
800 
800 
800 
800 
800 
800 
800 
800 
800 
800 
800 
800 
800 
800 
800 
800 
800 
800 
800 
800 
800 
800 
800 
800 
800 
800 
800 
800 
800 
800 
800 
800 
800 
800 
800 
800 
800 
800 
800 
800 
800 
800 
800 
800 
800 
800 
800 
800 
800 
800 
800 
800 
800 
800 
800 
800 
800 
800 
800 
800 
800 
800 
800 
800 
800 
800 
800 
800 
800 
800 
800 
800 
800 
800 
800 
800 
800 
800 
800 
800 
800 
800 
800 
800 
800 
800 
800 
800 
800 
800 
800 
800 
800 
800 
800 
800 
800 
800 
800 
800 
800 
800 
800 
800 
800 
800 
800 
800 
800 
800 
800 
800 
800 
800 
800 
800 
800 
800 
800 
800 
800 
800 
800 
800 
800 
800 
800 
800 
800 
800 
800 
800 
800 
800 
800 
800 
800 
800 
800 
800 
800 
800 
800 
800 
800 
800 
800 
800 
800 
800 
800 
800 
800 
800 
800 
800 
800 
800 
800 
800 
800 
800 
800 
800 
800 
800 
800 
800 
800 
800 
800 
800 
800 
800 
800 
800 
800 
800 
800 
800 
800 
800 
800 
800 
800 
800 
800 
800 
800 
800 
800 
800 
800 
800 
800 
800 
800 
800 
800 
800 
800 
800 
800 
800 
800 
800 
800 
800 
800 
800 
800 
800 
800 
800 
800 
800 
800 
800 
800 
800 
800 
800 
800 
800 
800 
800 
800 
800 
800 
800 
800 
800 
800 
800 
800 
800 
800 
800 
800 
800 
800 
800 
800 
800 
800 
800 
800 
800 
800 
800 
800 
800 
800 
800 
800 
800 
800 
800 
800 
800 
800 
800 
800 
800 
800 
800 
800 
800 
800 
800 
800 
800 
800 
800 
800 
800 
800 
800 
800 
800 
800 
800 
800 
800 
800 
800 
800 
800 
800 
800 
800 
800 
800 
800 
800 
800 
800 
800 
800 
800 
800 
800 
800 
800 
800 
800 
800 
800 
800 
800 
800 
800 
800 
800 
800 
800 
800 
800 
800 
800 
800 
800 
800 
800 
800 
800 
800 
800 
800 
800 
800 
800 
800 
800 
800 
800 
800 
800 
800 
800 
800 
800 
800 
800 
800 
800 
800 
800 
800 
800 
800 
800 
800 
800 
800 
800 
800 
800 
800 
800 
800 
800 
800 
800 
800 
800 
800 
800 
800 
800 
800 
800 
800 
800 
800 
800 
800 
800 
800 
800 
800 
800 
800 
800 
800 
800 
800 
800 
800 
800 
800 
800 
800 
800 
800 
800 
800 
800 
800 
800 
800 
800 
800 
800 
800 
800 
800 
800 
800 
800 
800 
800 
800 
800 
800 
800 
800 
800 
800 
800 
800 
800 
800 
800 
800 
800 
800 
800 
800 
800 
800 
800 
800 
800 
800 
800 
800 
800 
800 
800 
800 
800 
800 
800 
800 
800 
800 
800 
800 
800 
800 
800 
800 
800 
800 
800 
800 
800 
800 
800 
800 
800 
800 
800 
800 
800 
800 
800 
800 
800 
800 
800 
800 
800 
800 
800 
800 
800 
800 
800 
800 
800 
800 
800 
800 
800 
800 
800 
800 
800 
800 
800 
800 
800 
800 
800 
800 
800 
800 
800 
800 
800 
800 
800 
800 
800 
800 
800 
800 
800 
800 
800 
800 
800 
800 
800 
800 
800 
800 
800 
800 
800 
800 
800 
800 
800 
800 
800 
800 
800 
800 
800 
800 
800 
800 
800 
800 
800 
800 
800 
800 
800 
800 
800 
800 
800 
800 
800 
800 
800 
800 
800 
800 
800 
800 
800 
800 
800 
800 
800 
800 
800 
800 
800 
800 
800 
800 
800 
800 
800 
800 
800 
800 
800 
800 
800 
800 
800 
800 
800 
800 
800 
800 
800 
800 
800 
800 
800 
800 
800 
800 
800 
800 
800 
800 
800 
800 
800 
800 
800 
800 
800 
800 
800 
800 
800 
800 
800 
800 
800 
800 
800 
800 
800 
800 
800 
800 
800 
800 
800 
800 
800 
800 
800 
800 
800 
800 
800 
800 
800 
800 
800 
800 
800 
800 
800 
800 
800 
800 
800 
800 
800 
800 
800 
800 
800 
800 
800 
800 
800 
800 
800 
800 
800 
800 
800 
800 
800 
800 
800 
800 
800 
800 
800 
800 
800 
800 
800 
800 
800 
800 
800 
800 
800 
800 
800 
800 
800 
800 
800 
800 
800 
800 
800 
800 
800 
800 
800 
800 
800 
800 
800 
800 
800 
800 
800 
800 
800 
800 
800 
800 
800 
800 
800 
800 
800 
800 
800 
800 
800 
800 
800 
800 
800 
800 
800 
800 
800 
800 
800 
800 
800 
800 
800 
800 
800 
800 
800 
800 
800 
800 
800 
800 
800 
800 
800 
800 
800 
800 
800 
800 
800 
800 
800 
800 
800 
800 
800 
800 
800 
800 
800 
800 
800 
800 
800 
800 
800 
800 
800 
800 
800 
800 
800 
800 
800 
800 
800 
800 
800 
800 
800 
800 
800 
800 
800 
800 
800 
800 
800 
800 
800 
800 
800 
800 
800 
800 
800 
800 
800 
800 
800 
800 
800 
800 
800 
800 
800 
800 
800 
800 
800 
800 
800 
800 
800 
800 
800 
800 
800 
800 
800 
800 
800 
800 
800 
800 
800 
800 
800 
800 
800 
800 
800 
800 
800 
800 
800 
800 
800 
800 
800 
800 
800 
800 
800 
800 
800 
800 
800 
800 
800 
800 
800 
800 
800 
800 
800 
800 
800 
800 
800 
800 
800 
800 
800 
800 
800 
800 
800 
800 
800 
800 
800 
800 
800 
800 
800 
800 
800 
800 
800 
800 
800 
800 
800 
800 
800 
800 
800 
800 
800 
800 
800 
800 
800 
800 
800 
800 
800 
800 
800 
800 
800 
800 
800 
800 
800 
800 
800 
800 
800 
800 
800 
800 
800 
800 
800 
800 
800 
800 
800 
800 
800 
800 
800 
800 
800 
800 
800 
800 
800 
800 
800 
800 
800 
800 
800 
800 
800 
800 
800 
800 
800 
800 
800 
800 
800 
800 
800 
800 
800 
800 
800 
800 
800 
800 
800 
800 
800 
800 
800 
800 
800 
800 
800 
800 
800 
800 
800 
800 
800 
800 
800 
800 
800 
800 
800 
800 
800 
800 
800 
800 
800 
800 
800 
800 
800 
800 
800 
800 
800 
800 
800 
800 
800 
800 
800 
800 
800 
800 
800 
800 
800 
800 
800 
800 
800 
800 
800 
800 
800 
800 
800 
800 
800 
800 
800 
800 
800 
800 
800 
800 
800 
800 
800 
800 
800 
800 
800 
800 
800 
800 
800 
800 
800 
800 
800 
800 
800 
800 
800 
800 
800 
800 
800 
800 
800 
800 
800 
800 
800 
800 
800 
800 
800 
800 
800 
800 
800 
800 
800 
800 
800 
800 
800 
800 
800 
800 
800 
800 
800 
800 
800 
800 
800 
800 
800 
800 
800 
800 
800 
800 
800 
800 
800 
800 
800 
800 
800 
800 
800 
800 
800 
800 
800 
800 
800 
800 
800 
800 
800 
800 
800 
800 
800 
800 
800 
800 
800 
800 
800 
800 
800 
800 
800 
800 
800 
800 
800 
800 
800 
800 
800 
800 
800 
800 
800 
800 
800 
800 
800 
800 
800 
800 
800 
800 
800 
800 
800 
800 
800 
800 
800 
800 
800 
800 
800 
800 
800 
800 
800 
800 
800 
800 
800 
800 
800 
800 
800 
800 
800 
800 
800 
800 
800 
800 
800 
800 
800 
800 
800 
800 
800 
800 
800 
800 
800 
800 
800 
800 
800 
800 
800 
800 
800 
800 
800 
800 
800 
800 
800 
800 
800 
800 
800 
800 
800 
800 
800 
800 
800 
800 
800 
800 
800 
800 
800 
800 
800 
800 
800 
800 
800 
800 
800 
800 
800 
800 
800 
800 
800 
800 
800 
800 
800 
800 
800 
800 
800 
800 
800 
800 
800 
800 
800 
800 
800 
800 
800 
800 
800 
800 
800 
800 
800 
800 
800 
800 
800 
800 
800 
800 
800 
800 
800 
800 
800 
800 
800 
800 
800 
800 
800 
800 
800 
800 
800 
800 
800 
800 
800 
800 
800 
800 
800 
800 
800 
800 
800 
800 
800 
800 
800 
800 
800 
800 
800 
800 
800 
800 
800 
800 
800 
800 
800 
800 
800 
800 
800 
800 
800 
800 
800 
800 
800 
800 
800 
800 
800 
800 
800 
800 
800 
800 
800 
800 
800 
800 
800 
800 
800 
800 
800 
800 
800 
800 
800 
800 
800 
800 
800 
800 
800 
800 
800 
800 
800 
800 
800 
800 
800 
800 
800 
800 
800 
800 
800 
800 
800 
800 
800 
800 
800 
800 
800 
800 
800 
800 
800 
800 
800 
800 
800 
800 
800 
800 
800 
800 
800 
800 
800 
800 
800 
800 
800 
800 
800 
800 
800 
800 
800 
800 
800 
800 
800 
800 
800 
800 
800 
800 
800 
800 
800 
800 
800 
800 
800 
800 
800 
800 
800 
800 
800 
800 
800 
800 
800 
800 
800 
800 
800 
800 
800 
800 
800 
800 
800 
800 
800 
800 
800 
800 
800 
800 
800 
800 
800 
800 
800 
800 
800 
800 
800 
800 
800 
800 
800 
800 
800 
800 
800 
800 
800 
800 
800 
800 
800 
800 
800 
800 
800 
800 
800 
800 
800 
800 
800 
800 
800 
800 
800 
800 
800 
800 
800 
800 
800 
800 
800 
800 
800 
800 
800 
800 
800 
800 
800 
800 
800 
800 
800 
800 
800 
800 
800 
800 
800 
800 
800 
800 
800 
800 
800 
800 
800 
800 
800 
800 
800 
800 
800 
800 
800 
800 
800 
800 
800 
800 
800 
800 
800 
800 
800 
800 
800 
800 
800 
800 
800 
800 
800 
800 
800 
800 
800 
800 
800 
800 
800 
800 
800 
800 
800 
800 
800 
800 
800 
800 
800 
800 
800 
800 
800 
800 
800 
800 
800 
800 
800 
800 
800 
800 
800 
800 
800 
800 
800 
800 
800 
800 
800 
800 
800 
800 
800 
800 
800 
800 
800 
800 
800 
800 
800 
800 
800 
800 
800 
800 
800 
800 
800 
800 
800 
800 
800 
800 
800 
800 
800 
800 
800 
800 
800 
800 
800 
800 
800 
800 
800 
800 
800 
800 
800 
800 
800 
800 
800 
800 
800 
800 
800 
800 
800 
800 
800 
800 
800 
800 
800 
800 
800 
800 
800 
800 
800 
800 
800 
800 
800 
800 
800 
800 
800 
800 
800 
800 
800 
800 
800 
800 
800 
800 
800 
800 
800 
800 
800 
800 
800 
800 
800 
800 
800 
800 
800 
800 
800 
800 
800 
800 
800 
800 
800 
800 
800 
800 
800 
800 
800 
800 
800 
800 
800 
800 
800 
800 
800 
800 
800 
800 
800 
800 
800 
800 
800 
800 
800 
800 
800 
800 
800 
800 
800 
800 
800 
800 
800 
800 
800 
800 
800 
800 
800 
800 
800 
800 
800 
800 
800 
800 
800 
800 
800 
800 
800 
800 
800 
800 
800 
800 
800 
800 
800 
800 
800 
800 
800 
800 
800 
800 
800 
800 
800 
800 
800 
800 
800 
800 
800 
800 
800 
800 
800 
800 
800 
800 
800 
800 
800 
800 
800 
800 
800 
800 
800 
800 
800 
800 
800 
800 
800 
800 
800 
800 
800 
800 
800 
800 
800 
800 
800 
800 
800 
800 
800 
800 
800 
800 
800 
800 
800 
800 
800 
800 
800 
800 
800 
800 
800 
800 
800 
800 
800 
800 
800 
800 
800 
800 
800 
800 
800 
800 
800 
800 
800 
800 
800 
800 
800 
800 
800 
800 
800 
800 
800 
800 
800 
800 
800 
800 
800 
800 
800 
800 
800 
800 
800 
800 
800 
800 
800 
800 
800 
800 
800 
800 
800 
800 
800 
800 
800 
800 
800 
800 
800 
800 
800 
800 
800 
800 
800 
800 
800 
800 
800 
800 
800 
800 
800 
800 
800 
800 
800 
800 
800 
800 
800 
800 
800 
800 
800 
800 
800 
800 
800 
800 
800 
800 
800 
800 
800 
800 
800 
800 
800 
800 
800 
800 
800 
800 
800 
800 
800 
800 
800 
800 
800 
800 
800 
800 
800 
800 
800 
800 
800 
800 
800 
800 
800 
800 
800 
800 
800 
800 
800 
800 
800 
800 
800 
800 
800 
800 
800 
800 
800 
800 
800 
800 
800 
800 
800 
800 
800 
800 
800 
800 
800 
800 
800 
800 
800 
800 
800 
800 
800 
800 
800 
800 
800 
800 
800 
800 
800 
800 
800 
800 
800 
800 
800 
800 
800 
800 
800 
800 
800 
800 
800 
800 
800 
800 
800 
800 
800 
800 
800 
800 
800 
800 
800 
800 
800 
800 
800 
800 
800 
800 
800 
800 
800 
800 
800 
800 
800 
800 
800 
800 
800 
800 
800 
800 
800 
800 
800 
800 
800 
800 
800 
800 
800 
800 
800 
800 
800 
800 
800 
800 
800 
800 
800 
800 
800 
800 
800 
800 
800 
800 
800 
800 
800 
800 
800 
800 
800 
800 
800 
800 
800 
800 
800 
800 
800 
800 
800 
800 
800 
800 
800 
800 
800 
800 
800 
800 
800 
800 
800 
800 
800 
800 
800 
800 
800 
800 
800 
800 
800 
800 
800 
800 
800 
800 
800 
800 
800 
800 
800 
800 
800 
800 
800 
800 
800 
800 
800 
800 
800 
800 
800 
800 
800 
800 
800 
800 
800 
800 
800 
800 
800 
800 
800 
800 
800 
800 
800 
800 
800 
800 
800 
800 
800 
800 
800 
800 
800 
800 
800 
800 
800 
800 
800 
800 
800 
800 
800 
800 
800 
800 
800 
800 
800 
800 
800 
800 
800 
800 
800 
800 
800 
800 
800 
800 
800 
800 
800 
800 
800 
800 
800 
800 
800 
800 
800 
800 
800 
800 
800 
800 
800 
800 
800 
800 
800 
800 
800 
800 
800 
800 
800 
800 
800 
800 
800 
800 
800 
800 
800 
800 
800 
800 
800 
800 
800 
800 
800 
800 
800 
800 
800 
800 
800 
800 
800 
800 
800 
800 
800 
800 
800 
800 
800 
800 
800 
800 
800 
800 
800 
800 
800 
800 
800 
800 
800 
800 
800 
800 
800 
800 
800 
800 
800 
800 
800 
800 
800 
800 
800 
800 
800 
800 
800 
800 
800 
800 
800 
800 
800 
800 
800 
800 
800 
800 
800 
800 
800 
800 
800 
800 
800 
800 
800 
800 
800 
800 
800 
800 
800 
800 
800 
800 
800 
800 
800 
800 
800 
800 
800 
800 
800 
800 
800 
800 
800 
800 
800 
800 
800 
800 
800 
800 
800 
800 
800 
800 
800 
800 
800 
800 
800 
800 
800 
800 
800 
800 
800 
800 
800 
800 
800 
800 
800 
800 
800 
800 
800 
800 
800 
800 
800 
800 
800 
800 
800 
800 
800 
800 
800 
800 
800 
800 
800 
800 
800 
800 
800 
800 
800 
800 
800 
800 
800 
800 
800 
800 
800 
800 
800 
800 
800 
800 
800 
800 
800 
800 
800 
800 
800 
800 
800 
800 
800 
800 
800 
800 
800 
800 
800 
800 
800 
800 
800 
800 
800 
800 
800 
800 
800 
800 
800 
800 
800 
800 
800 
800 
800 
800 
800 
800 
800 
800 
800 
800 
800 
800 
800 
800 
800 
800 
800 
800 
800 
800 
800 
800 
800 
800 
800 
800 
800 
800 
800 
800 
800 
800 
800 
800 
800 
800 
800 
800 
800 
800 
800 
800 
800 
800 
800 
800 
800 
800 
800 
800 
800 
800 
800 
800 
800 
800 
800 
800 
800 
800 
800 
800 
800 
800 
800 
800 
800 
800 
800 
800 
800 
800 
800 
800 
800 
800 
800 
800 
800 
800 
800 
800 
800 
800 
800 
800 
800 
