9.789702e+07 
4.466447e+07 
2.015340e+06 
2.015340e+06 
2.015340e+06 
2.015340e+06 
2.015340e+06 
2.015340e+06 
2.015340e+06 
2.015340e+06 
2.015340e+06 
2.015340e+06 
1.345795e+06 
1.345795e+06 
1.345795e+06 
1.345795e+06 
1.345795e+06 
7.282119e+05 
7.282119e+05 
7.282119e+05 
3.904709e+05 
3.904709e+05 
6.298390e+04 
6.298390e+04 
6.298390e+04 
6.298390e+04 
6.298390e+04 
6.298390e+04 
3.128615e+04 
2.128997e+04 
2.128997e+04 
2.128997e+04 
2.128997e+04 
2.128997e+04 
2.128997e+04 
1.551225e+04 
1.155659e+04 
1.155659e+04 
1.155659e+04 
1.155659e+04 
7.321108e+03 
7.321108e+03 
7.321108e+03 
6.613748e+03 
6.613748e+03 
6.613748e+03 
3.597435e+03 
3.597435e+03 
3.597435e+03 
2.680621e+03 
2.680621e+03 
2.680621e+03 
2.680621e+03 
2.680621e+03 
2.680621e+03 
2.680621e+03 
2.337144e+03 
2.337144e+03 
2.240540e+03 
2.240540e+03 
1.687757e+03 
1.687757e+03 
1.687757e+03 
1.494586e+03 
1.494586e+03 
1.494586e+03 
1.494586e+03 
1.494586e+03 
1.494586e+03 
1.494586e+03 
1.482854e+03 
1.307726e+03 
1.300849e+03 
1.088514e+03 
1.088514e+03 
1.088514e+03 
1.088514e+03 
1.088514e+03 
1.088514e+03 
1.088514e+03 
1.088514e+03 
1.088514e+03 
9.586478e+02 
9.586478e+02 
9.586478e+02 
8.863412e+02 
6.583572e+02 
6.583572e+02 
6.583572e+02 
6.583572e+02 
6.583572e+02 
6.583572e+02 
6.583572e+02 
6.583572e+02 
4.139352e+02 
4.139352e+02 
4.139352e+02 
4.139352e+02 
4.139352e+02 
4.139352e+02 
4.139352e+02 
4.139352e+02 
4.139352e+02 
4.139352e+02 
4.139352e+02 
4.139352e+02 
3.152168e+02 
3.152168e+02 
3.152168e+02 
3.152168e+02 
3.152168e+02 
3.152168e+02 
3.152168e+02 
3.152168e+02 
3.152168e+02 
2.963140e+02 
2.942004e+02 
2.942004e+02 
2.942004e+02 
2.942004e+02 
2.726755e+02 
2.473895e+02 
2.163719e+02 
2.163719e+02 
2.163719e+02 
2.163719e+02 
2.163719e+02 
2.163719e+02 
1.557831e+02 
1.557831e+02 
1.557831e+02 
1.557831e+02 
1.557831e+02 
1.557831e+02 
1.557831e+02 
1.557831e+02 
1.557831e+02 
1.557831e+02 
1.557831e+02 
1.116162e+02 
1.116162e+02 
1.116162e+02 
1.116162e+02 
1.110796e+02 
1.110796e+02 
1.002645e+02 
1.002645e+02 
1.002645e+02 
1.002645e+02 
1.002645e+02 
6.409515e+01 
6.409515e+01 
6.409515e+01 
6.409515e+01 
6.409515e+01 
6.409515e+01 
6.409515e+01 
6.409515e+01 
6.409515e+01 
6.409515e+01 
5.988753e+01 
5.988753e+01 
5.988753e+01 
5.988753e+01 
5.988753e+01 
5.988753e+01 
5.765201e+01 
5.765201e+01 
5.386221e+01 
5.386221e+01 
5.386221e+01 
5.386221e+01 
4.641054e+01 
4.451540e+01 
3.944242e+01 
3.944242e+01 
3.944242e+01 
3.944242e+01 
3.801359e+01 
3.801359e+01 
3.801359e+01 
3.615494e+01 
3.615494e+01 
3.615494e+01 
3.615494e+01 
3.615494e+01 
3.596183e+01 
3.596183e+01 
3.354006e+01 
3.354006e+01 
3.354006e+01 
3.354006e+01 
2.984266e+01 
2.984266e+01 
2.984266e+01 
2.481438e+01 
2.481438e+01 
2.481438e+01 
2.481438e+01 
2.481438e+01 
2.481438e+01 
2.481438e+01 
2.481438e+01 
2.481438e+01 
2.481438e+01 
2.481438e+01 
2.481438e+01 
2.481438e+01 
2.469325e+01 
2.469325e+01 
2.159823e+01 
2.159823e+01 
2.159823e+01 
2.159823e+01 
1.812236e+01 
1.812236e+01 
1.812236e+01 
1.788050e+01 
1.788050e+01 
1.788050e+01 
1.772786e+01 
1.772786e+01 
1.492453e+01 
1.492453e+01 
1.492453e+01 
1.492453e+01 
1.492453e+01 
1.447861e+01 
1.444310e+01 
1.444310e+01 
1.438109e+01 
1.438109e+01 
1.423918e+01 
1.423918e+01 
1.423918e+01 
1.349483e+01 
1.348825e+01 
1.348825e+01 
1.240146e+01 
1.240146e+01 
1.240146e+01 
1.237488e+01 
1.237488e+01 
1.171763e+01 
1.121409e+01 
1.121409e+01 
1.115112e+01 
1.115112e+01 
1.097743e+01 
1.006269e+01 
1.006269e+01 
1.006269e+01 
1.006269e+01 
1.006269e+01 
1.006269e+01 
1.006269e+01 
1.006269e+01 
1.006269e+01 
1.001066e+01 
1.001066e+01 
1.000125e+01 
1.000125e+01 
1.000125e+01 
9.714012e+00 
9.681659e+00 
9.681659e+00 
9.517335e+00 
9.517335e+00 
9.517335e+00 
9.247062e+00 
9.247062e+00 
9.046988e+00 
8.895579e+00 
8.680529e+00 
8.680529e+00 
8.680529e+00 
8.455284e+00 
8.455284e+00 
8.455284e+00 
8.455284e+00 
8.455284e+00 
8.455284e+00 
8.444755e+00 
8.444755e+00 
8.389316e+00 
8.389316e+00 
8.265689e+00 
8.265689e+00 
8.185295e+00 
7.649686e+00 
7.649686e+00 
7.649686e+00 
7.649686e+00 
7.649686e+00 
7.649686e+00 
7.649686e+00 
7.649686e+00 
7.649686e+00 
7.649686e+00 
7.649686e+00 
7.649686e+00 
7.649686e+00 
7.649686e+00 
7.649686e+00 
7.649686e+00 
7.300901e+00 
7.296397e+00 
7.296397e+00 
7.296397e+00 
7.296397e+00 
7.296397e+00 
7.296397e+00 
7.169689e+00 
7.169689e+00 
6.680862e+00 
3.061673e+00 
3.061673e+00 
2.914154e+00 
2.914154e+00 
2.914154e+00 
2.914154e+00 
2.914154e+00 
2.914154e+00 
2.914154e+00 
2.914154e+00 
2.914154e+00 
2.028336e+00 
2.028336e+00 
2.028336e+00 
2.028336e+00 
2.028336e+00 
2.028336e+00 
2.028336e+00 
2.028336e+00 
2.028336e+00 
2.028336e+00 
2.028336e+00 
2.028336e+00 
1.973536e+00 
1.973536e+00 
1.973536e+00 
1.801796e+00 
1.801796e+00 
1.801796e+00 
1.801796e+00 
1.801796e+00 
1.801796e+00 
1.801796e+00 
1.801796e+00 
1.801796e+00 
1.801796e+00 
1.801796e+00 
1.801796e+00 
1.801796e+00 
1.801796e+00 
1.801796e+00 
1.793925e+00 
1.793925e+00 
1.793925e+00 
1.793925e+00 
1.643655e+00 
1.643655e+00 
1.625734e+00 
1.625734e+00 
1.572000e+00 
1.565796e+00 
1.565796e+00 
1.519873e+00 
1.519873e+00 
1.519873e+00 
1.502260e+00 
1.502260e+00 
1.502260e+00 
1.502260e+00 
1.502260e+00 
1.502260e+00 
1.502260e+00 
1.474481e+00 
1.474481e+00 
1.474481e+00 
1.436512e+00 
1.045733e+00 
1.045733e+00 
1.045733e+00 
2.985028e+00 
2.985028e+00 
3.719871e-06 
2.933688e-06 
2.933688e-06 
2.850306e-06 
1.981258e-06 
1.981258e-06 
1.981258e-06 
1.981258e-06 
1.981258e-06 
1.663705e-06 
1.663705e-06 
1.546406e-06 
1.373819e-06 
9.816416e-07 
9.816416e-07 
6.566146e-07 
6.566146e-07 
6.566146e-07 
6.566146e-07 
6.566146e-07 
6.566146e-07 
5.650101e-07 
2.995997e-07 
2.995997e-07 
2.995997e-07 
2.995997e-07 
2.995997e-07 
2.995997e-07 
2.579038e-07 
2.579038e-07 
2.461478e-07 
2.183773e-07 
1.912197e-07 
1.871747e-07 
1.871747e-07 
1.309265e-07 
1.309265e-07 
1.309265e-07 
1.200011e-07 
9.174505e-08 
8.448732e-08 
6.579776e-08 
6.579776e-08 
6.579776e-08 
1.615012e-08 
1.615012e-08 
1.615012e-08 
1.410456e-08 
1.122629e-08 
1.122629e-08 
1.122629e-08 
6.286751e-07 
5.644889e-07 
5.644889e-07 
2.289908e-07 
2.289908e-07 
2.289908e-07 
9.677146e-09 
4.875011e+01 
4.875011e+01 
4.875011e+01 
4.875011e+01 
4.875011e+01 
4.875011e+01 
4.875011e+01 
4.875008e+01 
4.875008e+01 
4.875003e+01 
4.874988e+01 
4.874978e+01 
4.874976e+01 
4.874976e+01 
4.874976e+01 
4.874976e+01 
4.874975e+01 
4.874975e+01 
4.874972e+01 
4.874972e+01 
4.874972e+01 
4.874972e+01 
4.874972e+01 
4.874972e+01 
4.874972e+01 
4.874972e+01 
4.874972e+01 
4.874972e+01 
4.874972e+01 
4.874972e+01 
4.874972e+01 
4.874972e+01 
4.874972e+01 
4.874972e+01 
4.874521e+01 
4.874521e+01 
4.873691e+01 
4.868516e+01 
4.868516e+01 
4.865123e+01 
4.865123e+01 
4.865123e+01 
4.865123e+01 
4.865123e+01 
4.865123e+01 
4.864880e+01 
4.864799e+01 
4.864799e+01 
4.864799e+01 
4.864799e+01 
4.864392e+01 
4.864386e+01 
4.864386e+01 
4.864386e+01 
4.864386e+01 
4.864386e+01 
4.864386e+01 
4.864386e+01 
4.864386e+01 
4.864362e+01 
4.864362e+01 
4.864362e+01 
4.864362e+01 
4.864362e+01 
4.864362e+01 
4.864286e+01 
4.864286e+01 
4.864286e+01 
4.864286e+01 
4.864286e+01 
4.864286e+01 
4.864286e+01 
4.864286e+01 
4.864286e+01 
4.864286e+01 
4.864280e+01 
4.864280e+01 
4.864275e+01 
4.864275e+01 
4.864275e+01 
4.864275e+01 
4.864275e+01 
4.864275e+01 
4.864275e+01 
4.864275e+01 
4.864275e+01 
4.864275e+01 
4.864275e+01 
4.864275e+01 
4.864275e+01 
4.864275e+01 
4.864275e+01 
4.864273e+01 
4.864273e+01 
4.864273e+01 
4.864273e+01 
4.864273e+01 
4.864273e+01 
4.864273e+01 
4.864273e+01 
4.864273e+01 
4.864273e+01 
4.864273e+01 
4.864273e+01 
4.864273e+01 
4.864272e+01 
4.864272e+01 
4.864272e+01 
4.864272e+01 
4.864272e+01 
4.864272e+01 
4.864272e+01 
4.864272e+01 
4.864272e+01 
4.864272e+01 
4.864272e+01 
4.864272e+01 
4.864272e+01 
4.864272e+01 
4.864272e+01 
4.864272e+01 
4.864272e+01 
4.864272e+01 
4.864272e+01 
4.864272e+01 
4.864272e+01 
4.864272e+01 
4.864272e+01 
4.864272e+01 
4.864272e+01 
4.864272e+01 
4.864272e+01 
4.864272e+01 
4.864272e+01 
4.864272e+01 
4.864272e+01 
4.864272e+01 
4.832214e+01 
4.832214e+01 
4.832214e+01 
4.832214e+01 
4.832214e+01 
4.832214e+01 
4.832214e+01 
4.832214e+01 
4.832214e+01 
4.832214e+01 
4.832214e+01 
4.832214e+01 
4.832214e+01 
4.832214e+01 
4.832214e+01 
4.832214e+01 
4.832214e+01 
4.832214e+01 
4.832214e+01 
4.832214e+01 
4.832214e+01 
1.598721e-13 
1.598721e-13 
1.598721e-13 
1.421085e-13 
7.993606e-14 
7.993606e-14 
7.993606e-14 
7.993606e-14 
7.993606e-14 
7.993606e-14 
5.329071e-14 
5.329071e-14 
5.329071e-14 
5.329071e-14 
5.329071e-14 
5.329071e-14 
5.329071e-14 
4.440892e-14 
4.440892e-14 
3.552714e-14 
3.552714e-14 
3.552714e-14 
3.552714e-14 
3.552714e-14 
3.552714e-14 
2.664535e-14 
2.664535e-14 
2.664535e-14 
2.664535e-14 
2.664535e-14 
2.664535e-14 
1.776357e-14 
1.776357e-14 
1.776357e-14 
1.776357e-14 
1.776357e-14 
1.776357e-14 
1.776357e-14 
1.776357e-14 
8.881784e-15 
8.881784e-15 
8.881784e-15 
8.881784e-15 
8.881784e-15 
8.881784e-15 
8.881784e-15 
8.881784e-15 
1.309631e-25 
1.309631e-25 
1.539846e-24 
1.539846e-24 
1.539846e-24 
1.314737e-24 
