2.109176e+07 
1.261055e+07 
1.261055e+07 
1.261055e+07 
6.570216e+06 
6.259114e+06 
6.259114e+06 
6.259114e+06 
6.259114e+06 
1.115762e+06 
1.115762e+06 
8.490109e+05 
8.490109e+05 
8.490109e+05 
8.490109e+05 
6.792940e+05 
6.792940e+05 
4.618173e+05 
4.618173e+05 
4.618173e+05 
4.618173e+05 
3.787932e+05 
1.094627e+05 
9.213940e+04 
9.213940e+04 
1.255344e+04 
1.255344e+04 
1.255344e+04 
1.255344e+04 
1.255344e+04 
1.255344e+04 
1.255344e+04 
1.255344e+04 
1.255344e+04 
1.255344e+04 
1.098124e+04 
8.323825e+03 
8.323825e+03 
7.214873e+03 
7.214873e+03 
7.214873e+03 
5.895183e+03 
5.537281e+03 
4.085737e+03 
4.085737e+03 
4.071312e+03 
4.071312e+03 
4.071312e+03 
3.585092e+03 
3.347015e+03 
2.776794e+03 
2.776794e+03 
2.776794e+03 
2.776794e+03 
2.108247e+03 
1.616838e+03 
1.616838e+03 
1.616838e+03 
1.161212e+03 
1.161212e+03 
1.161212e+03 
1.161212e+03 
1.161212e+03 
1.161212e+03 
1.161212e+03 
1.161212e+03 
1.102400e+03 
9.444571e+02 
9.360179e+02 
9.360179e+02 
9.360179e+02 
6.821008e+02 
6.821008e+02 
6.821008e+02 
6.821008e+02 
6.821008e+02 
6.821008e+02 
6.821008e+02 
6.821008e+02 
4.719224e+02 
4.719224e+02 
4.719224e+02 
4.701259e+02 
4.701259e+02 
4.701259e+02 
4.701259e+02 
3.429190e+02 
2.600314e+02 
2.600314e+02 
2.600314e+02 
2.600314e+02 
2.600314e+02 
2.600314e+02 
2.600314e+02 
2.600314e+02 
2.024488e+02 
2.024488e+02 
2.024488e+02 
2.024488e+02 
1.874355e+02 
1.874355e+02 
1.728795e+02 
1.502064e+02 
1.200078e+02 
1.200078e+02 
8.672380e+01 
8.672380e+01 
8.672380e+01 
8.302732e+01 
8.302732e+01 
7.552781e+01 
7.552781e+01 
6.784173e+01 
6.264748e+01 
6.079035e+01 
6.040873e+01 
4.657189e+01 
4.250277e+01 
4.193947e+01 
4.193947e+01 
3.399148e+01 
3.399148e+01 
1.474919e+01 
1.474919e+01 
1.474919e+01 
1.474919e+01 
1.474919e+01 
1.474919e+01 
1.404644e+01 
1.404644e+01 
1.237995e+01 
1.175210e+01 
7.616176e+00 
6.535136e+00 
5.297529e+00 
4.403666e+00 
4.403666e+00 
4.403666e+00 
4.403666e+00 
4.403666e+00 
4.403666e+00 
4.403666e+00 
4.403666e+00 
4.403666e+00 
4.403666e+00 
4.403666e+00 
4.403666e+00 
3.038867e+00 
3.038867e+00 
3.038867e+00 
3.038867e+00 
3.038867e+00 
3.038867e+00 
3.038867e+00 
3.038867e+00 
3.038867e+00 
3.038867e+00 
2.899672e+00 
2.728859e+00 
2.728859e+00 
2.728859e+00 
2.118704e+00 
2.118704e+00 
2.118704e+00 
2.118704e+00 
2.118704e+00 
2.118704e+00 
2.118704e+00 
1.870738e+00 
1.870738e+00 
1.870738e+00 
1.780566e+00 
1.658651e+00 
1.294582e+00 
1.294582e+00 
1.294582e+00 
1.294582e+00 
1.294582e+00 
1.294582e+00 
1.294582e+00 
1.294582e+00 
1.294582e+00 
1.294582e+00 
1.294582e+00 
1.294582e+00 
1.294582e+00 
1.294582e+00 
1.143163e+00 
1.143163e+00 
1.143163e+00 
9.342159e-01 
9.342159e-01 
9.342159e-01 
9.342159e-01 
9.342159e-01 
9.342159e-01 
9.342159e-01 
9.342159e-01 
9.342159e-01 
9.342159e-01 
9.342159e-01 
9.342159e-01 
9.342159e-01 
9.342159e-01 
9.342159e-01 
9.342159e-01 
9.248468e-01 
8.971651e-01 
8.648087e-01 
8.648087e-01 
8.179359e-01 
8.179359e-01 
8.179359e-01 
7.883351e-01 
7.627137e-01 
7.264287e-01 
6.782792e-01 
5.887070e-01 
5.887070e-01 
5.887070e-01 
5.020397e-01 
5.020397e-01 
5.020397e-01 
5.020397e-01 
5.020397e-01 
5.020397e-01 
4.663722e-01 
4.663722e-01 
4.663722e-01 
4.663722e-01 
4.663722e-01 
3.612185e-01 
3.612185e-01 
3.612185e-01 
3.612185e-01 
3.612185e-01 
3.612185e-01 
3.612185e-01 
3.612185e-01 
3.612185e-01 
3.612185e-01 
3.448907e-01 
3.448907e-01 
3.448907e-01 
3.448907e-01 
3.359732e-01 
3.359732e-01 
3.359732e-01 
3.235110e-01 
3.235110e-01 
3.235110e-01 
3.235110e-01 
3.235110e-01 
3.235110e-01 
3.235110e-01 
3.235110e-01 
3.235110e-01 
2.969879e-01 
2.969879e-01 
2.969879e-01 
2.969879e-01 
2.683820e-01 
2.683820e-01 
2.683820e-01 
2.683820e-01 
2.665350e-01 
2.363107e-01 
2.200702e-01 
2.200702e-01 
2.200702e-01 
2.200702e-01 
2.200702e-01 
2.200702e-01 
2.200702e-01 
2.200702e-01 
2.200702e-01 
2.137048e-01 
2.137048e-01 
2.137048e-01 
2.137048e-01 
2.137048e-01 
2.109313e-01 
2.109313e-01 
2.109313e-01 
2.029085e-01 
2.029085e-01 
1.929354e-01 
1.929354e-01 
1.929354e-01 
1.929354e-01 
1.929354e-01 
1.929354e-01 
1.929354e-01 
1.929354e-01 
1.929354e-01 
1.929354e-01 
1.909737e-01 
1.909737e-01 
1.909737e-01 
1.909737e-01 
1.909737e-01 
1.909737e-01 
1.909737e-01 
1.909737e-01 
1.909737e-01 
1.909737e-01 
1.909737e-01 
1.909737e-01 
1.909737e-01 
1.909737e-01 
1.909737e-01 
1.909737e-01 
1.874521e-01 
1.874521e-01 
1.819253e-01 
1.819253e-01 
1.819253e-01 
1.819253e-01 
1.814318e-01 
1.814318e-01 
1.814318e-01 
1.814318e-01 
1.814318e-01 
1.814318e-01 
1.814318e-01 
1.814318e-01 
1.814318e-01 
1.814318e-01 
1.814318e-01 
1.814318e-01 
1.814318e-01 
1.814318e-01 
1.814318e-01 
1.814318e-01 
1.814318e-01 
1.814318e-01 
1.814318e-01 
1.814318e-01 
1.814318e-01 
1.814318e-01 
1.814318e-01 
1.814318e-01 
1.811378e-01 
1.811378e-01 
1.809367e-01 
1.809367e-01 
1.809367e-01 
1.794061e-01 
1.775621e-01 
1.775621e-01 
1.775621e-01 
1.763826e-01 
1.753210e-01 
1.753210e-01 
1.749122e-01 
1.691773e-01 
1.654161e-01 
1.654161e-01 
1.624413e-01 
1.624413e-01 
1.624413e-01 
1.624413e-01 
1.608652e-01 
1.608652e-01 
1.608652e-01 
1.608652e-01 
1.608652e-01 
1.534730e-01 
1.534730e-01 
1.509812e-01 
1.500320e-01 
1.460523e-01 
1.448966e-01 
1.381360e-01 
1.381360e-01 
1.366707e-01 
1.366707e-01 
1.366707e-01 
1.366707e-01 
8.408865e+00 
8.408865e+00 
8.191657e+00 
8.191657e+00 
8.191657e+00 
2.115587e+00 
2.113020e+00 
2.113020e+00 
4.177893e-08 
4.177893e-08 
4.177893e-08 
4.177893e-08 
3.146117e-08 
3.146117e-08 
3.146117e-08 
1.683502e-08 
1.644298e-08 
1.644298e-08 
1.644298e-08 
1.644298e-08 
1.629244e-08 
1.629244e-08 
1.586612e-08 
1.252492e-08 
1.252492e-08 
1.252492e-08 
1.159636e-08 
8.529190e-09 
7.767964e-09 
7.767964e-09 
7.767964e-09 
7.721264e-09 
7.721264e-09 
6.038411e-09 
6.038411e-09 
6.038411e-09 
5.226273e-09 
5.226273e-09 
5.068700e-09 
3.922060e-09 
1.871747e-07 
1.871747e-07 
1.309265e-07 
1.309265e-07 
1.309265e-07 
1.200011e-07 
9.174505e-08 
8.448732e-08 
6.579776e-08 
6.579776e-08 
6.579776e-08 
1.615012e-08 
1.615012e-08 
1.615012e-08 
1.410456e-08 
1.122629e-08 
1.122629e-08 
1.122629e-08 
6.286751e-07 
5.644889e-07 
5.644889e-07 
2.289908e-07 
2.289908e-07 
2.289908e-07 
9.677146e-09 
4.875011e+01 
4.875011e+01 
4.875011e+01 
4.875011e+01 
4.875011e+01 
4.875011e+01 
4.875011e+01 
4.875008e+01 
4.875008e+01 
4.875003e+01 
4.874988e+01 
4.874978e+01 
4.874976e+01 
4.874976e+01 
4.874976e+01 
4.874976e+01 
4.874975e+01 
4.874975e+01 
4.874972e+01 
4.874972e+01 
4.874972e+01 
4.874972e+01 
4.874972e+01 
4.874972e+01 
4.874972e+01 
4.874972e+01 
4.874972e+01 
4.874972e+01 
4.874972e+01 
4.874972e+01 
4.874972e+01 
4.874972e+01 
4.874972e+01 
4.874972e+01 
4.874521e+01 
4.874521e+01 
4.873691e+01 
4.868516e+01 
4.868516e+01 
4.865123e+01 
4.865123e+01 
4.865123e+01 
4.865123e+01 
4.865123e+01 
4.865123e+01 
4.864880e+01 
4.864799e+01 
4.864799e+01 
4.864799e+01 
4.864799e+01 
4.864392e+01 
4.864386e+01 
4.864386e+01 
4.864386e+01 
4.864386e+01 
4.864386e+01 
4.864386e+01 
4.864386e+01 
4.864386e+01 
4.864362e+01 
4.864362e+01 
4.864362e+01 
4.864362e+01 
4.864362e+01 
4.864362e+01 
4.864286e+01 
4.864286e+01 
4.864286e+01 
4.864286e+01 
4.864286e+01 
4.864286e+01 
4.864286e+01 
4.864286e+01 
4.864286e+01 
4.864286e+01 
4.864280e+01 
4.864280e+01 
4.864275e+01 
4.864275e+01 
4.864275e+01 
4.864275e+01 
4.864275e+01 
4.864275e+01 
4.864275e+01 
4.864275e+01 
4.864275e+01 
4.864275e+01 
4.864275e+01 
4.864275e+01 
4.864275e+01 
4.864275e+01 
4.864275e+01 
4.864273e+01 
4.864273e+01 
4.864273e+01 
4.864273e+01 
4.864273e+01 
4.864273e+01 
4.864273e+01 
4.864273e+01 
4.864273e+01 
4.864273e+01 
4.864273e+01 
4.864273e+01 
4.864273e+01 
4.864272e+01 
4.864272e+01 
4.864272e+01 
4.864272e+01 
4.864272e+01 
4.864272e+01 
4.864272e+01 
4.864272e+01 
4.864272e+01 
4.864272e+01 
4.864272e+01 
4.864272e+01 
4.864272e+01 
4.864272e+01 
4.864272e+01 
4.864272e+01 
4.864272e+01 
4.864272e+01 
4.864272e+01 
4.864272e+01 
4.864272e+01 
4.864272e+01 
4.864272e+01 
4.864272e+01 
4.864272e+01 
4.864272e+01 
4.864272e+01 
4.864272e+01 
4.864272e+01 
4.864272e+01 
4.864272e+01 
4.864272e+01 
4.832214e+01 
4.832214e+01 
4.832214e+01 
4.832214e+01 
4.832214e+01 
4.832214e+01 
4.832214e+01 
4.832214e+01 
4.832214e+01 
4.832214e+01 
4.832214e+01 
4.832214e+01 
4.832214e+01 
4.832214e+01 
4.832214e+01 
4.832214e+01 
4.832214e+01 
4.832214e+01 
4.832214e+01 
4.832214e+01 
4.832214e+01 
1.598721e-13 
1.598721e-13 
1.598721e-13 
1.421085e-13 
7.993606e-14 
7.993606e-14 
7.993606e-14 
7.993606e-14 
7.993606e-14 
7.993606e-14 
5.329071e-14 
5.329071e-14 
5.329071e-14 
5.329071e-14 
5.329071e-14 
5.329071e-14 
5.329071e-14 
4.440892e-14 
4.440892e-14 
3.552714e-14 
3.552714e-14 
3.552714e-14 
3.552714e-14 
3.552714e-14 
3.552714e-14 
2.664535e-14 
2.664535e-14 
2.664535e-14 
2.664535e-14 
2.664535e-14 
2.664535e-14 
1.776357e-14 
1.776357e-14 
1.776357e-14 
1.776357e-14 
1.776357e-14 
1.776357e-14 
1.776357e-14 
1.776357e-14 
8.881784e-15 
8.881784e-15 
8.881784e-15 
8.881784e-15 
8.881784e-15 
8.881784e-15 
8.881784e-15 
8.881784e-15 
1.309631e-25 
1.309631e-25 
1.539846e-24 
1.539846e-24 
1.539846e-24 
1.314737e-24 
