4.893984e+03 
4.299473e+03 
4.299473e+03 
4.299473e+03 
4.299473e+03 
4.299473e+03 
3.012805e+03 
3.012805e+03 
3.012805e+03 
3.012805e+03 
3.012805e+03 
3.012805e+03 
2.670090e+03 
2.578689e+03 
1.928975e+03 
1.928975e+03 
1.928975e+03 
1.928975e+03 
1.928975e+03 
1.928975e+03 
1.853060e+03 
1.853060e+03 
1.310037e+03 
1.310037e+03 
1.310037e+03 
1.261207e+03 
1.261207e+03 
1.261207e+03 
1.261207e+03 
1.261207e+03 
1.261207e+03 
1.261207e+03 
1.261207e+03 
1.261207e+03 
1.261207e+03 
1.260375e+03 
1.255711e+03 
1.159809e+03 
1.128241e+03 
1.128241e+03 
1.128241e+03 
1.035273e+03 
9.525159e+02 
7.803772e+02 
7.803772e+02 
7.803772e+02 
7.803772e+02 
7.803772e+02 
7.803772e+02 
7.525284e+02 
7.525284e+02 
7.525284e+02 
7.525284e+02 
6.925133e+02 
6.925133e+02 
5.362259e+02 
5.362259e+02 
5.362259e+02 
5.362259e+02 
5.362259e+02 
5.035867e+02 
4.882555e+02 
4.882555e+02 
3.358673e+02 
3.358673e+02 
3.358673e+02 
3.358673e+02 
3.358673e+02 
3.358673e+02 
3.358673e+02 
3.358673e+02 
3.358673e+02 
3.358673e+02 
3.189395e+02 
2.923377e+02 
2.923377e+02 
2.923377e+02 
2.923377e+02 
2.743545e+02 
2.696492e+02 
1.945531e+02 
1.844613e+02 
1.844613e+02 
1.844613e+02 
1.844613e+02 
1.427965e+02 
1.427965e+02 
1.427965e+02 
1.427965e+02 
1.398342e+02 
1.398342e+02 
1.398342e+02 
1.398342e+02 
1.398342e+02 
1.398342e+02 
1.387139e+02 
1.336893e+02 
1.197594e+02 
1.125652e+02 
1.125652e+02 
1.024625e+02 
1.024625e+02 
1.024625e+02 
1.024625e+02 
6.161053e+01 
6.161053e+01 
5.677346e+01 
5.677346e+01 
5.673802e+01 
5.673802e+01 
5.673802e+01 
5.673802e+01 
3.089639e+01 
3.089639e+01 
3.089639e+01 
2.720087e+01 
2.720087e+01 
2.720087e+01 
1.933824e+01 
1.888300e+01 
1.888300e+01 
1.783214e+01 
1.649273e+01 
1.649273e+01 
1.646063e+01 
1.328266e+01 
1.328266e+01 
1.328266e+01 
1.328266e+01 
1.259704e+01 
1.243784e+01 
1.080567e+01 
8.431130e+00 
6.994003e+00 
6.994003e+00 
6.994003e+00 
6.994003e+00 
6.994003e+00 
6.994003e+00 
6.994003e+00 
6.124046e+00 
6.024408e+00 
5.636106e+00 
4.528236e+00 
4.528236e+00 
4.528236e+00 
3.393341e+00 
3.393341e+00 
2.295655e+00 
2.295655e+00 
2.295655e+00 
2.295655e+00 
1.888100e+00 
1.888100e+00 
1.763218e+00 
1.763218e+00 
1.763218e+00 
1.702089e+00 
1.371194e+00 
1.371194e+00 
1.371194e+00 
1.371194e+00 
1.371194e+00 
9.450414e-01 
6.720545e-01 
6.720545e-01 
6.720545e-01 
6.720545e-01 
6.505769e-01 
5.425313e-01 
4.074629e-01 
4.074629e-01 
4.074629e-01 
4.074629e-01 
4.074629e-01 
3.952331e-01 
2.387607e-01 
2.387607e-01 
2.387607e-01 
2.292450e-01 
2.292450e-01 
2.184354e-01 
2.001263e-01 
1.725266e-01 
1.725266e-01 
1.725266e-01 
1.725266e-01 
1.639899e-01 
1.636761e-01 
1.499325e-01 
1.347020e-01 
1.127088e-01 
1.127088e-01 
1.127088e-01 
1.127088e-01 
8.985718e-02 
8.540476e-02 
8.205148e-02 
8.205148e-02 
7.838190e-02 
6.939536e-02 
4.062347e-02 
4.062347e-02 
2.854409e-02 
2.854409e-02 
2.854409e-02 
2.564954e-02 
2.564954e-02 
2.564954e-02 
2.564954e-02 
2.264697e-02 
1.496344e-02 
1.244493e-02 
1.244493e-02 
1.244493e-02 
1.244493e-02 
1.244493e-02 
1.244493e-02 
1.111919e-02 
1.111919e-02 
7.823203e-03 
7.823203e-03 
7.264577e-03 
6.699732e-03 
6.699732e-03 
6.213927e-03 
6.198990e-03 
5.491190e-03 
5.491190e-03 
4.683263e-03 
3.384337e-03 
2.559338e-03 
2.559338e-03 
2.559338e-03 
2.559338e-03 
2.559338e-03 
1.392661e-03 
1.392661e-03 
1.392661e-03 
1.392661e-03 
8.464441e-04 
8.464441e-04 
8.464441e-04 
8.464441e-04 
8.464441e-04 
8.464441e-04 
7.206681e-04 
7.089070e-04 
5.650025e-04 
5.650025e-04 
5.650025e-04 
5.650025e-04 
3.488075e-04 
3.488075e-04 
3.488075e-04 
3.464364e-04 
2.297062e-04 
2.297062e-04 
1.210731e-04 
1.210731e-04 
1.210731e-04 
1.210731e-04 
1.210731e-04 
1.210731e-04 
9.618412e-05 
8.557581e-05 
8.557581e-05 
8.557581e-05 
6.647217e-05 
6.647217e-05 
6.647217e-05 
6.647217e-05 
6.647217e-05 
5.179325e-05 
5.179325e-05 
5.179325e-05 
5.179325e-05 
5.179325e-05 
3.379109e-05 
3.379109e-05 
3.379109e-05 
2.537866e-05 
2.479978e-05 
2.338842e-05 
2.171388e-05 
2.171388e-05 
2.171388e-05 
2.091034e-05 
1.710260e-05 
1.300399e-05 
1.300399e-05 
1.300399e-05 
6.917052e-06 
6.917052e-06 
6.917052e-06 
6.917052e-06 
6.917052e-06 
6.917052e-06 
6.917052e-06 
5.996977e-06 
5.745433e-06 
5.554301e-06 
4.900674e-06 
4.900674e-06 
4.237683e-06 
3.387120e-06 
3.387120e-06 
3.144342e-06 
3.144342e-06 
3.144342e-06 
2.316512e-06 
1.693970e-06 
1.693970e-06 
1.693970e-06 
1.693970e-06 
1.693970e-06 
1.693970e-06 
1.391390e-06 
1.275332e-06 
1.114286e-06 
1.114286e-06 
1.114286e-06 
1.114286e-06 
9.802609e-07 
9.802609e-07 
9.254417e-07 
7.176387e-07 
7.176387e-07 
6.127318e-07 
6.127318e-07 
5.092787e-07 
4.407328e-07 
3.546861e-07 
3.546861e-07 
2.057844e-07 
2.057844e-07 
1.587622e-07 
1.587622e-07 
1.587622e-07 
1.587622e-07 
1.587622e-07 
1.237517e-07 
1.203169e-07 
8.433997e-08 
8.433997e-08 
8.433997e-08 
8.433997e-08 
8.433997e-08 
8.433997e-08 
3.863248e-08 
3.863248e-08 
3.863248e-08 
3.863248e-08 
3.240803e-08 
3.240803e-08 
3.240803e-08 
3.236026e-08 
2.891632e-08 
2.769227e-08 
2.251923e-08 
2.251923e-08 
2.186268e-08 
1.876531e-08 
1.876531e-08 
1.736048e-08 
1.736048e-08 
1.660124e-08 
1.064422e-08 
1.022010e-08 
1.022010e-08 
9.561157e-09 
9.148588e-09 
7.707569e-09 
7.707569e-09 
7.707569e-09 
6.409834e-09 
6.409834e-09 
6.409834e-09 
6.104498e-09 
5.101461e-09 
3.126355e-09 
3.126355e-09 
3.126355e-09 
3.126355e-09 
3.126355e-09 
1.458927e-09 
1.060619e-09 
1.060619e-09 
1.060619e-09 
1.060619e-09 
1.060619e-09 
1.060619e-09 
1.060619e-09 
7.702367e-10 
7.702367e-10 
3.966213e-10 
3.966213e-10 
3.966213e-10 
2.911151e-10 
2.203882e-10 
2.203882e-10 
2.203882e-10 
2.203882e-10 
2.203882e-10 
2.157898e-10 
1.551288e-10 
1.529308e-10 
1.529308e-10 
1.529308e-10 
1.446384e-10 
1.346292e-10 
9.483303e-11 
9.483303e-11 
9.483303e-11 
8.700803e-11 
5.916837e-11 
5.916837e-11 
5.916837e-11 
3.922060e-09 
1.871747e-07 
1.871747e-07 
1.309265e-07 
1.309265e-07 
1.309265e-07 
1.200011e-07 
9.174505e-08 
8.448732e-08 
6.579776e-08 
6.579776e-08 
6.579776e-08 
1.615012e-08 
1.615012e-08 
1.615012e-08 
1.410456e-08 
1.122629e-08 
1.122629e-08 
1.122629e-08 
6.286751e-07 
5.644889e-07 
5.644889e-07 
2.289908e-07 
2.289908e-07 
2.289908e-07 
9.677146e-09 
4.875011e+01 
4.875011e+01 
4.875011e+01 
4.875011e+01 
4.875011e+01 
4.875011e+01 
4.875011e+01 
4.875008e+01 
4.875008e+01 
4.875003e+01 
4.874988e+01 
4.874978e+01 
4.874976e+01 
4.874976e+01 
4.874976e+01 
4.874976e+01 
4.874975e+01 
4.874975e+01 
4.874972e+01 
4.874972e+01 
4.874972e+01 
4.874972e+01 
4.874972e+01 
4.874972e+01 
4.874972e+01 
4.874972e+01 
4.874972e+01 
4.874972e+01 
4.874972e+01 
4.874972e+01 
4.874972e+01 
4.874972e+01 
4.874972e+01 
4.874972e+01 
4.874521e+01 
4.874521e+01 
4.873691e+01 
4.868516e+01 
4.868516e+01 
4.865123e+01 
4.865123e+01 
4.865123e+01 
4.865123e+01 
4.865123e+01 
4.865123e+01 
4.864880e+01 
4.864799e+01 
4.864799e+01 
4.864799e+01 
4.864799e+01 
4.864392e+01 
4.864386e+01 
4.864386e+01 
4.864386e+01 
4.864386e+01 
4.864386e+01 
4.864386e+01 
4.864386e+01 
4.864386e+01 
4.864362e+01 
4.864362e+01 
4.864362e+01 
4.864362e+01 
4.864362e+01 
4.864362e+01 
4.864286e+01 
4.864286e+01 
4.864286e+01 
4.864286e+01 
4.864286e+01 
4.864286e+01 
4.864286e+01 
4.864286e+01 
4.864286e+01 
4.864286e+01 
4.864280e+01 
4.864280e+01 
4.864275e+01 
4.864275e+01 
4.864275e+01 
4.864275e+01 
4.864275e+01 
4.864275e+01 
4.864275e+01 
4.864275e+01 
4.864275e+01 
4.864275e+01 
4.864275e+01 
4.864275e+01 
4.864275e+01 
4.864275e+01 
4.864275e+01 
4.864273e+01 
4.864273e+01 
4.864273e+01 
4.864273e+01 
4.864273e+01 
4.864273e+01 
4.864273e+01 
4.864273e+01 
4.864273e+01 
4.864273e+01 
4.864273e+01 
4.864273e+01 
4.864273e+01 
4.864272e+01 
4.864272e+01 
4.864272e+01 
4.864272e+01 
4.864272e+01 
4.864272e+01 
4.864272e+01 
4.864272e+01 
4.864272e+01 
4.864272e+01 
4.864272e+01 
4.864272e+01 
4.864272e+01 
4.864272e+01 
4.864272e+01 
4.864272e+01 
4.864272e+01 
4.864272e+01 
4.864272e+01 
4.864272e+01 
4.864272e+01 
4.864272e+01 
4.864272e+01 
4.864272e+01 
4.864272e+01 
4.864272e+01 
4.864272e+01 
4.864272e+01 
4.864272e+01 
4.864272e+01 
4.864272e+01 
4.864272e+01 
4.832214e+01 
4.832214e+01 
4.832214e+01 
4.832214e+01 
4.832214e+01 
4.832214e+01 
4.832214e+01 
4.832214e+01 
4.832214e+01 
4.832214e+01 
4.832214e+01 
4.832214e+01 
4.832214e+01 
4.832214e+01 
4.832214e+01 
4.832214e+01 
4.832214e+01 
4.832214e+01 
4.832214e+01 
4.832214e+01 
4.832214e+01 
1.598721e-13 
1.598721e-13 
1.598721e-13 
1.421085e-13 
7.993606e-14 
7.993606e-14 
7.993606e-14 
7.993606e-14 
7.993606e-14 
7.993606e-14 
5.329071e-14 
5.329071e-14 
5.329071e-14 
5.329071e-14 
5.329071e-14 
5.329071e-14 
5.329071e-14 
4.440892e-14 
4.440892e-14 
3.552714e-14 
3.552714e-14 
3.552714e-14 
3.552714e-14 
3.552714e-14 
3.552714e-14 
2.664535e-14 
2.664535e-14 
2.664535e-14 
2.664535e-14 
2.664535e-14 
2.664535e-14 
1.776357e-14 
1.776357e-14 
1.776357e-14 
1.776357e-14 
1.776357e-14 
1.776357e-14 
1.776357e-14 
1.776357e-14 
8.881784e-15 
8.881784e-15 
8.881784e-15 
8.881784e-15 
8.881784e-15 
8.881784e-15 
8.881784e-15 
8.881784e-15 
1.309631e-25 
1.309631e-25 
1.539846e-24 
1.539846e-24 
1.539846e-24 
1.314737e-24 
