5.483265e-127 
3.818530e-131 
6.663712e-119 
2.089776e-122 
7.963052e-124 
4.163387e-125 
1.165104e-121 
1.798353e-126 
4.316997e-128 
6.243993e-123 
2.499394e-124 
1.740573e-125 
1.008582e-123 
6.895553e-128 
8.846847e-131 
2.051008e-126 
6.032425e-128 
4.035102e-126 
4.415837e-129 
1.963393e-126 
6.153864e-130 
1.642558e-125 
1.267110e-125 
5.911932e-129 
4.051673e-125 
3.927834e-122 
2.178021e-120 
3.334449e-127 
1.691818e-126 
2.237432e-125 
average=2.300010e-120 
std=1.195347e-119 
best=3.818530e-131 
