9.328806e+02 
4.942653e+02 
4.879518e+02 
3.828293e+02 
3.720137e+02 
3.287436e+02 
3.261966e+02 
2.955420e+02 
2.590454e+02 
2.590454e+02 
2.338598e+02 
2.338598e+02 
2.338598e+02 
2.197399e+02 
2.197399e+02 
2.197399e+02 
2.101261e+02 
2.101261e+02 
2.101261e+02 
2.038283e+02 
1.931577e+02 
1.931577e+02 
1.931577e+02 
1.931577e+02 
1.838769e+02 
1.838769e+02 
1.704219e+02 
1.704219e+02 
1.691768e+02 
1.691768e+02 
1.531228e+02 
1.531228e+02 
1.531228e+02 
1.531228e+02 
1.531228e+02 
1.209658e+02 
1.209658e+02 
1.209658e+02 
1.135523e+02 
1.135523e+02 
1.059002e+02 
1.059002e+02 
1.059002e+02 
1.009106e+02 
1.009106e+02 
1.009106e+02 
8.506924e+01 
8.506924e+01 
8.506924e+01 
8.506924e+01 
8.506924e+01 
8.506924e+01 
8.506924e+01 
7.339047e+01 
7.339047e+01 
6.595234e+01 
5.738970e+01 
5.738970e+01 
5.517311e+01 
5.517311e+01 
5.517311e+01 
5.517311e+01 
5.517311e+01 
5.517311e+01 
5.517311e+01 
5.517311e+01 
5.517311e+01 
4.989210e+01 
4.774014e+01 
4.774014e+01 
3.854412e+01 
3.854412e+01 
3.854412e+01 
3.854412e+01 
3.854412e+01 
3.854412e+01 
3.854412e+01 
3.854412e+01 
3.854412e+01 
3.854412e+01 
3.854412e+01 
3.819805e+01 
3.549438e+01 
3.533365e+01 
3.441691e+01 
3.365471e+01 
3.316320e+01 
3.316320e+01 
3.316320e+01 
3.316320e+01 
3.298282e+01 
3.177871e+01 
3.095074e+01 
3.095074e+01 
3.091801e+01 
3.091801e+01 
3.003951e+01 
2.992260e+01 
2.992260e+01 
2.959911e+01 
2.912369e+01 
2.905321e+01 
2.905321e+01 
2.905321e+01 
2.905321e+01 
2.811765e+01 
2.751357e+01 
2.716119e+01 
2.716119e+01 
2.658165e+01 
2.658165e+01 
2.658165e+01 
2.614256e+01 
2.612581e+01 
2.612581e+01 
2.611888e+01 
2.611888e+01 
2.611888e+01 
2.586804e+01 
2.586804e+01 
2.580533e+01 
2.580533e+01 
2.578786e+01 
2.575663e+01 
2.556084e+01 
2.556084e+01 
2.555994e+01 
2.555994e+01 
2.551273e+01 
2.539441e+01 
2.539441e+01 
2.539441e+01 
2.526809e+01 
2.526809e+01 
2.526809e+01 
2.517985e+01 
2.514603e+01 
2.514603e+01 
2.511250e+01 
2.507355e+01 
2.507355e+01 
2.505686e+01 
2.502611e+01 
2.502611e+01 
2.502611e+01 
2.500735e+01 
2.499159e+01 
2.498482e+01 
2.496216e+01 
2.496090e+01 
2.496090e+01 
2.494351e+01 
2.493710e+01 
2.492961e+01 
2.492961e+01 
2.492660e+01 
2.492469e+01 
2.492337e+01 
2.491709e+01 
2.491709e+01 
2.491709e+01 
2.491434e+01 
2.491434e+01 
2.491153e+01 
2.490304e+01 
2.490304e+01 
2.490304e+01 
2.490135e+01 
2.489505e+01 
2.489424e+01 
2.489221e+01 
2.489193e+01 
2.489193e+01 
2.488840e+01 
2.488781e+01 
2.488697e+01 
2.488611e+01 
2.488611e+01 
2.488408e+01 
2.488408e+01 
2.488225e+01 
2.488031e+01 
2.488018e+01 
2.488018e+01 
2.488018e+01 
2.487971e+01 
2.487932e+01 
2.487932e+01 
2.487918e+01 
2.487890e+01 
2.487890e+01 
2.487832e+01 
2.487806e+01 
2.487766e+01 
2.487666e+01 
2.487545e+01 
2.487537e+01 
2.487537e+01 
2.487506e+01 
2.487506e+01 
2.487505e+01 
2.487490e+01 
2.487490e+01 
2.487490e+01 
2.487472e+01 
2.487472e+01 
2.487461e+01 
2.487461e+01 
2.487451e+01 
2.487451e+01 
2.487440e+01 
2.487429e+01 
2.487429e+01 
2.423280e+01 
2.416959e+01 
2.403860e+01 
2.399897e+01 
2.399897e+01 
2.399897e+01 
2.399897e+01 
2.391420e+01 
2.391420e+01 
2.391420e+01 
2.391420e+01 
2.391420e+01 
2.391420e+01 
2.390847e+01 
2.390847e+01 
2.390450e+01 
2.390450e+01 
2.390127e+01 
2.389682e+01 
2.389378e+01 
2.389378e+01 
2.389177e+01 
2.389177e+01 
2.389029e+01 
2.389029e+01 
2.389005e+01 
2.388916e+01 
2.388916e+01 
2.388568e+01 
2.388554e+01 
2.388554e+01 
2.388501e+01 
2.388414e+01 
2.388342e+01 
2.388342e+01 
2.388342e+01 
2.388294e+01 
2.388188e+01 
2.388187e+01 
2.388147e+01 
2.388111e+01 
2.388090e+01 
2.388045e+01 
2.388024e+01 
2.388024e+01 
2.388018e+01 
2.388006e+01 
2.388006e+01 
2.387998e+01 
2.387974e+01 
2.387974e+01 
2.387974e+01 
2.387964e+01 
2.387961e+01 
2.387961e+01 
2.387946e+01 
2.387940e+01 
2.387937e+01 
2.387933e+01 
2.387929e+01 
2.387927e+01 
2.387922e+01 
2.387917e+01 
2.387917e+01 
2.387917e+01 
2.387914e+01 
2.387914e+01 
2.387914e+01 
2.387914e+01 
2.387914e+01 
2.387912e+01 
2.387911e+01 
2.387911e+01 
2.387910e+01 
2.387910e+01 
2.387909e+01 
2.387909e+01 
2.387909e+01 
2.387907e+01 
2.387907e+01 
2.387906e+01 
2.387905e+01 
2.387905e+01 
2.387904e+01 
2.387904e+01 
2.387903e+01 
2.387903e+01 
2.387903e+01 
2.387903e+01 
2.387902e+01 
2.387902e+01 
2.387902e+01 
2.387901e+01 
2.387901e+01 
2.387901e+01 
2.387901e+01 
2.387901e+01 
2.387901e+01 
2.387901e+01 
2.387901e+01 
2.387901e+01 
2.387901e+01 
2.387900e+01 
2.387900e+01 
2.387900e+01 
2.387900e+01 
2.387900e+01 
2.387900e+01 
2.387900e+01 
2.387900e+01 
2.387900e+01 
2.387900e+01 
2.387900e+01 
2.387900e+01 
2.387900e+01 
2.387900e+01 
2.387900e+01 
2.387900e+01 
2.387900e+01 
2.387900e+01 
2.387900e+01 
2.387900e+01 
2.387900e+01 
2.387900e+01 
2.387900e+01 
2.387900e+01 
2.387900e+01 
2.387900e+01 
2.387900e+01 
2.387900e+01 
2.387900e+01 
2.387900e+01 
2.387900e+01 
2.387900e+01 
2.387900e+01 
2.387900e+01 
2.387900e+01 
2.387900e+01 
2.387900e+01 
2.387900e+01 
2.387900e+01 
2.387900e+01 
2.387900e+01 
2.387900e+01 
2.387900e+01 
2.387900e+01 
2.387900e+01 
2.387900e+01 
2.387900e+01 
2.387900e+01 
2.387900e+01 
2.387900e+01 
2.387900e+01 
2.387900e+01 
2.387900e+01 
2.387900e+01 
2.387900e+01 
2.387900e+01 
2.387900e+01 
2.387900e+01 
2.387900e+01 
2.387900e+01 
2.387900e+01 
2.387900e+01 
2.387900e+01 
2.387900e+01 
2.387900e+01 
2.387900e+01 
2.387900e+01 
2.387900e+01 
2.387900e+01 
2.387900e+01 
2.387900e+01 
2.387900e+01 
2.387900e+01 
2.387900e+01 
2.387900e+01 
2.387900e+01 
2.387900e+01 
2.387900e+01 
2.387900e+01 
2.387900e+01 
2.387900e+01 
2.387900e+01 
2.387900e+01 
2.387900e+01 
2.387900e+01 
2.387900e+01 
2.387900e+01 
2.387900e+01 
2.387900e+01 
2.387900e+01 
2.387900e+01 
2.387900e+01 
2.387900e+01 
2.387900e+01 
2.387900e+01 
2.387900e+01 
2.387900e+01 
2.387900e+01 
2.387900e+01 
2.387900e+01 
2.387900e+01 
2.387900e+01 
2.387900e+01 
2.387900e+01 
2.387900e+01 
2.387900e+01 
2.387900e+01 
2.387900e+01 
2.387900e+01 
2.387900e+01 
2.387900e+01 
2.387900e+01 
2.387900e+01 
2.387900e+01 
2.387900e+01 
2.387900e+01 
2.387900e+01 
2.387900e+01 
2.387900e+01 
2.387900e+01 
2.387900e+01 
2.387900e+01 
2.387900e+01 
2.387900e+01 
2.387900e+01 
2.387900e+01 
2.387900e+01 
2.387900e+01 
2.387900e+01 
2.387900e+01 
2.387900e+01 
2.387900e+01 
2.387900e+01 
2.387900e+01 
2.387900e+01 
2.387900e+01 
2.387900e+01 
2.387900e+01 
2.387900e+01 
2.387900e+01 
2.387900e+01 
2.387900e+01 
2.387900e+01 
2.387900e+01 
2.387900e+01 
2.387900e+01 
2.387900e+01 
2.387900e+01 
2.387900e+01 
2.387900e+01 
2.387900e+01 
2.387900e+01 
2.387900e+01 
2.387900e+01 
2.387900e+01 
2.387900e+01 
2.387900e+01 
2.387900e+01 
2.387900e+01 
2.387900e+01 
2.387900e+01 
2.387900e+01 
2.387900e+01 
2.387900e+01 
2.387900e+01 
2.387900e+01 
2.387900e+01 
2.387900e+01 
2.387900e+01 
2.387900e+01 
2.387900e+01 
2.387900e+01 
2.387900e+01 
2.387900e+01 
2.387900e+01 
2.387900e+01 
2.387900e+01 
2.387900e+01 
2.387900e+01 
2.387900e+01 
2.387900e+01 
2.387900e+01 
2.387900e+01 
2.387900e+01 
2.387900e+01 
2.387900e+01 
2.387900e+01 
2.387900e+01 
2.387900e+01 
2.387900e+01 
2.387900e+01 
2.387900e+01 
2.387900e+01 
2.387900e+01 
2.387900e+01 
2.387900e+01 
2.387900e+01 
2.387900e+01 
2.387900e+01 
2.387900e+01 
2.387900e+01 
2.387900e+01 
2.387900e+01 
2.387900e+01 
2.387900e+01 
2.387900e+01 
2.387900e+01 
2.387900e+01 
2.387900e+01 
2.387900e+01 
2.387900e+01 
2.387900e+01 
2.387900e+01 
2.387900e+01 
2.387900e+01 
2.387900e+01 
2.387900e+01 
2.387900e+01 
2.387900e+01 
2.387900e+01 
2.387900e+01 
2.387900e+01 
2.387900e+01 
2.387900e+01 
2.387900e+01 
2.387900e+01 
2.387900e+01 
2.387900e+01 
2.387900e+01 
2.387900e+01 
2.387900e+01 
2.387900e+01 
2.387900e+01 
2.387900e+01 
2.387900e+01 
2.387900e+01 
2.387900e+01 
2.387900e+01 
2.387900e+01 
2.387900e+01 
2.387900e+01 
2.387900e+01 
2.387900e+01 
2.387900e+01 
2.387900e+01 
2.387900e+01 
2.387900e+01 
2.387900e+01 
2.387900e+01 
2.387900e+01 
2.387900e+01 
2.387900e+01 
2.387900e+01 
2.387900e+01 
2.387900e+01 
2.387900e+01 
2.387900e+01 
2.387900e+01 
2.387900e+01 
2.387900e+01 
2.387900e+01 
2.387900e+01 
2.387900e+01 
2.387900e+01 
2.387900e+01 
2.387900e+01 
2.387900e+01 
2.387900e+01 
2.387900e+01 
2.387900e+01 
2.387900e+01 
2.387900e+01 
2.387900e+01 
2.387900e+01 
2.387900e+01 
2.387900e+01 
2.387900e+01 
2.387900e+01 
2.387900e+01 
2.387900e+01 
2.387900e+01 
2.387900e+01 
2.387900e+01 
2.387900e+01 
2.387900e+01 
2.387900e+01 
2.387900e+01 
2.387900e+01 
2.387900e+01 
2.387900e+01 
2.387900e+01 
2.387900e+01 
2.387900e+01 
2.387900e+01 
2.387900e+01 
2.387900e+01 
2.387900e+01 
2.387900e+01 
2.387900e+01 
2.387900e+01 
2.387900e+01 
2.387900e+01 
2.387900e+01 
2.387900e+01 
2.387900e+01 
2.387900e+01 
2.387900e+01 
2.387900e+01 
2.387900e+01 
2.387900e+01 
2.387900e+01 
2.387900e+01 
2.387900e+01 
2.387900e+01 
2.387900e+01 
2.387900e+01 
2.387900e+01 
2.387900e+01 
2.387900e+01 
2.387900e+01 
2.387900e+01 
2.387900e+01 
2.387900e+01 
2.387900e+01 
2.387900e+01 
2.387900e+01 
2.387900e+01 
2.387900e+01 
2.387900e+01 
2.387900e+01 
2.387900e+01 
2.387900e+01 
2.387900e+01 
2.387900e+01 
2.387900e+01 
2.387900e+01 
2.387900e+01 
2.387900e+01 
2.387900e+01 
2.387900e+01 
2.387900e+01 
2.387900e+01 
2.387900e+01 
2.387900e+01 
2.387900e+01 
2.387900e+01 
2.387900e+01 
2.387900e+01 
2.387900e+01 
2.387900e+01 
2.387900e+01 
2.387900e+01 
2.387900e+01 
2.387900e+01 
2.387900e+01 
2.387900e+01 
2.387900e+01 
2.387900e+01 
2.387900e+01 
2.387900e+01 
2.387900e+01 
2.387900e+01 
2.387900e+01 
2.387900e+01 
2.387900e+01 
2.387900e+01 
2.387900e+01 
2.387900e+01 
2.387900e+01 
2.387900e+01 
2.387900e+01 
2.387900e+01 
2.387900e+01 
2.387900e+01 
2.387900e+01 
2.387900e+01 
2.387900e+01 
2.387900e+01 
2.387900e+01 
2.387900e+01 
2.387900e+01 
2.387900e+01 
2.387900e+01 
2.387900e+01 
2.387900e+01 
2.387900e+01 
2.387900e+01 
2.387900e+01 
2.387900e+01 
2.387900e+01 
2.387900e+01 
2.387900e+01 
2.387900e+01 
2.387900e+01 
2.387900e+01 
2.387900e+01 
2.387900e+01 
2.387900e+01 
2.387900e+01 
2.387900e+01 
2.387900e+01 
2.387900e+01 
2.387900e+01 
2.387900e+01 
2.387900e+01 
2.387900e+01 
2.387900e+01 
2.387900e+01 
2.387900e+01 
2.387900e+01 
2.387900e+01 
2.387900e+01 
2.387900e+01 
2.387900e+01 
2.387900e+01 
2.387900e+01 
2.387900e+01 
2.387900e+01 
2.387900e+01 
2.387900e+01 
2.387900e+01 
2.387900e+01 
2.387900e+01 
2.387900e+01 
2.387900e+01 
2.387900e+01 
2.387900e+01 
2.387900e+01 
2.387900e+01 
2.387900e+01 
2.387900e+01 
2.387900e+01 
2.387900e+01 
2.387900e+01 
2.387900e+01 
2.387900e+01 
2.387900e+01 
2.387900e+01 
2.387900e+01 
2.387900e+01 
2.387900e+01 
2.387900e+01 
2.387900e+01 
2.387900e+01 
2.387900e+01 
2.387900e+01 
2.387900e+01 
2.387900e+01 
2.387900e+01 
2.387900e+01 
2.387900e+01 
2.387900e+01 
2.387900e+01 
2.387900e+01 
2.387900e+01 
2.387900e+01 
2.387900e+01 
2.387900e+01 
2.387900e+01 
2.387900e+01 
2.387900e+01 
2.387900e+01 
2.387900e+01 
2.387900e+01 
2.387900e+01 
2.387900e+01 
2.387900e+01 
2.387900e+01 
2.387900e+01 
2.387900e+01 
2.387900e+01 
2.387900e+01 
2.387900e+01 
2.387900e+01 
2.387900e+01 
2.387900e+01 
2.387900e+01 
2.387900e+01 
2.387900e+01 
2.387900e+01 
2.387900e+01 
2.387900e+01 
2.387900e+01 
2.387900e+01 
2.387900e+01 
2.387900e+01 
2.387900e+01 
2.387900e+01 
2.387900e+01 
2.387900e+01 
2.387900e+01 
2.387900e+01 
2.387900e+01 
2.387900e+01 
2.387900e+01 
2.387900e+01 
2.387900e+01 
2.387900e+01 
2.387900e+01 
2.387900e+01 
2.387900e+01 
2.387900e+01 
2.387900e+01 
2.387900e+01 
2.387900e+01 
2.387900e+01 
2.387900e+01 
2.387900e+01 
2.387900e+01 
2.387900e+01 
2.387900e+01 
2.387900e+01 
2.387900e+01 
2.387900e+01 
2.387900e+01 
2.387900e+01 
2.387900e+01 
2.387900e+01 
2.387900e+01 
2.387900e+01 
2.387900e+01 
2.387900e+01 
2.387900e+01 
2.387900e+01 
2.387900e+01 
2.387900e+01 
2.387900e+01 
2.387900e+01 
2.387900e+01 
2.387900e+01 
2.387900e+01 
2.387900e+01 
2.387900e+01 
2.387900e+01 
2.387900e+01 
2.387900e+01 
2.387900e+01 
2.387900e+01 
2.387900e+01 
2.387900e+01 
2.387900e+01 
2.387900e+01 
2.387900e+01 
2.387900e+01 
2.387900e+01 
2.387900e+01 
2.387900e+01 
2.387900e+01 
2.387900e+01 
2.387900e+01 
2.387900e+01 
2.387900e+01 
2.387900e+01 
2.387900e+01 
2.387900e+01 
2.387900e+01 
2.387900e+01 
2.387900e+01 
2.387900e+01 
2.387900e+01 
2.387900e+01 
2.387900e+01 
2.387900e+01 
2.387900e+01 
2.387900e+01 
2.387900e+01 
2.387900e+01 
2.387900e+01 
2.387900e+01 
2.387900e+01 
2.387900e+01 
2.387900e+01 
2.387900e+01 
2.387900e+01 
2.387900e+01 
2.387900e+01 
2.387900e+01 
2.387900e+01 
2.387900e+01 
2.387900e+01 
2.387900e+01 
2.387900e+01 
2.387900e+01 
2.387900e+01 
2.387900e+01 
2.387900e+01 
2.387900e+01 
2.387900e+01 
2.387900e+01 
2.387900e+01 
2.387900e+01 
2.387900e+01 
2.387900e+01 
2.387900e+01 
2.387900e+01 
2.387900e+01 
2.387900e+01 
2.387900e+01 
2.387900e+01 
2.387900e+01 
2.387900e+01 
2.387900e+01 
2.387900e+01 
2.387900e+01 
2.387900e+01 
2.387900e+01 
2.387900e+01 
2.387900e+01 
2.387900e+01 
2.387900e+01 
2.387900e+01 
2.387900e+01 
2.387900e+01 
2.387900e+01 
2.387900e+01 
2.387900e+01 
2.387900e+01 
2.387900e+01 
2.387900e+01 
2.387900e+01 
2.387900e+01 
2.387900e+01 
2.387900e+01 
2.387900e+01 
2.387900e+01 
2.387900e+01 
2.387900e+01 
2.387900e+01 
2.387900e+01 
2.387900e+01 
2.387900e+01 
2.387900e+01 
2.387900e+01 
2.387900e+01 
2.387900e+01 
2.387900e+01 
2.387900e+01 
2.387900e+01 
2.387900e+01 
2.387900e+01 
2.387900e+01 
2.387900e+01 
2.387900e+01 
2.387900e+01 
2.387900e+01 
2.387900e+01 
2.387900e+01 
2.387900e+01 
2.387900e+01 
2.387900e+01 
2.387900e+01 
2.387900e+01 
2.387900e+01 
2.387900e+01 
2.387900e+01 
2.387900e+01 
2.387900e+01 
2.387900e+01 
2.387900e+01 
2.387900e+01 
2.387900e+01 
2.387900e+01 
2.387900e+01 
2.387900e+01 
2.387900e+01 
2.387900e+01 
2.387900e+01 
2.387900e+01 
2.387900e+01 
2.387900e+01 
2.387900e+01 
2.387900e+01 
2.387900e+01 
2.387900e+01 
2.387900e+01 
2.387900e+01 
2.387900e+01 
2.387900e+01 
2.387900e+01 
2.387900e+01 
2.387900e+01 
2.387900e+01 
2.387900e+01 
2.387900e+01 
2.387900e+01 
2.387900e+01 
2.387900e+01 
2.387900e+01 
2.387900e+01 
2.387900e+01 
2.387900e+01 
2.387900e+01 
2.387900e+01 
2.387900e+01 
2.387900e+01 
2.387900e+01 
2.387900e+01 
2.387900e+01 
2.387900e+01 
2.387900e+01 
2.387900e+01 
2.387900e+01 
2.387900e+01 
2.387900e+01 
2.387900e+01 
2.387900e+01 
2.387900e+01 
2.387900e+01 
2.387900e+01 
2.387900e+01 
2.387900e+01 
2.387900e+01 
2.387900e+01 
2.387900e+01 
2.387900e+01 
2.387900e+01 
2.387900e+01 
2.387900e+01 
2.387900e+01 
2.387900e+01 
2.387900e+01 
2.387900e+01 
2.387900e+01 
2.387900e+01 
2.387900e+01 
2.387900e+01 
2.387900e+01 
2.387900e+01 
2.387900e+01 
2.387900e+01 
2.387900e+01 
2.387900e+01 
2.387900e+01 
2.387900e+01 
2.387900e+01 
2.387900e+01 
2.387900e+01 
2.387900e+01 
2.387900e+01 
2.387900e+01 
2.387900e+01 
2.387900e+01 
2.387900e+01 
2.387900e+01 
2.387900e+01 
2.387900e+01 
2.387900e+01 
2.387900e+01 
2.387900e+01 
2.387900e+01 
2.387900e+01 
2.387900e+01 
2.387900e+01 
2.387900e+01 
2.387900e+01 
2.387900e+01 
2.387900e+01 
2.387900e+01 
2.387900e+01 
2.387900e+01 
2.387900e+01 
2.387900e+01 
2.387900e+01 
2.387900e+01 
2.387900e+01 
2.387900e+01 
2.387900e+01 
2.387900e+01 
2.387900e+01 
2.387900e+01 
2.387900e+01 
2.387900e+01 
2.387900e+01 
2.387900e+01 
2.387900e+01 
2.387900e+01 
2.387900e+01 
2.387900e+01 
2.387900e+01 
2.387900e+01 
2.387900e+01 
2.387900e+01 
2.387900e+01 
2.387900e+01 
2.387900e+01 
2.387900e+01 
2.387900e+01 
2.387900e+01 
2.387900e+01 
2.387900e+01 
2.387900e+01 
2.387900e+01 
2.387900e+01 
2.387900e+01 
2.387900e+01 
2.387900e+01 
2.387900e+01 
2.387900e+01 
2.387900e+01 
2.387900e+01 
2.387900e+01 
2.387900e+01 
2.387900e+01 
2.387900e+01 
2.387900e+01 
2.387900e+01 
2.387900e+01 
2.387900e+01 
2.387900e+01 
2.387900e+01 
2.387900e+01 
2.387900e+01 
2.387900e+01 
2.387900e+01 
2.387900e+01 
2.387900e+01 
2.387900e+01 
2.387900e+01 
2.387900e+01 
2.387900e+01 
2.387900e+01 
2.387900e+01 
2.387900e+01 
2.387900e+01 
2.387900e+01 
2.387900e+01 
2.387900e+01 
2.387900e+01 
2.387900e+01 
2.387900e+01 
2.387900e+01 
2.387900e+01 
2.387900e+01 
2.387900e+01 
2.387900e+01 
2.387900e+01 
2.387900e+01 
2.387900e+01 
2.387900e+01 
2.387900e+01 
2.387900e+01 
2.387900e+01 
2.387900e+01 
2.387900e+01 
2.387900e+01 
2.387900e+01 
2.387900e+01 
2.387900e+01 
2.387900e+01 
2.387900e+01 
2.387900e+01 
2.387900e+01 
2.387900e+01 
2.387900e+01 
2.387900e+01 
2.387900e+01 
2.387900e+01 
2.387900e+01 
2.387900e+01 
2.387900e+01 
2.387900e+01 
2.387900e+01 
2.387900e+01 
2.387900e+01 
2.387900e+01 
2.387900e+01 
2.387900e+01 
2.387900e+01 
2.387900e+01 
2.387900e+01 
2.387900e+01 
2.387900e+01 
2.387900e+01 
2.387900e+01 
2.387900e+01 
2.387900e+01 
2.387900e+01 
2.387900e+01 
2.387900e+01 
2.387900e+01 
2.387900e+01 
2.387900e+01 
2.387900e+01 
2.387900e+01 
2.387900e+01 
2.387900e+01 
2.387900e+01 
2.387900e+01 
2.387900e+01 
2.387900e+01 
2.387900e+01 
2.387900e+01 
2.387900e+01 
2.387900e+01 
2.387900e+01 
2.387900e+01 
2.387900e+01 
2.387900e+01 
2.387900e+01 
2.387900e+01 
2.387900e+01 
2.387900e+01 
2.387900e+01 
2.387900e+01 
2.387900e+01 
2.387900e+01 
2.387900e+01 
2.387900e+01 
2.387900e+01 
2.387900e+01 
2.387900e+01 
2.387900e+01 
2.387900e+01 
2.387900e+01 
2.387900e+01 
2.387900e+01 
2.387900e+01 
2.387900e+01 
2.387900e+01 
2.387900e+01 
2.387900e+01 
2.387900e+01 
2.387900e+01 
2.387900e+01 
2.387900e+01 
2.387900e+01 
2.387900e+01 
2.387900e+01 
2.387900e+01 
2.387900e+01 
2.387900e+01 
2.387900e+01 
2.387900e+01 
2.387900e+01 
2.387900e+01 
2.387900e+01 
2.387900e+01 
2.387900e+01 
2.387900e+01 
2.387900e+01 
2.387900e+01 
2.387900e+01 
2.387900e+01 
2.387900e+01 
2.387900e+01 
2.387900e+01 
2.387900e+01 
2.387900e+01 
2.387900e+01 
2.387900e+01 
2.387900e+01 
2.387900e+01 
2.387900e+01 
2.387900e+01 
2.387900e+01 
2.387900e+01 
2.387900e+01 
2.387900e+01 
2.387900e+01 
2.387900e+01 
2.387900e+01 
2.387900e+01 
2.387900e+01 
2.387900e+01 
2.387900e+01 
2.387900e+01 
2.387900e+01 
2.387900e+01 
2.387900e+01 
2.387900e+01 
2.387900e+01 
2.387900e+01 
2.387900e+01 
2.387900e+01 
2.387900e+01 
2.387900e+01 
2.387900e+01 
2.387900e+01 
2.387900e+01 
2.387900e+01 
2.387900e+01 
2.387900e+01 
2.387900e+01 
2.387900e+01 
2.387900e+01 
2.387900e+01 
2.387900e+01 
2.387900e+01 
2.387900e+01 
2.387900e+01 
2.387900e+01 
2.387900e+01 
2.387900e+01 
2.387900e+01 
2.387900e+01 
2.387900e+01 
2.387900e+01 
2.387900e+01 
2.387900e+01 
2.387900e+01 
2.387900e+01 
2.387900e+01 
2.387900e+01 
2.387900e+01 
2.387900e+01 
2.387900e+01 
2.387900e+01 
2.387900e+01 
2.387900e+01 
2.387900e+01 
2.387900e+01 
2.387900e+01 
2.387900e+01 
2.387900e+01 
2.387900e+01 
2.387900e+01 
2.387900e+01 
2.387900e+01 
2.387900e+01 
2.387900e+01 
2.387900e+01 
2.387900e+01 
2.387900e+01 
2.387900e+01 
2.387900e+01 
2.387900e+01 
2.387900e+01 
2.387900e+01 
2.387900e+01 
2.387900e+01 
2.387900e+01 
2.387900e+01 
2.387900e+01 
2.387900e+01 
2.387900e+01 
2.387900e+01 
2.387900e+01 
2.387900e+01 
2.387900e+01 
2.387900e+01 
2.387900e+01 
2.387900e+01 
2.387900e+01 
2.387900e+01 
2.387900e+01 
2.387900e+01 
2.387900e+01 
2.387900e+01 
2.387900e+01 
2.387900e+01 
2.387900e+01 
2.387900e+01 
2.387900e+01 
2.387900e+01 
2.387900e+01 
2.387900e+01 
2.387900e+01 
2.387900e+01 
2.387900e+01 
2.387900e+01 
2.387900e+01 
2.387900e+01 
2.387900e+01 
2.387900e+01 
2.387900e+01 
2.387900e+01 
2.387900e+01 
2.387900e+01 
2.387900e+01 
2.387900e+01 
2.387900e+01 
2.387900e+01 
2.387900e+01 
2.387900e+01 
2.387900e+01 
2.387900e+01 
2.387900e+01 
2.387900e+01 
2.387900e+01 
2.387900e+01 
2.387900e+01 
2.387900e+01 
2.387900e+01 
2.387900e+01 
2.387900e+01 
2.387900e+01 
2.387900e+01 
2.387900e+01 
2.387900e+01 
2.387900e+01 
2.387900e+01 
2.387900e+01 
2.387900e+01 
2.387900e+01 
2.387900e+01 
2.387900e+01 
2.387900e+01 
2.387900e+01 
2.387900e+01 
2.387900e+01 
2.387900e+01 
2.387900e+01 
2.387900e+01 
2.387900e+01 
2.387900e+01 
2.387900e+01 
2.387900e+01 
2.387900e+01 
2.387900e+01 
2.387900e+01 
2.387900e+01 
2.387900e+01 
2.387900e+01 
2.387900e+01 
2.387900e+01 
2.387900e+01 
2.387900e+01 
2.387900e+01 
2.387900e+01 
2.387900e+01 
2.387900e+01 
2.387900e+01 
2.387900e+01 
2.387900e+01 
2.387900e+01 
2.387900e+01 
2.387900e+01 
2.387900e+01 
2.387900e+01 
2.387900e+01 
2.387900e+01 
2.387900e+01 
2.387900e+01 
2.387900e+01 
2.387900e+01 
2.387900e+01 
2.387900e+01 
2.387900e+01 
2.387900e+01 
2.387900e+01 
2.387900e+01 
2.387900e+01 
2.387900e+01 
2.387900e+01 
2.387900e+01 
2.387900e+01 
2.387900e+01 
2.387900e+01 
2.387900e+01 
2.387900e+01 
2.387900e+01 
2.387900e+01 
2.387900e+01 
2.387900e+01 
2.387900e+01 
2.387900e+01 
2.387900e+01 
2.387900e+01 
2.387900e+01 
2.387900e+01 
2.387900e+01 
2.387900e+01 
2.387900e+01 
2.387900e+01 
2.387900e+01 
2.387900e+01 
2.387900e+01 
2.387900e+01 
2.387900e+01 
2.387900e+01 
2.387900e+01 
2.387900e+01 
2.387900e+01 
2.387900e+01 
2.387900e+01 
2.387900e+01 
2.387900e+01 
2.387900e+01 
2.387900e+01 
2.387900e+01 
2.387900e+01 
2.387900e+01 
2.387900e+01 
2.387900e+01 
2.387900e+01 
2.387900e+01 
2.387900e+01 
2.387900e+01 
2.387900e+01 
2.387900e+01 
2.387900e+01 
2.387900e+01 
2.387900e+01 
2.387900e+01 
2.387900e+01 
2.387900e+01 
2.387900e+01 
2.387900e+01 
2.387900e+01 
2.387900e+01 
2.387900e+01 
2.387900e+01 
2.387900e+01 
2.387900e+01 
2.387900e+01 
2.387900e+01 
2.387900e+01 
2.387900e+01 
2.387900e+01 
2.387900e+01 
2.387900e+01 
2.387900e+01 
2.387900e+01 
2.387900e+01 
2.387900e+01 
2.387900e+01 
2.387900e+01 
2.387900e+01 
2.387900e+01 
2.387900e+01 
2.387900e+01 
2.387900e+01 
2.387900e+01 
2.387900e+01 
2.387900e+01 
2.387900e+01 
2.387900e+01 
2.387900e+01 
2.387900e+01 
2.387900e+01 
2.387900e+01 
2.387900e+01 
2.387900e+01 
2.387900e+01 
2.387900e+01 
2.387900e+01 
2.387900e+01 
2.387900e+01 
2.387900e+01 
2.387900e+01 
2.387900e+01 
2.387900e+01 
2.387900e+01 
2.387900e+01 
2.387900e+01 
2.387900e+01 
2.387900e+01 
2.387900e+01 
2.387900e+01 
2.387900e+01 
2.387900e+01 
2.387900e+01 
2.387900e+01 
2.387900e+01 
2.387900e+01 
2.387900e+01 
2.387900e+01 
2.387900e+01 
2.387900e+01 
2.387900e+01 
2.387900e+01 
2.387900e+01 
2.387900e+01 
2.387900e+01 
2.387900e+01 
2.387900e+01 
2.387900e+01 
2.387900e+01 
2.387900e+01 
2.387900e+01 
2.387900e+01 
2.387900e+01 
2.387900e+01 
2.387900e+01 
2.387900e+01 
2.387900e+01 
2.387900e+01 
2.387900e+01 
2.387900e+01 
2.387900e+01 
2.387900e+01 
2.387900e+01 
2.387900e+01 
2.387900e+01 
2.387900e+01 
2.387900e+01 
2.387900e+01 
2.387900e+01 
2.387900e+01 
2.387900e+01 
2.387900e+01 
2.387900e+01 
2.387900e+01 
2.387900e+01 
2.387900e+01 
2.387900e+01 
2.387900e+01 
2.387900e+01 
2.387900e+01 
2.387900e+01 
2.387900e+01 
2.387900e+01 
2.387900e+01 
2.387900e+01 
2.387900e+01 
2.387900e+01 
2.387900e+01 
2.387900e+01 
2.387900e+01 
2.387900e+01 
2.387900e+01 
2.387900e+01 
2.387900e+01 
2.387900e+01 
2.387900e+01 
2.387900e+01 
2.387900e+01 
2.387900e+01 
2.387900e+01 
2.387900e+01 
2.387900e+01 
2.387900e+01 
2.387900e+01 
2.387900e+01 
2.387900e+01 
2.387900e+01 
2.387900e+01 
2.387900e+01 
2.387900e+01 
2.387900e+01 
2.387900e+01 
2.387900e+01 
2.387900e+01 
2.387900e+01 
2.387900e+01 
2.387900e+01 
2.387900e+01 
2.387900e+01 
2.387900e+01 
2.387900e+01 
2.387900e+01 
2.387900e+01 
2.387900e+01 
2.387900e+01 
2.387900e+01 
2.387900e+01 
2.387900e+01 
2.387900e+01 
2.387900e+01 
2.387900e+01 
2.387900e+01 
2.387900e+01 
2.387900e+01 
2.387900e+01 
2.387900e+01 
2.387900e+01 
2.387900e+01 
2.387900e+01 
2.387900e+01 
2.387900e+01 
2.387900e+01 
2.387900e+01 
2.387900e+01 
2.387900e+01 
2.387900e+01 
2.387900e+01 
2.387900e+01 
2.387900e+01 
2.387900e+01 
2.387900e+01 
2.387900e+01 
2.387900e+01 
2.387900e+01 
2.387900e+01 
2.387900e+01 
2.387900e+01 
2.387900e+01 
2.387900e+01 
2.387900e+01 
2.387900e+01 
2.387900e+01 
2.387900e+01 
2.387900e+01 
2.387900e+01 
2.387900e+01 
2.387900e+01 
2.387900e+01 
2.387900e+01 
2.387900e+01 
2.387900e+01 
2.387900e+01 
2.387900e+01 
2.387900e+01 
2.387900e+01 
2.387900e+01 
2.387900e+01 
2.387900e+01 
2.387900e+01 
2.387900e+01 
2.387900e+01 
2.387900e+01 
2.387900e+01 
2.387900e+01 
2.387900e+01 
2.387900e+01 
2.387900e+01 
2.387900e+01 
2.387900e+01 
2.387900e+01 
2.387900e+01 
2.387900e+01 
2.387900e+01 
2.387900e+01 
2.387900e+01 
2.387900e+01 
2.387900e+01 
2.387900e+01 
2.387900e+01 
2.387900e+01 
2.387900e+01 
2.387900e+01 
2.387900e+01 
2.387900e+01 
2.387900e+01 
2.387900e+01 
2.387900e+01 
2.387900e+01 
2.387900e+01 
2.387900e+01 
2.387900e+01 
2.387900e+01 
2.387900e+01 
2.387900e+01 
2.387900e+01 
2.387900e+01 
2.387900e+01 
2.387900e+01 
2.387900e+01 
2.387900e+01 
2.387900e+01 
2.387900e+01 
2.387900e+01 
2.387900e+01 
2.387900e+01 
2.387900e+01 
2.387900e+01 
2.387900e+01 
2.387900e+01 
2.387900e+01 
2.387900e+01 
2.387900e+01 
2.387900e+01 
2.387900e+01 
2.387900e+01 
2.387900e+01 
2.387900e+01 
2.387900e+01 
2.387900e+01 
2.387900e+01 
2.387900e+01 
2.387900e+01 
2.387900e+01 
2.387900e+01 
2.387900e+01 
2.387900e+01 
2.387900e+01 
2.387900e+01 
2.387900e+01 
2.387900e+01 
2.387900e+01 
2.387900e+01 
2.387900e+01 
2.387900e+01 
2.387900e+01 
2.387900e+01 
2.387900e+01 
2.387900e+01 
2.387900e+01 
2.387900e+01 
2.387900e+01 
2.387900e+01 
2.387900e+01 
2.387900e+01 
2.387900e+01 
2.387900e+01 
2.387900e+01 
2.387900e+01 
2.387900e+01 
2.387900e+01 
2.387900e+01 
2.387900e+01 
2.387900e+01 
2.387900e+01 
2.387900e+01 
2.387900e+01 
2.387900e+01 
2.387900e+01 
2.387900e+01 
2.387900e+01 
2.387900e+01 
2.387900e+01 
2.387900e+01 
2.387900e+01 
2.387900e+01 
2.387900e+01 
2.387900e+01 
2.387900e+01 
2.387900e+01 
2.387900e+01 
2.387900e+01 
2.387900e+01 
2.387900e+01 
2.387900e+01 
2.387900e+01 
2.387900e+01 
2.387900e+01 
2.387900e+01 
2.387900e+01 
2.387900e+01 
2.387900e+01 
2.387900e+01 
2.387900e+01 
2.387900e+01 
2.387900e+01 
2.387900e+01 
2.387900e+01 
2.387900e+01 
2.387900e+01 
2.387900e+01 
2.387900e+01 
2.387900e+01 
2.387900e+01 
2.387900e+01 
2.387900e+01 
2.387900e+01 
2.387900e+01 
2.387900e+01 
2.387900e+01 
2.387900e+01 
2.387900e+01 
2.387900e+01 
2.387900e+01 
2.387900e+01 
2.387900e+01 
2.387900e+01 
2.387900e+01 
2.387900e+01 
2.387900e+01 
2.387900e+01 
2.387900e+01 
2.387900e+01 
2.387900e+01 
2.387900e+01 
2.387900e+01 
2.387900e+01 
2.387900e+01 
2.387900e+01 
2.387900e+01 
2.387900e+01 
2.387900e+01 
2.387900e+01 
2.387900e+01 
2.387900e+01 
2.387900e+01 
2.387900e+01 
2.387900e+01 
2.387900e+01 
2.387900e+01 
2.387900e+01 
2.387900e+01 
2.387900e+01 
2.387900e+01 
2.387900e+01 
2.387900e+01 
2.387900e+01 
2.387900e+01 
2.387900e+01 
2.387900e+01 
2.387900e+01 
2.387900e+01 
2.387900e+01 
2.387900e+01 
2.387900e+01 
2.387900e+01 
2.387900e+01 
2.387900e+01 
2.387900e+01 
2.387900e+01 
2.387900e+01 
2.387900e+01 
2.387900e+01 
2.387900e+01 
2.387900e+01 
2.387900e+01 
2.387900e+01 
2.387900e+01 
2.387900e+01 
2.387900e+01 
2.387900e+01 
2.387900e+01 
2.387900e+01 
2.387900e+01 
2.387900e+01 
2.387900e+01 
2.387900e+01 
2.387900e+01 
2.387900e+01 
2.387900e+01 
2.387900e+01 
2.387900e+01 
2.387900e+01 
2.387900e+01 
2.387900e+01 
2.387900e+01 
2.387900e+01 
2.387900e+01 
2.387900e+01 
2.387900e+01 
2.387900e+01 
2.387900e+01 
2.387900e+01 
2.387900e+01 
2.387900e+01 
2.387900e+01 
2.387900e+01 
2.387900e+01 
2.387900e+01 
2.387900e+01 
2.387900e+01 
2.387900e+01 
2.387900e+01 
2.387900e+01 
2.387900e+01 
2.387900e+01 
2.387900e+01 
2.387900e+01 
2.387900e+01 
2.387900e+01 
2.387900e+01 
2.387900e+01 
2.387900e+01 
2.387900e+01 
2.387900e+01 
2.387900e+01 
2.387900e+01 
2.387900e+01 
2.387900e+01 
2.387900e+01 
2.387900e+01 
2.387900e+01 
2.387900e+01 
2.387900e+01 
2.387900e+01 
2.387900e+01 
2.387900e+01 
2.387900e+01 
2.387900e+01 
2.387900e+01 
2.387900e+01 
2.387900e+01 
2.387900e+01 
2.387900e+01 
2.387900e+01 
2.387900e+01 
2.387900e+01 
2.387900e+01 
2.387900e+01 
2.387900e+01 
2.387900e+01 
2.387900e+01 
2.387900e+01 
2.387900e+01 
2.387900e+01 
2.387900e+01 
2.387900e+01 
2.387900e+01 
2.387900e+01 
2.387900e+01 
2.387900e+01 
2.387900e+01 
2.387900e+01 
2.387900e+01 
2.387900e+01 
2.387900e+01 
2.387900e+01 
2.387900e+01 
2.387900e+01 
2.387900e+01 
2.387900e+01 
2.387900e+01 
2.387900e+01 
2.387900e+01 
2.387900e+01 
2.387900e+01 
2.387900e+01 
2.387900e+01 
2.387900e+01 
2.387900e+01 
2.387900e+01 
2.387900e+01 
2.387900e+01 
2.387900e+01 
2.387900e+01 
2.387900e+01 
2.387900e+01 
2.387900e+01 
2.387900e+01 
2.387900e+01 
2.387900e+01 
2.387900e+01 
2.387900e+01 
2.387900e+01 
2.387900e+01 
2.387900e+01 
2.387900e+01 
2.387900e+01 
2.387900e+01 
2.387900e+01 
2.387900e+01 
2.387900e+01 
2.387900e+01 
2.387900e+01 
2.387900e+01 
2.387900e+01 
2.387900e+01 
2.387900e+01 
2.387900e+01 
2.387900e+01 
2.387900e+01 
2.387900e+01 
2.387900e+01 
2.387900e+01 
2.387900e+01 
2.387900e+01 
2.387900e+01 
2.387900e+01 
2.387900e+01 
2.387900e+01 
2.387900e+01 
2.387900e+01 
2.387900e+01 
2.387900e+01 
2.387900e+01 
2.387900e+01 
2.387900e+01 
2.387900e+01 
2.387900e+01 
2.387900e+01 
2.387900e+01 
2.387900e+01 
2.387900e+01 
2.387900e+01 
2.387900e+01 
2.387900e+01 
2.387900e+01 
2.387900e+01 
2.387900e+01 
2.387900e+01 
2.387900e+01 
2.387900e+01 
2.387900e+01 
2.387900e+01 
2.387900e+01 
2.387900e+01 
2.387900e+01 
2.387900e+01 
2.387900e+01 
2.387900e+01 
2.387900e+01 
2.387900e+01 
2.387900e+01 
2.387900e+01 
2.387900e+01 
2.387900e+01 
2.387900e+01 
2.387900e+01 
2.387900e+01 
2.387900e+01 
2.387900e+01 
2.387900e+01 
2.387900e+01 
2.387900e+01 
2.387900e+01 
2.387900e+01 
2.387900e+01 
2.387900e+01 
2.387900e+01 
2.387900e+01 
2.387900e+01 
2.387900e+01 
2.387900e+01 
2.387900e+01 
2.387900e+01 
2.387900e+01 
2.387900e+01 
2.387900e+01 
2.387900e+01 
2.387900e+01 
2.387900e+01 
2.387900e+01 
2.387900e+01 
2.387900e+01 
2.387900e+01 
2.387900e+01 
2.387900e+01 
2.387900e+01 
2.387900e+01 
2.387900e+01 
2.387900e+01 
2.387900e+01 
2.387900e+01 
2.387900e+01 
2.387900e+01 
2.387900e+01 
2.387900e+01 
2.387900e+01 
2.387900e+01 
2.387900e+01 
2.387900e+01 
2.387900e+01 
2.387900e+01 
2.387900e+01 
2.387900e+01 
2.387900e+01 
2.387900e+01 
2.387900e+01 
2.387900e+01 
2.387900e+01 
2.387900e+01 
2.387900e+01 
2.387900e+01 
2.387900e+01 
2.387900e+01 
2.387900e+01 
2.387900e+01 
2.387900e+01 
2.387900e+01 
2.387900e+01 
2.387900e+01 
2.387900e+01 
2.387900e+01 
2.387900e+01 
2.387900e+01 
2.387900e+01 
2.387900e+01 
2.387900e+01 
2.387900e+01 
2.387900e+01 
2.387900e+01 
2.387900e+01 
2.387900e+01 
2.387900e+01 
2.387900e+01 
2.387900e+01 
2.387900e+01 
2.387900e+01 
2.387900e+01 
2.387900e+01 
2.387900e+01 
2.387900e+01 
2.387900e+01 
2.387900e+01 
2.387900e+01 
2.387900e+01 
2.387900e+01 
2.387900e+01 
2.387900e+01 
2.387900e+01 
2.387900e+01 
2.387900e+01 
2.387900e+01 
2.387900e+01 
2.387900e+01 
2.387900e+01 
2.387900e+01 
2.387900e+01 
2.387900e+01 
2.387900e+01 
2.387900e+01 
2.387900e+01 
2.387900e+01 
2.387900e+01 
2.387900e+01 
2.387900e+01 
2.387900e+01 
2.387900e+01 
2.387900e+01 
2.387900e+01 
2.387900e+01 
2.387900e+01 
2.387900e+01 
2.387900e+01 
2.387900e+01 
2.387900e+01 
2.387900e+01 
2.387900e+01 
2.387900e+01 
2.387900e+01 
2.387900e+01 
2.387900e+01 
2.387900e+01 
2.387900e+01 
2.387900e+01 
2.387900e+01 
2.387900e+01 
2.387900e+01 
2.387900e+01 
2.387900e+01 
2.387900e+01 
2.387900e+01 
2.387900e+01 
2.387900e+01 
2.387900e+01 
2.387900e+01 
2.387900e+01 
2.387900e+01 
2.387900e+01 
2.387900e+01 
2.387900e+01 
2.387900e+01 
2.387900e+01 
2.387900e+01 
2.387900e+01 
2.387900e+01 
2.387900e+01 
2.387900e+01 
2.387900e+01 
2.387900e+01 
2.387900e+01 
2.387900e+01 
2.387900e+01 
2.387900e+01 
2.387900e+01 
2.387900e+01 
2.387900e+01 
2.387900e+01 
2.387900e+01 
2.387900e+01 
2.387900e+01 
2.387900e+01 
2.387900e+01 
2.387900e+01 
2.387900e+01 
2.387900e+01 
2.387900e+01 
2.387900e+01 
2.387900e+01 
2.387900e+01 
2.387900e+01 
2.387900e+01 
2.387900e+01 
2.387900e+01 
2.387900e+01 
2.387900e+01 
2.387900e+01 
2.387900e+01 
2.387900e+01 
2.387900e+01 
2.387900e+01 
2.387900e+01 
2.387900e+01 
2.387900e+01 
2.387900e+01 
2.387900e+01 
2.387900e+01 
2.387900e+01 
2.387900e+01 
2.387900e+01 
2.387900e+01 
2.387900e+01 
2.387900e+01 
2.387900e+01 
2.387900e+01 
2.387900e+01 
2.387900e+01 
2.387900e+01 
2.387900e+01 
2.387900e+01 
2.387900e+01 
2.387900e+01 
2.387900e+01 
2.387900e+01 
2.387900e+01 
2.387900e+01 
2.387900e+01 
2.387900e+01 
2.387900e+01 
2.387900e+01 
2.387900e+01 
2.387900e+01 
2.387900e+01 
2.387900e+01 
2.387900e+01 
2.387900e+01 
2.387900e+01 
2.387900e+01 
2.387900e+01 
2.387900e+01 
2.387900e+01 
2.387900e+01 
2.387900e+01 
2.387900e+01 
2.387900e+01 
2.387900e+01 
2.387900e+01 
2.387900e+01 
2.387900e+01 
2.387900e+01 
2.387900e+01 
2.387900e+01 
2.387900e+01 
2.387900e+01 
2.387900e+01 
2.387900e+01 
2.387900e+01 
2.387900e+01 
2.387900e+01 
2.387900e+01 
2.387900e+01 
2.387900e+01 
2.387900e+01 
2.387900e+01 
2.387900e+01 
2.387900e+01 
2.387900e+01 
2.387900e+01 
2.387900e+01 
2.387900e+01 
2.387900e+01 
2.387900e+01 
2.387900e+01 
2.387900e+01 
2.387900e+01 
2.387900e+01 
2.387900e+01 
2.387900e+01 
2.387900e+01 
2.387900e+01 
2.387900e+01 
2.387900e+01 
2.387900e+01 
2.387900e+01 
2.387900e+01 
2.387900e+01 
2.387900e+01 
2.387900e+01 
2.387900e+01 
2.387900e+01 
2.387900e+01 
2.387900e+01 
2.387900e+01 
2.387900e+01 
2.387900e+01 
2.387900e+01 
2.387900e+01 
2.387900e+01 
2.387900e+01 
2.387900e+01 
2.387900e+01 
2.387900e+01 
2.387900e+01 
2.387900e+01 
2.387900e+01 
2.387900e+01 
2.387900e+01 
2.387900e+01 
2.387900e+01 
2.387900e+01 
2.387900e+01 
2.387900e+01 
2.387900e+01 
2.387900e+01 
2.387900e+01 
2.387900e+01 
2.387900e+01 
2.387900e+01 
2.387900e+01 
2.387900e+01 
2.387900e+01 
2.387900e+01 
2.387900e+01 
2.387900e+01 
2.387900e+01 
2.387900e+01 
2.387900e+01 
2.387900e+01 
2.387900e+01 
2.387900e+01 
2.387900e+01 
2.387900e+01 
2.387900e+01 
2.387900e+01 
2.387900e+01 
2.387900e+01 
2.387900e+01 
2.387900e+01 
2.387900e+01 
2.387900e+01 
2.387900e+01 
2.387900e+01 
2.387900e+01 
2.387900e+01 
2.387900e+01 
2.387900e+01 
2.387900e+01 
2.387900e+01 
2.387900e+01 
2.387900e+01 
2.387900e+01 
2.387900e+01 
2.387900e+01 
2.387900e+01 
2.387900e+01 
2.387900e+01 
2.387900e+01 
2.387900e+01 
2.387900e+01 
2.387900e+01 
2.387900e+01 
2.387900e+01 
2.387900e+01 
2.387900e+01 
2.387900e+01 
2.387900e+01 
2.387900e+01 
2.387900e+01 
2.387900e+01 
2.387900e+01 
2.387900e+01 
2.387900e+01 
2.387900e+01 
2.387900e+01 
2.387900e+01 
2.387900e+01 
2.387900e+01 
2.387900e+01 
2.387900e+01 
2.387900e+01 
2.387900e+01 
2.387900e+01 
2.387900e+01 
2.387900e+01 
2.387900e+01 
2.387900e+01 
2.387900e+01 
2.387900e+01 
2.387900e+01 
2.387900e+01 
2.387900e+01 
2.387900e+01 
2.387900e+01 
2.387900e+01 
2.387900e+01 
2.387900e+01 
2.387900e+01 
2.387900e+01 
2.387900e+01 
2.387900e+01 
2.387900e+01 
2.387900e+01 
2.387900e+01 
2.387900e+01 
2.387900e+01 
2.387900e+01 
2.387900e+01 
2.387900e+01 
2.387900e+01 
2.387900e+01 
2.387900e+01 
2.387900e+01 
2.387900e+01 
2.387900e+01 
2.387900e+01 
2.387900e+01 
2.387900e+01 
2.387900e+01 
2.387900e+01 
2.387900e+01 
2.387900e+01 
2.387900e+01 
2.387900e+01 
2.387900e+01 
2.387900e+01 
2.387900e+01 
2.387900e+01 
2.387900e+01 
2.387900e+01 
2.387900e+01 
2.387900e+01 
2.387900e+01 
2.387900e+01 
2.387900e+01 
2.387900e+01 
2.387900e+01 
2.387900e+01 
2.387900e+01 
2.387900e+01 
2.387900e+01 
2.387900e+01 
2.387900e+01 
2.387900e+01 
2.387900e+01 
2.387900e+01 
2.387900e+01 
2.387900e+01 
2.387900e+01 
2.387900e+01 
2.387900e+01 
2.387900e+01 
2.387900e+01 
2.387900e+01 
2.387900e+01 
2.387900e+01 
2.387900e+01 
2.387900e+01 
2.387900e+01 
2.387900e+01 
2.387900e+01 
2.387900e+01 
2.387900e+01 
2.387900e+01 
2.387900e+01 
2.387900e+01 
2.387900e+01 
2.387900e+01 
2.387900e+01 
2.387900e+01 
2.387900e+01 
2.387900e+01 
2.387900e+01 
2.387900e+01 
2.387900e+01 
2.387900e+01 
2.387900e+01 
2.387900e+01 
2.387900e+01 
2.387900e+01 
2.387900e+01 
2.387900e+01 
2.387900e+01 
2.387900e+01 
2.387900e+01 
2.387900e+01 
2.387900e+01 
2.387900e+01 
2.387900e+01 
2.387900e+01 
2.387900e+01 
2.387900e+01 
2.387900e+01 
2.387900e+01 
2.387900e+01 
2.387900e+01 
2.387900e+01 
2.387900e+01 
2.387900e+01 
2.387900e+01 
2.387900e+01 
2.387900e+01 
2.387900e+01 
2.387900e+01 
2.387900e+01 
2.387900e+01 
2.387900e+01 
2.387900e+01 
2.387900e+01 
2.387900e+01 
2.387900e+01 
2.387900e+01 
2.387900e+01 
2.387900e+01 
2.387900e+01 
2.387900e+01 
2.387900e+01 
2.387900e+01 
2.387900e+01 
2.387900e+01 
2.387900e+01 
2.387900e+01 
2.387900e+01 
2.387900e+01 
2.387900e+01 
2.387900e+01 
2.387900e+01 
2.387900e+01 
2.387900e+01 
2.387900e+01 
2.387900e+01 
2.387900e+01 
2.387900e+01 
2.387900e+01 
2.387900e+01 
2.387900e+01 
2.387900e+01 
2.387900e+01 
2.387900e+01 
2.387900e+01 
2.387900e+01 
2.387900e+01 
2.387900e+01 
2.387900e+01 
2.387900e+01 
2.387900e+01 
2.387900e+01 
2.387900e+01 
2.387900e+01 
2.387900e+01 
2.387900e+01 
2.387900e+01 
2.387900e+01 
2.387900e+01 
2.387900e+01 
2.387900e+01 
2.387900e+01 
2.387900e+01 
2.387900e+01 
2.387900e+01 
2.387900e+01 
2.387900e+01 
2.387900e+01 
2.387900e+01 
2.387900e+01 
2.387900e+01 
2.387900e+01 
2.387900e+01 
2.387900e+01 
2.387900e+01 
2.387900e+01 
2.387900e+01 
2.387900e+01 
2.387900e+01 
2.387900e+01 
2.387900e+01 
2.387900e+01 
2.387900e+01 
2.387900e+01 
2.387900e+01 
2.387900e+01 
2.387900e+01 
2.387900e+01 
2.387900e+01 
2.387900e+01 
2.387900e+01 
2.387900e+01 
2.387900e+01 
2.387900e+01 
2.387900e+01 
2.387900e+01 
2.387900e+01 
2.387900e+01 
2.387900e+01 
2.387900e+01 
2.387900e+01 
2.387900e+01 
2.387900e+01 
2.387900e+01 
2.387900e+01 
2.387900e+01 
2.387900e+01 
2.387900e+01 
2.387900e+01 
2.387900e+01 
2.387900e+01 
2.387900e+01 
2.387900e+01 
2.387900e+01 
2.387900e+01 
2.387900e+01 
2.387900e+01 
2.387900e+01 
2.387900e+01 
2.387900e+01 
2.387900e+01 
2.387900e+01 
2.387900e+01 
2.387900e+01 
2.387900e+01 
2.387900e+01 
2.387900e+01 
2.387900e+01 
2.387900e+01 
2.387900e+01 
2.387900e+01 
2.387900e+01 
2.387900e+01 
2.387900e+01 
2.387900e+01 
2.387900e+01 
2.387900e+01 
2.387900e+01 
2.387900e+01 
2.387900e+01 
2.387900e+01 
2.387900e+01 
2.387900e+01 
2.387900e+01 
2.387900e+01 
2.387900e+01 
2.387900e+01 
2.387900e+01 
2.387900e+01 
2.387900e+01 
2.387900e+01 
2.387900e+01 
2.387900e+01 
2.387900e+01 
2.387900e+01 
2.387900e+01 
2.387900e+01 
2.387900e+01 
2.387900e+01 
2.387900e+01 
2.387900e+01 
2.387900e+01 
2.387900e+01 
2.387900e+01 
2.387900e+01 
2.387900e+01 
2.387900e+01 
2.387900e+01 
2.387900e+01 
2.387900e+01 
2.387900e+01 
2.387900e+01 
2.387900e+01 
2.387900e+01 
2.387900e+01 
2.387900e+01 
2.387900e+01 
2.387900e+01 
2.387900e+01 
2.387900e+01 
2.387900e+01 
2.387900e+01 
2.387900e+01 
2.387900e+01 
2.387900e+01 
2.387900e+01 
2.387900e+01 
2.387900e+01 
2.387900e+01 
2.387900e+01 
2.387900e+01 
2.387900e+01 
2.387900e+01 
2.387900e+01 
2.387900e+01 
2.387900e+01 
2.387900e+01 
2.387900e+01 
2.387900e+01 
2.387900e+01 
2.387900e+01 
2.387900e+01 
2.387900e+01 
2.387900e+01 
2.387900e+01 
2.387900e+01 
2.387900e+01 
2.387900e+01 
2.387900e+01 
2.387900e+01 
2.387900e+01 
2.387900e+01 
2.387900e+01 
2.387900e+01 
2.387900e+01 
2.387900e+01 
2.387900e+01 
2.387900e+01 
2.387900e+01 
2.387900e+01 
2.387900e+01 
2.387900e+01 
2.387900e+01 
2.387900e+01 
2.387900e+01 
2.387900e+01 
2.387900e+01 
2.387900e+01 
2.387900e+01 
2.387900e+01 
2.387900e+01 
2.387900e+01 
2.387900e+01 
2.387900e+01 
2.387900e+01 
2.387900e+01 
2.387900e+01 
2.387900e+01 
2.387900e+01 
2.387900e+01 
2.387900e+01 
2.387900e+01 
2.387900e+01 
2.387900e+01 
2.387900e+01 
2.387900e+01 
2.387900e+01 
2.387900e+01 
2.387900e+01 
2.387900e+01 
2.387900e+01 
2.387900e+01 
2.387900e+01 
2.387900e+01 
2.387900e+01 
2.387900e+01 
2.387900e+01 
2.387900e+01 
2.387900e+01 
2.387900e+01 
2.387900e+01 
2.387900e+01 
2.387900e+01 
2.387900e+01 
2.387900e+01 
2.387900e+01 
2.387900e+01 
2.387900e+01 
2.387900e+01 
2.387900e+01 
2.387900e+01 
2.387900e+01 
2.387900e+01 
2.387900e+01 
2.387900e+01 
2.387900e+01 
2.387900e+01 
2.387900e+01 
2.387900e+01 
2.387900e+01 
2.387900e+01 
2.387900e+01 
2.387900e+01 
2.387900e+01 
2.387900e+01 
2.387900e+01 
2.387900e+01 
2.387900e+01 
2.387900e+01 
2.387900e+01 
2.387900e+01 
2.387900e+01 
2.387900e+01 
2.387900e+01 
2.387900e+01 
2.387900e+01 
2.387900e+01 
2.387900e+01 
2.387900e+01 
2.387900e+01 
2.387900e+01 
2.387900e+01 
2.387900e+01 
2.387900e+01 
2.387900e+01 
2.387900e+01 
2.387900e+01 
2.387900e+01 
2.387900e+01 
2.387900e+01 
2.387900e+01 
2.387900e+01 
2.387900e+01 
2.387900e+01 
2.387900e+01 
2.387900e+01 
2.387900e+01 
2.387900e+01 
2.387900e+01 
2.387900e+01 
2.387900e+01 
2.387900e+01 
2.387900e+01 
2.387900e+01 
2.387900e+01 
2.387900e+01 
2.387900e+01 
2.387900e+01 
2.387900e+01 
2.387900e+01 
2.387900e+01 
2.387900e+01 
2.387900e+01 
2.387900e+01 
2.387900e+01 
2.387900e+01 
2.387900e+01 
2.387900e+01 
2.387900e+01 
2.387900e+01 
2.387900e+01 
2.387900e+01 
2.387900e+01 
2.387900e+01 
2.387900e+01 
2.387900e+01 
2.387900e+01 
2.387900e+01 
2.387900e+01 
2.387900e+01 
2.387900e+01 
2.387900e+01 
2.387900e+01 
2.387900e+01 
2.387900e+01 
2.387900e+01 
2.387900e+01 
2.387900e+01 
2.387900e+01 
2.387900e+01 
2.387900e+01 
2.387900e+01 
2.387900e+01 
2.387900e+01 
2.387900e+01 
2.387900e+01 
2.387900e+01 
2.387900e+01 
2.387900e+01 
2.387900e+01 
2.387900e+01 
2.387900e+01 
2.387900e+01 
2.387900e+01 
2.387900e+01 
2.387900e+01 
2.387900e+01 
2.387900e+01 
2.387900e+01 
2.387900e+01 
2.387900e+01 
2.387900e+01 
2.387900e+01 
2.387900e+01 
2.387900e+01 
2.387900e+01 
2.387900e+01 
2.387900e+01 
2.387900e+01 
2.387900e+01 
2.387900e+01 
2.387900e+01 
2.387900e+01 
2.387900e+01 
2.387900e+01 
2.387900e+01 
2.387900e+01 
2.387900e+01 
2.387900e+01 
2.387900e+01 
2.387900e+01 
2.387900e+01 
2.387900e+01 
2.387900e+01 
2.387900e+01 
2.387900e+01 
2.387900e+01 
2.387900e+01 
2.387900e+01 
2.387900e+01 
2.387900e+01 
2.387900e+01 
2.387900e+01 
2.387900e+01 
2.387900e+01 
2.387900e+01 
2.387900e+01 
2.387900e+01 
2.387900e+01 
2.387900e+01 
2.387900e+01 
2.387900e+01 
2.387900e+01 
2.387900e+01 
2.387900e+01 
2.387900e+01 
2.387900e+01 
2.387900e+01 
2.387900e+01 
2.387900e+01 
2.387900e+01 
2.387900e+01 
2.387900e+01 
2.387900e+01 
2.387900e+01 
2.387900e+01 
2.387900e+01 
2.387900e+01 
2.387900e+01 
2.387900e+01 
2.387900e+01 
2.387900e+01 
2.387900e+01 
2.387900e+01 
2.387900e+01 
2.387900e+01 
2.387900e+01 
2.387900e+01 
2.387900e+01 
2.387900e+01 
2.387900e+01 
2.387900e+01 
2.387900e+01 
2.387900e+01 
2.387900e+01 
2.387900e+01 
2.387900e+01 
2.387900e+01 
2.387900e+01 
2.387900e+01 
2.387900e+01 
2.387900e+01 
2.387900e+01 
2.387900e+01 
2.387900e+01 
2.387900e+01 
2.387900e+01 
2.387900e+01 
2.387900e+01 
2.387900e+01 
2.387900e+01 
2.387900e+01 
2.387900e+01 
2.387900e+01 
2.387900e+01 
2.387900e+01 
2.387900e+01 
2.387900e+01 
2.387900e+01 
2.387900e+01 
2.387900e+01 
2.387900e+01 
2.387900e+01 
2.387900e+01 
2.387900e+01 
2.387900e+01 
2.387900e+01 
2.387900e+01 
2.387900e+01 
2.387900e+01 
2.387900e+01 
2.387900e+01 
2.387900e+01 
2.387900e+01 
2.387900e+01 
2.387900e+01 
2.387900e+01 
2.387900e+01 
2.387900e+01 
2.387900e+01 
2.387900e+01 
2.387900e+01 
2.387900e+01 
2.387900e+01 
2.387900e+01 
2.387900e+01 
2.387900e+01 
2.387900e+01 
2.387900e+01 
2.387900e+01 
2.387900e+01 
2.387900e+01 
2.387900e+01 
2.387900e+01 
2.387900e+01 
2.387900e+01 
2.387900e+01 
2.387900e+01 
2.387900e+01 
2.387900e+01 
2.387900e+01 
2.387900e+01 
2.387900e+01 
2.387900e+01 
2.387900e+01 
2.387900e+01 
2.387900e+01 
2.387900e+01 
2.387900e+01 
2.387900e+01 
2.387900e+01 
2.387900e+01 
2.387900e+01 
2.387900e+01 
2.387900e+01 
2.387900e+01 
2.387900e+01 
2.387900e+01 
2.387900e+01 
2.387900e+01 
2.387900e+01 
2.387900e+01 
2.387900e+01 
2.387900e+01 
2.387900e+01 
2.387900e+01 
2.387900e+01 
2.387900e+01 
2.387900e+01 
2.387900e+01 
2.387900e+01 
2.387900e+01 
2.387900e+01 
2.387900e+01 
2.387900e+01 
2.387900e+01 
2.387900e+01 
2.387900e+01 
2.387900e+01 
2.387900e+01 
2.387900e+01 
2.387900e+01 
2.387900e+01 
2.387900e+01 
2.387900e+01 
2.387900e+01 
2.387900e+01 
2.387900e+01 
2.387900e+01 
2.387900e+01 
2.387900e+01 
2.387900e+01 
2.387900e+01 
2.387900e+01 
2.387900e+01 
2.387900e+01 
2.387900e+01 
2.387900e+01 
2.387900e+01 
2.387900e+01 
2.387900e+01 
2.387900e+01 
2.387900e+01 
2.387900e+01 
2.387900e+01 
2.387900e+01 
2.387900e+01 
2.387900e+01 
2.387900e+01 
2.387900e+01 
2.387900e+01 
2.387900e+01 
2.387900e+01 
2.387900e+01 
2.387900e+01 
2.387900e+01 
2.387900e+01 
2.387900e+01 
2.387900e+01 
2.387900e+01 
2.387900e+01 
2.387900e+01 
2.387900e+01 
2.387900e+01 
2.387900e+01 
2.387900e+01 
2.387900e+01 
2.387900e+01 
2.387900e+01 
2.387900e+01 
2.387900e+01 
2.387900e+01 
2.387900e+01 
2.387900e+01 
2.387900e+01 
2.387900e+01 
2.387900e+01 
2.387900e+01 
2.387900e+01 
2.387900e+01 
2.387900e+01 
2.387900e+01 
2.387900e+01 
2.387900e+01 
2.387900e+01 
2.387900e+01 
2.387900e+01 
2.387900e+01 
2.387900e+01 
2.387900e+01 
2.387900e+01 
2.387900e+01 
2.387900e+01 
2.387900e+01 
2.387900e+01 
2.387900e+01 
2.387900e+01 
2.387900e+01 
2.387900e+01 
2.387900e+01 
2.387900e+01 
2.387900e+01 
2.387900e+01 
2.387900e+01 
2.387900e+01 
2.387900e+01 
2.387900e+01 
2.387900e+01 
2.387900e+01 
2.387900e+01 
2.387900e+01 
2.387900e+01 
2.387900e+01 
2.387900e+01 
2.387900e+01 
2.387900e+01 
2.387900e+01 
2.387900e+01 
2.387900e+01 
2.387900e+01 
2.387900e+01 
2.387900e+01 
2.387900e+01 
2.387900e+01 
2.387900e+01 
2.387900e+01 
2.387900e+01 
2.387900e+01 
2.387900e+01 
2.387900e+01 
2.387900e+01 
2.387900e+01 
2.387900e+01 
2.387900e+01 
2.387900e+01 
2.387900e+01 
2.387900e+01 
2.387900e+01 
2.387900e+01 
2.387900e+01 
2.387900e+01 
2.387900e+01 
2.387900e+01 
2.387900e+01 
2.387900e+01 
2.387900e+01 
2.387900e+01 
2.387900e+01 
2.387900e+01 
2.387900e+01 
2.387900e+01 
2.387900e+01 
2.387900e+01 
2.387900e+01 
2.387900e+01 
2.387900e+01 
2.387900e+01 
2.387900e+01 
2.387900e+01 
2.387900e+01 
2.387900e+01 
2.387900e+01 
2.387900e+01 
2.387900e+01 
2.387900e+01 
2.387900e+01 
2.387900e+01 
2.387900e+01 
2.387900e+01 
2.387900e+01 
2.387900e+01 
2.387900e+01 
2.387900e+01 
2.387900e+01 
2.387900e+01 
2.387900e+01 
2.387900e+01 
2.387900e+01 
2.387900e+01 
2.387900e+01 
2.387900e+01 
2.387900e+01 
2.387900e+01 
2.387900e+01 
2.387900e+01 
2.387900e+01 
2.387900e+01 
2.387900e+01 
2.387900e+01 
2.387900e+01 
2.387900e+01 
2.387900e+01 
2.387900e+01 
2.387900e+01 
2.387900e+01 
2.387900e+01 
2.387900e+01 
2.387900e+01 
2.387900e+01 
2.387900e+01 
2.387900e+01 
2.387900e+01 
2.387900e+01 
2.387900e+01 
2.387900e+01 
2.387900e+01 
2.387900e+01 
2.387900e+01 
2.387900e+01 
2.387900e+01 
2.387900e+01 
2.387900e+01 
2.387900e+01 
2.387900e+01 
2.387900e+01 
2.387900e+01 
2.387900e+01 
2.387900e+01 
2.387900e+01 
2.387900e+01 
2.387900e+01 
2.387900e+01 
2.387900e+01 
2.387900e+01 
2.387900e+01 
2.387900e+01 
2.387900e+01 
