3.162156e+07 
1.530719e+07 
1.022902e+07 
5.448846e+06 
1.651134e+06 
1.651134e+06 
6.657610e+05 
6.657610e+05 
6.657610e+05 
6.266441e+05 
4.513930e+05 
4.029851e+05 
2.050253e+05 
1.561311e+05 
1.561311e+05 
1.437825e+05 
1.328862e+05 
1.121421e+05 
1.080233e+05 
7.728094e+04 
6.520281e+04 
6.520281e+04 
4.940230e+04 
4.703037e+04 
3.670592e+04 
3.309206e+04 
2.217907e+04 
1.594117e+04 
1.355516e+04 
8.729329e+03 
7.557865e+03 
5.137641e+03 
5.137641e+03 
4.724606e+03 
4.515825e+03 
2.661646e+03 
2.661646e+03 
2.661646e+03 
1.954335e+03 
1.954335e+03 
1.612613e+03 
1.612613e+03 
1.612613e+03 
1.586895e+03 
1.507674e+03 
1.507674e+03 
1.460293e+03 
1.406265e+03 
1.406265e+03 
1.184641e+03 
1.064901e+03 
1.012185e+03 
1.012185e+03 
1.010610e+03 
9.987669e+02 
9.525192e+02 
9.525192e+02 
9.479453e+02 
9.408846e+02 
9.318400e+02 
9.255757e+02 
8.893613e+02 
8.893613e+02 
8.791574e+02 
8.791574e+02 
8.791574e+02 
8.777228e+02 
8.661683e+02 
8.661683e+02 
8.661683e+02 
8.505422e+02 
8.236600e+02 
8.236600e+02 
8.236600e+02 
8.183992e+02 
8.183992e+02 
8.016205e+02 
8.016205e+02 
8.013346e+02 
8.013346e+02 
8.013346e+02 
7.984102e+02 
7.927231e+02 
7.897950e+02 
7.897950e+02 
7.897950e+02 
7.897950e+02 
7.876691e+02 
7.876691e+02 
7.876691e+02 
7.844245e+02 
7.844245e+02 
7.824584e+02 
7.824584e+02 
7.824584e+02 
7.810289e+02 
7.773036e+02 
7.766114e+02 
7.739397e+02 
7.739397e+02 
7.722492e+02 
7.722492e+02 
7.712266e+02 
7.712266e+02 
7.699218e+02 
7.699218e+02 
7.699218e+02 
7.685641e+02 
7.671564e+02 
7.666069e+02 
7.666069e+02 
7.662113e+02 
7.649706e+02 
7.649706e+02 
7.646683e+02 
7.641422e+02 
7.641422e+02 
7.635083e+02 
7.631844e+02 
7.631844e+02 
7.628910e+02 
7.628910e+02 
7.621394e+02 
7.621394e+02 
7.619857e+02 
7.618018e+02 
7.615429e+02 
7.614996e+02 
7.613560e+02 
7.612089e+02 
7.608299e+02 
7.608299e+02 
7.608299e+02 
7.608299e+02 
7.608299e+02 
7.608299e+02 
7.607183e+02 
7.606433e+02 
7.606344e+02 
7.605959e+02 
7.605642e+02 
7.605057e+02 
7.604756e+02 
7.604119e+02 
7.602938e+02 
7.602806e+02 
7.602632e+02 
7.602175e+02 
7.601036e+02 
7.600830e+02 
7.600718e+02 
7.600718e+02 
7.600718e+02 
7.600690e+02 
7.600690e+02 
7.600571e+02 
7.600351e+02 
7.600230e+02 
7.600230e+02 
7.600147e+02 
7.600111e+02 
7.600111e+02 
7.599812e+02 
7.599674e+02 
7.599674e+02 
7.599600e+02 
7.599600e+02 
7.599600e+02 
7.599600e+02 
7.599516e+02 
7.599411e+02 
7.599411e+02 
7.599387e+02 
7.599371e+02 
7.599222e+02 
7.599222e+02 
7.599221e+02 
7.599220e+02 
7.599210e+02 
7.599197e+02 
7.599197e+02 
7.599169e+02 
7.599138e+02 
7.599138e+02 
7.599070e+02 
7.599062e+02 
7.599062e+02 
7.599062e+02 
7.599062e+02 
7.599055e+02 
7.599047e+02 
7.599036e+02 
7.599029e+02 
7.599023e+02 
7.599023e+02 
7.599021e+02 
7.599021e+02 
7.599020e+02 
7.599016e+02 
7.599006e+02 
7.599004e+02 
7.598995e+02 
7.598994e+02 
7.598994e+02 
7.598989e+02 
7.598989e+02 
7.598987e+02 
7.598987e+02 
7.598987e+02 
7.598987e+02 
7.598987e+02 
7.598987e+02 
7.598984e+02 
7.598984e+02 
7.598979e+02 
7.598976e+02 
7.598976e+02 
7.598976e+02 
7.598973e+02 
7.598972e+02 
7.598972e+02 
7.598970e+02 
7.598965e+02 
7.598961e+02 
7.598960e+02 
7.598960e+02 
7.598960e+02 
7.598960e+02 
7.598960e+02 
7.598959e+02 
7.598959e+02 
7.598957e+02 
7.598957e+02 
7.598957e+02 
7.598957e+02 
7.598957e+02 
7.598956e+02 
7.598956e+02 
7.598955e+02 
7.598955e+02 
7.598955e+02 
7.598955e+02 
7.598954e+02 
7.598954e+02 
7.598954e+02 
7.598954e+02 
7.598954e+02 
7.598954e+02 
7.598954e+02 
7.598954e+02 
7.598954e+02 
7.598953e+02 
7.598953e+02 
7.598953e+02 
7.598953e+02 
7.598953e+02 
7.598953e+02 
7.598953e+02 
7.598953e+02 
7.598953e+02 
7.598953e+02 
7.598953e+02 
7.598953e+02 
7.598953e+02 
7.598953e+02 
7.598953e+02 
7.598953e+02 
7.598953e+02 
7.598953e+02 
7.598953e+02 
7.598953e+02 
7.598953e+02 
7.598953e+02 
7.598953e+02 
7.598953e+02 
7.598953e+02 
7.598953e+02 
7.598953e+02 
7.598953e+02 
7.598953e+02 
7.598953e+02 
7.598953e+02 
7.598953e+02 
7.598953e+02 
7.598953e+02 
7.598953e+02 
7.598953e+02 
7.598953e+02 
7.598953e+02 
7.598953e+02 
7.598953e+02 
7.598953e+02 
7.598953e+02 
7.598953e+02 
7.598953e+02 
7.598953e+02 
7.598953e+02 
7.598953e+02 
7.598953e+02 
7.598953e+02 
7.598953e+02 
7.598953e+02 
7.598953e+02 
7.598953e+02 
7.598953e+02 
7.598953e+02 
7.598953e+02 
7.598953e+02 
7.598953e+02 
7.598953e+02 
7.598953e+02 
7.598953e+02 
7.598953e+02 
7.598953e+02 
7.598953e+02 
7.598953e+02 
7.598953e+02 
7.598953e+02 
7.598953e+02 
7.598953e+02 
7.598953e+02 
7.598953e+02 
7.598953e+02 
7.598953e+02 
7.598953e+02 
7.598953e+02 
7.598953e+02 
7.598953e+02 
7.598953e+02 
7.598953e+02 
7.598953e+02 
7.598953e+02 
7.598953e+02 
7.598953e+02 
7.598953e+02 
7.598953e+02 
7.598953e+02 
7.598953e+02 
7.598953e+02 
7.598953e+02 
7.598953e+02 
7.598953e+02 
7.598953e+02 
7.598953e+02 
7.598953e+02 
7.598953e+02 
7.598953e+02 
7.598953e+02 
7.598953e+02 
7.598953e+02 
7.598953e+02 
7.598953e+02 
7.598953e+02 
7.598953e+02 
7.598953e+02 
7.598953e+02 
7.598953e+02 
7.598953e+02 
7.598953e+02 
7.598953e+02 
7.598953e+02 
7.598953e+02 
7.598953e+02 
7.598953e+02 
7.598953e+02 
7.598953e+02 
7.598953e+02 
7.598953e+02 
7.598953e+02 
7.598953e+02 
7.598953e+02 
7.598953e+02 
7.598953e+02 
7.598953e+02 
7.598953e+02 
7.598953e+02 
7.598953e+02 
7.598953e+02 
7.598953e+02 
7.598953e+02 
7.598953e+02 
7.598953e+02 
7.598953e+02 
7.598953e+02 
7.598953e+02 
7.598953e+02 
7.598953e+02 
7.598953e+02 
7.598953e+02 
7.598953e+02 
7.598953e+02 
7.598953e+02 
7.598953e+02 
7.598953e+02 
7.598953e+02 
7.598953e+02 
7.598953e+02 
7.598953e+02 
7.598953e+02 
7.598953e+02 
7.598953e+02 
7.598953e+02 
7.598953e+02 
7.598953e+02 
7.598953e+02 
7.598953e+02 
7.598953e+02 
7.598953e+02 
7.598953e+02 
7.598953e+02 
7.598953e+02 
7.598953e+02 
7.598953e+02 
7.598953e+02 
7.598953e+02 
7.598953e+02 
7.598953e+02 
7.598953e+02 
7.598953e+02 
7.598953e+02 
7.598953e+02 
7.598953e+02 
7.598953e+02 
7.598953e+02 
7.598953e+02 
7.598953e+02 
7.598953e+02 
7.598953e+02 
7.598953e+02 
7.598953e+02 
7.598953e+02 
7.598953e+02 
7.598953e+02 
7.598953e+02 
7.598953e+02 
7.598953e+02 
7.598953e+02 
7.598953e+02 
7.598953e+02 
7.598953e+02 
7.598953e+02 
7.598953e+02 
7.598953e+02 
7.598953e+02 
7.598953e+02 
7.598953e+02 
7.598953e+02 
7.598953e+02 
7.598953e+02 
7.598953e+02 
7.598953e+02 
7.598953e+02 
7.598953e+02 
7.598953e+02 
7.598953e+02 
7.598953e+02 
7.598953e+02 
7.598953e+02 
7.598953e+02 
7.598953e+02 
7.598953e+02 
7.598953e+02 
7.598953e+02 
7.598953e+02 
7.598953e+02 
7.598953e+02 
7.598953e+02 
7.598953e+02 
7.598953e+02 
7.598953e+02 
7.598953e+02 
7.598953e+02 
7.598953e+02 
7.598953e+02 
7.598953e+02 
7.598953e+02 
7.598953e+02 
7.598953e+02 
7.598953e+02 
7.598953e+02 
7.598953e+02 
7.598953e+02 
7.598953e+02 
7.598953e+02 
7.598953e+02 
7.598953e+02 
7.598953e+02 
7.598953e+02 
7.598953e+02 
7.598953e+02 
7.598953e+02 
7.598953e+02 
7.598953e+02 
7.598953e+02 
7.598953e+02 
7.598953e+02 
7.598953e+02 
7.598953e+02 
7.598953e+02 
7.598953e+02 
7.598953e+02 
7.598953e+02 
7.598953e+02 
7.598953e+02 
7.598953e+02 
7.598953e+02 
7.598953e+02 
7.598953e+02 
7.598953e+02 
7.598953e+02 
7.598953e+02 
7.598953e+02 
7.598953e+02 
7.598953e+02 
7.598953e+02 
7.598953e+02 
7.598953e+02 
7.598953e+02 
7.598953e+02 
7.598953e+02 
7.598953e+02 
7.598953e+02 
7.598953e+02 
7.598953e+02 
7.598953e+02 
7.598953e+02 
7.598953e+02 
7.598953e+02 
7.598953e+02 
7.598953e+02 
7.598953e+02 
7.598953e+02 
7.598953e+02 
7.598953e+02 
7.598953e+02 
7.598953e+02 
7.598953e+02 
7.598953e+02 
7.598953e+02 
7.598953e+02 
7.598953e+02 
7.598953e+02 
7.598953e+02 
7.598953e+02 
7.598953e+02 
7.598953e+02 
7.598953e+02 
7.598953e+02 
7.598953e+02 
7.598953e+02 
7.598953e+02 
7.598953e+02 
7.598953e+02 
7.598953e+02 
7.598953e+02 
7.598953e+02 
7.598953e+02 
7.598953e+02 
7.598953e+02 
7.598953e+02 
7.598953e+02 
7.598953e+02 
7.598953e+02 
7.598953e+02 
7.598953e+02 
7.598953e+02 
7.598953e+02 
7.598953e+02 
7.598953e+02 
7.598953e+02 
7.598953e+02 
7.598953e+02 
7.598953e+02 
7.598953e+02 
7.598953e+02 
7.598953e+02 
7.598953e+02 
7.598953e+02 
7.598953e+02 
7.598953e+02 
7.598953e+02 
7.598953e+02 
7.598953e+02 
7.598953e+02 
7.598953e+02 
7.598953e+02 
7.598953e+02 
7.598953e+02 
7.598953e+02 
7.598953e+02 
7.598953e+02 
7.598953e+02 
7.598953e+02 
7.598953e+02 
7.598953e+02 
7.598953e+02 
7.598953e+02 
7.598953e+02 
7.598953e+02 
7.598953e+02 
7.598953e+02 
7.598953e+02 
7.598953e+02 
7.598953e+02 
7.598953e+02 
7.598953e+02 
7.598953e+02 
7.598953e+02 
7.598953e+02 
7.598953e+02 
7.598953e+02 
7.598953e+02 
7.598953e+02 
7.598953e+02 
7.598953e+02 
7.598953e+02 
7.598953e+02 
7.598953e+02 
7.598953e+02 
7.598953e+02 
7.598953e+02 
7.598953e+02 
7.598953e+02 
7.598953e+02 
7.598953e+02 
7.598953e+02 
7.598953e+02 
7.598953e+02 
7.598953e+02 
7.598953e+02 
7.598953e+02 
7.598953e+02 
7.598953e+02 
7.598953e+02 
7.598953e+02 
7.598953e+02 
7.598953e+02 
7.598953e+02 
7.598953e+02 
7.598953e+02 
7.598953e+02 
7.598953e+02 
7.598953e+02 
7.598953e+02 
7.598953e+02 
7.598953e+02 
7.598953e+02 
7.598953e+02 
7.598953e+02 
7.598953e+02 
7.598953e+02 
7.598953e+02 
7.598953e+02 
7.598953e+02 
7.598953e+02 
7.598953e+02 
7.598953e+02 
7.598953e+02 
7.598953e+02 
7.598953e+02 
7.598953e+02 
7.598953e+02 
7.598953e+02 
7.598953e+02 
7.598953e+02 
7.598953e+02 
7.598953e+02 
7.598953e+02 
7.598953e+02 
7.598953e+02 
7.598953e+02 
7.598953e+02 
7.598953e+02 
7.598953e+02 
7.598953e+02 
7.598953e+02 
7.598953e+02 
7.598953e+02 
7.598953e+02 
7.598953e+02 
7.598953e+02 
7.598953e+02 
7.598953e+02 
7.598953e+02 
7.598953e+02 
7.598953e+02 
7.598953e+02 
7.598953e+02 
7.598953e+02 
7.598953e+02 
7.598953e+02 
7.598953e+02 
7.598953e+02 
7.598953e+02 
7.598953e+02 
7.598953e+02 
7.598953e+02 
7.598953e+02 
7.598953e+02 
7.598953e+02 
7.598953e+02 
7.598953e+02 
7.598953e+02 
7.598953e+02 
7.598953e+02 
7.598953e+02 
7.598953e+02 
7.598953e+02 
7.598953e+02 
7.598953e+02 
7.598953e+02 
7.598953e+02 
7.598953e+02 
7.598953e+02 
7.598953e+02 
7.598953e+02 
7.598953e+02 
7.598953e+02 
7.598953e+02 
7.598953e+02 
7.598953e+02 
7.598953e+02 
7.598953e+02 
7.598953e+02 
7.598953e+02 
7.598953e+02 
7.598953e+02 
7.598953e+02 
7.598953e+02 
7.598953e+02 
7.598953e+02 
7.598953e+02 
7.598953e+02 
7.598953e+02 
7.598953e+02 
7.598953e+02 
7.598953e+02 
7.598953e+02 
7.598953e+02 
7.598953e+02 
7.598953e+02 
7.598953e+02 
7.598953e+02 
7.598953e+02 
7.598953e+02 
7.598953e+02 
7.598953e+02 
7.598953e+02 
7.598953e+02 
7.598953e+02 
7.598953e+02 
7.598953e+02 
7.598953e+02 
7.598953e+02 
7.598953e+02 
7.598953e+02 
7.598953e+02 
7.598953e+02 
7.598953e+02 
7.598953e+02 
7.598953e+02 
7.598953e+02 
7.598953e+02 
7.598953e+02 
7.598953e+02 
7.598953e+02 
7.598953e+02 
7.598953e+02 
7.598953e+02 
7.598953e+02 
7.598953e+02 
7.598953e+02 
7.598953e+02 
7.598953e+02 
7.598953e+02 
7.598953e+02 
7.598953e+02 
7.598953e+02 
7.598953e+02 
7.598953e+02 
7.598953e+02 
7.598953e+02 
7.598953e+02 
7.598953e+02 
7.598953e+02 
7.598953e+02 
7.598953e+02 
7.598953e+02 
7.598953e+02 
7.598953e+02 
7.598953e+02 
7.598953e+02 
7.598953e+02 
7.598953e+02 
7.598953e+02 
7.598953e+02 
7.598953e+02 
7.598953e+02 
7.598953e+02 
7.598953e+02 
7.598953e+02 
7.598953e+02 
7.598953e+02 
7.598953e+02 
7.598953e+02 
7.598953e+02 
7.598953e+02 
7.598953e+02 
7.598953e+02 
7.598953e+02 
7.598953e+02 
7.598953e+02 
7.598953e+02 
7.598953e+02 
7.598953e+02 
7.598953e+02 
7.598953e+02 
7.598953e+02 
7.598953e+02 
7.598953e+02 
7.598953e+02 
7.598953e+02 
7.598953e+02 
7.598953e+02 
7.598953e+02 
7.598953e+02 
7.598953e+02 
7.598953e+02 
7.598953e+02 
7.598953e+02 
7.598953e+02 
7.598953e+02 
7.598953e+02 
7.598953e+02 
7.598953e+02 
7.598953e+02 
7.598953e+02 
7.598953e+02 
7.598953e+02 
7.598953e+02 
7.598953e+02 
7.598953e+02 
7.598953e+02 
7.598953e+02 
7.598953e+02 
7.598953e+02 
7.598953e+02 
7.598953e+02 
7.598953e+02 
7.598953e+02 
7.598953e+02 
7.598953e+02 
7.598953e+02 
7.598953e+02 
7.598953e+02 
7.598953e+02 
7.598953e+02 
7.598953e+02 
7.598953e+02 
7.598953e+02 
7.598953e+02 
7.598953e+02 
7.598953e+02 
7.598953e+02 
7.598953e+02 
7.598953e+02 
7.598953e+02 
7.598953e+02 
7.598953e+02 
7.598953e+02 
7.598953e+02 
7.598953e+02 
7.598953e+02 
7.598953e+02 
7.598953e+02 
7.598953e+02 
7.598953e+02 
7.598953e+02 
7.598953e+02 
7.598953e+02 
7.598953e+02 
7.598953e+02 
7.598953e+02 
7.598953e+02 
7.598953e+02 
7.598953e+02 
7.598953e+02 
7.598953e+02 
7.598953e+02 
7.598953e+02 
7.598953e+02 
7.598953e+02 
7.598953e+02 
7.598953e+02 
7.598953e+02 
7.598953e+02 
7.598953e+02 
7.598953e+02 
7.598953e+02 
7.598953e+02 
7.598953e+02 
7.598953e+02 
7.598953e+02 
7.598953e+02 
7.598953e+02 
7.598953e+02 
7.598953e+02 
7.598953e+02 
7.598953e+02 
7.598953e+02 
7.598953e+02 
7.598953e+02 
7.598953e+02 
7.598953e+02 
7.598953e+02 
7.598953e+02 
7.598953e+02 
7.598953e+02 
7.598953e+02 
7.598953e+02 
7.598953e+02 
7.598953e+02 
7.598953e+02 
7.598953e+02 
7.598953e+02 
7.598953e+02 
7.598953e+02 
7.598953e+02 
7.598953e+02 
7.598953e+02 
7.598953e+02 
7.598953e+02 
7.598953e+02 
7.598953e+02 
7.598953e+02 
7.598953e+02 
7.598953e+02 
7.598953e+02 
7.598953e+02 
7.598953e+02 
7.598953e+02 
7.598953e+02 
7.598953e+02 
7.598953e+02 
7.598953e+02 
7.598953e+02 
7.598953e+02 
7.598953e+02 
7.598953e+02 
7.598953e+02 
7.598953e+02 
7.598953e+02 
7.598953e+02 
7.598953e+02 
7.598953e+02 
7.598953e+02 
7.598953e+02 
7.598953e+02 
7.598953e+02 
7.598953e+02 
7.598953e+02 
7.598953e+02 
7.598953e+02 
7.598953e+02 
7.598953e+02 
7.598953e+02 
7.598953e+02 
7.598953e+02 
7.598953e+02 
7.598953e+02 
7.598953e+02 
7.598953e+02 
7.598953e+02 
7.598953e+02 
7.598953e+02 
7.598953e+02 
7.598953e+02 
7.598953e+02 
7.598953e+02 
7.598953e+02 
7.598953e+02 
7.598953e+02 
7.598953e+02 
7.598953e+02 
7.598953e+02 
7.598953e+02 
7.598953e+02 
7.598953e+02 
7.598953e+02 
7.598953e+02 
7.598953e+02 
7.598953e+02 
7.598953e+02 
7.598953e+02 
7.598953e+02 
7.598953e+02 
7.598953e+02 
7.598953e+02 
7.598953e+02 
7.598953e+02 
7.598953e+02 
7.598953e+02 
7.598953e+02 
7.598953e+02 
7.598953e+02 
7.598953e+02 
7.598953e+02 
7.598953e+02 
7.598953e+02 
7.598953e+02 
7.598953e+02 
7.598953e+02 
7.598953e+02 
7.598953e+02 
7.598953e+02 
7.598953e+02 
7.598953e+02 
7.598953e+02 
7.598953e+02 
7.598953e+02 
7.598953e+02 
7.598953e+02 
7.598953e+02 
7.598953e+02 
7.598953e+02 
7.598953e+02 
7.598953e+02 
7.598953e+02 
7.598953e+02 
7.598953e+02 
7.598953e+02 
7.598953e+02 
7.598953e+02 
7.598953e+02 
7.598953e+02 
7.598953e+02 
7.598953e+02 
7.598953e+02 
7.598953e+02 
7.598953e+02 
7.598953e+02 
7.598953e+02 
7.598953e+02 
7.598953e+02 
7.598953e+02 
7.598953e+02 
7.598953e+02 
7.598953e+02 
7.598953e+02 
7.598953e+02 
7.598953e+02 
7.598953e+02 
7.598953e+02 
7.598953e+02 
7.598953e+02 
7.598953e+02 
7.598953e+02 
7.598953e+02 
7.598953e+02 
7.598953e+02 
7.598953e+02 
7.598953e+02 
7.598953e+02 
7.598953e+02 
7.598953e+02 
7.598953e+02 
7.598953e+02 
7.598953e+02 
7.598953e+02 
7.598953e+02 
7.598953e+02 
7.598953e+02 
7.598953e+02 
7.598953e+02 
7.598953e+02 
7.598953e+02 
7.598953e+02 
7.598953e+02 
7.598953e+02 
7.598953e+02 
7.598953e+02 
7.598953e+02 
7.598953e+02 
7.598953e+02 
7.598953e+02 
7.598953e+02 
7.598953e+02 
7.598953e+02 
7.598953e+02 
7.598953e+02 
7.598953e+02 
7.598953e+02 
7.598953e+02 
7.598953e+02 
7.598953e+02 
7.598953e+02 
7.598953e+02 
7.598953e+02 
7.598953e+02 
7.598953e+02 
7.598953e+02 
7.598953e+02 
7.598953e+02 
7.598953e+02 
7.598953e+02 
7.598953e+02 
7.598953e+02 
7.598953e+02 
7.598953e+02 
7.598953e+02 
7.598953e+02 
7.598953e+02 
7.598953e+02 
7.598953e+02 
7.598953e+02 
7.598953e+02 
7.598953e+02 
7.598953e+02 
7.598953e+02 
7.598953e+02 
7.598953e+02 
7.598953e+02 
7.598953e+02 
7.598953e+02 
7.598953e+02 
7.598953e+02 
7.598953e+02 
7.598953e+02 
7.598953e+02 
7.598953e+02 
7.598953e+02 
7.598953e+02 
7.598953e+02 
7.598953e+02 
7.598953e+02 
7.598953e+02 
7.598953e+02 
7.598953e+02 
7.598953e+02 
7.598953e+02 
7.598953e+02 
7.598953e+02 
7.598953e+02 
7.598953e+02 
7.598953e+02 
7.598953e+02 
7.598953e+02 
7.598953e+02 
7.598953e+02 
7.598953e+02 
7.598953e+02 
7.598953e+02 
7.598953e+02 
7.598953e+02 
7.598953e+02 
7.598953e+02 
7.598953e+02 
7.598953e+02 
7.598953e+02 
7.598953e+02 
7.598953e+02 
7.598953e+02 
7.598953e+02 
7.598953e+02 
7.598953e+02 
7.598953e+02 
7.598953e+02 
7.598953e+02 
7.598953e+02 
7.598953e+02 
7.598953e+02 
7.598953e+02 
7.598953e+02 
7.598953e+02 
7.598953e+02 
7.598953e+02 
7.598953e+02 
7.598953e+02 
7.598953e+02 
7.598953e+02 
7.598953e+02 
7.598953e+02 
7.598953e+02 
7.598953e+02 
7.598953e+02 
7.598953e+02 
7.598953e+02 
7.598953e+02 
7.598953e+02 
7.598953e+02 
7.598953e+02 
7.598953e+02 
7.598953e+02 
7.598953e+02 
7.598953e+02 
7.598953e+02 
7.598953e+02 
7.598953e+02 
7.598953e+02 
7.598953e+02 
7.598953e+02 
7.598953e+02 
7.598953e+02 
7.598953e+02 
7.598953e+02 
7.598953e+02 
7.598953e+02 
7.598953e+02 
7.598953e+02 
7.598953e+02 
7.598953e+02 
7.598953e+02 
7.598953e+02 
7.598953e+02 
7.598953e+02 
7.598953e+02 
7.598953e+02 
7.598953e+02 
7.598953e+02 
7.598953e+02 
7.598953e+02 
7.598953e+02 
7.598953e+02 
7.598953e+02 
7.598953e+02 
7.598953e+02 
7.598953e+02 
7.598953e+02 
7.598953e+02 
7.598953e+02 
7.598953e+02 
7.598953e+02 
7.598953e+02 
7.598953e+02 
7.598953e+02 
7.598953e+02 
7.598953e+02 
7.598953e+02 
7.598953e+02 
7.598953e+02 
7.598953e+02 
7.598953e+02 
7.598953e+02 
7.598953e+02 
7.598953e+02 
7.598953e+02 
7.598953e+02 
7.598953e+02 
7.598953e+02 
7.598953e+02 
7.598953e+02 
7.598953e+02 
7.598953e+02 
7.598953e+02 
7.598953e+02 
7.598953e+02 
7.598953e+02 
7.598953e+02 
7.598953e+02 
7.598953e+02 
7.598953e+02 
7.598953e+02 
7.598953e+02 
7.598953e+02 
7.598953e+02 
7.598953e+02 
7.598953e+02 
7.598953e+02 
7.598953e+02 
7.598953e+02 
7.598953e+02 
7.598953e+02 
7.598953e+02 
7.598953e+02 
7.598953e+02 
7.598953e+02 
7.598953e+02 
7.598953e+02 
7.598953e+02 
7.598953e+02 
7.598953e+02 
7.598953e+02 
7.598953e+02 
7.598953e+02 
7.598953e+02 
7.598953e+02 
7.598953e+02 
7.598953e+02 
7.598953e+02 
7.598953e+02 
7.598953e+02 
7.598953e+02 
7.598953e+02 
7.598953e+02 
7.598953e+02 
7.598953e+02 
7.598953e+02 
7.598953e+02 
7.598953e+02 
7.598953e+02 
7.598953e+02 
7.598953e+02 
7.598953e+02 
7.598953e+02 
7.598953e+02 
7.598953e+02 
7.598953e+02 
7.598953e+02 
7.598953e+02 
7.598953e+02 
7.598953e+02 
7.598953e+02 
7.598953e+02 
7.598953e+02 
7.598953e+02 
7.598953e+02 
7.598953e+02 
7.598953e+02 
7.598953e+02 
7.598953e+02 
7.598953e+02 
7.598953e+02 
7.598953e+02 
7.598953e+02 
7.598953e+02 
7.598953e+02 
7.598953e+02 
7.598953e+02 
7.598953e+02 
7.598953e+02 
7.598953e+02 
7.598953e+02 
7.598953e+02 
7.598953e+02 
7.598953e+02 
7.598953e+02 
7.598953e+02 
7.598953e+02 
7.598953e+02 
7.598953e+02 
7.598953e+02 
7.598953e+02 
7.598953e+02 
7.598953e+02 
7.598953e+02 
7.598953e+02 
7.598953e+02 
7.598953e+02 
7.598953e+02 
7.598953e+02 
7.598953e+02 
7.598953e+02 
7.598953e+02 
7.598953e+02 
7.598953e+02 
7.598953e+02 
7.598953e+02 
7.598953e+02 
7.598953e+02 
7.598953e+02 
7.598953e+02 
7.598953e+02 
7.598953e+02 
7.598953e+02 
7.598953e+02 
7.598953e+02 
7.598953e+02 
7.598953e+02 
7.598953e+02 
7.598953e+02 
7.598953e+02 
7.598953e+02 
7.598953e+02 
7.598953e+02 
7.598953e+02 
7.598953e+02 
7.598953e+02 
7.598953e+02 
7.598953e+02 
7.598953e+02 
7.598953e+02 
7.598953e+02 
7.598953e+02 
7.598953e+02 
7.598953e+02 
7.598953e+02 
7.598953e+02 
7.598953e+02 
7.598953e+02 
7.598953e+02 
7.598953e+02 
7.598953e+02 
7.598953e+02 
7.598953e+02 
7.598953e+02 
7.598953e+02 
7.598953e+02 
7.598953e+02 
7.598953e+02 
7.598953e+02 
7.598953e+02 
7.598953e+02 
7.598953e+02 
7.598953e+02 
7.598953e+02 
7.598953e+02 
7.598953e+02 
7.598953e+02 
7.598953e+02 
7.598953e+02 
7.598953e+02 
7.598953e+02 
7.598953e+02 
7.598953e+02 
7.598953e+02 
7.598953e+02 
7.598953e+02 
7.598953e+02 
7.598953e+02 
7.598953e+02 
7.598953e+02 
7.598953e+02 
7.598953e+02 
7.598953e+02 
7.598953e+02 
7.598953e+02 
7.598953e+02 
7.598953e+02 
7.598953e+02 
7.598953e+02 
7.598953e+02 
7.598953e+02 
7.598953e+02 
7.598953e+02 
7.598953e+02 
7.598953e+02 
7.598953e+02 
7.598953e+02 
7.598953e+02 
7.598953e+02 
7.598953e+02 
7.598953e+02 
7.598953e+02 
7.598953e+02 
7.598953e+02 
7.598953e+02 
7.598953e+02 
7.598953e+02 
7.598953e+02 
7.598953e+02 
7.598953e+02 
7.598953e+02 
7.598953e+02 
7.598953e+02 
7.598953e+02 
7.598953e+02 
7.598953e+02 
7.598953e+02 
7.598953e+02 
7.598953e+02 
7.598953e+02 
7.598953e+02 
7.598953e+02 
7.598953e+02 
7.598953e+02 
7.598953e+02 
7.598953e+02 
7.598953e+02 
7.598953e+02 
7.598953e+02 
7.598953e+02 
7.598953e+02 
7.598953e+02 
7.598953e+02 
7.598953e+02 
7.598953e+02 
7.598953e+02 
7.598953e+02 
7.598953e+02 
7.598953e+02 
7.598953e+02 
7.598953e+02 
7.598953e+02 
7.598953e+02 
7.598953e+02 
7.598953e+02 
7.598953e+02 
7.598953e+02 
7.598953e+02 
7.598953e+02 
7.598953e+02 
7.598953e+02 
7.598953e+02 
7.598953e+02 
7.598953e+02 
7.598953e+02 
7.598953e+02 
7.598953e+02 
7.598953e+02 
7.598953e+02 
7.598953e+02 
7.598953e+02 
7.598953e+02 
7.598953e+02 
7.598953e+02 
7.598953e+02 
7.598953e+02 
7.598953e+02 
7.598953e+02 
7.598953e+02 
7.598953e+02 
7.598953e+02 
7.598953e+02 
7.598953e+02 
7.598953e+02 
7.598953e+02 
7.598953e+02 
7.598953e+02 
7.598953e+02 
7.598953e+02 
7.598953e+02 
7.598953e+02 
7.598953e+02 
7.598953e+02 
7.598953e+02 
7.598953e+02 
7.598953e+02 
7.598953e+02 
7.598953e+02 
7.598953e+02 
7.598953e+02 
7.598953e+02 
7.598953e+02 
7.598953e+02 
7.598953e+02 
7.598953e+02 
7.598953e+02 
7.598953e+02 
7.598953e+02 
7.598953e+02 
7.598953e+02 
7.598953e+02 
7.598953e+02 
7.598953e+02 
7.598953e+02 
7.598953e+02 
7.598953e+02 
7.598953e+02 
7.598953e+02 
7.598953e+02 
7.598953e+02 
7.598953e+02 
7.598953e+02 
7.598953e+02 
7.598953e+02 
7.598953e+02 
7.598953e+02 
7.598953e+02 
7.598953e+02 
7.598953e+02 
7.598953e+02 
7.598953e+02 
7.598953e+02 
7.598953e+02 
7.598953e+02 
7.598953e+02 
7.598953e+02 
7.598953e+02 
7.598953e+02 
7.598953e+02 
7.598953e+02 
7.598953e+02 
7.598953e+02 
7.598953e+02 
7.598953e+02 
7.598953e+02 
7.598953e+02 
7.598953e+02 
7.598953e+02 
7.598953e+02 
7.598953e+02 
7.598953e+02 
7.598953e+02 
7.598953e+02 
7.598953e+02 
7.598953e+02 
7.598953e+02 
7.598953e+02 
7.598953e+02 
7.598953e+02 
7.598953e+02 
7.598953e+02 
7.598953e+02 
7.598953e+02 
7.598953e+02 
7.598953e+02 
7.598953e+02 
7.598953e+02 
7.598953e+02 
7.598953e+02 
7.598953e+02 
7.598953e+02 
7.598953e+02 
7.598953e+02 
7.598953e+02 
7.598953e+02 
7.598953e+02 
7.598953e+02 
7.598953e+02 
7.598953e+02 
7.598953e+02 
7.598953e+02 
7.598953e+02 
7.598953e+02 
7.598953e+02 
7.598953e+02 
7.598953e+02 
7.598953e+02 
7.598953e+02 
7.598953e+02 
7.598953e+02 
7.598953e+02 
7.598953e+02 
7.598953e+02 
7.598953e+02 
7.598953e+02 
7.598953e+02 
7.598953e+02 
7.598953e+02 
7.598953e+02 
7.598953e+02 
7.598953e+02 
7.598953e+02 
7.598953e+02 
7.598953e+02 
7.598953e+02 
7.598953e+02 
7.598953e+02 
7.598953e+02 
7.598953e+02 
7.598953e+02 
7.598953e+02 
7.598953e+02 
7.598953e+02 
7.598953e+02 
7.598953e+02 
7.598953e+02 
7.598953e+02 
7.598953e+02 
7.598953e+02 
7.598953e+02 
7.598953e+02 
7.598953e+02 
7.598953e+02 
7.598953e+02 
7.598953e+02 
7.598953e+02 
7.598953e+02 
7.598953e+02 
7.598953e+02 
7.598953e+02 
7.598953e+02 
7.598953e+02 
7.598953e+02 
7.598953e+02 
7.598953e+02 
7.598953e+02 
7.598953e+02 
7.598953e+02 
7.598953e+02 
7.598953e+02 
7.598953e+02 
7.598953e+02 
7.598953e+02 
7.598953e+02 
7.598953e+02 
7.598953e+02 
7.598953e+02 
7.598953e+02 
7.598953e+02 
7.598953e+02 
7.598953e+02 
7.598953e+02 
7.598953e+02 
7.598953e+02 
7.598953e+02 
7.598953e+02 
7.598953e+02 
7.598953e+02 
7.598953e+02 
7.598953e+02 
7.598953e+02 
7.598953e+02 
7.598953e+02 
7.598953e+02 
7.598953e+02 
7.598953e+02 
7.598953e+02 
7.598953e+02 
7.598953e+02 
7.598953e+02 
7.598953e+02 
7.598953e+02 
7.598953e+02 
7.598953e+02 
7.598953e+02 
7.598953e+02 
7.598953e+02 
7.598953e+02 
7.598953e+02 
7.598953e+02 
7.598953e+02 
7.598953e+02 
7.598953e+02 
7.598953e+02 
7.598953e+02 
7.598953e+02 
7.598953e+02 
7.598953e+02 
7.598953e+02 
7.598953e+02 
7.598953e+02 
7.598953e+02 
7.598953e+02 
7.598953e+02 
7.598953e+02 
7.598953e+02 
7.598953e+02 
7.598953e+02 
7.598953e+02 
7.598953e+02 
7.598953e+02 
7.598953e+02 
7.598953e+02 
7.598953e+02 
7.598953e+02 
7.598953e+02 
7.598953e+02 
7.598953e+02 
7.598953e+02 
7.598953e+02 
7.598953e+02 
7.598953e+02 
7.598953e+02 
7.598953e+02 
7.598953e+02 
7.598953e+02 
7.598953e+02 
7.598953e+02 
7.598953e+02 
7.598953e+02 
7.598953e+02 
7.598953e+02 
7.598953e+02 
7.598953e+02 
7.598953e+02 
7.598953e+02 
7.598953e+02 
7.598953e+02 
7.598953e+02 
7.598953e+02 
7.598953e+02 
7.598953e+02 
7.598953e+02 
7.598953e+02 
7.598953e+02 
7.598953e+02 
7.598953e+02 
7.598953e+02 
7.598953e+02 
7.598953e+02 
7.598953e+02 
7.598953e+02 
7.598953e+02 
7.598953e+02 
7.598953e+02 
7.598953e+02 
7.598953e+02 
7.598953e+02 
7.598953e+02 
7.598953e+02 
7.598953e+02 
7.598953e+02 
7.598953e+02 
7.598953e+02 
7.598953e+02 
7.598953e+02 
7.598953e+02 
7.598953e+02 
7.598953e+02 
7.598953e+02 
7.598953e+02 
7.598953e+02 
7.598953e+02 
7.598953e+02 
7.598953e+02 
7.598953e+02 
7.598953e+02 
7.598953e+02 
7.598953e+02 
7.598953e+02 
7.598953e+02 
7.598953e+02 
7.598953e+02 
7.598953e+02 
7.598953e+02 
7.598953e+02 
7.598953e+02 
7.598953e+02 
7.598953e+02 
7.598953e+02 
7.598953e+02 
7.598953e+02 
7.598953e+02 
7.598953e+02 
7.598953e+02 
7.598953e+02 
7.598953e+02 
7.598953e+02 
7.598953e+02 
7.598953e+02 
7.598953e+02 
7.598953e+02 
7.598953e+02 
7.598953e+02 
7.598953e+02 
7.598953e+02 
7.598953e+02 
7.598953e+02 
7.598953e+02 
7.598953e+02 
7.598953e+02 
7.598953e+02 
7.598953e+02 
7.598953e+02 
7.598953e+02 
7.598953e+02 
7.598953e+02 
7.598953e+02 
7.598953e+02 
7.598953e+02 
7.598953e+02 
7.598953e+02 
7.598953e+02 
7.598953e+02 
7.598953e+02 
7.598953e+02 
7.598953e+02 
7.598953e+02 
7.598953e+02 
7.598953e+02 
7.598953e+02 
7.598953e+02 
7.598953e+02 
7.598953e+02 
7.598953e+02 
7.598953e+02 
7.598953e+02 
7.598953e+02 
7.598953e+02 
7.598953e+02 
7.598953e+02 
7.598953e+02 
7.598953e+02 
7.598953e+02 
7.598953e+02 
7.598953e+02 
7.598953e+02 
7.598953e+02 
7.598953e+02 
7.598953e+02 
7.598953e+02 
7.598953e+02 
7.598953e+02 
7.598953e+02 
7.598953e+02 
7.598953e+02 
7.598953e+02 
7.598953e+02 
7.598953e+02 
7.598953e+02 
7.598953e+02 
7.598953e+02 
7.598953e+02 
7.598953e+02 
7.598953e+02 
7.598953e+02 
7.598953e+02 
7.598953e+02 
7.598953e+02 
7.598953e+02 
7.598953e+02 
7.598953e+02 
7.598953e+02 
7.598953e+02 
7.598953e+02 
7.598953e+02 
7.598953e+02 
7.598953e+02 
7.598953e+02 
7.598953e+02 
7.598953e+02 
7.598953e+02 
7.598953e+02 
7.598953e+02 
7.598953e+02 
7.598953e+02 
7.598953e+02 
7.598953e+02 
7.598953e+02 
7.598953e+02 
7.598953e+02 
7.598953e+02 
7.598953e+02 
7.598953e+02 
7.598953e+02 
7.598953e+02 
7.598953e+02 
7.598953e+02 
7.598953e+02 
7.598953e+02 
7.598953e+02 
7.598953e+02 
7.598953e+02 
7.598953e+02 
7.598953e+02 
7.598953e+02 
7.598953e+02 
7.598953e+02 
7.598953e+02 
7.598953e+02 
7.598953e+02 
7.598953e+02 
7.598953e+02 
7.598953e+02 
7.598953e+02 
7.598953e+02 
7.598953e+02 
7.598953e+02 
7.598953e+02 
7.598953e+02 
7.598953e+02 
7.598953e+02 
7.598953e+02 
7.598953e+02 
7.598953e+02 
7.598953e+02 
7.598953e+02 
7.598953e+02 
7.598953e+02 
7.598953e+02 
7.598953e+02 
7.598953e+02 
7.598953e+02 
7.598953e+02 
7.598953e+02 
7.598953e+02 
7.598953e+02 
7.598953e+02 
7.598953e+02 
7.598953e+02 
7.598953e+02 
7.598953e+02 
7.598953e+02 
7.598953e+02 
7.598953e+02 
7.598953e+02 
7.598953e+02 
7.598953e+02 
7.598953e+02 
7.598953e+02 
7.598953e+02 
7.598953e+02 
7.598953e+02 
7.598953e+02 
7.598953e+02 
7.598953e+02 
7.598953e+02 
7.598953e+02 
7.598953e+02 
7.598953e+02 
7.598953e+02 
7.598953e+02 
7.598953e+02 
7.598953e+02 
7.598953e+02 
7.598953e+02 
7.598953e+02 
7.598953e+02 
7.598953e+02 
7.598953e+02 
7.598953e+02 
7.598953e+02 
7.598953e+02 
7.598953e+02 
7.598953e+02 
7.598953e+02 
7.598953e+02 
7.598953e+02 
7.598953e+02 
7.598953e+02 
7.598953e+02 
7.598953e+02 
7.598953e+02 
7.598953e+02 
7.598953e+02 
7.598953e+02 
7.598953e+02 
7.598953e+02 
7.598953e+02 
7.598953e+02 
7.598953e+02 
7.598953e+02 
7.598953e+02 
7.598953e+02 
7.598953e+02 
7.598953e+02 
7.598953e+02 
7.598953e+02 
7.598953e+02 
7.598953e+02 
7.598953e+02 
7.598953e+02 
7.598953e+02 
7.598953e+02 
7.598953e+02 
7.598953e+02 
7.598953e+02 
7.598953e+02 
7.598953e+02 
7.598953e+02 
7.598953e+02 
7.598953e+02 
7.598953e+02 
7.598953e+02 
7.598953e+02 
7.598953e+02 
7.598953e+02 
7.598953e+02 
7.598953e+02 
7.598953e+02 
7.598953e+02 
7.598953e+02 
7.598953e+02 
7.598953e+02 
7.598953e+02 
7.598953e+02 
7.598953e+02 
7.598953e+02 
7.598953e+02 
7.598953e+02 
7.598953e+02 
7.598953e+02 
7.598953e+02 
7.598953e+02 
7.598953e+02 
7.598953e+02 
7.598953e+02 
7.598953e+02 
7.598953e+02 
7.598953e+02 
7.598953e+02 
7.598953e+02 
7.598953e+02 
7.598953e+02 
7.598953e+02 
7.598953e+02 
7.598953e+02 
7.598953e+02 
7.598953e+02 
7.598953e+02 
7.598953e+02 
7.598953e+02 
7.598953e+02 
7.598953e+02 
7.598953e+02 
7.598953e+02 
7.598953e+02 
7.598953e+02 
7.598953e+02 
7.598953e+02 
7.598953e+02 
7.598953e+02 
7.598953e+02 
7.598953e+02 
7.598953e+02 
7.598953e+02 
7.598953e+02 
7.598953e+02 
7.598953e+02 
7.598953e+02 
7.598953e+02 
7.598953e+02 
7.598953e+02 
7.598953e+02 
7.598953e+02 
7.598953e+02 
7.598953e+02 
7.598953e+02 
7.598953e+02 
7.598953e+02 
7.598953e+02 
7.598953e+02 
7.598953e+02 
7.598953e+02 
7.598953e+02 
7.598953e+02 
7.598953e+02 
7.598953e+02 
7.598953e+02 
7.598953e+02 
7.598953e+02 
7.598953e+02 
7.598953e+02 
7.598953e+02 
7.598953e+02 
7.598953e+02 
7.598953e+02 
7.598953e+02 
7.598953e+02 
7.598953e+02 
7.598953e+02 
7.598953e+02 
7.598953e+02 
7.598953e+02 
7.598953e+02 
7.598953e+02 
7.598953e+02 
7.598953e+02 
7.598953e+02 
7.598953e+02 
7.598953e+02 
7.598953e+02 
7.598953e+02 
7.598953e+02 
7.598953e+02 
7.598953e+02 
7.598953e+02 
7.598953e+02 
7.598953e+02 
7.598953e+02 
7.598953e+02 
7.598953e+02 
7.598953e+02 
7.598953e+02 
7.598953e+02 
7.598953e+02 
7.598953e+02 
7.598953e+02 
7.598953e+02 
7.598953e+02 
7.598953e+02 
7.598953e+02 
7.598953e+02 
7.598953e+02 
7.598953e+02 
7.598953e+02 
7.598953e+02 
7.598953e+02 
7.598953e+02 
7.598953e+02 
7.598953e+02 
7.598953e+02 
7.598953e+02 
7.598953e+02 
7.598953e+02 
7.598953e+02 
7.598953e+02 
7.598953e+02 
7.598953e+02 
7.598953e+02 
7.598953e+02 
7.598953e+02 
7.598953e+02 
7.598953e+02 
7.598953e+02 
7.598953e+02 
7.598953e+02 
7.598953e+02 
7.598953e+02 
7.598953e+02 
7.598953e+02 
7.598953e+02 
7.598953e+02 
7.598953e+02 
7.598953e+02 
7.598953e+02 
7.598953e+02 
7.598953e+02 
7.598953e+02 
7.598953e+02 
7.598953e+02 
7.598953e+02 
7.598953e+02 
7.598953e+02 
7.598953e+02 
7.598953e+02 
7.598953e+02 
7.598953e+02 
7.598953e+02 
7.598953e+02 
7.598953e+02 
7.598953e+02 
7.598953e+02 
7.598953e+02 
7.598953e+02 
7.598953e+02 
7.598953e+02 
7.598953e+02 
7.598953e+02 
7.598953e+02 
7.598953e+02 
7.598953e+02 
7.598953e+02 
7.598953e+02 
7.598953e+02 
7.598953e+02 
7.598953e+02 
7.598953e+02 
7.598953e+02 
7.598953e+02 
7.598953e+02 
7.598953e+02 
7.598953e+02 
7.598953e+02 
7.598953e+02 
7.598953e+02 
7.598953e+02 
7.598953e+02 
7.598953e+02 
7.598953e+02 
7.598953e+02 
7.598953e+02 
7.598953e+02 
7.598953e+02 
7.598953e+02 
7.598953e+02 
7.598953e+02 
7.598953e+02 
7.598953e+02 
7.598953e+02 
7.598953e+02 
7.598953e+02 
7.598953e+02 
7.598953e+02 
7.598953e+02 
7.598953e+02 
7.598953e+02 
7.598953e+02 
7.598953e+02 
7.598953e+02 
7.598953e+02 
7.598953e+02 
7.598953e+02 
7.598953e+02 
7.598953e+02 
7.598953e+02 
7.598953e+02 
7.598953e+02 
7.598953e+02 
7.598953e+02 
7.598953e+02 
7.598953e+02 
7.598953e+02 
7.598953e+02 
7.598953e+02 
7.598953e+02 
7.598953e+02 
7.598953e+02 
7.598953e+02 
7.598953e+02 
7.598953e+02 
7.598953e+02 
7.598953e+02 
7.598953e+02 
7.598953e+02 
7.598953e+02 
7.598953e+02 
7.598953e+02 
7.598953e+02 
7.598953e+02 
7.598953e+02 
7.598953e+02 
7.598953e+02 
7.598953e+02 
7.598953e+02 
7.598953e+02 
7.598953e+02 
7.598953e+02 
7.598953e+02 
7.598953e+02 
7.598953e+02 
7.598953e+02 
7.598953e+02 
7.598953e+02 
7.598953e+02 
7.598953e+02 
7.598953e+02 
7.598953e+02 
7.598953e+02 
7.598953e+02 
7.598953e+02 
7.598953e+02 
7.598953e+02 
7.598953e+02 
7.598953e+02 
7.598953e+02 
7.598953e+02 
7.598953e+02 
7.598953e+02 
7.598953e+02 
7.598953e+02 
7.598953e+02 
7.598953e+02 
7.598953e+02 
7.598953e+02 
7.598953e+02 
7.598953e+02 
7.598953e+02 
7.598953e+02 
7.598953e+02 
7.598953e+02 
7.598953e+02 
7.598953e+02 
7.598953e+02 
7.598953e+02 
7.598953e+02 
7.598953e+02 
7.598953e+02 
7.598953e+02 
7.598953e+02 
7.598953e+02 
7.598953e+02 
7.598953e+02 
7.598953e+02 
7.598953e+02 
7.598953e+02 
7.598953e+02 
7.598953e+02 
7.598953e+02 
7.598953e+02 
7.598953e+02 
7.598953e+02 
7.598953e+02 
7.598953e+02 
7.598953e+02 
7.598953e+02 
7.598953e+02 
7.598953e+02 
7.598953e+02 
7.598953e+02 
7.598953e+02 
7.598953e+02 
7.598953e+02 
7.598953e+02 
7.598953e+02 
7.598953e+02 
7.598953e+02 
7.598953e+02 
7.598953e+02 
7.598953e+02 
7.598953e+02 
7.598953e+02 
7.598953e+02 
7.598953e+02 
7.598953e+02 
7.598953e+02 
7.598953e+02 
7.598953e+02 
7.598953e+02 
7.598953e+02 
7.598953e+02 
7.598953e+02 
7.598953e+02 
7.598953e+02 
7.598953e+02 
7.598953e+02 
7.598953e+02 
7.598953e+02 
7.598953e+02 
7.598953e+02 
7.598953e+02 
7.598953e+02 
7.598953e+02 
7.598953e+02 
7.598953e+02 
7.598953e+02 
7.598953e+02 
7.598953e+02 
7.598953e+02 
7.598953e+02 
7.598953e+02 
7.598953e+02 
7.598953e+02 
7.598953e+02 
7.598953e+02 
7.598953e+02 
7.598953e+02 
7.598953e+02 
7.598953e+02 
7.598953e+02 
7.598953e+02 
7.598953e+02 
7.598953e+02 
7.598953e+02 
7.598953e+02 
7.598953e+02 
7.598953e+02 
7.598953e+02 
7.598953e+02 
7.598953e+02 
7.598953e+02 
7.598953e+02 
7.598953e+02 
7.598953e+02 
7.598953e+02 
7.598953e+02 
7.598953e+02 
7.598953e+02 
7.598953e+02 
7.598953e+02 
7.598953e+02 
7.598953e+02 
7.598953e+02 
7.598953e+02 
7.598953e+02 
7.598953e+02 
7.598953e+02 
7.598953e+02 
7.598953e+02 
7.598953e+02 
7.598953e+02 
7.598953e+02 
7.598953e+02 
7.598953e+02 
7.598953e+02 
7.598953e+02 
7.598953e+02 
7.598953e+02 
7.598953e+02 
7.598953e+02 
7.598953e+02 
7.598953e+02 
7.598953e+02 
7.598953e+02 
7.598953e+02 
7.598953e+02 
7.598953e+02 
7.598953e+02 
7.598953e+02 
7.598953e+02 
7.598953e+02 
7.598953e+02 
7.598953e+02 
7.598953e+02 
7.598953e+02 
7.598953e+02 
7.598953e+02 
7.598953e+02 
7.598953e+02 
7.598953e+02 
7.598953e+02 
7.598953e+02 
7.598953e+02 
7.598953e+02 
7.598953e+02 
7.598953e+02 
7.598953e+02 
7.598953e+02 
7.598953e+02 
7.598953e+02 
7.598953e+02 
7.598953e+02 
7.598953e+02 
7.598953e+02 
7.598953e+02 
7.598953e+02 
7.598953e+02 
7.598953e+02 
7.598953e+02 
7.598953e+02 
7.598953e+02 
7.598953e+02 
7.598953e+02 
7.598953e+02 
7.598953e+02 
7.598953e+02 
7.598953e+02 
7.598953e+02 
7.598953e+02 
7.598953e+02 
7.598953e+02 
7.598953e+02 
7.598953e+02 
7.598953e+02 
7.598953e+02 
7.598953e+02 
7.598953e+02 
7.598953e+02 
7.598953e+02 
7.598953e+02 
7.598953e+02 
7.598953e+02 
7.598953e+02 
7.598953e+02 
7.598953e+02 
7.598953e+02 
7.598953e+02 
7.598953e+02 
7.598953e+02 
7.598953e+02 
7.598953e+02 
7.598953e+02 
7.598953e+02 
7.598953e+02 
7.598953e+02 
7.598953e+02 
7.598953e+02 
7.598953e+02 
7.598953e+02 
7.598953e+02 
7.598953e+02 
7.598953e+02 
7.598953e+02 
7.598953e+02 
7.598953e+02 
7.598953e+02 
7.598953e+02 
7.598953e+02 
7.598953e+02 
7.598953e+02 
7.598953e+02 
7.598953e+02 
7.598953e+02 
7.598953e+02 
7.598953e+02 
7.598953e+02 
7.598953e+02 
7.598953e+02 
7.598953e+02 
7.598953e+02 
7.598953e+02 
7.598953e+02 
7.598953e+02 
7.598953e+02 
7.598953e+02 
7.598953e+02 
7.598953e+02 
7.598953e+02 
7.598953e+02 
7.598953e+02 
7.598953e+02 
7.598953e+02 
7.598953e+02 
7.598953e+02 
7.598953e+02 
7.598953e+02 
7.598953e+02 
7.598953e+02 
7.598953e+02 
7.598953e+02 
7.598953e+02 
7.598953e+02 
7.598953e+02 
7.598953e+02 
7.598953e+02 
7.598953e+02 
7.598953e+02 
7.598953e+02 
7.598953e+02 
7.598953e+02 
7.598953e+02 
7.598953e+02 
7.598953e+02 
7.598953e+02 
7.598953e+02 
7.598953e+02 
7.598953e+02 
7.598953e+02 
7.598953e+02 
7.598953e+02 
7.598953e+02 
7.598953e+02 
7.598953e+02 
7.598953e+02 
7.598953e+02 
7.598953e+02 
7.598953e+02 
7.598953e+02 
7.598953e+02 
7.598953e+02 
7.598953e+02 
7.598953e+02 
7.598953e+02 
7.598953e+02 
7.598953e+02 
7.598953e+02 
7.598953e+02 
7.598953e+02 
7.598953e+02 
7.598953e+02 
7.598953e+02 
7.598953e+02 
7.598953e+02 
7.598953e+02 
7.598953e+02 
7.598953e+02 
7.598953e+02 
7.598953e+02 
7.598953e+02 
7.598953e+02 
7.598953e+02 
7.598953e+02 
7.598953e+02 
7.598953e+02 
7.598953e+02 
7.598953e+02 
7.598953e+02 
7.598953e+02 
7.598953e+02 
7.598953e+02 
7.598953e+02 
7.598953e+02 
7.598953e+02 
7.598953e+02 
7.598953e+02 
7.598953e+02 
7.598953e+02 
7.598953e+02 
7.598953e+02 
7.598953e+02 
7.598953e+02 
7.598953e+02 
7.598953e+02 
7.598953e+02 
7.598953e+02 
7.598953e+02 
7.598953e+02 
7.598953e+02 
7.598953e+02 
7.598953e+02 
7.598953e+02 
7.598953e+02 
7.598953e+02 
7.598953e+02 
7.598953e+02 
7.598953e+02 
7.598953e+02 
7.598953e+02 
7.598953e+02 
7.598953e+02 
7.598953e+02 
7.598953e+02 
7.598953e+02 
7.598953e+02 
7.598953e+02 
7.598953e+02 
7.598953e+02 
7.598953e+02 
7.598953e+02 
7.598953e+02 
7.598953e+02 
7.598953e+02 
7.598953e+02 
7.598953e+02 
7.598953e+02 
7.598953e+02 
7.598953e+02 
7.598953e+02 
7.598953e+02 
7.598953e+02 
7.598953e+02 
7.598953e+02 
7.598953e+02 
7.598953e+02 
7.598953e+02 
7.598953e+02 
7.598953e+02 
7.598953e+02 
7.598953e+02 
7.598953e+02 
7.598953e+02 
7.598953e+02 
7.598953e+02 
7.598953e+02 
7.598953e+02 
7.598953e+02 
7.598953e+02 
7.598953e+02 
7.598953e+02 
7.598953e+02 
7.598953e+02 
7.598953e+02 
7.598953e+02 
7.598953e+02 
7.598953e+02 
7.598953e+02 
7.598953e+02 
7.598953e+02 
7.598953e+02 
7.598953e+02 
7.598953e+02 
7.598953e+02 
7.598953e+02 
7.598953e+02 
7.598953e+02 
7.598953e+02 
7.598953e+02 
7.598953e+02 
7.598953e+02 
7.598953e+02 
7.598953e+02 
7.598953e+02 
7.598953e+02 
7.598953e+02 
7.598953e+02 
7.598953e+02 
7.598953e+02 
7.598953e+02 
7.598953e+02 
7.598953e+02 
7.598953e+02 
7.598953e+02 
7.598953e+02 
7.598953e+02 
7.598953e+02 
7.598953e+02 
7.598953e+02 
7.598953e+02 
7.598953e+02 
7.598953e+02 
7.598953e+02 
7.598953e+02 
7.598953e+02 
7.598953e+02 
7.598953e+02 
7.598953e+02 
7.598953e+02 
7.598953e+02 
7.598953e+02 
7.598953e+02 
7.598953e+02 
7.598953e+02 
7.598953e+02 
7.598953e+02 
7.598953e+02 
7.598953e+02 
7.598953e+02 
7.598953e+02 
7.598953e+02 
7.598953e+02 
7.598953e+02 
7.598953e+02 
7.598953e+02 
7.598953e+02 
7.598953e+02 
7.598953e+02 
7.598953e+02 
7.598953e+02 
7.598953e+02 
7.598953e+02 
7.598953e+02 
7.598953e+02 
7.598953e+02 
7.598953e+02 
7.598953e+02 
7.598953e+02 
7.598953e+02 
7.598953e+02 
7.598953e+02 
7.598953e+02 
7.598953e+02 
7.598953e+02 
7.598953e+02 
7.598953e+02 
7.598953e+02 
7.598953e+02 
7.598953e+02 
7.598953e+02 
7.598953e+02 
7.598953e+02 
7.598953e+02 
7.598953e+02 
7.598953e+02 
7.598953e+02 
7.598953e+02 
7.598953e+02 
7.598953e+02 
7.598953e+02 
7.598953e+02 
7.598953e+02 
7.598953e+02 
7.598953e+02 
7.598953e+02 
7.598953e+02 
7.598953e+02 
7.598953e+02 
7.598953e+02 
7.598953e+02 
7.598953e+02 
7.598953e+02 
7.598953e+02 
7.598953e+02 
7.598953e+02 
7.598953e+02 
7.598953e+02 
7.598953e+02 
7.598953e+02 
7.598953e+02 
7.598953e+02 
7.598953e+02 
7.598953e+02 
7.598953e+02 
7.598953e+02 
7.598953e+02 
7.598953e+02 
7.598953e+02 
7.598953e+02 
7.598953e+02 
7.598953e+02 
7.598953e+02 
7.598953e+02 
7.598953e+02 
7.598953e+02 
7.598953e+02 
7.598953e+02 
7.598953e+02 
7.598953e+02 
7.598953e+02 
7.598953e+02 
7.598953e+02 
7.598953e+02 
7.598953e+02 
7.598953e+02 
7.598953e+02 
7.598953e+02 
7.598953e+02 
7.598953e+02 
7.598953e+02 
7.598953e+02 
7.598953e+02 
7.598953e+02 
7.598953e+02 
7.598953e+02 
7.598953e+02 
7.598953e+02 
7.598953e+02 
7.598953e+02 
7.598953e+02 
7.598953e+02 
7.598953e+02 
7.598953e+02 
7.598953e+02 
7.598953e+02 
7.598953e+02 
7.598953e+02 
7.598953e+02 
7.598953e+02 
7.598953e+02 
7.598953e+02 
7.598953e+02 
7.598953e+02 
7.598953e+02 
7.598953e+02 
7.598953e+02 
7.598953e+02 
7.598953e+02 
7.598953e+02 
7.598953e+02 
7.598953e+02 
7.598953e+02 
7.598953e+02 
7.598953e+02 
7.598953e+02 
7.598953e+02 
7.598953e+02 
7.598953e+02 
7.598953e+02 
7.598953e+02 
7.598953e+02 
7.598953e+02 
7.598953e+02 
7.598953e+02 
7.598953e+02 
7.598953e+02 
7.598953e+02 
7.598953e+02 
7.598953e+02 
7.598953e+02 
7.598953e+02 
7.598953e+02 
7.598953e+02 
7.598953e+02 
7.598953e+02 
7.598953e+02 
7.598953e+02 
7.598953e+02 
7.598953e+02 
7.598953e+02 
7.598953e+02 
7.598953e+02 
7.598953e+02 
7.598953e+02 
7.598953e+02 
7.598953e+02 
7.598953e+02 
7.598953e+02 
7.598953e+02 
7.598953e+02 
7.598953e+02 
7.598953e+02 
7.598953e+02 
7.598953e+02 
7.598953e+02 
7.598953e+02 
7.598953e+02 
7.598953e+02 
7.598953e+02 
7.598953e+02 
7.598953e+02 
7.598953e+02 
7.598953e+02 
7.598953e+02 
7.598953e+02 
7.598953e+02 
7.598953e+02 
7.598953e+02 
7.598953e+02 
7.598953e+02 
7.598953e+02 
7.598953e+02 
7.598953e+02 
7.598953e+02 
7.598953e+02 
7.598953e+02 
7.598953e+02 
7.598953e+02 
7.598953e+02 
7.598953e+02 
7.598953e+02 
7.598953e+02 
7.598953e+02 
7.598953e+02 
7.598953e+02 
7.598953e+02 
7.598953e+02 
7.598953e+02 
7.598953e+02 
7.598953e+02 
7.598953e+02 
7.598953e+02 
7.598953e+02 
7.598953e+02 
7.598953e+02 
7.598953e+02 
7.598953e+02 
7.598953e+02 
7.598953e+02 
7.598953e+02 
7.598953e+02 
7.598953e+02 
7.598953e+02 
7.598953e+02 
7.598953e+02 
7.598953e+02 
7.598953e+02 
7.598953e+02 
7.598953e+02 
7.598953e+02 
7.598953e+02 
7.598953e+02 
7.598953e+02 
7.598953e+02 
7.598953e+02 
7.598953e+02 
7.598953e+02 
7.598953e+02 
7.598953e+02 
7.598953e+02 
7.598953e+02 
7.598953e+02 
7.598953e+02 
7.598953e+02 
7.598953e+02 
7.598953e+02 
7.598953e+02 
7.598953e+02 
7.598953e+02 
7.598953e+02 
7.598953e+02 
7.598953e+02 
7.598953e+02 
7.598953e+02 
7.598953e+02 
7.598953e+02 
7.598953e+02 
7.598953e+02 
7.598953e+02 
7.598953e+02 
7.598953e+02 
7.598953e+02 
7.598953e+02 
7.598953e+02 
7.598953e+02 
7.598953e+02 
7.598953e+02 
7.598953e+02 
7.598953e+02 
7.598953e+02 
7.598953e+02 
7.598953e+02 
7.598953e+02 
7.598953e+02 
7.598953e+02 
7.598953e+02 
7.598953e+02 
7.598953e+02 
7.598953e+02 
7.598953e+02 
7.598953e+02 
7.598953e+02 
7.598953e+02 
7.598953e+02 
7.598953e+02 
7.598953e+02 
7.598953e+02 
7.598953e+02 
7.598953e+02 
7.598953e+02 
7.598953e+02 
7.598953e+02 
7.598953e+02 
7.598953e+02 
7.598953e+02 
7.598953e+02 
7.598953e+02 
7.598953e+02 
7.598953e+02 
7.598953e+02 
7.598953e+02 
7.598953e+02 
7.598953e+02 
7.598953e+02 
7.598953e+02 
7.598953e+02 
7.598953e+02 
7.598953e+02 
7.598953e+02 
7.598953e+02 
7.598953e+02 
7.598953e+02 
7.598953e+02 
7.598953e+02 
7.598953e+02 
7.598953e+02 
7.598953e+02 
7.598953e+02 
7.598953e+02 
7.598953e+02 
7.598953e+02 
7.598953e+02 
7.598953e+02 
7.598953e+02 
7.598953e+02 
7.598953e+02 
7.598953e+02 
7.598953e+02 
7.598953e+02 
7.598953e+02 
7.598953e+02 
7.598953e+02 
7.598953e+02 
7.598953e+02 
7.598953e+02 
7.598953e+02 
7.598953e+02 
7.598953e+02 
7.598953e+02 
7.598953e+02 
7.598953e+02 
7.598953e+02 
7.598953e+02 
7.598953e+02 
7.598953e+02 
7.598953e+02 
7.598953e+02 
7.598953e+02 
7.598953e+02 
7.598953e+02 
7.598953e+02 
7.598953e+02 
7.598953e+02 
7.598953e+02 
7.598953e+02 
7.598953e+02 
7.598953e+02 
7.598953e+02 
7.598953e+02 
7.598953e+02 
7.598953e+02 
7.598953e+02 
7.598953e+02 
7.598953e+02 
7.598953e+02 
7.598953e+02 
7.598953e+02 
7.598953e+02 
7.598953e+02 
7.598953e+02 
7.598953e+02 
7.598953e+02 
7.598953e+02 
7.598953e+02 
7.598953e+02 
7.598953e+02 
7.598953e+02 
7.598953e+02 
7.598953e+02 
7.598953e+02 
7.598953e+02 
7.598953e+02 
7.598953e+02 
7.598953e+02 
7.598953e+02 
7.598953e+02 
7.598953e+02 
7.598953e+02 
7.598953e+02 
7.598953e+02 
7.598953e+02 
7.598953e+02 
7.598953e+02 
7.598953e+02 
7.598953e+02 
7.598953e+02 
7.598953e+02 
7.598953e+02 
7.598953e+02 
7.598953e+02 
7.598953e+02 
7.598953e+02 
7.598953e+02 
7.598953e+02 
7.598953e+02 
7.598953e+02 
7.598953e+02 
7.598953e+02 
7.598953e+02 
7.598953e+02 
7.598953e+02 
7.598953e+02 
7.598953e+02 
7.598953e+02 
7.598953e+02 
7.598953e+02 
7.598953e+02 
7.598953e+02 
7.598953e+02 
7.598953e+02 
7.598953e+02 
7.598953e+02 
7.598953e+02 
7.598953e+02 
7.598953e+02 
7.598953e+02 
7.598953e+02 
7.598953e+02 
7.598953e+02 
7.598953e+02 
7.598953e+02 
7.598953e+02 
7.598953e+02 
7.598953e+02 
7.598953e+02 
7.598953e+02 
7.598953e+02 
7.598953e+02 
7.598953e+02 
7.598953e+02 
7.598953e+02 
7.598953e+02 
7.598953e+02 
7.598953e+02 
7.598953e+02 
7.598953e+02 
7.598953e+02 
7.598953e+02 
7.598953e+02 
7.598953e+02 
7.598953e+02 
7.598953e+02 
7.598953e+02 
7.598953e+02 
7.598953e+02 
7.598953e+02 
7.598953e+02 
7.598953e+02 
7.598953e+02 
7.598953e+02 
7.598953e+02 
7.598953e+02 
7.598953e+02 
7.598953e+02 
7.598953e+02 
7.598953e+02 
7.598953e+02 
7.598953e+02 
7.598953e+02 
7.598953e+02 
7.598953e+02 
7.598953e+02 
7.598953e+02 
7.598953e+02 
7.598953e+02 
7.598953e+02 
7.598953e+02 
7.598953e+02 
7.598953e+02 
7.598953e+02 
7.598953e+02 
7.598953e+02 
7.598953e+02 
7.598953e+02 
7.598953e+02 
7.598953e+02 
7.598953e+02 
7.598953e+02 
7.598953e+02 
7.598953e+02 
7.598953e+02 
7.598953e+02 
7.598953e+02 
7.598953e+02 
7.598953e+02 
7.598953e+02 
7.598953e+02 
7.598953e+02 
7.598953e+02 
7.598953e+02 
7.598953e+02 
7.598953e+02 
7.598953e+02 
7.598953e+02 
7.598953e+02 
7.598953e+02 
7.598953e+02 
7.598953e+02 
7.598953e+02 
7.598953e+02 
7.598953e+02 
7.598953e+02 
7.598953e+02 
7.598953e+02 
7.598953e+02 
7.598953e+02 
7.598953e+02 
7.598953e+02 
7.598953e+02 
7.598953e+02 
7.598953e+02 
7.598953e+02 
7.598953e+02 
7.598953e+02 
7.598953e+02 
7.598953e+02 
7.598953e+02 
7.598953e+02 
7.598953e+02 
7.598953e+02 
7.598953e+02 
7.598953e+02 
7.598953e+02 
7.598953e+02 
7.598953e+02 
7.598953e+02 
7.598953e+02 
7.598953e+02 
7.598953e+02 
7.598953e+02 
7.598953e+02 
7.598953e+02 
7.598953e+02 
7.598953e+02 
7.598953e+02 
7.598953e+02 
7.598953e+02 
7.598953e+02 
7.598953e+02 
7.598953e+02 
7.598953e+02 
7.598953e+02 
7.598953e+02 
7.598953e+02 
7.598953e+02 
7.598953e+02 
7.598953e+02 
7.598953e+02 
7.598953e+02 
7.598953e+02 
7.598953e+02 
7.598953e+02 
7.598953e+02 
7.598953e+02 
7.598953e+02 
7.598953e+02 
7.598953e+02 
7.598953e+02 
7.598953e+02 
7.598953e+02 
7.598953e+02 
7.598953e+02 
7.598953e+02 
7.598953e+02 
7.598953e+02 
7.598953e+02 
7.598953e+02 
7.598953e+02 
7.598953e+02 
7.598953e+02 
7.598953e+02 
7.598953e+02 
7.598953e+02 
7.598953e+02 
7.598953e+02 
7.598953e+02 
7.598953e+02 
7.598953e+02 
7.598953e+02 
7.598953e+02 
7.598953e+02 
7.598953e+02 
7.598953e+02 
7.598953e+02 
7.598953e+02 
