1.601098e+06 
1.601098e+06 
1.601098e+06 
1.601098e+06 
1.154432e+06 
9.395859e+05 
8.958191e+05 
4.144354e+05 
1.927042e+05 
1.542502e+05 
3.154107e+04 
1.739331e+04 
1.283851e+04 
1.283851e+04 
7.508380e+03 
7.508380e+03 
6.417194e+03 
4.869934e+03 
4.869934e+03 
4.869934e+03 
4.869934e+03 
4.869934e+03 
4.691360e+03 
3.628165e+03 
3.481617e+03 
3.481617e+03 
2.805065e+03 
2.233549e+03 
2.233549e+03 
2.082957e+03 
1.889730e+03 
1.510613e+03 
1.510613e+03 
1.394745e+03 
1.369504e+03 
1.316979e+03 
1.316979e+03 
1.300012e+03 
1.252279e+03 
1.236512e+03 
1.171018e+03 
1.153622e+03 
1.136728e+03 
1.136728e+03 
1.132457e+03 
1.124498e+03 
1.122959e+03 
1.109935e+03 
1.065479e+03 
1.001344e+03 
9.812570e+02 
8.302231e+02 
8.302231e+02 
8.071651e+02 
8.071651e+02 
7.983951e+02 
7.889234e+02 
7.889234e+02 
7.889234e+02 
7.889234e+02 
7.889234e+02 
7.629057e+02 
7.629057e+02 
7.629057e+02 
7.544213e+02 
7.544213e+02 
7.286199e+02 
7.286199e+02 
7.286199e+02 
7.217004e+02 
7.062521e+02 
7.014213e+02 
7.000199e+02 
6.998102e+02 
6.963978e+02 
5.789603e+02 
5.715030e+02 
5.715030e+02 
5.477690e+02 
5.477690e+02 
5.477690e+02 
4.987728e+02 
4.987728e+02 
4.987728e+02 
4.987728e+02 
4.987728e+02 
4.987728e+02 
4.967615e+02 
4.967615e+02 
4.967615e+02 
4.967615e+02 
4.866746e+02 
4.866746e+02 
4.785648e+02 
4.785648e+02 
4.785648e+02 
4.724935e+02 
4.702280e+02 
4.691481e+02 
4.675251e+02 
4.675251e+02 
4.638393e+02 
4.602255e+02 
4.599821e+02 
4.599821e+02 
4.584115e+02 
4.579225e+02 
4.574593e+02 
4.572712e+02 
4.572712e+02 
4.569338e+02 
4.569338e+02 
4.566994e+02 
4.564919e+02 
4.561628e+02 
4.561628e+02 
4.561628e+02 
4.561138e+02 
4.561138e+02 
4.560760e+02 
4.560632e+02 
4.560632e+02 
4.560031e+02 
4.560031e+02 
4.560031e+02 
4.558942e+02 
4.557842e+02 
4.557355e+02 
4.556689e+02 
4.556689e+02 
4.556689e+02 
4.555588e+02 
4.555588e+02 
4.555588e+02 
4.555520e+02 
4.555209e+02 
4.555124e+02 
4.555124e+02 
4.554871e+02 
4.554871e+02 
4.554684e+02 
4.554499e+02 
4.554421e+02 
4.554421e+02 
4.554421e+02 
4.554421e+02 
4.554421e+02 
4.554421e+02 
4.554209e+02 
4.553948e+02 
4.553948e+02 
4.553948e+02 
4.553948e+02 
4.553948e+02 
4.553948e+02 
4.553804e+02 
4.553804e+02 
4.553804e+02 
4.553804e+02 
4.553804e+02 
4.553756e+02 
4.553756e+02 
4.553756e+02 
4.553468e+02 
4.553284e+02 
4.553179e+02 
4.553045e+02 
4.553020e+02 
4.552681e+02 
4.552681e+02 
4.552681e+02 
4.552644e+02 
4.552644e+02 
4.552644e+02 
4.552644e+02 
4.552489e+02 
4.552191e+02 
4.552191e+02 
4.552046e+02 
4.552046e+02 
4.552046e+02 
4.552046e+02 
4.550685e+02 
4.547523e+02 
4.545129e+02 
4.545129e+02 
4.545129e+02 
4.545129e+02 
4.544771e+02 
4.544771e+02 
4.544771e+02 
4.543974e+02 
4.543974e+02 
4.543974e+02 
4.543974e+02 
4.543974e+02 
4.543974e+02 
4.543974e+02 
4.543701e+02 
4.543701e+02 
4.543701e+02 
4.543701e+02 
4.543701e+02 
4.543701e+02 
4.543513e+02 
4.543501e+02 
4.543501e+02 
4.543461e+02 
4.543367e+02 
4.543367e+02 
4.543354e+02 
4.543350e+02 
4.543350e+02 
4.543350e+02 
4.543350e+02 
4.543350e+02 
4.543350e+02 
4.543344e+02 
4.543337e+02 
4.543333e+02 
4.543330e+02 
4.543329e+02 
4.543328e+02 
4.543328e+02 
4.543328e+02 
4.543328e+02 
4.543252e+02 
4.543021e+02 
4.543021e+02 
4.543013e+02 
4.542980e+02 
4.542862e+02 
4.542794e+02 
4.542756e+02 
4.542756e+02 
4.542734e+02 
4.542734e+02 
4.542618e+02 
4.542576e+02 
4.542576e+02 
4.542576e+02 
4.542576e+02 
4.542576e+02 
4.542561e+02 
4.542561e+02 
4.542552e+02 
4.542552e+02 
4.542552e+02 
4.542501e+02 
4.542501e+02 
4.542501e+02 
4.542501e+02 
4.542496e+02 
4.542495e+02 
4.542495e+02 
4.542451e+02 
4.542451e+02 
4.542436e+02 
4.542412e+02 
4.542409e+02 
4.542357e+02 
4.542307e+02 
4.542277e+02 
4.542226e+02 
4.542226e+02 
4.542226e+02 
4.542034e+02 
4.542013e+02 
4.541868e+02 
4.541708e+02 
4.541436e+02 
4.541391e+02 
4.541391e+02 
4.541237e+02 
4.541192e+02 
4.540985e+02 
4.540985e+02 
4.540985e+02 
4.540985e+02 
4.540934e+02 
4.540884e+02 
4.540878e+02 
4.540878e+02 
4.540878e+02 
4.540679e+02 
4.540679e+02 
4.540679e+02 
4.540576e+02 
4.540503e+02 
4.540503e+02 
4.540383e+02 
4.540383e+02 
4.540314e+02 
4.540314e+02 
4.540225e+02 
4.540225e+02 
4.540225e+02 
4.540225e+02 
4.540225e+02 
4.540225e+02 
4.540191e+02 
4.540157e+02 
4.540157e+02 
4.540157e+02 
4.540150e+02 
4.540150e+02 
4.540128e+02 
4.540128e+02 
4.540127e+02 
4.540124e+02 
4.540116e+02 
4.539907e+02 
4.539865e+02 
4.539865e+02 
4.539826e+02 
4.539823e+02 
4.539738e+02 
4.539676e+02 
4.539274e+02 
4.539054e+02 
4.538787e+02 
4.538718e+02 
4.538250e+02 
4.538250e+02 
4.538245e+02 
4.538245e+02 
4.538149e+02 
4.538004e+02 
4.538004e+02 
4.537942e+02 
4.537940e+02 
4.537940e+02 
4.537622e+02 
4.537585e+02 
4.537456e+02 
4.537456e+02 
4.537456e+02 
4.537456e+02 
4.537426e+02 
4.537406e+02 
4.537360e+02 
4.537349e+02 
4.537349e+02 
4.537349e+02 
4.537267e+02 
4.537267e+02 
4.537267e+02 
4.537267e+02 
4.537245e+02 
4.537245e+02 
4.537241e+02 
4.537241e+02 
4.537233e+02 
4.537233e+02 
4.537233e+02 
4.537230e+02 
4.537230e+02 
4.537230e+02 
4.537230e+02 
4.537230e+02 
4.537230e+02 
4.537230e+02 
4.537230e+02 
4.537140e+02 
4.537115e+02 
4.537115e+02 
4.537115e+02 
4.536993e+02 
4.536993e+02 
4.536993e+02 
4.536993e+02 
4.536930e+02 
4.536930e+02 
4.536930e+02 
4.536930e+02 
4.536919e+02 
4.536892e+02 
4.536892e+02 
4.536892e+02 
4.536892e+02 
4.536892e+02 
4.536892e+02 
4.536892e+02 
4.536892e+02 
4.536892e+02 
4.536874e+02 
4.536871e+02 
4.536860e+02 
4.536860e+02 
4.536860e+02 
4.536860e+02 
4.536857e+02 
4.536857e+02 
4.536857e+02 
4.536857e+02 
4.536857e+02 
4.536857e+02 
4.536841e+02 
4.536837e+02 
4.536837e+02 
4.536827e+02 
4.536827e+02 
4.536827e+02 
4.536827e+02 
4.536827e+02 
4.536827e+02 
4.536675e+02 
4.536540e+02 
4.536540e+02 
4.536540e+02 
4.536540e+02 
4.536520e+02 
4.536520e+02 
4.536520e+02 
4.536520e+02 
4.536520e+02 
4.536520e+02 
4.536493e+02 
4.536493e+02 
4.536493e+02 
4.536469e+02 
4.536469e+02 
4.536469e+02 
4.536454e+02 
4.536425e+02 
4.536425e+02 
4.536406e+02 
4.536406e+02 
4.536406e+02 
4.536406e+02 
4.536386e+02 
4.536386e+02 
4.536367e+02 
4.536367e+02 
4.536333e+02 
4.536267e+02 
4.536242e+02 
4.536242e+02 
4.536242e+02 
4.536200e+02 
4.536200e+02 
4.536122e+02 
4.536083e+02 
4.536067e+02 
4.535997e+02 
4.535931e+02 
4.535917e+02 
4.535917e+02 
4.535892e+02 
4.535892e+02 
4.535881e+02 
4.535865e+02 
4.535865e+02 
4.535865e+02 
4.535865e+02 
4.535845e+02 
4.535845e+02 
4.535845e+02 
4.535845e+02 
4.535845e+02 
4.535811e+02 
4.535685e+02 
4.535682e+02 
4.535573e+02 
4.535556e+02 
4.535505e+02 
4.535505e+02 
4.535505e+02 
4.535488e+02 
4.535483e+02 
4.535354e+02 
4.535333e+02 
4.535306e+02 
4.535302e+02 
4.535302e+02 
4.535292e+02 
4.535218e+02 
4.535032e+02 
4.534962e+02 
4.534962e+02 
4.534962e+02 
4.534920e+02 
4.534887e+02 
4.534865e+02 
4.534732e+02 
4.534732e+02 
4.534732e+02 
4.534732e+02 
4.534732e+02 
4.534732e+02 
4.534732e+02 
4.534732e+02 
4.534732e+02 
4.534732e+02 
4.534721e+02 
4.534721e+02 
4.534721e+02 
4.534715e+02 
4.534715e+02 
4.534714e+02 
4.534714e+02 
4.534714e+02 
4.534714e+02 
4.534712e+02 
4.534712e+02 
4.534711e+02 
4.534711e+02 
4.534711e+02 
4.534711e+02 
4.534711e+02 
4.534711e+02 
4.534709e+02 
4.534709e+02 
4.534679e+02 
4.534671e+02 
4.534665e+02 
4.534574e+02 
4.534574e+02 
4.534574e+02 
4.534574e+02 
4.534574e+02 
4.534554e+02 
4.534541e+02 
4.534489e+02 
4.534489e+02 
4.534456e+02 
4.534456e+02 
4.534454e+02 
4.534447e+02 
4.534427e+02 
4.534418e+02 
4.534418e+02 
4.534407e+02 
4.534371e+02 
4.534324e+02 
4.534324e+02 
4.534324e+02 
4.534319e+02 
4.534271e+02 
4.534232e+02 
4.534232e+02 
4.534232e+02 
4.534232e+02 
4.534185e+02 
4.534185e+02 
4.534185e+02 
4.534181e+02 
4.534181e+02 
4.534181e+02 
4.534142e+02 
4.534138e+02 
4.534138e+02 
4.534135e+02 
4.534134e+02 
4.534134e+02 
4.534134e+02 
4.534134e+02 
4.534125e+02 
4.534096e+02 
4.534096e+02 
4.534018e+02 
4.534016e+02 
4.534016e+02 
4.534009e+02 
4.533999e+02 
4.533992e+02 
4.533992e+02 
4.533982e+02 
4.533982e+02 
4.533965e+02 
4.533956e+02 
4.533956e+02 
4.533956e+02 
4.533956e+02 
4.533938e+02 
4.533937e+02 
4.533925e+02 
4.533921e+02 
4.533910e+02 
4.533910e+02 
4.533904e+02 
4.533901e+02 
4.533895e+02 
4.533895e+02 
4.533889e+02 
4.533889e+02 
4.533889e+02 
4.533889e+02 
4.533867e+02 
4.533867e+02 
4.533843e+02 
4.533843e+02 
4.533843e+02 
4.533822e+02 
4.533822e+02 
4.533822e+02 
4.533787e+02 
4.533787e+02 
4.533764e+02 
4.533742e+02 
4.533726e+02 
4.533686e+02 
4.533684e+02 
4.533659e+02 
4.533648e+02 
4.533648e+02 
4.533648e+02 
4.533648e+02 
4.533647e+02 
4.533636e+02 
4.533634e+02 
4.533634e+02 
4.533634e+02 
4.533633e+02 
4.533630e+02 
4.533630e+02 
4.533628e+02 
4.533628e+02 
4.533621e+02 
4.533618e+02 
4.533616e+02 
4.533616e+02 
4.533616e+02 
4.533613e+02 
4.533612e+02 
4.533612e+02 
4.533600e+02 
4.533600e+02 
4.533599e+02 
4.533599e+02 
4.533599e+02 
4.533599e+02 
4.533598e+02 
4.533596e+02 
4.533582e+02 
4.533572e+02 
4.533565e+02 
4.533563e+02 
4.533563e+02 
4.533563e+02 
4.533551e+02 
4.533551e+02 
4.533551e+02 
4.533551e+02 
4.533549e+02 
4.533549e+02 
4.533549e+02 
4.533549e+02 
4.533549e+02 
4.533549e+02 
4.533549e+02 
4.533549e+02 
4.533549e+02 
4.533546e+02 
4.533546e+02 
4.533546e+02 
4.533546e+02 
4.533545e+02 
4.533531e+02 
4.533531e+02 
4.533525e+02 
4.533521e+02 
4.533518e+02 
4.533513e+02 
4.533508e+02 
4.533503e+02 
4.533490e+02 
4.533488e+02 
4.533488e+02 
4.533453e+02 
4.533452e+02 
4.533441e+02 
4.533431e+02 
4.533427e+02 
4.533412e+02 
4.533403e+02 
4.533389e+02 
4.533375e+02 
4.533361e+02 
4.533335e+02 
4.533321e+02 
4.533302e+02 
4.533290e+02 
4.533286e+02 
4.533282e+02 
4.533276e+02 
4.533261e+02 
4.533245e+02 
4.533245e+02 
4.533239e+02 
4.533238e+02 
4.533232e+02 
4.533204e+02 
4.533194e+02 
4.533194e+02 
4.533194e+02 
4.533190e+02 
4.533189e+02 
4.533182e+02 
4.533179e+02 
4.533179e+02 
4.533173e+02 
4.533173e+02 
4.533171e+02 
4.533168e+02 
4.533164e+02 
4.533164e+02 
4.533163e+02 
4.533148e+02 
4.533142e+02 
4.533140e+02 
4.533127e+02 
4.533125e+02 
4.533125e+02 
4.533125e+02 
4.533125e+02 
4.533117e+02 
4.533102e+02 
4.533087e+02 
4.533087e+02 
4.533087e+02 
4.533073e+02 
4.533073e+02 
4.533072e+02 
4.533059e+02 
4.533059e+02 
4.533054e+02 
4.533054e+02 
4.533054e+02 
4.533054e+02 
4.533054e+02 
4.533054e+02 
4.533054e+02 
4.533054e+02 
4.533054e+02 
4.533054e+02 
4.533054e+02 
4.533044e+02 
4.533044e+02 
4.533044e+02 
4.533044e+02 
4.533044e+02 
4.533044e+02 
4.533044e+02 
4.533026e+02 
4.533026e+02 
4.533025e+02 
4.533025e+02 
4.533025e+02 
4.533016e+02 
4.533016e+02 
4.533016e+02 
4.533012e+02 
4.533012e+02 
4.533012e+02 
4.533011e+02 
4.533007e+02 
4.532961e+02 
4.532961e+02 
4.532961e+02 
4.532956e+02 
4.532956e+02 
4.532954e+02 
4.532945e+02 
4.532941e+02 
4.532941e+02 
4.532932e+02 
4.532932e+02 
4.532932e+02 
4.532932e+02 
4.532909e+02 
4.532872e+02 
4.532841e+02 
4.532841e+02 
4.532841e+02 
4.532836e+02 
4.532836e+02 
4.532793e+02 
4.532793e+02 
4.532793e+02 
4.532793e+02 
4.532787e+02 
4.532787e+02 
4.532787e+02 
4.532769e+02 
4.532769e+02 
4.532769e+02 
4.532769e+02 
4.532768e+02 
4.532767e+02 
4.532762e+02 
4.532762e+02 
4.532762e+02 
4.532762e+02 
4.532757e+02 
4.532757e+02 
4.532757e+02 
4.532757e+02 
4.532752e+02 
4.532752e+02 
4.532752e+02 
4.532752e+02 
4.532735e+02 
4.532735e+02 
4.532725e+02 
4.532725e+02 
4.532725e+02 
4.532725e+02 
4.532725e+02 
4.532708e+02 
4.532708e+02 
4.532708e+02 
4.532708e+02 
4.532708e+02 
4.532708e+02 
4.532708e+02 
4.532708e+02 
4.532694e+02 
4.532687e+02 
4.532687e+02 
4.532679e+02 
4.532666e+02 
4.532666e+02 
4.532663e+02 
4.532663e+02 
4.532650e+02 
4.532650e+02 
4.532650e+02 
4.532650e+02 
4.532636e+02 
4.532636e+02 
4.532636e+02 
4.532636e+02 
4.532636e+02 
4.532635e+02 
4.532626e+02 
4.532626e+02 
4.532611e+02 
4.532584e+02 
4.532578e+02 
4.532578e+02 
4.532578e+02 
4.532571e+02 
4.532542e+02 
4.532523e+02 
4.532505e+02 
4.532479e+02 
4.532467e+02 
4.532454e+02 
4.532435e+02 
4.532423e+02 
4.532423e+02 
4.532422e+02 
4.532422e+02 
4.532419e+02 
4.532406e+02 
4.532406e+02 
4.532404e+02 
4.532404e+02 
4.532398e+02 
4.532385e+02 
4.532381e+02 
4.532379e+02 
4.532379e+02 
4.532373e+02 
4.532368e+02 
4.532368e+02 
4.532366e+02 
4.532366e+02 
4.532366e+02 
4.532366e+02 
4.532365e+02 
4.532365e+02 
4.532365e+02 
4.532365e+02 
4.532365e+02 
4.532365e+02 
4.532365e+02 
4.532365e+02 
4.532365e+02 
4.532365e+02 
4.532365e+02 
4.532365e+02 
4.532363e+02 
4.532363e+02 
4.532363e+02 
4.532363e+02 
4.532363e+02 
4.532363e+02 
4.532363e+02 
4.532363e+02 
4.532363e+02 
4.532363e+02 
4.532361e+02 
4.532361e+02 
4.532361e+02 
4.532361e+02 
4.532361e+02 
4.532361e+02 
4.532361e+02 
4.532360e+02 
4.532360e+02 
4.532360e+02 
4.532358e+02 
4.532353e+02 
4.532351e+02 
4.532351e+02 
4.532350e+02 
4.532350e+02 
4.532350e+02 
4.532350e+02 
4.532350e+02 
4.532350e+02 
4.532350e+02 
4.532350e+02 
4.532350e+02 
4.532350e+02 
4.532348e+02 
4.532348e+02 
4.532348e+02 
4.532348e+02 
4.532348e+02 
4.532348e+02 
4.532348e+02 
4.532347e+02 
4.532347e+02 
4.532345e+02 
4.532344e+02 
4.532343e+02 
4.532340e+02 
4.532337e+02 
4.532336e+02 
4.532334e+02 
4.532333e+02 
4.532332e+02 
4.532330e+02 
4.532329e+02 
4.532327e+02 
4.532323e+02 
4.532318e+02 
4.532318e+02 
4.532318e+02 
4.532318e+02 
4.532315e+02 
4.532314e+02 
4.532314e+02 
4.532307e+02 
4.532302e+02 
4.532301e+02 
4.532299e+02 
4.532298e+02 
4.532292e+02 
4.532291e+02 
4.532289e+02 
4.532284e+02 
4.532284e+02 
4.532284e+02 
4.532284e+02 
4.532284e+02 
4.532284e+02 
4.532282e+02 
4.532279e+02 
4.532250e+02 
4.532221e+02 
4.532221e+02 
4.532221e+02 
4.532187e+02 
4.532187e+02 
4.532187e+02 
4.532187e+02 
4.532187e+02 
4.532187e+02 
4.532187e+02 
4.532183e+02 
4.532182e+02 
4.532182e+02 
4.532182e+02 
4.532182e+02 
4.532182e+02 
4.532182e+02 
4.532182e+02 
4.532182e+02 
4.532168e+02 
4.532168e+02 
4.532150e+02 
4.532137e+02 
4.532137e+02 
4.532137e+02 
4.532137e+02 
4.532137e+02 
4.532137e+02 
4.532137e+02 
4.532137e+02 
4.532137e+02 
4.532137e+02 
4.532073e+02 
4.532073e+02 
4.532062e+02 
4.532062e+02 
4.532062e+02 
4.532062e+02 
4.532055e+02 
4.532055e+02 
4.532055e+02 
4.532055e+02 
4.532055e+02 
4.532055e+02 
4.532055e+02 
4.532055e+02 
4.532055e+02 
4.532055e+02 
4.532055e+02 
4.532055e+02 
4.532055e+02 
4.532055e+02 
4.532055e+02 
4.532055e+02 
4.532055e+02 
4.532055e+02 
4.532055e+02 
4.532019e+02 
4.531961e+02 
4.531961e+02 
4.531961e+02 
4.531949e+02 
4.531949e+02 
4.531949e+02 
4.531922e+02 
4.531922e+02 
4.531900e+02 
4.531900e+02 
4.531900e+02 
4.531876e+02 
4.531862e+02 
4.531857e+02 
4.531847e+02 
4.531822e+02 
4.531813e+02 
4.531807e+02 
4.531806e+02 
4.531806e+02 
4.531806e+02 
4.531804e+02 
4.531802e+02 
4.531800e+02 
4.531798e+02 
4.531798e+02 
4.531798e+02 
4.531798e+02 
4.531798e+02 
4.531798e+02 
4.531798e+02 
4.531798e+02 
4.531798e+02 
4.531798e+02 
4.531798e+02 
4.531798e+02 
4.531798e+02 
4.531798e+02 
4.531798e+02 
4.531798e+02 
4.531798e+02 
4.531798e+02 
4.531798e+02 
4.531798e+02 
4.531798e+02 
4.531798e+02 
4.531798e+02 
4.531798e+02 
4.531798e+02 
4.531798e+02 
4.531798e+02 
4.531798e+02 
4.531797e+02 
4.531796e+02 
4.531785e+02 
4.531785e+02 
4.531785e+02 
4.531785e+02 
4.531784e+02 
4.531784e+02 
4.531783e+02 
4.531777e+02 
4.531777e+02 
4.531777e+02 
4.531769e+02 
4.531769e+02 
4.531765e+02 
4.531765e+02 
4.531765e+02 
4.531764e+02 
4.531764e+02 
4.531764e+02 
4.531763e+02 
4.531763e+02 
4.531763e+02 
4.531763e+02 
4.531763e+02 
4.531759e+02 
4.531756e+02 
4.531755e+02 
4.531748e+02 
4.531746e+02 
4.531745e+02 
4.531745e+02 
4.531745e+02 
4.531745e+02 
4.531745e+02 
4.531745e+02 
4.531745e+02 
4.531743e+02 
4.531741e+02 
4.531741e+02 
4.531740e+02 
4.531740e+02 
4.531736e+02 
4.531736e+02 
4.531735e+02 
4.531734e+02 
4.531730e+02 
4.531730e+02 
4.531730e+02 
4.531728e+02 
4.531728e+02 
4.531728e+02 
4.531728e+02 
4.531728e+02 
4.531728e+02 
4.531728e+02 
4.531728e+02 
4.531728e+02 
4.531727e+02 
4.531727e+02 
4.531727e+02 
4.531727e+02 
4.531727e+02 
4.531727e+02 
4.531727e+02 
4.531727e+02 
4.531727e+02 
4.531727e+02 
4.531727e+02 
4.531727e+02 
4.531727e+02 
4.531727e+02 
4.531727e+02 
4.531727e+02 
4.531727e+02 
4.531727e+02 
4.531727e+02 
4.531727e+02 
4.531727e+02 
4.531727e+02 
4.531727e+02 
4.531727e+02 
4.531727e+02 
4.531727e+02 
4.531727e+02 
4.531727e+02 
4.531726e+02 
4.531726e+02 
4.531726e+02 
4.531726e+02 
4.531726e+02 
4.531726e+02 
4.531725e+02 
4.531725e+02 
4.531725e+02 
4.531725e+02 
4.531725e+02 
4.531724e+02 
4.531722e+02 
4.531722e+02 
4.531722e+02 
4.531722e+02 
4.531722e+02 
4.531722e+02 
4.531722e+02 
4.531722e+02 
4.531722e+02 
4.531722e+02 
4.531722e+02 
4.531722e+02 
4.531722e+02 
4.531722e+02 
4.531722e+02 
4.531722e+02 
4.531722e+02 
4.531722e+02 
4.531722e+02 
4.531722e+02 
4.531722e+02 
4.531721e+02 
4.531721e+02 
4.531721e+02 
4.531721e+02 
4.531720e+02 
4.531720e+02 
4.531719e+02 
4.531719e+02 
4.531718e+02 
4.531718e+02 
4.531717e+02 
4.531717e+02 
4.531717e+02 
4.531717e+02 
4.531717e+02 
4.531717e+02 
4.531717e+02 
4.531713e+02 
4.531713e+02 
4.531712e+02 
4.531711e+02 
4.531710e+02 
4.531708e+02 
4.531707e+02 
4.531707e+02 
4.531706e+02 
4.531706e+02 
4.531704e+02 
4.531703e+02 
4.531698e+02 
4.531697e+02 
4.531696e+02 
4.531696e+02 
4.531695e+02 
4.531693e+02 
4.531690e+02 
4.531690e+02 
4.531690e+02 
4.531689e+02 
4.531687e+02 
4.531686e+02 
4.531686e+02 
4.531686e+02 
4.531686e+02 
4.531686e+02 
4.531683e+02 
4.531675e+02 
4.531675e+02 
4.531675e+02 
4.531675e+02 
4.531675e+02 
4.531675e+02 
4.531675e+02 
4.531668e+02 
4.531668e+02 
4.531649e+02 
4.531649e+02 
4.531649e+02 
4.531649e+02 
4.531632e+02 
4.531622e+02 
4.531618e+02 
4.531614e+02 
4.531605e+02 
4.531605e+02 
4.531605e+02 
4.531594e+02 
4.531593e+02 
4.531593e+02 
4.531593e+02 
4.531593e+02 
4.531589e+02 
4.531584e+02 
4.531584e+02 
4.531584e+02 
4.531584e+02 
4.531584e+02 
4.531584e+02 
4.531584e+02 
4.531584e+02 
4.531584e+02 
4.531584e+02 
4.531583e+02 
4.531583e+02 
4.531583e+02 
4.531582e+02 
4.531582e+02 
4.531582e+02 
4.531582e+02 
4.531582e+02 
4.531582e+02 
4.531582e+02 
4.531582e+02 
4.531582e+02 
4.531582e+02 
4.531582e+02 
4.531582e+02 
4.531582e+02 
4.531582e+02 
4.531582e+02 
4.531582e+02 
4.531582e+02 
4.531582e+02 
4.531582e+02 
4.531582e+02 
4.531582e+02 
4.531582e+02 
4.531582e+02 
4.531582e+02 
4.531582e+02 
4.531582e+02 
4.531582e+02 
4.531580e+02 
4.531578e+02 
4.531578e+02 
4.531578e+02 
4.531578e+02 
4.531578e+02 
4.531578e+02 
4.531578e+02 
4.531578e+02 
4.531578e+02 
4.531578e+02 
4.531578e+02 
4.531577e+02 
4.531577e+02 
4.531577e+02 
4.531577e+02 
4.531577e+02 
4.531577e+02 
4.531577e+02 
4.531577e+02 
4.531577e+02 
4.531577e+02 
4.531577e+02 
4.531577e+02 
4.531577e+02 
4.531577e+02 
4.531577e+02 
4.531577e+02 
4.531577e+02 
4.531577e+02 
4.531577e+02 
4.531577e+02 
4.531577e+02 
4.531577e+02 
4.531577e+02 
4.531577e+02 
4.531577e+02 
4.531577e+02 
4.531577e+02 
4.531577e+02 
4.531577e+02 
4.531577e+02 
4.531577e+02 
4.531577e+02 
4.531577e+02 
4.531577e+02 
4.531576e+02 
4.531576e+02 
4.531576e+02 
4.531576e+02 
4.531576e+02 
4.531576e+02 
4.531576e+02 
4.531576e+02 
4.531576e+02 
4.531576e+02 
4.531576e+02 
4.531576e+02 
4.531576e+02 
4.531576e+02 
4.531576e+02 
4.531576e+02 
4.531576e+02 
4.531576e+02 
4.531576e+02 
4.531576e+02 
4.531576e+02 
4.531576e+02 
4.531576e+02 
4.531575e+02 
4.531575e+02 
4.531575e+02 
4.531575e+02 
4.531575e+02 
4.531575e+02 
4.531575e+02 
4.531575e+02 
4.531575e+02 
4.531575e+02 
4.531568e+02 
4.531568e+02 
4.531562e+02 
4.531562e+02 
4.531562e+02 
4.531562e+02 
4.531554e+02 
4.531554e+02 
4.531554e+02 
4.531554e+02 
4.531554e+02 
4.531554e+02 
4.531554e+02 
4.531553e+02 
4.531553e+02 
4.531551e+02 
4.531550e+02 
4.531550e+02 
4.531550e+02 
4.531549e+02 
4.531549e+02 
4.531549e+02 
4.531548e+02 
4.531548e+02 
4.531547e+02 
4.531547e+02 
4.531547e+02 
4.531547e+02 
4.531547e+02 
4.531547e+02 
4.531547e+02 
4.531547e+02 
4.531547e+02 
4.531547e+02 
4.531547e+02 
4.531547e+02 
4.531547e+02 
4.531547e+02 
4.531547e+02 
4.531547e+02 
4.531547e+02 
4.531547e+02 
4.531547e+02 
4.531547e+02 
4.531547e+02 
4.531547e+02 
4.531547e+02 
4.531547e+02 
4.531547e+02 
4.531547e+02 
4.531547e+02 
4.531547e+02 
4.531547e+02 
4.531547e+02 
4.531547e+02 
4.531547e+02 
4.531547e+02 
4.531547e+02 
4.531546e+02 
4.531546e+02 
4.531546e+02 
4.531546e+02 
4.531544e+02 
4.531543e+02 
4.531542e+02 
4.531542e+02 
4.531542e+02 
4.531542e+02 
4.531542e+02 
4.531542e+02 
4.531542e+02 
4.531540e+02 
4.531540e+02 
4.531540e+02 
4.531540e+02 
4.531540e+02 
4.531540e+02 
4.531540e+02 
4.531540e+02 
4.531540e+02 
4.531540e+02 
4.531540e+02 
4.531540e+02 
4.531540e+02 
4.531540e+02 
4.531540e+02 
4.531539e+02 
4.531539e+02 
4.531539e+02 
4.531539e+02 
4.531539e+02 
4.531539e+02 
4.531539e+02 
4.531539e+02 
4.531539e+02 
4.531539e+02 
4.531539e+02 
4.531539e+02 
4.531539e+02 
4.531539e+02 
4.531539e+02 
4.531539e+02 
4.531539e+02 
4.531539e+02 
4.531539e+02 
4.531539e+02 
4.531539e+02 
4.531539e+02 
4.531519e+02 
4.531519e+02 
4.531517e+02 
4.531496e+02 
4.531496e+02 
4.531496e+02 
4.531496e+02 
4.531496e+02 
4.531496e+02 
4.531496e+02 
4.531496e+02 
4.531496e+02 
4.531496e+02 
4.531496e+02 
4.531370e+02 
4.531333e+02 
4.531332e+02 
4.531332e+02 
4.531328e+02 
4.531328e+02 
4.531302e+02 
4.531302e+02 
4.531302e+02 
4.531302e+02 
4.531302e+02 
4.531302e+02 
4.531302e+02 
4.531302e+02 
4.531302e+02 
4.531302e+02 
4.531302e+02 
4.531302e+02 
4.531302e+02 
4.531302e+02 
4.531302e+02 
4.531302e+02 
4.531302e+02 
4.531302e+02 
4.531302e+02 
4.531302e+02 
4.531302e+02 
4.531302e+02 
4.531302e+02 
4.531302e+02 
4.531296e+02 
4.531289e+02 
4.531285e+02 
4.531282e+02 
4.531280e+02 
4.531279e+02 
4.531278e+02 
4.531278e+02 
4.531278e+02 
4.531275e+02 
4.531272e+02 
4.531267e+02 
4.531267e+02 
4.531267e+02 
4.531267e+02 
4.531267e+02 
4.531267e+02 
4.531267e+02 
4.531266e+02 
4.531266e+02 
4.531266e+02 
4.531266e+02 
4.531266e+02 
4.531266e+02 
4.531266e+02 
4.531266e+02 
4.531266e+02 
4.531266e+02 
4.531265e+02 
4.531265e+02 
4.531265e+02 
4.531265e+02 
4.531265e+02 
4.531265e+02 
4.531265e+02 
4.531264e+02 
4.531264e+02 
4.531264e+02 
4.531264e+02 
4.531264e+02 
4.531264e+02 
4.531264e+02 
4.531264e+02 
4.531264e+02 
4.531264e+02 
4.531264e+02 
4.531264e+02 
4.531264e+02 
4.531264e+02 
4.531264e+02 
4.531264e+02 
4.531264e+02 
4.531264e+02 
4.531264e+02 
4.531264e+02 
4.531264e+02 
4.531264e+02 
4.531264e+02 
4.531264e+02 
4.531264e+02 
4.531263e+02 
4.531262e+02 
4.531262e+02 
4.531257e+02 
4.531257e+02 
4.531257e+02 
4.531255e+02 
4.531255e+02 
4.531255e+02 
4.531254e+02 
4.531254e+02 
4.531253e+02 
4.531252e+02 
4.531251e+02 
4.531251e+02 
4.531251e+02 
4.531250e+02 
4.531250e+02 
4.531250e+02 
4.531250e+02 
4.531250e+02 
4.531250e+02 
4.531250e+02 
4.531250e+02 
4.531249e+02 
4.531249e+02 
4.531249e+02 
4.531247e+02 
4.531247e+02 
4.531247e+02 
4.531247e+02 
4.531247e+02 
4.531247e+02 
4.531247e+02 
4.531247e+02 
4.531247e+02 
4.531247e+02 
4.531246e+02 
4.531246e+02 
4.531246e+02 
4.531246e+02 
4.531246e+02 
4.531246e+02 
4.531246e+02 
4.531245e+02 
4.531245e+02 
4.531245e+02 
4.531245e+02 
4.531245e+02 
4.531245e+02 
4.531245e+02 
4.531245e+02 
4.531245e+02 
4.531245e+02 
4.531245e+02 
4.531245e+02 
4.531245e+02 
4.531245e+02 
4.531245e+02 
4.531245e+02 
4.531245e+02 
4.531245e+02 
4.531245e+02 
4.531245e+02 
4.531245e+02 
4.531245e+02 
4.531245e+02 
4.531245e+02 
4.531245e+02 
4.531245e+02 
4.531245e+02 
4.531245e+02 
4.531245e+02 
4.531245e+02 
4.531245e+02 
4.531245e+02 
4.531245e+02 
4.531245e+02 
4.531245e+02 
4.531245e+02 
4.531245e+02 
4.531245e+02 
4.531245e+02 
4.531245e+02 
4.531245e+02 
4.531245e+02 
4.531245e+02 
4.531245e+02 
4.531245e+02 
4.531245e+02 
4.531245e+02 
4.531245e+02 
4.531245e+02 
4.531245e+02 
4.531245e+02 
4.531245e+02 
4.531245e+02 
4.531245e+02 
4.531245e+02 
4.531245e+02 
4.531245e+02 
4.531245e+02 
4.531245e+02 
4.531245e+02 
4.531245e+02 
4.531245e+02 
4.531245e+02 
4.531245e+02 
4.531245e+02 
4.531245e+02 
4.531245e+02 
4.531245e+02 
4.531245e+02 
4.531245e+02 
4.531245e+02 
4.531245e+02 
4.531245e+02 
4.531245e+02 
4.531245e+02 
4.531245e+02 
4.531245e+02 
4.531245e+02 
4.531245e+02 
4.531245e+02 
4.531245e+02 
4.531245e+02 
4.531245e+02 
4.531245e+02 
4.531245e+02 
4.531245e+02 
4.531245e+02 
4.531245e+02 
4.531245e+02 
4.531245e+02 
4.531244e+02 
4.531244e+02 
4.531244e+02 
4.531244e+02 
4.531244e+02 
4.531244e+02 
4.531243e+02 
4.531243e+02 
4.531243e+02 
4.531243e+02 
4.531243e+02 
4.531243e+02 
4.531243e+02 
4.531243e+02 
4.531243e+02 
4.531243e+02 
4.531243e+02 
4.531243e+02 
4.531243e+02 
4.531243e+02 
4.531243e+02 
4.531243e+02 
4.531243e+02 
4.531243e+02 
4.531243e+02 
4.531243e+02 
4.531243e+02 
4.531243e+02 
4.531243e+02 
4.531243e+02 
4.531243e+02 
4.531243e+02 
4.531243e+02 
4.531242e+02 
4.531242e+02 
4.531242e+02 
4.531242e+02 
4.531242e+02 
4.531242e+02 
4.531242e+02 
4.531242e+02 
4.531242e+02 
4.531242e+02 
4.531242e+02 
4.531242e+02 
4.531242e+02 
4.531242e+02 
4.531242e+02 
4.531242e+02 
4.531242e+02 
4.531242e+02 
4.531242e+02 
4.531242e+02 
4.531242e+02 
4.531242e+02 
4.531242e+02 
4.531242e+02 
4.531242e+02 
4.531242e+02 
4.531242e+02 
4.531242e+02 
4.531242e+02 
4.531242e+02 
4.531242e+02 
4.531242e+02 
4.531242e+02 
4.531242e+02 
4.531242e+02 
4.531242e+02 
4.531241e+02 
4.531241e+02 
4.531241e+02 
4.531241e+02 
4.531241e+02 
4.531241e+02 
4.531241e+02 
4.531241e+02 
4.531241e+02 
4.531241e+02 
4.531241e+02 
4.531240e+02 
4.531240e+02 
4.531240e+02 
4.531240e+02 
4.531240e+02 
4.531240e+02 
4.531240e+02 
4.531240e+02 
4.531240e+02 
4.531240e+02 
4.531240e+02 
4.531240e+02 
4.531240e+02 
4.531240e+02 
4.531240e+02 
4.531240e+02 
4.531240e+02 
4.531240e+02 
4.531240e+02 
4.531240e+02 
4.531240e+02 
4.531240e+02 
4.531240e+02 
4.531240e+02 
4.531240e+02 
4.531240e+02 
4.531240e+02 
4.531240e+02 
4.531240e+02 
4.531240e+02 
4.531240e+02 
4.531240e+02 
4.531240e+02 
4.531240e+02 
4.531240e+02 
4.531240e+02 
4.531240e+02 
4.531240e+02 
4.531240e+02 
4.531240e+02 
4.531240e+02 
4.531240e+02 
4.531240e+02 
4.531240e+02 
4.531240e+02 
4.531240e+02 
4.531240e+02 
4.531240e+02 
4.531240e+02 
4.531240e+02 
4.531240e+02 
4.531240e+02 
4.531240e+02 
4.531240e+02 
4.531240e+02 
4.531240e+02 
4.531240e+02 
4.531240e+02 
4.531240e+02 
4.531240e+02 
4.531240e+02 
4.531240e+02 
4.531240e+02 
4.531240e+02 
4.531240e+02 
4.531240e+02 
4.531240e+02 
4.531240e+02 
4.531240e+02 
4.531240e+02 
4.531240e+02 
4.531240e+02 
4.531240e+02 
4.531240e+02 
4.531240e+02 
4.531240e+02 
4.531240e+02 
4.531240e+02 
4.531240e+02 
4.531240e+02 
4.531240e+02 
4.531240e+02 
4.531240e+02 
4.531240e+02 
4.531239e+02 
4.531239e+02 
4.531239e+02 
4.531239e+02 
4.531239e+02 
4.531239e+02 
4.531239e+02 
4.531239e+02 
4.531239e+02 
4.531239e+02 
4.531239e+02 
4.531239e+02 
4.531239e+02 
4.531239e+02 
4.531239e+02 
4.531239e+02 
4.531239e+02 
4.531239e+02 
4.531239e+02 
4.531239e+02 
4.531239e+02 
4.531239e+02 
4.531239e+02 
4.531239e+02 
4.531239e+02 
4.531239e+02 
4.531239e+02 
4.531239e+02 
4.531239e+02 
4.531239e+02 
4.531239e+02 
4.531239e+02 
4.531239e+02 
4.531239e+02 
4.531239e+02 
4.531239e+02 
4.531239e+02 
4.531239e+02 
4.531238e+02 
4.531238e+02 
4.531238e+02 
4.531237e+02 
4.531237e+02 
4.531237e+02 
4.531237e+02 
4.531237e+02 
4.531237e+02 
4.531237e+02 
4.531237e+02 
4.531237e+02 
4.531237e+02 
4.531237e+02 
4.531236e+02 
4.531227e+02 
4.531227e+02 
4.531227e+02 
4.531227e+02 
4.531227e+02 
4.531227e+02 
4.531227e+02 
4.531227e+02 
4.531227e+02 
4.531227e+02 
4.531227e+02 
4.531227e+02 
4.531227e+02 
4.531227e+02 
4.531227e+02 
4.531227e+02 
4.531227e+02 
4.531227e+02 
4.531227e+02 
4.531173e+02 
4.531173e+02 
4.531173e+02 
4.531173e+02 
4.531173e+02 
4.531173e+02 
4.531173e+02 
4.531172e+02 
4.531172e+02 
4.531169e+02 
4.531168e+02 
4.531167e+02 
4.531166e+02 
4.531166e+02 
4.531166e+02 
4.531166e+02 
4.531166e+02 
4.531166e+02 
4.531166e+02 
4.531165e+02 
4.531165e+02 
4.531165e+02 
4.531165e+02 
4.531164e+02 
4.531164e+02 
4.531164e+02 
4.531164e+02 
4.531164e+02 
4.531164e+02 
4.531164e+02 
4.531164e+02 
4.531164e+02 
4.531164e+02 
4.531164e+02 
4.531164e+02 
4.531164e+02 
4.531164e+02 
4.531164e+02 
4.531164e+02 
4.531164e+02 
4.531164e+02 
4.531164e+02 
4.531164e+02 
4.531164e+02 
4.531164e+02 
4.531164e+02 
4.531164e+02 
4.531164e+02 
4.531164e+02 
4.531164e+02 
4.531164e+02 
4.531164e+02 
4.531164e+02 
4.531164e+02 
4.531164e+02 
4.531164e+02 
4.531164e+02 
4.531164e+02 
4.531164e+02 
4.531164e+02 
4.531164e+02 
4.531164e+02 
4.531164e+02 
4.531164e+02 
4.531164e+02 
4.531164e+02 
4.531164e+02 
4.531164e+02 
4.531164e+02 
4.531146e+02 
4.531135e+02 
4.531128e+02 
4.531122e+02 
4.531118e+02 
4.531118e+02 
4.531118e+02 
4.531118e+02 
4.531117e+02 
4.531117e+02 
4.531117e+02 
4.531116e+02 
4.531116e+02 
4.531116e+02 
4.531116e+02 
4.531116e+02 
4.531116e+02 
4.531116e+02 
4.531116e+02 
4.531116e+02 
4.531116e+02 
4.531116e+02 
4.531116e+02 
4.531116e+02 
4.531116e+02 
4.531116e+02 
4.531116e+02 
4.531116e+02 
4.531116e+02 
4.531116e+02 
4.531116e+02 
4.531116e+02 
4.531116e+02 
4.531116e+02 
4.531116e+02 
4.531116e+02 
4.531116e+02 
4.531116e+02 
4.531116e+02 
4.531116e+02 
4.531116e+02 
4.531116e+02 
4.531116e+02 
4.531116e+02 
4.531116e+02 
4.531115e+02 
4.531115e+02 
4.531115e+02 
4.531114e+02 
4.531114e+02 
4.531114e+02 
4.531114e+02 
4.531114e+02 
4.531114e+02 
4.531114e+02 
4.531114e+02 
4.531114e+02 
4.531114e+02 
4.531114e+02 
4.531114e+02 
4.531114e+02 
4.531114e+02 
4.531114e+02 
4.531113e+02 
4.531113e+02 
4.531113e+02 
4.531112e+02 
4.531112e+02 
4.531112e+02 
4.531111e+02 
4.531111e+02 
4.531110e+02 
4.531110e+02 
4.531109e+02 
4.531108e+02 
4.531108e+02 
4.531108e+02 
4.531108e+02 
4.531108e+02 
4.531108e+02 
4.531107e+02 
4.531107e+02 
4.531107e+02 
4.531107e+02 
4.531107e+02 
4.531107e+02 
4.531107e+02 
4.531107e+02 
4.531107e+02 
4.531107e+02 
4.531107e+02 
4.531107e+02 
4.531107e+02 
4.531107e+02 
4.531107e+02 
4.531107e+02 
4.531107e+02 
4.531107e+02 
4.531107e+02 
4.531107e+02 
4.531107e+02 
4.531106e+02 
4.531106e+02 
4.531106e+02 
4.531106e+02 
4.531106e+02 
4.531106e+02 
4.531106e+02 
4.531106e+02 
4.531106e+02 
4.531106e+02 
4.531106e+02 
4.531106e+02 
4.531106e+02 
4.531106e+02 
4.531106e+02 
4.531106e+02 
4.531105e+02 
4.531104e+02 
4.531104e+02 
4.531104e+02 
4.531104e+02 
4.531104e+02 
4.531104e+02 
4.531104e+02 
4.531104e+02 
4.531104e+02 
4.531102e+02 
4.531102e+02 
4.531102e+02 
4.531102e+02 
4.531102e+02 
4.531102e+02 
4.531102e+02 
4.531102e+02 
4.531102e+02 
4.531102e+02 
4.531102e+02 
4.531102e+02 
4.531101e+02 
4.531101e+02 
4.531101e+02 
4.531101e+02 
4.531101e+02 
4.531101e+02 
4.531101e+02 
4.531101e+02 
4.531101e+02 
4.531101e+02 
4.531101e+02 
4.531101e+02 
4.531101e+02 
4.531101e+02 
4.531101e+02 
4.531101e+02 
4.531101e+02 
4.531101e+02 
4.531101e+02 
4.531101e+02 
4.531101e+02 
4.531101e+02 
4.531101e+02 
4.531101e+02 
4.531101e+02 
4.531101e+02 
4.531101e+02 
4.531101e+02 
4.531101e+02 
4.531101e+02 
4.531101e+02 
4.531101e+02 
4.531101e+02 
4.531101e+02 
4.531101e+02 
4.531101e+02 
4.531101e+02 
4.531101e+02 
4.531101e+02 
4.531101e+02 
4.531101e+02 
4.531101e+02 
4.531101e+02 
4.531101e+02 
4.531101e+02 
4.531101e+02 
4.531101e+02 
4.531101e+02 
4.531101e+02 
4.531101e+02 
4.531101e+02 
4.531101e+02 
4.531101e+02 
4.531101e+02 
4.531101e+02 
4.531101e+02 
4.531101e+02 
4.531101e+02 
4.531101e+02 
4.531101e+02 
4.531101e+02 
4.531101e+02 
4.531101e+02 
4.531101e+02 
4.531101e+02 
4.531101e+02 
4.531101e+02 
4.531101e+02 
4.531101e+02 
4.531101e+02 
4.531101e+02 
4.531101e+02 
4.531101e+02 
4.531101e+02 
4.531101e+02 
4.531101e+02 
4.531101e+02 
4.531101e+02 
4.531101e+02 
4.531101e+02 
4.531101e+02 
4.531101e+02 
4.531101e+02 
4.531101e+02 
4.531101e+02 
4.531101e+02 
4.531101e+02 
4.531101e+02 
4.531101e+02 
4.531101e+02 
4.531101e+02 
4.531101e+02 
4.531101e+02 
4.531101e+02 
4.531101e+02 
4.531101e+02 
4.531101e+02 
4.531101e+02 
4.531101e+02 
4.531101e+02 
4.531101e+02 
4.531101e+02 
4.531101e+02 
4.531101e+02 
4.531101e+02 
4.531101e+02 
4.531101e+02 
4.531101e+02 
4.531101e+02 
4.531101e+02 
4.531101e+02 
4.531101e+02 
4.531101e+02 
4.531101e+02 
4.531101e+02 
4.531101e+02 
4.531101e+02 
4.531101e+02 
4.531101e+02 
4.531101e+02 
4.531101e+02 
4.531101e+02 
4.531101e+02 
4.531101e+02 
4.531101e+02 
4.531101e+02 
4.531101e+02 
4.531101e+02 
4.531101e+02 
4.531101e+02 
4.531101e+02 
4.531101e+02 
4.531101e+02 
4.531101e+02 
4.531101e+02 
4.531101e+02 
4.531101e+02 
4.531101e+02 
4.531101e+02 
4.531101e+02 
4.531101e+02 
4.531101e+02 
4.531101e+02 
4.531101e+02 
4.531101e+02 
4.531101e+02 
4.531101e+02 
4.531101e+02 
4.531101e+02 
4.531101e+02 
4.531101e+02 
4.531101e+02 
4.531101e+02 
4.531101e+02 
4.531101e+02 
4.531101e+02 
4.531101e+02 
4.531101e+02 
4.531101e+02 
4.531101e+02 
4.531101e+02 
4.531101e+02 
4.531101e+02 
4.531101e+02 
4.531101e+02 
4.531101e+02 
4.531101e+02 
4.531101e+02 
4.531101e+02 
4.531101e+02 
4.531101e+02 
4.531101e+02 
4.531101e+02 
4.531101e+02 
4.531101e+02 
4.531101e+02 
4.531101e+02 
4.531101e+02 
4.531101e+02 
4.531101e+02 
4.531101e+02 
4.531101e+02 
4.531101e+02 
4.531101e+02 
4.531101e+02 
4.531101e+02 
4.531101e+02 
4.531101e+02 
4.531101e+02 
4.531101e+02 
4.531101e+02 
4.531101e+02 
4.531101e+02 
4.531101e+02 
4.531101e+02 
4.531101e+02 
4.531101e+02 
4.531101e+02 
4.531101e+02 
4.531101e+02 
4.531101e+02 
4.531101e+02 
4.531101e+02 
4.531101e+02 
4.531101e+02 
4.531101e+02 
4.531101e+02 
4.531101e+02 
4.531101e+02 
4.531101e+02 
4.531101e+02 
4.531101e+02 
4.531101e+02 
4.531101e+02 
4.531101e+02 
4.531101e+02 
4.531101e+02 
4.531101e+02 
4.531101e+02 
4.531101e+02 
4.531101e+02 
4.531101e+02 
4.531101e+02 
4.531101e+02 
4.531101e+02 
4.531101e+02 
4.531101e+02 
4.531101e+02 
4.531101e+02 
4.531101e+02 
4.531101e+02 
4.531101e+02 
4.531101e+02 
4.531101e+02 
4.531101e+02 
4.531100e+02 
4.531100e+02 
4.531100e+02 
4.531100e+02 
4.531100e+02 
4.531100e+02 
4.531100e+02 
4.531100e+02 
4.531100e+02 
4.531100e+02 
4.531100e+02 
4.531100e+02 
4.531100e+02 
4.531100e+02 
4.531100e+02 
4.531100e+02 
4.531100e+02 
4.531100e+02 
4.531100e+02 
4.531100e+02 
4.531100e+02 
4.531100e+02 
4.531100e+02 
4.531100e+02 
4.531100e+02 
4.531100e+02 
4.531100e+02 
4.531100e+02 
4.531100e+02 
4.531100e+02 
4.531100e+02 
4.531100e+02 
4.531100e+02 
4.531100e+02 
4.531100e+02 
4.531100e+02 
4.531100e+02 
4.531100e+02 
4.531100e+02 
4.531100e+02 
4.531100e+02 
4.531100e+02 
4.531100e+02 
4.531100e+02 
4.531100e+02 
4.531100e+02 
4.531100e+02 
4.531100e+02 
4.531100e+02 
4.531100e+02 
4.531100e+02 
4.531100e+02 
4.531100e+02 
4.531100e+02 
4.531100e+02 
4.531100e+02 
4.531100e+02 
4.531100e+02 
4.531100e+02 
4.531100e+02 
4.531100e+02 
4.531100e+02 
4.531100e+02 
4.531100e+02 
4.531100e+02 
4.531100e+02 
4.531100e+02 
4.531100e+02 
4.531100e+02 
4.531100e+02 
4.531100e+02 
4.531100e+02 
4.531100e+02 
4.531100e+02 
4.531100e+02 
4.531100e+02 
4.531100e+02 
4.531100e+02 
4.531100e+02 
4.531100e+02 
4.531100e+02 
4.531100e+02 
4.531100e+02 
4.531100e+02 
4.531100e+02 
4.531100e+02 
4.531100e+02 
4.531100e+02 
4.531100e+02 
4.531100e+02 
4.531100e+02 
4.531100e+02 
4.531100e+02 
4.531100e+02 
4.531100e+02 
4.531100e+02 
4.531100e+02 
4.531100e+02 
4.531100e+02 
4.531100e+02 
4.531100e+02 
4.531100e+02 
4.531100e+02 
4.531100e+02 
4.531100e+02 
4.531100e+02 
4.531100e+02 
4.531100e+02 
4.531100e+02 
4.531100e+02 
4.531100e+02 
4.531100e+02 
4.531100e+02 
4.531100e+02 
4.531100e+02 
4.531100e+02 
4.531100e+02 
4.531100e+02 
4.531100e+02 
4.531100e+02 
4.531100e+02 
4.531100e+02 
4.531100e+02 
4.531100e+02 
4.531100e+02 
4.531100e+02 
4.531100e+02 
4.531100e+02 
4.531100e+02 
4.531100e+02 
4.531100e+02 
4.531100e+02 
4.531099e+02 
4.531099e+02 
4.531099e+02 
4.531099e+02 
4.531099e+02 
4.531099e+02 
4.531099e+02 
4.531099e+02 
4.531099e+02 
4.531099e+02 
4.531094e+02 
4.531094e+02 
4.531094e+02 
4.531094e+02 
4.531094e+02 
4.531094e+02 
4.531094e+02 
4.531094e+02 
4.531094e+02 
4.531094e+02 
4.531094e+02 
4.531094e+02 
4.531094e+02 
4.531094e+02 
4.531094e+02 
4.531094e+02 
4.531094e+02 
4.531094e+02 
4.531079e+02 
4.531079e+02 
4.531077e+02 
4.531077e+02 
4.531075e+02 
4.531075e+02 
4.531075e+02 
4.531075e+02 
4.531074e+02 
4.531074e+02 
4.531074e+02 
4.531074e+02 
4.531074e+02 
4.531074e+02 
4.531074e+02 
4.531074e+02 
4.531071e+02 
4.531071e+02 
4.531071e+02 
4.531070e+02 
4.531070e+02 
4.531070e+02 
4.531070e+02 
4.531070e+02 
4.531070e+02 
4.531070e+02 
4.531070e+02 
4.531070e+02 
4.531069e+02 
4.531068e+02 
4.531068e+02 
4.531068e+02 
4.531068e+02 
4.531067e+02 
4.531067e+02 
4.531067e+02 
4.531067e+02 
4.531067e+02 
4.531067e+02 
4.531067e+02 
4.531067e+02 
4.531067e+02 
4.531066e+02 
4.531066e+02 
4.531066e+02 
4.531066e+02 
4.531066e+02 
4.531066e+02 
4.531066e+02 
4.531066e+02 
4.531066e+02 
4.531066e+02 
4.531066e+02 
4.531065e+02 
4.531065e+02 
4.531065e+02 
4.531065e+02 
4.531065e+02 
4.531065e+02 
4.531065e+02 
4.531065e+02 
4.531065e+02 
4.531065e+02 
4.531065e+02 
4.531065e+02 
4.531065e+02 
4.531065e+02 
4.531065e+02 
4.531065e+02 
4.531065e+02 
4.531065e+02 
4.531065e+02 
4.531065e+02 
4.531065e+02 
4.531065e+02 
4.531064e+02 
4.531064e+02 
4.531064e+02 
4.531064e+02 
4.531064e+02 
4.531064e+02 
4.531064e+02 
4.531064e+02 
4.531064e+02 
4.531064e+02 
4.531064e+02 
4.531064e+02 
4.531064e+02 
4.531064e+02 
4.531064e+02 
4.531064e+02 
4.531064e+02 
4.531064e+02 
4.531064e+02 
4.531064e+02 
4.531064e+02 
4.531064e+02 
4.531064e+02 
4.531064e+02 
4.531064e+02 
4.531064e+02 
4.531064e+02 
4.531064e+02 
4.531064e+02 
4.531064e+02 
4.531064e+02 
4.531064e+02 
4.531064e+02 
4.531064e+02 
4.531064e+02 
4.531064e+02 
4.531064e+02 
4.531064e+02 
4.531064e+02 
4.531064e+02 
4.531064e+02 
4.531064e+02 
4.531064e+02 
4.531064e+02 
4.531064e+02 
4.531064e+02 
4.531064e+02 
4.531064e+02 
4.531064e+02 
4.531064e+02 
4.531064e+02 
4.531064e+02 
4.531064e+02 
4.531064e+02 
4.531064e+02 
4.531064e+02 
4.531064e+02 
4.531064e+02 
4.531064e+02 
4.531064e+02 
4.531064e+02 
4.531064e+02 
4.531064e+02 
4.531064e+02 
4.531064e+02 
4.531064e+02 
4.531064e+02 
4.531064e+02 
4.531064e+02 
4.531064e+02 
4.531064e+02 
4.531064e+02 
4.531064e+02 
4.531064e+02 
4.531064e+02 
4.531064e+02 
4.531064e+02 
4.531064e+02 
4.531064e+02 
4.531064e+02 
4.531064e+02 
4.531064e+02 
4.531064e+02 
4.531064e+02 
4.531064e+02 
4.531064e+02 
4.531064e+02 
4.531064e+02 
4.531064e+02 
4.531064e+02 
4.531064e+02 
4.531064e+02 
4.531064e+02 
4.531064e+02 
4.531064e+02 
4.531064e+02 
4.531064e+02 
4.531064e+02 
4.531064e+02 
4.531064e+02 
4.531064e+02 
4.531064e+02 
4.531064e+02 
4.531064e+02 
4.531064e+02 
4.531064e+02 
4.531064e+02 
4.531064e+02 
4.531064e+02 
4.531064e+02 
4.531064e+02 
4.531064e+02 
4.531064e+02 
4.531064e+02 
4.531064e+02 
4.531063e+02 
4.531063e+02 
4.531063e+02 
4.531061e+02 
4.531056e+02 
4.531056e+02 
4.531054e+02 
4.531054e+02 
4.531054e+02 
4.531054e+02 
4.531054e+02 
4.531053e+02 
4.531053e+02 
4.531052e+02 
4.531050e+02 
4.531050e+02 
4.531050e+02 
4.531050e+02 
4.531050e+02 
4.531049e+02 
4.531049e+02 
4.531049e+02 
4.531049e+02 
4.531049e+02 
4.531049e+02 
4.531049e+02 
4.531049e+02 
4.531049e+02 
4.531049e+02 
4.531049e+02 
4.531049e+02 
4.531049e+02 
4.531049e+02 
4.531049e+02 
4.531049e+02 
4.531048e+02 
4.531048e+02 
4.531048e+02 
4.531048e+02 
4.531048e+02 
4.531048e+02 
4.531048e+02 
4.531048e+02 
4.531048e+02 
4.531047e+02 
4.531047e+02 
4.531045e+02 
4.531045e+02 
4.531045e+02 
4.531044e+02 
4.531044e+02 
4.531044e+02 
4.531044e+02 
4.531044e+02 
4.531044e+02 
4.531043e+02 
4.531043e+02 
4.531042e+02 
4.531041e+02 
4.531041e+02 
4.531041e+02 
4.531040e+02 
4.531040e+02 
4.531040e+02 
4.531040e+02 
4.531039e+02 
4.531039e+02 
4.531039e+02 
4.531039e+02 
4.531039e+02 
4.531039e+02 
4.531039e+02 
4.531039e+02 
4.531039e+02 
4.531038e+02 
4.531038e+02 
4.531038e+02 
4.531038e+02 
4.531038e+02 
4.531038e+02 
4.531038e+02 
4.531038e+02 
4.531038e+02 
4.531038e+02 
4.531038e+02 
4.531038e+02 
4.531038e+02 
4.531038e+02 
4.531038e+02 
4.531038e+02 
4.531038e+02 
4.531038e+02 
4.531038e+02 
4.531038e+02 
4.531038e+02 
4.531038e+02 
4.531038e+02 
4.531038e+02 
4.531038e+02 
4.531037e+02 
4.531037e+02 
4.531037e+02 
4.531037e+02 
4.531037e+02 
4.531037e+02 
4.531037e+02 
4.531037e+02 
4.531037e+02 
4.531037e+02 
4.531037e+02 
4.531037e+02 
4.531036e+02 
4.531036e+02 
4.531036e+02 
4.531036e+02 
4.531036e+02 
4.531036e+02 
4.531036e+02 
4.531036e+02 
4.531036e+02 
4.531035e+02 
4.531035e+02 
4.531035e+02 
4.531035e+02 
4.531035e+02 
4.531035e+02 
4.531034e+02 
4.531034e+02 
4.531034e+02 
4.531033e+02 
4.531032e+02 
4.531032e+02 
4.531032e+02 
4.531032e+02 
4.531031e+02 
4.531031e+02 
4.531031e+02 
4.531030e+02 
4.531030e+02 
4.531030e+02 
4.531030e+02 
4.531030e+02 
4.531030e+02 
4.531030e+02 
4.531030e+02 
4.531029e+02 
4.531029e+02 
4.531029e+02 
4.531029e+02 
4.531029e+02 
4.531029e+02 
4.531029e+02 
4.531029e+02 
4.531029e+02 
4.531029e+02 
4.531029e+02 
4.531028e+02 
4.531027e+02 
4.531026e+02 
4.531024e+02 
4.531024e+02 
4.531024e+02 
4.531024e+02 
4.531023e+02 
4.531022e+02 
4.531021e+02 
4.531021e+02 
4.531021e+02 
4.531021e+02 
4.531021e+02 
4.531021e+02 
4.531021e+02 
4.531021e+02 
4.531021e+02 
4.531021e+02 
4.531021e+02 
4.531021e+02 
4.531021e+02 
4.531021e+02 
4.531020e+02 
4.531020e+02 
4.531020e+02 
4.531019e+02 
4.531019e+02 
4.531017e+02 
4.531017e+02 
4.531017e+02 
4.531017e+02 
4.531016e+02 
4.531016e+02 
4.531016e+02 
4.531016e+02 
4.531016e+02 
4.531016e+02 
4.531016e+02 
4.531016e+02 
4.531016e+02 
4.531016e+02 
4.531016e+02 
4.531016e+02 
4.531016e+02 
4.531016e+02 
4.531016e+02 
4.531016e+02 
4.531016e+02 
4.531016e+02 
4.531016e+02 
4.531016e+02 
4.531015e+02 
4.531015e+02 
4.531015e+02 
4.531015e+02 
4.531015e+02 
4.531015e+02 
4.531015e+02 
4.531015e+02 
4.531015e+02 
4.531015e+02 
4.531015e+02 
4.531015e+02 
4.531015e+02 
4.531015e+02 
4.531015e+02 
4.531015e+02 
4.531015e+02 
4.531015e+02 
4.531015e+02 
4.531015e+02 
4.531015e+02 
4.531015e+02 
4.531015e+02 
4.531015e+02 
4.531015e+02 
4.531015e+02 
4.531015e+02 
4.531015e+02 
4.531015e+02 
4.531015e+02 
4.531015e+02 
4.531015e+02 
4.531015e+02 
4.531015e+02 
4.531015e+02 
4.531015e+02 
4.531015e+02 
4.531014e+02 
4.531014e+02 
4.531014e+02 
4.531014e+02 
4.531014e+02 
4.531014e+02 
4.531014e+02 
4.531014e+02 
4.531014e+02 
4.531014e+02 
4.531014e+02 
4.531013e+02 
4.531012e+02 
4.531012e+02 
4.531012e+02 
4.531011e+02 
4.531011e+02 
4.531011e+02 
4.531010e+02 
4.531009e+02 
4.531009e+02 
4.531009e+02 
4.531009e+02 
4.531008e+02 
4.531008e+02 
4.531008e+02 
4.531007e+02 
4.531007e+02 
4.531006e+02 
4.531006e+02 
4.531006e+02 
4.531005e+02 
4.531005e+02 
4.531003e+02 
4.531003e+02 
4.531003e+02 
4.531003e+02 
4.531003e+02 
4.531002e+02 
4.531001e+02 
4.531001e+02 
4.531001e+02 
4.531001e+02 
4.531001e+02 
4.531000e+02 
4.531000e+02 
4.531000e+02 
4.531000e+02 
4.531000e+02 
4.531000e+02 
4.531000e+02 
4.531000e+02 
4.531000e+02 
4.530999e+02 
4.530999e+02 
4.530998e+02 
4.530998e+02 
4.530998e+02 
4.530997e+02 
4.530997e+02 
4.530995e+02 
4.530995e+02 
4.530994e+02 
4.530994e+02 
4.530994e+02 
4.530994e+02 
4.530994e+02 
4.530993e+02 
4.530993e+02 
4.530993e+02 
4.530993e+02 
4.530993e+02 
4.530993e+02 
4.530993e+02 
4.530992e+02 
4.530992e+02 
4.530992e+02 
4.530992e+02 
4.530991e+02 
4.530988e+02 
4.530988e+02 
4.530988e+02 
4.530988e+02 
4.530988e+02 
4.530988e+02 
4.530988e+02 
4.530988e+02 
4.530988e+02 
4.530963e+02 
4.530963e+02 
4.530963e+02 
4.530963e+02 
4.530958e+02 
4.530958e+02 
4.530958e+02 
4.530958e+02 
4.530958e+02 
4.530957e+02 
4.530957e+02 
4.530957e+02 
4.530955e+02 
4.530955e+02 
4.530949e+02 
4.530943e+02 
4.530939e+02 
4.530939e+02 
4.530939e+02 
4.530939e+02 
4.530939e+02 
4.530939e+02 
4.530939e+02 
4.530939e+02 
4.530938e+02 
4.530938e+02 
4.530938e+02 
4.530938e+02 
4.530937e+02 
4.530937e+02 
4.530937e+02 
4.530937e+02 
4.530937e+02 
4.530937e+02 
4.530937e+02 
4.530937e+02 
4.530937e+02 
4.530937e+02 
4.530937e+02 
4.530937e+02 
4.530937e+02 
4.530937e+02 
4.530937e+02 
4.530937e+02 
4.530937e+02 
4.530937e+02 
4.530937e+02 
4.530937e+02 
4.530937e+02 
4.530937e+02 
4.530937e+02 
4.530937e+02 
4.530937e+02 
4.530937e+02 
4.530937e+02 
4.530937e+02 
4.530937e+02 
4.530937e+02 
4.530937e+02 
4.530937e+02 
4.530937e+02 
4.530937e+02 
4.530937e+02 
4.530937e+02 
4.530937e+02 
4.530937e+02 
4.530937e+02 
4.530937e+02 
4.530937e+02 
4.530937e+02 
4.530937e+02 
4.530937e+02 
4.530937e+02 
4.530937e+02 
4.530937e+02 
4.530937e+02 
4.530937e+02 
4.530937e+02 
4.530937e+02 
4.530937e+02 
4.530937e+02 
4.530937e+02 
4.530937e+02 
4.530937e+02 
4.530937e+02 
4.530937e+02 
4.530937e+02 
4.530937e+02 
4.530937e+02 
4.530937e+02 
4.530937e+02 
4.530937e+02 
4.530937e+02 
4.530937e+02 
4.530937e+02 
4.530937e+02 
4.530937e+02 
4.530937e+02 
4.530937e+02 
4.530937e+02 
4.530937e+02 
4.530936e+02 
4.530936e+02 
4.530936e+02 
4.530936e+02 
4.530936e+02 
4.530936e+02 
4.530936e+02 
4.530936e+02 
4.530936e+02 
4.530936e+02 
4.530936e+02 
4.530936e+02 
4.530936e+02 
4.530936e+02 
4.530936e+02 
4.530936e+02 
4.530936e+02 
4.530936e+02 
4.530936e+02 
4.530936e+02 
4.530936e+02 
4.530936e+02 
4.530936e+02 
4.530936e+02 
4.530936e+02 
4.530936e+02 
4.530936e+02 
4.530936e+02 
4.530936e+02 
4.530936e+02 
4.530936e+02 
4.530936e+02 
4.530936e+02 
4.530936e+02 
4.530936e+02 
4.530936e+02 
4.530936e+02 
4.530936e+02 
4.530936e+02 
4.530936e+02 
4.530936e+02 
4.530936e+02 
4.530936e+02 
4.530936e+02 
4.530936e+02 
4.530936e+02 
4.530936e+02 
4.530936e+02 
4.530936e+02 
4.530936e+02 
4.530936e+02 
4.530936e+02 
4.530936e+02 
4.530936e+02 
4.530936e+02 
4.530936e+02 
4.530936e+02 
4.530936e+02 
4.530936e+02 
4.530936e+02 
4.530936e+02 
4.530936e+02 
4.530936e+02 
4.530936e+02 
4.530936e+02 
4.530936e+02 
4.530936e+02 
4.530933e+02 
4.530933e+02 
4.530931e+02 
4.530929e+02 
4.530928e+02 
4.530928e+02 
4.530928e+02 
4.530928e+02 
4.530924e+02 
4.530924e+02 
4.530924e+02 
4.530924e+02 
4.530924e+02 
4.530924e+02 
4.530924e+02 
4.530924e+02 
4.530924e+02 
4.530924e+02 
4.530924e+02 
4.530924e+02 
4.530924e+02 
4.530924e+02 
4.530924e+02 
4.530924e+02 
4.530924e+02 
4.530924e+02 
4.530924e+02 
4.530924e+02 
4.530924e+02 
4.530924e+02 
4.530924e+02 
4.530924e+02 
4.530924e+02 
4.530923e+02 
4.530923e+02 
4.530923e+02 
4.530923e+02 
4.530923e+02 
4.530923e+02 
4.530923e+02 
4.530922e+02 
4.530921e+02 
4.530921e+02 
4.530921e+02 
4.530921e+02 
4.530921e+02 
4.530921e+02 
4.530921e+02 
4.530921e+02 
4.530921e+02 
4.530921e+02 
4.530921e+02 
4.530921e+02 
4.530921e+02 
4.530921e+02 
4.530921e+02 
4.530921e+02 
4.530921e+02 
4.530921e+02 
4.530921e+02 
4.530921e+02 
4.530921e+02 
4.530921e+02 
4.530921e+02 
4.530921e+02 
4.530921e+02 
4.530921e+02 
4.530921e+02 
4.530921e+02 
4.530921e+02 
4.530921e+02 
4.530921e+02 
4.530921e+02 
4.530921e+02 
4.530921e+02 
