2.782898e-225 
9.546446e-226 
5.109130e-228 
7.193975e-229 
7.164046e-225 
2.693405e-221 
1.329415e-228 
3.644711e-228 
5.841136e-230 
5.337096e-228 
4.475946e-228 
2.835890e-230 
3.669387e-228 
3.796216e-226 
8.847923e-229 
2.194106e-225 
6.080122e-222 
2.105055e-229 
3.096682e-224 
4.628319e-228 
4.692811e-223 
1.249592e-227 
1.989598e-223 
1.445775e-220 
3.963352e-223 
3.395558e-218 
1.916897e-228 
1.172156e-230 
1.275676e-222 
9.232958e-222 
average=1.138160e-219 
std=0 
best=1.172156e-230 
