2.276846e+03 
1.406264e+03 
1.366662e+03 
8.070832e+02 
8.070832e+02 
8.070832e+02 
8.070832e+02 
8.070832e+02 
5.507087e+02 
5.507087e+02 
5.507087e+02 
5.507087e+02 
5.507087e+02 
5.507087e+02 
5.507087e+02 
5.507087e+02 
5.507087e+02 
5.507087e+02 
5.507087e+02 
5.507087e+02 
5.507087e+02 
5.507087e+02 
3.570669e+02 
3.570669e+02 
3.570669e+02 
3.570669e+02 
3.570669e+02 
3.570669e+02 
3.570669e+02 
3.570669e+02 
3.570669e+02 
3.570669e+02 
3.570669e+02 
3.570669e+02 
3.570669e+02 
3.570669e+02 
3.570669e+02 
3.570669e+02 
3.570669e+02 
3.570669e+02 
3.570669e+02 
3.570669e+02 
3.570669e+02 
3.570669e+02 
3.570669e+02 
3.570669e+02 
3.570669e+02 
3.570669e+02 
3.570669e+02 
3.570669e+02 
3.570669e+02 
3.570669e+02 
3.570669e+02 
3.570669e+02 
3.570669e+02 
3.570669e+02 
3.570669e+02 
3.570669e+02 
3.570669e+02 
3.570669e+02 
3.570669e+02 
3.570669e+02 
3.570669e+02 
3.570669e+02 
3.570669e+02 
3.570669e+02 
3.570669e+02 
3.570669e+02 
3.570669e+02 
3.570669e+02 
3.570669e+02 
3.570669e+02 
3.570669e+02 
3.570669e+02 
3.570669e+02 
3.570669e+02 
3.570669e+02 
3.570669e+02 
3.570669e+02 
3.570669e+02 
3.570669e+02 
3.570669e+02 
3.570669e+02 
3.570669e+02 
3.570669e+02 
3.570669e+02 
3.570669e+02 
3.570669e+02 
3.570669e+02 
3.570669e+02 
3.570669e+02 
3.570669e+02 
3.570669e+02 
3.570669e+02 
3.570669e+02 
3.570669e+02 
3.570669e+02 
3.570669e+02 
3.570669e+02 
3.570669e+02 
3.570669e+02 
3.570669e+02 
3.570669e+02 
3.570669e+02 
3.570669e+02 
3.570669e+02 
3.570669e+02 
3.570669e+02 
3.570669e+02 
3.570669e+02 
3.570669e+02 
3.570669e+02 
3.570669e+02 
3.570669e+02 
3.570669e+02 
3.570669e+02 
3.570669e+02 
3.570669e+02 
3.570669e+02 
3.570669e+02 
3.570669e+02 
3.570669e+02 
3.570669e+02 
3.570669e+02 
3.570669e+02 
3.570669e+02 
3.570669e+02 
3.570669e+02 
3.570669e+02 
3.570669e+02 
3.570669e+02 
3.570669e+02 
3.570669e+02 
3.570669e+02 
3.570669e+02 
3.570669e+02 
3.570669e+02 
3.570669e+02 
3.570669e+02 
3.570669e+02 
3.570669e+02 
3.570669e+02 
3.570669e+02 
3.570669e+02 
3.570669e+02 
3.570669e+02 
3.570669e+02 
3.570669e+02 
3.570669e+02 
3.570669e+02 
3.570669e+02 
3.570669e+02 
3.570669e+02 
3.570669e+02 
3.570669e+02 
3.570669e+02 
3.570669e+02 
3.570669e+02 
3.570669e+02 
3.570669e+02 
3.570669e+02 
3.570669e+02 
3.570669e+02 
3.570669e+02 
3.570669e+02 
3.570669e+02 
3.570669e+02 
3.570669e+02 
3.570669e+02 
3.570669e+02 
3.570669e+02 
3.570669e+02 
3.570669e+02 
3.570669e+02 
3.570669e+02 
3.570669e+02 
3.570669e+02 
3.570669e+02 
3.570669e+02 
3.570669e+02 
3.570669e+02 
3.570669e+02 
3.570669e+02 
3.570669e+02 
3.570669e+02 
3.570669e+02 
3.570669e+02 
3.570669e+02 
3.570669e+02 
3.570669e+02 
3.570669e+02 
3.570669e+02 
3.570669e+02 
3.570669e+02 
3.570669e+02 
3.570669e+02 
3.570669e+02 
3.570669e+02 
3.570669e+02 
3.570669e+02 
3.570669e+02 
3.570669e+02 
3.570669e+02 
3.570669e+02 
3.570669e+02 
3.570669e+02 
3.570669e+02 
3.570669e+02 
3.570669e+02 
3.570669e+02 
3.570669e+02 
3.570669e+02 
3.570669e+02 
3.570669e+02 
3.570669e+02 
3.570669e+02 
3.570669e+02 
3.570669e+02 
3.570669e+02 
3.570669e+02 
3.570669e+02 
3.570669e+02 
3.570669e+02 
3.570669e+02 
3.570669e+02 
3.570669e+02 
3.570669e+02 
3.570669e+02 
3.570669e+02 
3.570669e+02 
3.570669e+02 
3.570669e+02 
3.570669e+02 
3.570669e+02 
3.570669e+02 
3.570669e+02 
3.570669e+02 
3.570669e+02 
3.570669e+02 
3.570669e+02 
3.570669e+02 
3.570669e+02 
3.570669e+02 
3.570669e+02 
3.570669e+02 
3.570669e+02 
3.570669e+02 
3.570669e+02 
3.570669e+02 
3.570669e+02 
3.570669e+02 
3.570669e+02 
3.570669e+02 
3.570669e+02 
3.570669e+02 
3.570669e+02 
3.570669e+02 
3.570669e+02 
3.570669e+02 
3.570669e+02 
3.570669e+02 
3.570669e+02 
3.570669e+02 
3.570669e+02 
3.570669e+02 
3.570669e+02 
3.570669e+02 
3.570669e+02 
3.570669e+02 
3.570669e+02 
3.570669e+02 
3.570669e+02 
3.570669e+02 
3.570669e+02 
3.570669e+02 
3.570669e+02 
3.570669e+02 
3.570669e+02 
3.570669e+02 
3.570669e+02 
3.570669e+02 
3.570669e+02 
3.570669e+02 
3.570669e+02 
3.570669e+02 
3.570669e+02 
3.570669e+02 
3.570669e+02 
3.570669e+02 
3.570669e+02 
3.570669e+02 
3.570669e+02 
3.570669e+02 
3.570669e+02 
3.570669e+02 
3.570669e+02 
3.570669e+02 
3.570669e+02 
3.570669e+02 
3.570669e+02 
3.570669e+02 
3.570669e+02 
3.570669e+02 
3.570669e+02 
3.570669e+02 
3.570669e+02 
3.570669e+02 
3.570669e+02 
3.570669e+02 
3.570669e+02 
3.570669e+02 
3.570669e+02 
3.570669e+02 
3.570669e+02 
3.434228e+02 
3.434228e+02 
3.434228e+02 
3.434228e+02 
3.434228e+02 
3.434228e+02 
3.434228e+02 
3.434228e+02 
3.434228e+02 
3.434228e+02 
3.434228e+02 
3.434228e+02 
3.434228e+02 
3.434228e+02 
3.434228e+02 
3.434228e+02 
3.434228e+02 
3.434228e+02 
3.434228e+02 
3.434228e+02 
3.434228e+02 
3.434228e+02 
3.434228e+02 
3.434228e+02 
3.434228e+02 
3.434228e+02 
3.434228e+02 
3.434228e+02 
3.434228e+02 
3.434228e+02 
3.434228e+02 
3.434228e+02 
3.434228e+02 
3.434228e+02 
3.434228e+02 
3.434228e+02 
3.434228e+02 
3.434228e+02 
3.434228e+02 
3.434228e+02 
3.434228e+02 
3.434228e+02 
3.434228e+02 
3.434228e+02 
3.434228e+02 
3.434228e+02 
3.434228e+02 
3.434228e+02 
3.434228e+02 
3.434228e+02 
3.434228e+02 
3.434228e+02 
3.434228e+02 
3.434228e+02 
3.434228e+02 
3.434228e+02 
3.434228e+02 
3.434228e+02 
3.434228e+02 
3.434228e+02 
3.434228e+02 
3.434228e+02 
3.434228e+02 
3.434228e+02 
3.434228e+02 
3.434228e+02 
3.434228e+02 
3.434228e+02 
3.434228e+02 
3.434228e+02 
3.434228e+02 
3.434228e+02 
3.434228e+02 
3.434228e+02 
3.434228e+02 
3.434228e+02 
3.434228e+02 
3.434228e+02 
3.434228e+02 
3.434228e+02 
3.434228e+02 
3.434228e+02 
3.434228e+02 
3.434228e+02 
3.434228e+02 
3.434228e+02 
3.434228e+02 
3.434228e+02 
3.434228e+02 
3.434228e+02 
3.434228e+02 
3.434228e+02 
3.434228e+02 
3.434228e+02 
3.434228e+02 
3.434228e+02 
3.434228e+02 
3.434228e+02 
3.434228e+02 
3.434228e+02 
3.434228e+02 
3.434228e+02 
3.434228e+02 
3.434228e+02 
3.434228e+02 
3.434228e+02 
3.434228e+02 
3.434228e+02 
3.434228e+02 
3.434228e+02 
3.434228e+02 
3.434228e+02 
3.434228e+02 
3.434228e+02 
3.434228e+02 
3.434228e+02 
3.434228e+02 
3.434228e+02 
3.434228e+02 
3.434228e+02 
3.434228e+02 
3.434228e+02 
3.434228e+02 
3.434228e+02 
3.434228e+02 
3.434228e+02 
3.434228e+02 
3.434228e+02 
3.434228e+02 
3.434228e+02 
3.434228e+02 
3.434228e+02 
3.434228e+02 
3.434228e+02 
3.434228e+02 
3.434228e+02 
3.434228e+02 
3.434228e+02 
3.434228e+02 
3.434228e+02 
3.434228e+02 
3.434228e+02 
3.434228e+02 
3.434228e+02 
3.434228e+02 
3.434228e+02 
3.434228e+02 
3.434228e+02 
3.434228e+02 
3.434228e+02 
3.434228e+02 
3.434228e+02 
3.434228e+02 
3.434228e+02 
3.434228e+02 
3.434228e+02 
3.434228e+02 
3.434228e+02 
3.434228e+02 
3.434228e+02 
3.434228e+02 
3.434228e+02 
3.434228e+02 
3.434228e+02 
3.434228e+02 
3.434228e+02 
3.434228e+02 
3.434228e+02 
3.434228e+02 
3.434228e+02 
3.434228e+02 
3.434228e+02 
3.434228e+02 
3.434228e+02 
3.434228e+02 
3.434228e+02 
3.434228e+02 
3.434228e+02 
3.434228e+02 
3.434228e+02 
3.434228e+02 
3.434228e+02 
3.434228e+02 
3.434228e+02 
3.434228e+02 
3.434228e+02 
3.434228e+02 
3.434228e+02 
3.434228e+02 
3.434228e+02 
3.434228e+02 
3.434228e+02 
3.434228e+02 
3.434228e+02 
3.434228e+02 
3.434228e+02 
3.434228e+02 
3.434228e+02 
3.434228e+02 
3.434228e+02 
3.434228e+02 
3.434228e+02 
3.434228e+02 
3.434228e+02 
3.434228e+02 
3.434228e+02 
3.434228e+02 
3.434228e+02 
3.434228e+02 
3.434228e+02 
3.434228e+02 
3.434228e+02 
3.434228e+02 
3.434228e+02 
3.434228e+02 
3.434228e+02 
3.434228e+02 
3.434228e+02 
3.434228e+02 
3.434228e+02 
3.434228e+02 
3.434228e+02 
3.434228e+02 
3.434228e+02 
3.434228e+02 
3.434228e+02 
3.434228e+02 
3.434228e+02 
3.434228e+02 
3.434228e+02 
3.434228e+02 
3.434228e+02 
3.434228e+02 
3.434228e+02 
3.434228e+02 
3.434228e+02 
3.434228e+02 
3.434228e+02 
3.434228e+02 
3.434228e+02 
3.434228e+02 
3.434228e+02 
3.434228e+02 
3.434228e+02 
3.434228e+02 
3.434228e+02 
3.434228e+02 
3.434228e+02 
3.434228e+02 
3.434228e+02 
3.434228e+02 
3.434228e+02 
3.434228e+02 
3.434228e+02 
3.434228e+02 
3.434228e+02 
3.434228e+02 
3.434228e+02 
3.434228e+02 
3.434228e+02 
3.434228e+02 
3.434228e+02 
3.434228e+02 
3.434228e+02 
3.434228e+02 
3.434228e+02 
3.434228e+02 
3.434228e+02 
3.434228e+02 
3.434228e+02 
3.434228e+02 
3.434228e+02 
3.434228e+02 
3.434228e+02 
3.434228e+02 
3.434228e+02 
3.434228e+02 
3.434228e+02 
3.434228e+02 
3.434228e+02 
3.434228e+02 
3.434228e+02 
3.434228e+02 
3.434228e+02 
3.434228e+02 
3.434228e+02 
3.434228e+02 
3.434228e+02 
3.434228e+02 
3.434228e+02 
3.434228e+02 
3.434228e+02 
3.434228e+02 
3.434228e+02 
3.434228e+02 
3.434228e+02 
3.434228e+02 
3.434228e+02 
3.434228e+02 
3.434228e+02 
3.434228e+02 
3.434228e+02 
3.434228e+02 
3.434228e+02 
3.434228e+02 
3.434228e+02 
3.434228e+02 
3.434228e+02 
3.434228e+02 
3.434228e+02 
3.434228e+02 
3.434228e+02 
3.434228e+02 
3.434228e+02 
3.434228e+02 
3.434228e+02 
3.434228e+02 
3.434228e+02 
3.434228e+02 
3.434228e+02 
3.434228e+02 
3.434228e+02 
3.434228e+02 
3.434228e+02 
3.434228e+02 
3.434228e+02 
3.434228e+02 
3.434228e+02 
3.434228e+02 
3.434228e+02 
3.434228e+02 
3.434228e+02 
3.434228e+02 
3.434228e+02 
3.434228e+02 
3.434228e+02 
3.434228e+02 
3.434228e+02 
3.434228e+02 
3.434228e+02 
3.434228e+02 
3.434228e+02 
3.434228e+02 
3.434228e+02 
3.434228e+02 
3.434228e+02 
3.434228e+02 
3.434228e+02 
3.434228e+02 
3.434228e+02 
3.434228e+02 
3.434228e+02 
3.434228e+02 
3.434228e+02 
3.434228e+02 
3.434228e+02 
3.434228e+02 
3.434228e+02 
3.434228e+02 
3.434228e+02 
3.434228e+02 
3.434228e+02 
3.434228e+02 
3.434228e+02 
3.434228e+02 
3.434228e+02 
3.434228e+02 
3.434228e+02 
3.434228e+02 
3.434228e+02 
3.434228e+02 
3.434228e+02 
3.434228e+02 
3.434228e+02 
3.434228e+02 
3.434228e+02 
3.434228e+02 
3.434228e+02 
3.434228e+02 
3.434228e+02 
3.434228e+02 
3.434228e+02 
3.434228e+02 
3.434228e+02 
3.434228e+02 
3.434228e+02 
3.434228e+02 
3.434228e+02 
3.434228e+02 
3.434228e+02 
3.434228e+02 
3.434228e+02 
3.434228e+02 
3.434228e+02 
3.434228e+02 
3.434228e+02 
3.434228e+02 
3.434228e+02 
3.434228e+02 
3.434228e+02 
3.434228e+02 
3.434228e+02 
3.434228e+02 
3.434228e+02 
3.434228e+02 
3.434228e+02 
3.434228e+02 
3.434228e+02 
3.434228e+02 
3.434228e+02 
3.434228e+02 
3.434228e+02 
3.434228e+02 
3.434228e+02 
3.434228e+02 
3.434228e+02 
3.434228e+02 
3.434228e+02 
3.434228e+02 
3.434228e+02 
3.434228e+02 
3.434228e+02 
3.434228e+02 
3.434228e+02 
3.434228e+02 
3.434228e+02 
3.434228e+02 
3.434228e+02 
3.434228e+02 
3.434228e+02 
3.434228e+02 
3.434228e+02 
3.434228e+02 
3.434228e+02 
3.434228e+02 
3.434228e+02 
3.434228e+02 
3.434228e+02 
3.434228e+02 
3.434228e+02 
3.434228e+02 
3.434228e+02 
3.434228e+02 
3.434228e+02 
3.434228e+02 
3.434228e+02 
3.434228e+02 
3.434228e+02 
3.434228e+02 
3.434228e+02 
3.434228e+02 
3.434228e+02 
3.434228e+02 
3.434228e+02 
3.434228e+02 
3.434228e+02 
3.434228e+02 
3.434228e+02 
3.434228e+02 
3.434228e+02 
3.434228e+02 
3.434228e+02 
3.434228e+02 
3.434228e+02 
3.434228e+02 
3.434228e+02 
3.434228e+02 
3.434228e+02 
3.434228e+02 
3.434228e+02 
3.434228e+02 
3.434228e+02 
3.434228e+02 
3.434228e+02 
3.434228e+02 
3.434228e+02 
3.434228e+02 
3.434228e+02 
3.434228e+02 
3.434228e+02 
3.434228e+02 
3.434228e+02 
3.434228e+02 
3.434228e+02 
3.434228e+02 
3.434228e+02 
3.434228e+02 
3.434228e+02 
3.434228e+02 
3.434228e+02 
3.434228e+02 
3.434228e+02 
3.434228e+02 
3.434228e+02 
3.434228e+02 
3.434228e+02 
3.434228e+02 
3.434228e+02 
3.434228e+02 
3.434228e+02 
3.434228e+02 
3.434228e+02 
3.434228e+02 
3.434228e+02 
3.434228e+02 
3.434228e+02 
3.434228e+02 
3.434228e+02 
3.434228e+02 
3.434228e+02 
3.434228e+02 
3.434228e+02 
3.434228e+02 
3.434228e+02 
3.434228e+02 
3.434228e+02 
3.434228e+02 
3.434228e+02 
3.434228e+02 
3.434228e+02 
3.434228e+02 
3.434228e+02 
3.434228e+02 
3.434228e+02 
3.434228e+02 
3.434228e+02 
3.434228e+02 
3.434228e+02 
3.434228e+02 
3.434228e+02 
3.434228e+02 
3.434228e+02 
3.434228e+02 
3.434228e+02 
3.434228e+02 
3.434228e+02 
3.434228e+02 
3.434228e+02 
3.434228e+02 
3.434228e+02 
3.434228e+02 
3.434228e+02 
3.434228e+02 
3.434228e+02 
3.434228e+02 
3.434228e+02 
3.434228e+02 
3.434228e+02 
3.434228e+02 
3.434228e+02 
3.434228e+02 
3.434228e+02 
3.434228e+02 
3.434228e+02 
3.434228e+02 
3.434228e+02 
3.434228e+02 
3.434228e+02 
3.434228e+02 
3.434228e+02 
3.434228e+02 
3.434228e+02 
3.434228e+02 
3.434228e+02 
3.434228e+02 
3.434228e+02 
3.434228e+02 
3.434228e+02 
3.434228e+02 
3.434228e+02 
3.434228e+02 
3.434228e+02 
3.434228e+02 
3.434228e+02 
3.434228e+02 
3.434228e+02 
3.434228e+02 
3.434228e+02 
3.434228e+02 
3.434228e+02 
3.434228e+02 
3.434228e+02 
3.434228e+02 
3.434228e+02 
3.434228e+02 
3.434228e+02 
3.434228e+02 
3.434228e+02 
3.434228e+02 
3.434228e+02 
3.434228e+02 
3.434228e+02 
3.434228e+02 
3.434228e+02 
3.434228e+02 
3.434228e+02 
3.434228e+02 
3.434228e+02 
3.434228e+02 
3.434228e+02 
3.434228e+02 
3.434228e+02 
3.434228e+02 
3.434228e+02 
3.434228e+02 
3.434228e+02 
3.434228e+02 
3.434228e+02 
3.434228e+02 
3.434228e+02 
3.434228e+02 
3.434228e+02 
3.434228e+02 
3.434228e+02 
3.434228e+02 
3.434228e+02 
3.434228e+02 
3.434228e+02 
3.434228e+02 
3.434228e+02 
3.434228e+02 
3.434228e+02 
3.434228e+02 
3.434228e+02 
3.434228e+02 
3.434228e+02 
3.434228e+02 
3.434228e+02 
3.434228e+02 
3.434228e+02 
3.434228e+02 
3.434228e+02 
3.434228e+02 
3.434228e+02 
3.434228e+02 
3.434228e+02 
3.434228e+02 
3.434228e+02 
3.434228e+02 
3.434228e+02 
3.434228e+02 
3.434228e+02 
3.434228e+02 
3.434228e+02 
3.434228e+02 
3.434228e+02 
3.434228e+02 
3.434228e+02 
3.434228e+02 
3.434228e+02 
3.434228e+02 
3.434228e+02 
3.434228e+02 
3.434228e+02 
3.434228e+02 
3.434228e+02 
3.434228e+02 
3.434228e+02 
3.434228e+02 
3.434228e+02 
3.434228e+02 
3.434228e+02 
3.434228e+02 
3.434228e+02 
3.434228e+02 
3.434228e+02 
3.434228e+02 
3.434228e+02 
3.434228e+02 
3.434228e+02 
3.434228e+02 
3.434228e+02 
3.434228e+02 
3.434228e+02 
3.434228e+02 
3.434228e+02 
3.434228e+02 
3.434228e+02 
3.434228e+02 
3.434228e+02 
3.434228e+02 
3.434228e+02 
3.434228e+02 
3.434228e+02 
3.434228e+02 
3.434228e+02 
3.434228e+02 
3.434228e+02 
3.434228e+02 
3.434228e+02 
3.434228e+02 
3.434228e+02 
3.434228e+02 
3.434228e+02 
3.434228e+02 
3.434228e+02 
3.434228e+02 
3.434228e+02 
3.434228e+02 
3.434228e+02 
3.434228e+02 
3.434228e+02 
3.434228e+02 
3.434228e+02 
3.434228e+02 
3.434228e+02 
3.434228e+02 
3.434228e+02 
3.434228e+02 
3.434228e+02 
3.434228e+02 
3.434228e+02 
3.434228e+02 
3.434228e+02 
3.434228e+02 
3.434228e+02 
3.434228e+02 
3.434228e+02 
3.434228e+02 
3.434228e+02 
3.434228e+02 
3.434228e+02 
3.434228e+02 
3.434228e+02 
3.434228e+02 
3.434228e+02 
3.434228e+02 
3.434228e+02 
3.434228e+02 
3.434228e+02 
3.434228e+02 
3.434228e+02 
3.434228e+02 
3.434228e+02 
3.434228e+02 
3.434228e+02 
3.434228e+02 
3.434228e+02 
3.434228e+02 
3.434228e+02 
3.434228e+02 
3.434228e+02 
3.434228e+02 
3.434228e+02 
3.434228e+02 
3.434228e+02 
3.434228e+02 
3.434228e+02 
3.434228e+02 
3.434228e+02 
3.434228e+02 
3.434228e+02 
3.434228e+02 
3.434228e+02 
3.434228e+02 
3.434228e+02 
3.434228e+02 
3.434228e+02 
3.434228e+02 
3.434228e+02 
3.434228e+02 
3.434228e+02 
3.434228e+02 
3.434228e+02 
3.434228e+02 
3.434228e+02 
3.434228e+02 
3.434228e+02 
3.434228e+02 
3.434228e+02 
3.434228e+02 
3.434228e+02 
3.434228e+02 
3.434228e+02 
3.434228e+02 
3.434228e+02 
3.434228e+02 
3.434228e+02 
3.434228e+02 
3.434228e+02 
3.434228e+02 
3.434228e+02 
3.434228e+02 
3.434228e+02 
3.434228e+02 
3.434228e+02 
3.434228e+02 
3.434228e+02 
3.434228e+02 
3.434228e+02 
3.434228e+02 
3.434228e+02 
3.434228e+02 
3.434228e+02 
3.434228e+02 
3.434228e+02 
3.434228e+02 
3.434228e+02 
3.434228e+02 
3.434228e+02 
3.434228e+02 
3.434228e+02 
3.434228e+02 
3.434228e+02 
3.434228e+02 
3.434228e+02 
3.434228e+02 
3.434228e+02 
3.434228e+02 
3.434228e+02 
3.434228e+02 
3.434228e+02 
3.434228e+02 
3.434228e+02 
3.434228e+02 
3.434228e+02 
3.434228e+02 
3.434228e+02 
3.434228e+02 
3.434228e+02 
3.434228e+02 
3.434228e+02 
3.434228e+02 
3.434228e+02 
3.434228e+02 
3.434228e+02 
3.434228e+02 
3.434228e+02 
3.434228e+02 
3.434228e+02 
3.434228e+02 
3.434228e+02 
3.434228e+02 
3.434228e+02 
3.434228e+02 
3.434228e+02 
3.434228e+02 
3.434228e+02 
3.434228e+02 
3.434228e+02 
3.434228e+02 
3.434228e+02 
3.434228e+02 
3.434228e+02 
3.434228e+02 
3.434228e+02 
3.434228e+02 
3.434228e+02 
3.434228e+02 
3.434228e+02 
3.434228e+02 
3.434228e+02 
3.434228e+02 
3.434228e+02 
3.434228e+02 
3.434228e+02 
3.434228e+02 
3.434228e+02 
3.434228e+02 
3.434228e+02 
3.434228e+02 
3.434228e+02 
3.434228e+02 
3.434228e+02 
3.434228e+02 
3.434228e+02 
3.434228e+02 
3.434228e+02 
3.434228e+02 
3.434228e+02 
3.434228e+02 
3.434228e+02 
3.434228e+02 
3.434228e+02 
3.434228e+02 
3.434228e+02 
3.434228e+02 
3.434228e+02 
3.434228e+02 
3.434228e+02 
3.434228e+02 
3.434228e+02 
3.434228e+02 
3.434228e+02 
3.434228e+02 
3.434228e+02 
3.434228e+02 
3.434228e+02 
3.434228e+02 
3.434228e+02 
3.434228e+02 
3.434228e+02 
3.434228e+02 
3.434228e+02 
3.434228e+02 
3.434228e+02 
3.434228e+02 
3.434228e+02 
3.434228e+02 
3.434228e+02 
3.434228e+02 
3.434228e+02 
2.595544e+02 
2.595544e+02 
2.595544e+02 
2.595544e+02 
2.595544e+02 
2.595544e+02 
2.595544e+02 
2.595544e+02 
2.595544e+02 
2.595544e+02 
2.595544e+02 
2.595544e+02 
2.595544e+02 
2.595544e+02 
2.595544e+02 
2.595544e+02 
2.595544e+02 
2.595544e+02 
2.595544e+02 
2.595544e+02 
2.595544e+02 
2.595544e+02 
2.595544e+02 
2.595544e+02 
2.595544e+02 
2.595544e+02 
2.595544e+02 
2.595544e+02 
2.595544e+02 
2.595544e+02 
2.595544e+02 
2.595544e+02 
2.595544e+02 
2.595544e+02 
2.595544e+02 
2.595544e+02 
2.595544e+02 
2.595544e+02 
2.595544e+02 
2.595544e+02 
2.595544e+02 
2.595544e+02 
2.595544e+02 
2.595544e+02 
2.595544e+02 
2.595544e+02 
2.595544e+02 
2.595544e+02 
2.595544e+02 
2.595544e+02 
2.595544e+02 
2.595544e+02 
2.595544e+02 
2.595544e+02 
2.595544e+02 
2.595544e+02 
2.595544e+02 
2.021319e+02 
2.021319e+02 
2.021319e+02 
2.021319e+02 
2.021319e+02 
2.021319e+02 
2.021319e+02 
2.021319e+02 
2.021319e+02 
2.021319e+02 
2.021319e+02 
2.021319e+02 
2.021319e+02 
2.021319e+02 
2.021319e+02 
2.021319e+02 
2.021319e+02 
2.021319e+02 
2.021319e+02 
2.021319e+02 
2.021319e+02 
2.021319e+02 
2.021319e+02 
2.021319e+02 
2.021319e+02 
2.021319e+02 
2.021319e+02 
2.021319e+02 
2.021319e+02 
2.021319e+02 
2.021319e+02 
2.021319e+02 
2.021319e+02 
2.021319e+02 
2.021319e+02 
2.021319e+02 
2.021319e+02 
2.021319e+02 
2.021319e+02 
2.021319e+02 
2.021319e+02 
2.021319e+02 
2.021319e+02 
2.021319e+02 
2.021319e+02 
2.021319e+02 
2.021319e+02 
2.021319e+02 
2.021319e+02 
2.021319e+02 
2.021319e+02 
2.021319e+02 
2.021319e+02 
2.021319e+02 
2.021319e+02 
2.021319e+02 
2.021319e+02 
2.021319e+02 
2.021319e+02 
2.021319e+02 
2.021319e+02 
2.021319e+02 
2.021319e+02 
2.021319e+02 
2.021319e+02 
2.021319e+02 
2.021319e+02 
2.021319e+02 
2.021319e+02 
2.021319e+02 
2.021319e+02 
2.021319e+02 
2.021319e+02 
2.021319e+02 
2.021319e+02 
2.021319e+02 
2.021319e+02 
2.021319e+02 
2.021319e+02 
2.021319e+02 
2.021319e+02 
2.021319e+02 
2.021319e+02 
2.021319e+02 
2.021319e+02 
2.021319e+02 
2.021319e+02 
2.021319e+02 
2.021319e+02 
2.021319e+02 
2.021319e+02 
2.021319e+02 
2.021319e+02 
2.021319e+02 
2.021319e+02 
2.021319e+02 
2.021319e+02 
2.021319e+02 
2.021319e+02 
2.021319e+02 
2.021319e+02 
2.021319e+02 
2.021319e+02 
2.021319e+02 
2.021319e+02 
2.021319e+02 
2.021319e+02 
2.021319e+02 
2.021319e+02 
2.021319e+02 
2.021319e+02 
2.021319e+02 
2.021319e+02 
2.021319e+02 
2.021319e+02 
2.021319e+02 
2.021319e+02 
2.021319e+02 
2.021319e+02 
2.021319e+02 
2.021319e+02 
2.021319e+02 
2.021319e+02 
2.021319e+02 
2.021319e+02 
2.021319e+02 
2.021319e+02 
2.021319e+02 
2.021319e+02 
2.021319e+02 
2.021319e+02 
2.021319e+02 
2.021319e+02 
2.021319e+02 
2.021319e+02 
2.021319e+02 
2.021319e+02 
2.021319e+02 
2.021319e+02 
2.021319e+02 
2.021319e+02 
2.021319e+02 
2.021319e+02 
2.021319e+02 
2.021319e+02 
2.021319e+02 
2.021319e+02 
2.021319e+02 
2.021319e+02 
2.021319e+02 
2.021319e+02 
2.021319e+02 
2.021319e+02 
2.021319e+02 
2.021319e+02 
2.021319e+02 
2.021319e+02 
2.021319e+02 
2.021319e+02 
2.021319e+02 
2.021319e+02 
2.021319e+02 
2.021319e+02 
2.021319e+02 
2.021319e+02 
2.021319e+02 
2.021319e+02 
2.021319e+02 
2.021319e+02 
2.021319e+02 
2.021319e+02 
2.021319e+02 
2.021319e+02 
2.021319e+02 
2.021319e+02 
2.021319e+02 
2.021319e+02 
2.021319e+02 
2.021319e+02 
2.021319e+02 
2.021319e+02 
2.021319e+02 
2.021319e+02 
2.021319e+02 
2.021319e+02 
2.021319e+02 
2.021319e+02 
2.021319e+02 
2.021319e+02 
2.021319e+02 
2.021319e+02 
2.021319e+02 
2.021319e+02 
2.021319e+02 
2.021319e+02 
2.021319e+02 
2.021319e+02 
2.021319e+02 
2.021319e+02 
2.021319e+02 
2.021319e+02 
2.021319e+02 
2.021319e+02 
2.021319e+02 
2.021319e+02 
1.691367e+02 
1.691367e+02 
1.650369e+02 
1.650369e+02 
1.650369e+02 
1.650369e+02 
1.650369e+02 
1.650369e+02 
1.650369e+02 
1.650369e+02 
1.650369e+02 
1.650369e+02 
1.650369e+02 
1.650369e+02 
1.650369e+02 
1.538863e+02 
1.538863e+02 
1.537809e+02 
1.537809e+02 
1.537809e+02 
1.537809e+02 
1.455402e+02 
1.455402e+02 
1.455402e+02 
1.455402e+02 
1.455402e+02 
1.455402e+02 
1.455402e+02 
1.455402e+02 
1.455402e+02 
1.455402e+02 
1.455402e+02 
1.455402e+02 
1.455402e+02 
1.455402e+02 
1.455402e+02 
1.455402e+02 
1.455402e+02 
1.455402e+02 
1.455402e+02 
1.455402e+02 
1.455402e+02 
1.455402e+02 
1.455402e+02 
1.455402e+02 
1.455402e+02 
1.455402e+02 
1.455402e+02 
1.455402e+02 
1.455402e+02 
1.455402e+02 
1.455402e+02 
1.455402e+02 
1.455402e+02 
1.455402e+02 
1.455402e+02 
1.455402e+02 
1.455402e+02 
1.455402e+02 
1.455402e+02 
1.455402e+02 
1.455402e+02 
1.455402e+02 
1.455402e+02 
1.455402e+02 
1.455402e+02 
1.455402e+02 
1.455402e+02 
1.455402e+02 
1.455402e+02 
1.455402e+02 
1.455402e+02 
1.455402e+02 
1.455402e+02 
1.455402e+02 
1.455402e+02 
1.455402e+02 
1.455402e+02 
1.455402e+02 
1.455402e+02 
1.455402e+02 
1.455402e+02 
1.455402e+02 
1.455402e+02 
1.455402e+02 
1.455402e+02 
1.455402e+02 
1.455402e+02 
1.455402e+02 
1.455402e+02 
1.455402e+02 
1.455402e+02 
1.455402e+02 
1.455402e+02 
1.455402e+02 
1.455402e+02 
1.455402e+02 
1.455402e+02 
1.455402e+02 
1.455402e+02 
1.455402e+02 
1.455402e+02 
1.455402e+02 
1.455402e+02 
1.455402e+02 
1.455402e+02 
1.455402e+02 
1.455402e+02 
1.455402e+02 
1.455402e+02 
1.455402e+02 
1.455402e+02 
1.455402e+02 
1.455402e+02 
1.455402e+02 
1.455402e+02 
1.455402e+02 
1.455402e+02 
1.455402e+02 
1.455402e+02 
1.455402e+02 
1.455402e+02 
1.455402e+02 
1.455402e+02 
1.378744e+02 
1.378744e+02 
1.378744e+02 
1.378744e+02 
1.378744e+02 
1.378744e+02 
1.378744e+02 
1.378744e+02 
1.378744e+02 
1.378744e+02 
1.378744e+02 
1.378744e+02 
1.378744e+02 
1.378744e+02 
1.378744e+02 
1.378744e+02 
1.378744e+02 
1.378744e+02 
1.378744e+02 
1.378744e+02 
1.378744e+02 
1.378744e+02 
1.378744e+02 
1.378744e+02 
1.378744e+02 
1.378744e+02 
1.378744e+02 
1.378744e+02 
1.378744e+02 
1.378744e+02 
1.378744e+02 
1.378744e+02 
1.331607e+02 
1.331607e+02 
1.331607e+02 
1.331607e+02 
1.295913e+02 
1.274324e+02 
1.274324e+02 
1.272970e+02 
1.272970e+02 
1.272970e+02 
1.272970e+02 
1.224235e+02 
1.211103e+02 
1.211103e+02 
1.211103e+02 
1.211103e+02 
1.211103e+02 
1.211103e+02 
1.211103e+02 
1.211103e+02 
1.211103e+02 
1.211103e+02 
1.211103e+02 
1.211103e+02 
1.211103e+02 
1.211103e+02 
1.211103e+02 
1.211103e+02 
1.211103e+02 
1.205451e+02 
1.197684e+02 
1.195751e+02 
1.195751e+02 
1.195751e+02 
1.194548e+02 
1.194172e+02 
1.194172e+02 
1.191344e+02 
1.189390e+02 
1.188110e+02 
1.187274e+02 
1.186732e+02 
1.186382e+02 
1.186158e+02 
1.186016e+02 
1.185928e+02 
1.185875e+02 
1.185843e+02 
1.185825e+02 
1.185816e+02 
1.185812e+02 
1.185811e+02 
1.185811e+02 
1.185660e+02 
1.185538e+02 
1.185439e+02 
1.185360e+02 
1.185297e+02 
1.185245e+02 
1.185203e+02 
1.185169e+02 
1.185142e+02 
1.185119e+02 
1.185101e+02 
1.185087e+02 
1.185075e+02 
1.185065e+02 
1.185057e+02 
1.185050e+02 
1.185045e+02 
1.185041e+02 
1.185037e+02 
1.185034e+02 
1.185032e+02 
1.185030e+02 
1.185029e+02 
1.185027e+02 
1.185026e+02 
1.185026e+02 
1.185025e+02 
1.185024e+02 
1.185024e+02 
1.185024e+02 
1.185023e+02 
1.185023e+02 
1.185023e+02 
1.185023e+02 
1.185023e+02 
1.185022e+02 
1.185022e+02 
1.185022e+02 
1.185022e+02 
1.185022e+02 
1.185022e+02 
1.185022e+02 
1.185022e+02 
1.185022e+02 
1.185022e+02 
1.185022e+02 
1.185022e+02 
1.185022e+02 
1.185022e+02 
1.185022e+02 
1.185022e+02 
1.185022e+02 
1.185022e+02 
1.185022e+02 
1.185022e+02 
1.185022e+02 
1.185022e+02 
1.185022e+02 
1.185022e+02 
1.185022e+02 
1.185022e+02 
1.185022e+02 
1.185022e+02 
1.185022e+02 
1.185022e+02 
1.185022e+02 
1.185022e+02 
1.146015e+02 
1.126807e+02 
1.106469e+02 
1.106469e+02 
1.075117e+02 
1.063658e+02 
1.063658e+02 
1.063658e+02 
1.063658e+02 
1.063658e+02 
1.048293e+02 
1.038404e+02 
1.032588e+02 
1.029325e+02 
1.027636e+02 
1.026897e+02 
1.026712e+02 
1.026712e+02 
1.026712e+02 
1.023432e+02 
1.017463e+02 
1.013425e+02 
1.010679e+02 
1.008801e+02 
1.007508e+02 
1.006610e+02 
1.005982e+02 
1.005538e+02 
1.005221e+02 
1.004992e+02 
1.004825e+02 
1.004702e+02 
1.004610e+02 
1.004541e+02 
1.004489e+02 
1.004449e+02 
1.004417e+02 
1.004393e+02 
1.004374e+02 
1.004359e+02 
1.004347e+02 
1.004338e+02 
1.004330e+02 
1.004324e+02 
1.004319e+02 
1.004316e+02 
1.004313e+02 
1.004310e+02 
1.004308e+02 
1.004306e+02 
1.004305e+02 
1.004304e+02 
1.004303e+02 
1.004302e+02 
1.004302e+02 
1.004301e+02 
1.004301e+02 
1.004301e+02 
1.004301e+02 
1.004300e+02 
1.004300e+02 
1.004300e+02 
1.004300e+02 
1.004300e+02 
1.004300e+02 
1.004300e+02 
1.004300e+02 
1.004300e+02 
1.004300e+02 
1.004300e+02 
1.004300e+02 
9.942784e+01 
9.942784e+01 
9.942784e+01 
9.498991e+01 
9.498991e+01 
9.269551e+01 
9.269551e+01 
8.207576e+01 
7.077796e+01 
7.063849e+01 
7.063849e+01 
6.899098e+01 
6.899098e+01 
6.899098e+01 
6.899098e+01 
6.899098e+01 
6.899098e+01 
6.899098e+01 
6.899098e+01 
6.899098e+01 
6.899098e+01 
6.899098e+01 
6.899098e+01 
6.899098e+01 
6.899098e+01 
6.899098e+01 
6.899098e+01 
6.899098e+01 
6.899098e+01 
6.899098e+01 
6.899098e+01 
6.899098e+01 
6.899098e+01 
6.899098e+01 
6.899098e+01 
6.899098e+01 
6.853892e+01 
6.853892e+01 
6.723506e+01 
6.723506e+01 
6.723506e+01 
6.723506e+01 
6.683103e+01 
6.680986e+01 
6.680986e+01 
6.680986e+01 
6.680986e+01 
6.680986e+01 
6.636830e+01 
6.636830e+01 
6.636830e+01 
6.636830e+01 
6.603169e+01 
6.603169e+01 
6.603169e+01 
6.603169e+01 
6.603169e+01 
6.603169e+01 
6.600307e+01 
6.600307e+01 
6.598459e+01 
6.598459e+01 
6.598459e+01 
6.595121e+01 
6.595121e+01 
6.559534e+01 
6.559534e+01 
6.559534e+01 
6.559534e+01 
6.559534e+01 
6.559534e+01 
6.559534e+01 
6.559534e+01 
6.559534e+01 
6.559534e+01 
6.559534e+01 
6.559534e+01 
6.559534e+01 
6.559534e+01 
6.559534e+01 
6.559534e+01 
6.559534e+01 
6.559534e+01 
6.559534e+01 
6.559534e+01 
6.559534e+01 
6.559534e+01 
6.559534e+01 
6.559534e+01 
6.559534e+01 
6.559534e+01 
6.559534e+01 
6.559534e+01 
6.559534e+01 
6.559534e+01 
6.559534e+01 
6.559534e+01 
6.559534e+01 
6.511674e+01 
6.511674e+01 
6.511674e+01 
6.511674e+01 
6.511674e+01 
6.511674e+01 
6.511674e+01 
6.145244e+01 
6.145244e+01 
6.145244e+01 
6.145244e+01 
6.145244e+01 
6.145244e+01 
6.145244e+01 
6.145244e+01 
6.059661e+01 
6.059661e+01 
6.059661e+01 
6.059661e+01 
6.059661e+01 
5.964385e+01 
5.964385e+01 
5.964385e+01 
5.964385e+01 
5.909872e+01 
5.909872e+01 
5.909872e+01 
5.909872e+01 
5.909872e+01 
5.909872e+01 
5.909872e+01 
5.909872e+01 
5.909872e+01 
5.909872e+01 
5.909872e+01 
5.909872e+01 
5.909872e+01 
5.909872e+01 
5.909872e+01 
5.909872e+01 
5.909872e+01 
5.909872e+01 
5.909872e+01 
5.909872e+01 
5.909872e+01 
5.909872e+01 
5.909872e+01 
5.909872e+01 
5.909872e+01 
5.909872e+01 
5.909872e+01 
5.909872e+01 
5.909872e+01 
5.909872e+01 
5.909872e+01 
5.876917e+01 
5.876917e+01 
5.876917e+01 
5.876917e+01 
5.876917e+01 
5.876917e+01 
5.876917e+01 
5.876917e+01 
5.876917e+01 
5.876917e+01 
5.876917e+01 
5.876917e+01 
5.876917e+01 
5.876917e+01 
5.876917e+01 
5.876917e+01 
5.876917e+01 
5.876917e+01 
5.876917e+01 
5.876917e+01 
5.876917e+01 
5.876917e+01 
5.876917e+01 
5.876917e+01 
5.876917e+01 
5.876917e+01 
5.876917e+01 
5.876917e+01 
5.876917e+01 
5.876917e+01 
5.876917e+01 
5.876917e+01 
5.876917e+01 
5.349478e+01 
5.349478e+01 
5.349478e+01 
5.349478e+01 
5.349478e+01 
5.349478e+01 
5.349478e+01 
5.261216e+01 
5.261216e+01 
5.261216e+01 
5.261216e+01 
5.261216e+01 
5.261216e+01 
5.261216e+01 
5.261216e+01 
5.261216e+01 
5.261216e+01 
5.261216e+01 
5.261216e+01 
5.261216e+01 
5.261216e+01 
5.261216e+01 
5.261216e+01 
5.261216e+01 
4.739506e+01 
4.739506e+01 
4.739506e+01 
4.739506e+01 
4.739506e+01 
4.739506e+01 
4.739506e+01 
4.739506e+01 
4.739506e+01 
4.739506e+01 
4.739506e+01 
4.739506e+01 
4.739506e+01 
4.739506e+01 
4.739506e+01 
4.739506e+01 
4.739506e+01 
4.739506e+01 
4.739506e+01 
4.739506e+01 
4.739506e+01 
4.739506e+01 
4.739506e+01 
4.739506e+01 
4.739506e+01 
4.739506e+01 
4.739506e+01 
4.739506e+01 
4.739506e+01 
4.739506e+01 
4.739506e+01 
4.739506e+01 
4.739506e+01 
4.739506e+01 
4.739506e+01 
4.739506e+01 
4.739506e+01 
4.739506e+01 
4.739506e+01 
4.739506e+01 
4.739506e+01 
4.739506e+01 
4.739506e+01 
4.739506e+01 
4.739506e+01 
4.739506e+01 
4.739506e+01 
4.739506e+01 
4.739506e+01 
4.739506e+01 
4.739506e+01 
4.739506e+01 
4.739506e+01 
4.739506e+01 
4.739506e+01 
4.739506e+01 
4.739506e+01 
4.739506e+01 
4.739506e+01 
4.739506e+01 
4.739506e+01 
4.739506e+01 
4.739506e+01 
4.739506e+01 
4.739506e+01 
4.739506e+01 
4.739506e+01 
4.739506e+01 
4.739506e+01 
4.739506e+01 
4.739506e+01 
4.739506e+01 
4.739506e+01 
4.739506e+01 
4.739506e+01 
4.739506e+01 
4.739506e+01 
4.739506e+01 
4.739506e+01 
4.739506e+01 
4.739506e+01 
4.739506e+01 
4.739506e+01 
4.739506e+01 
4.739506e+01 
4.739506e+01 
4.739506e+01 
4.739506e+01 
4.739506e+01 
4.739506e+01 
4.739506e+01 
4.739506e+01 
4.739506e+01 
4.739506e+01 
4.739506e+01 
4.739506e+01 
4.739506e+01 
4.739506e+01 
4.739506e+01 
4.739506e+01 
4.739506e+01 
4.739506e+01 
4.739506e+01 
4.739506e+01 
4.739506e+01 
4.739506e+01 
4.739506e+01 
4.739506e+01 
4.739506e+01 
4.739506e+01 
4.739506e+01 
4.739506e+01 
4.739506e+01 
4.739506e+01 
4.739506e+01 
4.716255e+01 
4.716255e+01 
4.706983e+01 
4.706983e+01 
4.706983e+01 
4.706983e+01 
4.706983e+01 
4.705065e+01 
4.705065e+01 
4.705065e+01 
4.705065e+01 
4.705065e+01 
4.705065e+01 
4.705065e+01 
4.705065e+01 
4.705065e+01 
4.705065e+01 
4.705065e+01 
4.705065e+01 
4.705065e+01 
4.705065e+01 
4.705065e+01 
4.705065e+01 
4.705065e+01 
4.705065e+01 
4.705065e+01 
4.705065e+01 
4.705065e+01 
4.705065e+01 
4.705065e+01 
4.705065e+01 
4.705065e+01 
4.705065e+01 
4.705065e+01 
4.705065e+01 
4.705065e+01 
4.705065e+01 
4.705065e+01 
4.705065e+01 
4.705065e+01 
4.705065e+01 
4.705065e+01 
4.521109e+01 
4.390903e+01 
4.390903e+01 
4.390903e+01 
4.390903e+01 
4.390903e+01 
4.390903e+01 
4.144192e+01 
4.144192e+01 
4.144192e+01 
4.144192e+01 
4.144192e+01 
4.144192e+01 
4.144192e+01 
4.144192e+01 
4.144192e+01 
4.085884e+01 
4.085884e+01 
4.051658e+01 
4.051658e+01 
4.051658e+01 
4.051658e+01 
4.028795e+01 
3.961277e+01 
3.953146e+01 
3.953146e+01 
3.953146e+01 
3.934161e+01 
3.899961e+01 
3.888245e+01 
3.888245e+01 
3.888245e+01 
3.888245e+01 
3.883111e+01 
3.879675e+01 
3.878788e+01 
3.878788e+01 
3.878422e+01 
3.878422e+01 
3.878422e+01 
3.874120e+01 
3.869340e+01 
3.865807e+01 
3.863168e+01 
3.861179e+01 
3.859668e+01 
3.858512e+01 
3.857623e+01 
3.856936e+01 
3.856403e+01 
3.855988e+01 
3.855664e+01 
3.855412e+01 
3.855214e+01 
3.855059e+01 
3.854937e+01 
3.854841e+01 
3.854766e+01 
3.854707e+01 
3.854661e+01 
3.854624e+01 
3.854596e+01 
3.854573e+01 
3.854555e+01 
3.854541e+01 
3.854530e+01 
3.854522e+01 
3.854515e+01 
3.854510e+01 
3.854505e+01 
3.854502e+01 
3.854499e+01 
3.854497e+01 
3.854496e+01 
3.854494e+01 
3.854493e+01 
3.854493e+01 
3.854492e+01 
3.854492e+01 
3.854491e+01 
3.854491e+01 
3.854491e+01 
3.854490e+01 
3.854490e+01 
3.854490e+01 
3.854490e+01 
3.854490e+01 
3.854490e+01 
3.854490e+01 
3.854490e+01 
3.854490e+01 
3.854490e+01 
3.854490e+01 
3.854490e+01 
3.854490e+01 
3.854490e+01 
3.854490e+01 
3.854490e+01 
3.854490e+01 
3.854490e+01 
3.854490e+01 
3.854490e+01 
3.854490e+01 
3.854490e+01 
3.854490e+01 
3.854490e+01 
3.854490e+01 
3.854490e+01 
3.854490e+01 
3.854490e+01 
3.854490e+01 
3.854490e+01 
3.854490e+01 
3.854490e+01 
3.854490e+01 
3.854490e+01 
3.854490e+01 
3.854490e+01 
3.854490e+01 
3.854490e+01 
3.854490e+01 
3.854490e+01 
3.818567e+01 
3.818567e+01 
3.818567e+01 
3.818567e+01 
3.818567e+01 
3.818567e+01 
3.818567e+01 
3.809105e+01 
3.798434e+01 
3.794230e+01 
3.793500e+01 
3.793500e+01 
3.793500e+01 
3.791603e+01 
3.789960e+01 
3.789960e+01 
3.784401e+01 
3.781342e+01 
3.779939e+01 
3.779449e+01 
3.779439e+01 
3.779439e+01 
3.779151e+01 
3.779151e+01 
3.779151e+01 
3.779151e+01 
3.779151e+01 
3.779151e+01 
3.779151e+01 
3.779151e+01 
3.779021e+01 
3.778908e+01 
3.778842e+01 
3.778805e+01 
3.778784e+01 
3.778773e+01 
3.778768e+01 
3.777121e+01 
3.777121e+01 
3.777121e+01 
3.774940e+01 
3.774940e+01 
3.774940e+01 
3.773896e+01 
3.773896e+01 
3.773896e+01 
3.773447e+01 
3.773447e+01 
3.773447e+01 
3.773447e+01 
3.773447e+01 
3.773447e+01 
3.773447e+01 
3.773447e+01 
3.773447e+01 
3.773447e+01 
3.773447e+01 
3.773447e+01 
3.773447e+01 
3.773447e+01 
3.773447e+01 
3.773447e+01 
3.773447e+01 
3.773447e+01 
3.773447e+01 
3.773447e+01 
3.773447e+01 
3.773447e+01 
3.773200e+01 
3.773200e+01 
3.773200e+01 
3.773200e+01 
3.773200e+01 
3.773200e+01 
3.773200e+01 
3.772555e+01 
3.772555e+01 
3.772401e+01 
3.772401e+01 
3.772401e+01 
3.772401e+01 
3.772401e+01 
3.772210e+01 
3.772210e+01 
3.772210e+01 
3.772210e+01 
3.772130e+01 
3.771897e+01 
3.771897e+01 
3.771897e+01 
3.771897e+01 
3.771897e+01 
3.771897e+01 
3.771844e+01 
3.771844e+01 
3.771844e+01 
3.771844e+01 
3.771844e+01 
3.771844e+01 
3.771844e+01 
3.771844e+01 
3.771844e+01 
3.771824e+01 
3.771824e+01 
3.771824e+01 
3.771824e+01 
3.771824e+01 
3.771824e+01 
3.771824e+01 
3.771824e+01 
3.771824e+01 
3.771824e+01 
3.771824e+01 
3.771824e+01 
3.771824e+01 
3.771824e+01 
3.771824e+01 
3.771824e+01 
3.771824e+01 
3.771824e+01 
3.771824e+01 
3.771824e+01 
3.771824e+01 
3.771824e+01 
3.771824e+01 
3.771824e+01 
3.771822e+01 
3.771822e+01 
3.771822e+01 
3.771822e+01 
3.771822e+01 
3.771793e+01 
3.771759e+01 
3.771734e+01 
3.771715e+01 
3.771701e+01 
3.771690e+01 
3.562299e+01 
3.562299e+01 
3.562299e+01 
3.562299e+01 
3.562299e+01 
3.562299e+01 
3.562299e+01 
3.534566e+01 
3.534566e+01 
3.534566e+01 
3.534566e+01 
3.534566e+01 
3.534566e+01 
3.534566e+01 
3.534566e+01 
3.534566e+01 
3.534566e+01 
3.534566e+01 
3.534566e+01 
3.534566e+01 
3.534566e+01 
3.534566e+01 
3.534566e+01 
3.534566e+01 
3.534566e+01 
3.534566e+01 
3.534566e+01 
3.534566e+01 
3.534566e+01 
3.534566e+01 
3.534566e+01 
3.534566e+01 
3.534566e+01 
3.534566e+01 
3.534566e+01 
3.534566e+01 
3.534566e+01 
3.534566e+01 
3.534566e+01 
3.534566e+01 
3.534566e+01 
3.534566e+01 
3.534566e+01 
3.534566e+01 
3.534566e+01 
3.534566e+01 
3.534566e+01 
3.534566e+01 
3.534566e+01 
3.534566e+01 
3.534566e+01 
3.534566e+01 
3.534566e+01 
3.534566e+01 
3.534566e+01 
3.534566e+01 
3.534566e+01 
3.483761e+01 
3.483761e+01 
3.466085e+01 
3.466085e+01 
3.466085e+01 
3.466085e+01 
3.466085e+01 
3.466085e+01 
3.466085e+01 
3.466085e+01 
3.466085e+01 
3.466085e+01 
3.466085e+01 
3.466085e+01 
3.466085e+01 
3.466085e+01 
3.466085e+01 
3.466085e+01 
3.466085e+01 
3.466085e+01 
3.466085e+01 
3.466085e+01 
3.466085e+01 
3.466085e+01 
3.466085e+01 
3.466085e+01 
3.466085e+01 
3.466085e+01 
3.466085e+01 
3.466085e+01 
3.466085e+01 
3.466085e+01 
3.466085e+01 
3.466085e+01 
3.466085e+01 
3.466085e+01 
3.466085e+01 
3.466085e+01 
3.466085e+01 
3.466085e+01 
3.466085e+01 
3.466085e+01 
3.466085e+01 
3.466085e+01 
3.466085e+01 
3.466085e+01 
3.466085e+01 
3.466085e+01 
3.466085e+01 
3.466085e+01 
3.466085e+01 
3.466085e+01 
3.466085e+01 
3.466085e+01 
3.466085e+01 
3.464833e+01 
3.464833e+01 
3.464833e+01 
3.464833e+01 
3.464833e+01 
3.464833e+01 
3.464833e+01 
3.464833e+01 
3.464833e+01 
3.464833e+01 
3.464833e+01 
3.464833e+01 
3.464833e+01 
3.464833e+01 
3.464833e+01 
3.464833e+01 
3.464833e+01 
3.464833e+01 
3.464833e+01 
3.464833e+01 
3.464833e+01 
3.464833e+01 
3.464833e+01 
3.464833e+01 
3.464833e+01 
3.464833e+01 
3.464833e+01 
3.464833e+01 
3.464833e+01 
3.464833e+01 
3.464833e+01 
3.464833e+01 
3.464833e+01 
3.464833e+01 
3.464833e+01 
3.464833e+01 
3.464833e+01 
3.464833e+01 
3.464833e+01 
3.464833e+01 
3.464833e+01 
3.464833e+01 
3.464833e+01 
3.464833e+01 
3.464833e+01 
3.464833e+01 
3.464833e+01 
3.464833e+01 
3.464833e+01 
3.464833e+01 
3.464833e+01 
3.464833e+01 
3.464833e+01 
3.464833e+01 
3.464833e+01 
3.464833e+01 
3.464833e+01 
3.464833e+01 
3.464833e+01 
3.464833e+01 
3.464833e+01 
3.391706e+01 
3.391706e+01 
3.391706e+01 
3.391706e+01 
3.391706e+01 
3.391706e+01 
3.391706e+01 
3.391706e+01 
3.391706e+01 
3.391706e+01 
3.391706e+01 
3.391706e+01 
3.391706e+01 
3.391706e+01 
3.391706e+01 
3.391706e+01 
3.391706e+01 
3.391706e+01 
3.391706e+01 
3.368081e+01 
3.368081e+01 
3.368081e+01 
3.368081e+01 
3.368081e+01 
3.319910e+01 
3.319910e+01 
3.319910e+01 
3.319910e+01 
3.319910e+01 
3.319910e+01 
3.319910e+01 
3.319910e+01 
3.319910e+01 
3.319910e+01 
3.319910e+01 
3.319910e+01 
3.319910e+01 
3.319910e+01 
3.319910e+01 
3.319910e+01 
3.319910e+01 
3.319910e+01 
3.319910e+01 
3.319910e+01 
3.319910e+01 
3.319910e+01 
3.319910e+01 
3.319910e+01 
3.319910e+01 
3.319910e+01 
3.319910e+01 
3.319910e+01 
3.319910e+01 
3.319910e+01 
3.319910e+01 
3.319910e+01 
3.319910e+01 
3.319910e+01 
3.319910e+01 
3.319910e+01 
3.319910e+01 
3.319910e+01 
3.319910e+01 
3.319910e+01 
3.319910e+01 
3.319910e+01 
3.319910e+01 
3.319910e+01 
3.319910e+01 
3.319910e+01 
3.319910e+01 
3.319910e+01 
3.319910e+01 
3.319910e+01 
3.319910e+01 
3.319910e+01 
3.319910e+01 
3.319910e+01 
3.319910e+01 
3.319910e+01 
3.319910e+01 
3.319910e+01 
3.319910e+01 
3.319910e+01 
3.319910e+01 
3.319910e+01 
3.319910e+01 
3.305268e+01 
3.305268e+01 
3.290317e+01 
3.290317e+01 
3.290317e+01 
3.290317e+01 
3.290317e+01 
3.290317e+01 
3.290317e+01 
3.290317e+01 
3.290317e+01 
3.290317e+01 
3.290317e+01 
3.290317e+01 
3.290317e+01 
3.290317e+01 
3.290317e+01 
3.290317e+01 
3.288806e+01 
3.288806e+01 
3.288806e+01 
3.288806e+01 
3.288806e+01 
3.288806e+01 
3.288806e+01 
3.288806e+01 
3.288806e+01 
3.288806e+01 
3.288806e+01 
3.288806e+01 
3.288806e+01 
3.288806e+01 
3.288806e+01 
3.288806e+01 
3.288389e+01 
3.288389e+01 
3.288389e+01 
3.248975e+01 
3.248975e+01 
3.248975e+01 
3.248975e+01 
3.248975e+01 
3.248975e+01 
3.248975e+01 
3.248975e+01 
3.248975e+01 
3.248975e+01 
3.248975e+01 
3.248975e+01 
3.248975e+01 
3.248975e+01 
3.248975e+01 
3.248975e+01 
3.248975e+01 
3.248975e+01 
3.248975e+01 
3.248975e+01 
3.248975e+01 
3.248975e+01 
3.248975e+01 
3.248975e+01 
3.248975e+01 
3.248975e+01 
3.248975e+01 
3.248975e+01 
3.248975e+01 
3.248975e+01 
3.248975e+01 
3.248975e+01 
3.248975e+01 
3.248975e+01 
3.248975e+01 
3.248975e+01 
3.248975e+01 
3.248975e+01 
3.248975e+01 
3.248975e+01 
3.248975e+01 
3.248975e+01 
3.248975e+01 
3.248975e+01 
3.248975e+01 
3.248975e+01 
3.248975e+01 
3.248975e+01 
3.248975e+01 
3.248975e+01 
3.248975e+01 
3.248975e+01 
3.248975e+01 
3.248975e+01 
3.248975e+01 
3.248975e+01 
3.248975e+01 
3.248975e+01 
3.248975e+01 
3.248975e+01 
3.248975e+01 
3.248975e+01 
3.248975e+01 
3.248975e+01 
3.248975e+01 
3.248975e+01 
3.248975e+01 
3.248975e+01 
3.248975e+01 
3.248975e+01 
3.248975e+01 
3.248975e+01 
3.248975e+01 
3.248975e+01 
3.248975e+01 
3.248975e+01 
3.248975e+01 
3.248975e+01 
3.248975e+01 
3.248975e+01 
3.248975e+01 
3.248975e+01 
3.248975e+01 
3.248975e+01 
3.248975e+01 
3.248975e+01 
3.248975e+01 
3.248975e+01 
3.248975e+01 
3.248975e+01 
3.248975e+01 
3.248975e+01 
3.248975e+01 
3.248975e+01 
3.248975e+01 
3.248975e+01 
3.248975e+01 
3.248975e+01 
3.248975e+01 
3.248975e+01 
3.248975e+01 
3.248975e+01 
3.248975e+01 
3.248975e+01 
3.248975e+01 
3.248975e+01 
3.248975e+01 
3.248975e+01 
3.248975e+01 
3.248975e+01 
3.248975e+01 
3.248975e+01 
3.248975e+01 
3.238190e+01 
3.238190e+01 
3.238190e+01 
3.238190e+01 
3.238190e+01 
3.238190e+01 
3.238190e+01 
3.238190e+01 
3.238190e+01 
3.238190e+01 
3.238190e+01 
3.238190e+01 
3.238190e+01 
3.238190e+01 
3.238190e+01 
3.238190e+01 
3.238190e+01 
3.238190e+01 
3.238190e+01 
3.238190e+01 
3.238190e+01 
3.238190e+01 
3.238190e+01 
3.238190e+01 
3.238190e+01 
3.238190e+01 
3.238190e+01 
3.238190e+01 
3.238190e+01 
3.238190e+01 
3.238190e+01 
3.238190e+01 
3.238190e+01 
3.238190e+01 
3.238190e+01 
3.238190e+01 
3.238190e+01 
3.238190e+01 
3.238190e+01 
3.238190e+01 
3.238190e+01 
3.238190e+01 
3.238190e+01 
3.238190e+01 
3.238190e+01 
3.238190e+01 
3.238190e+01 
3.238190e+01 
3.238190e+01 
3.238190e+01 
3.238190e+01 
3.238190e+01 
3.238190e+01 
3.238190e+01 
3.238190e+01 
3.238190e+01 
3.238190e+01 
3.238190e+01 
3.236956e+01 
3.236956e+01 
3.236956e+01 
3.236956e+01 
3.236956e+01 
3.236956e+01 
3.236956e+01 
3.236956e+01 
3.236956e+01 
3.236956e+01 
3.236956e+01 
3.236956e+01 
3.045152e+01 
3.045152e+01 
3.045152e+01 
2.859661e+01 
2.859661e+01 
2.859661e+01 
2.859661e+01 
2.859661e+01 
2.859661e+01 
2.778998e+01 
2.778998e+01 
2.778998e+01 
2.778998e+01 
2.778998e+01 
2.778998e+01 
2.778998e+01 
2.778998e+01 
2.778998e+01 
2.778998e+01 
2.763211e+01 
2.651265e+01 
2.651265e+01 
2.651265e+01 
2.651265e+01 
2.651265e+01 
2.651265e+01 
2.651265e+01 
2.647611e+01 
2.647611e+01 
2.647611e+01 
2.637685e+01 
2.634417e+01 
2.634417e+01 
2.633358e+01 
2.530625e+01 
2.530625e+01 
2.530625e+01 
2.530625e+01 
2.513741e+01 
2.513741e+01 
2.513741e+01 
2.503536e+01 
2.486019e+01 
2.477718e+01 
2.474477e+01 
2.449141e+01 
2.425558e+01 
2.418231e+01 
2.418231e+01 
2.418231e+01 
2.418231e+01 
2.386138e+01 
2.364231e+01 
2.355636e+01 
2.353659e+01 
2.353659e+01 
2.347643e+01 
2.342636e+01 
2.339037e+01 
2.336426e+01 
2.334518e+01 
2.333115e+01 
2.332079e+01 
2.331311e+01 
2.330740e+01 
2.330315e+01 
2.329997e+01 
2.329760e+01 
2.329583e+01 
2.329450e+01 
2.329351e+01 
2.329276e+01 
2.329221e+01 
2.329179e+01 
2.329148e+01 
2.329124e+01 
2.329107e+01 
2.329093e+01 
2.329083e+01 
2.329076e+01 
2.329071e+01 
2.329066e+01 
2.329063e+01 
2.329061e+01 
2.329059e+01 
2.329058e+01 
2.329057e+01 
2.329056e+01 
2.329056e+01 
2.329055e+01 
2.329055e+01 
2.329055e+01 
2.329054e+01 
2.329054e+01 
2.329054e+01 
2.329054e+01 
2.329054e+01 
2.329054e+01 
2.329054e+01 
2.329054e+01 
2.329054e+01 
2.329054e+01 
2.329054e+01 
2.329054e+01 
2.329054e+01 
2.329054e+01 
2.329054e+01 
2.329054e+01 
2.329054e+01 
2.329054e+01 
2.329054e+01 
2.320341e+01 
2.318256e+01 
2.318256e+01 
2.314605e+01 
2.314605e+01 
2.314605e+01 
2.285578e+01 
2.267581e+01 
2.267581e+01 
2.248999e+01 
2.248999e+01 
2.248999e+01 
2.248999e+01 
2.248999e+01 
2.248999e+01 
2.248999e+01 
2.248999e+01 
2.244846e+01 
2.244384e+01 
2.244384e+01 
2.244384e+01 
2.238583e+01 
2.234200e+01 
2.231668e+01 
2.230196e+01 
2.229332e+01 
2.228818e+01 
2.228508e+01 
2.228318e+01 
2.228199e+01 
2.228123e+01 
2.228074e+01 
2.228041e+01 
2.228018e+01 
2.228003e+01 
2.227992e+01 
2.227984e+01 
2.227979e+01 
2.227975e+01 
2.227972e+01 
2.227969e+01 
2.227968e+01 
2.227967e+01 
2.227966e+01 
2.227965e+01 
2.227965e+01 
2.227964e+01 
2.227964e+01 
2.227964e+01 
2.227964e+01 
2.227964e+01 
2.227964e+01 
2.227963e+01 
2.227963e+01 
2.227963e+01 
2.227963e+01 
2.227963e+01 
2.227963e+01 
2.227963e+01 
2.227963e+01 
2.227963e+01 
2.227963e+01 
2.227963e+01 
2.227963e+01 
2.227963e+01 
2.227963e+01 
2.227963e+01 
2.227963e+01 
2.227963e+01 
2.221984e+01 
2.221984e+01 
2.204052e+01 
2.198848e+01 
2.198848e+01 
2.198848e+01 
2.197812e+01 
2.197812e+01 
1.642476e+01 
1.642476e+01 
1.642476e+01 
1.642476e+01 
1.642476e+01 
1.642476e+01 
1.642476e+01 
1.642476e+01 
1.642476e+01 
1.642476e+01 
1.642476e+01 
1.642476e+01 
1.642476e+01 
1.642476e+01 
1.642476e+01 
1.642476e+01 
1.642476e+01 
1.642476e+01 
1.642476e+01 
1.642476e+01 
1.642476e+01 
1.642476e+01 
1.642476e+01 
1.642476e+01 
1.642476e+01 
1.642476e+01 
1.642476e+01 
1.642476e+01 
1.642476e+01 
1.642476e+01 
1.642476e+01 
1.642476e+01 
1.642476e+01 
1.642476e+01 
1.642476e+01 
1.642476e+01 
1.642476e+01 
1.642476e+01 
1.642476e+01 
1.642476e+01 
1.642476e+01 
1.642476e+01 
1.642476e+01 
1.642476e+01 
1.642476e+01 
1.642476e+01 
1.642476e+01 
1.642476e+01 
1.642476e+01 
1.642476e+01 
1.642476e+01 
1.642476e+01 
1.642476e+01 
1.615579e+01 
1.615579e+01 
1.615579e+01 
1.615579e+01 
1.615579e+01 
1.615579e+01 
1.615579e+01 
1.615579e+01 
1.615579e+01 
1.615579e+01 
1.615579e+01 
1.604852e+01 
1.604852e+01 
1.604852e+01 
1.604852e+01 
1.500103e+01 
1.500103e+01 
1.500103e+01 
1.500103e+01 
1.500103e+01 
1.500103e+01 
1.500103e+01 
1.500103e+01 
1.500103e+01 
1.500103e+01 
1.500103e+01 
1.500103e+01 
1.500103e+01 
1.500103e+01 
1.500103e+01 
1.500103e+01 
1.500103e+01 
1.500103e+01 
1.500103e+01 
1.500103e+01 
1.500103e+01 
1.500103e+01 
1.500103e+01 
1.500103e+01 
1.500103e+01 
1.500103e+01 
1.500103e+01 
1.500103e+01 
1.500103e+01 
1.500103e+01 
1.500103e+01 
1.500103e+01 
1.500103e+01 
1.500103e+01 
1.500103e+01 
1.500103e+01 
1.500103e+01 
1.427970e+01 
1.427970e+01 
1.427970e+01 
1.427970e+01 
1.427970e+01 
1.427970e+01 
1.427970e+01 
1.427970e+01 
1.427970e+01 
1.427970e+01 
1.427970e+01 
1.427970e+01 
1.427970e+01 
1.427970e+01 
1.427970e+01 
1.427970e+01 
1.427970e+01 
1.427970e+01 
1.427970e+01 
1.427970e+01 
1.427970e+01 
1.427970e+01 
1.427970e+01 
1.427970e+01 
1.427970e+01 
1.427970e+01 
1.427970e+01 
1.427970e+01 
1.427970e+01 
1.427970e+01 
1.427970e+01 
1.427970e+01 
1.427970e+01 
1.427970e+01 
1.427970e+01 
1.427970e+01 
1.427970e+01 
1.427970e+01 
1.427970e+01 
1.427970e+01 
1.427970e+01 
1.427970e+01 
1.427970e+01 
1.427970e+01 
1.427970e+01 
1.427970e+01 
1.427970e+01 
1.427970e+01 
1.427970e+01 
1.427970e+01 
1.427970e+01 
1.427970e+01 
1.427970e+01 
1.427970e+01 
1.427970e+01 
1.427970e+01 
1.427970e+01 
1.427970e+01 
1.427970e+01 
1.427970e+01 
1.427970e+01 
1.427970e+01 
1.427970e+01 
1.427970e+01 
1.427970e+01 
1.427970e+01 
1.427970e+01 
1.427970e+01 
1.427970e+01 
1.427970e+01 
1.427970e+01 
1.427970e+01 
1.427970e+01 
1.427970e+01 
1.427970e+01 
1.427970e+01 
1.409647e+01 
1.409647e+01 
1.408074e+01 
1.408074e+01 
1.408074e+01 
1.408074e+01 
1.408074e+01 
1.408074e+01 
1.408074e+01 
1.408074e+01 
1.408074e+01 
1.408074e+01 
1.408074e+01 
1.408074e+01 
1.408074e+01 
1.408074e+01 
1.408074e+01 
1.398856e+01 
1.398856e+01 
1.398856e+01 
1.398856e+01 
1.398856e+01 
1.398856e+01 
1.398856e+01 
1.398856e+01 
1.398856e+01 
1.398856e+01 
1.398856e+01 
1.398856e+01 
1.398856e+01 
1.398856e+01 
1.398856e+01 
1.398856e+01 
1.398856e+01 
1.398856e+01 
1.390831e+01 
1.390831e+01 
1.323021e+01 
1.323021e+01 
1.323021e+01 
1.323021e+01 
1.323021e+01 
1.323021e+01 
1.323021e+01 
1.314224e+01 
1.314224e+01 
1.314224e+01 
1.314224e+01 
1.314224e+01 
1.314224e+01 
1.314224e+01 
1.314224e+01 
1.314224e+01 
1.314224e+01 
1.314224e+01 
1.305049e+01 
1.305049e+01 
1.305049e+01 
1.305049e+01 
1.305049e+01 
1.305049e+01 
1.305049e+01 
1.305049e+01 
1.305049e+01 
1.305049e+01 
1.305049e+01 
1.305049e+01 
1.305049e+01 
1.305049e+01 
1.305049e+01 
1.301370e+01 
1.299332e+01 
1.299332e+01 
1.299332e+01 
1.299061e+01 
1.299061e+01 
1.298267e+01 
1.298267e+01 
1.298267e+01 
1.298267e+01 
1.298267e+01 
1.298267e+01 
1.298267e+01 
1.298267e+01 
1.298267e+01 
1.298267e+01 
1.298267e+01 
1.298267e+01 
1.298267e+01 
1.298267e+01 
1.297973e+01 
1.276987e+01 
1.276987e+01 
1.276987e+01 
1.276987e+01 
1.267358e+01 
1.267358e+01 
1.267358e+01 
1.267358e+01 
1.267358e+01 
1.267358e+01 
1.267358e+01 
1.267358e+01 
1.267358e+01 
1.267358e+01 
1.267358e+01 
1.267358e+01 
1.266616e+01 
1.258879e+01 
1.257361e+01 
1.257361e+01 
1.257361e+01 
1.256693e+01 
1.256693e+01 
1.255639e+01 
1.255639e+01 
1.255639e+01 
1.255639e+01 
1.254294e+01 
1.250446e+01 
1.248185e+01 
1.246827e+01 
1.245992e+01 
1.245467e+01 
1.245128e+01 
1.244904e+01 
1.244753e+01 
1.227366e+01 
1.227366e+01 
1.178701e+01 
1.178701e+01 
1.178701e+01 
1.178701e+01 
1.178701e+01 
1.178701e+01 
1.178701e+01 
1.178701e+01 
1.178701e+01 
1.178701e+01 
1.178701e+01 
1.178701e+01 
1.178701e+01 
1.178701e+01 
1.178701e+01 
1.178701e+01 
1.178701e+01 
1.178701e+01 
1.178701e+01 
1.178701e+01 
1.175703e+01 
1.175703e+01 
1.175703e+01 
1.175703e+01 
1.175703e+01 
1.175703e+01 
1.175703e+01 
1.164703e+01 
1.164703e+01 
1.164703e+01 
1.164703e+01 
1.164703e+01 
1.164703e+01 
1.164703e+01 
1.164703e+01 
1.164703e+01 
1.164703e+01 
1.164703e+01 
1.164703e+01 
1.164703e+01 
1.164703e+01 
1.156384e+01 
1.156384e+01 
1.156384e+01 
1.156384e+01 
1.156384e+01 
1.156384e+01 
1.156384e+01 
1.156384e+01 
1.156075e+01 
1.156075e+01 
1.156075e+01 
1.156075e+01 
1.156075e+01 
1.156075e+01 
1.154303e+01 
1.154303e+01 
1.154303e+01 
1.154303e+01 
1.148842e+01 
1.148842e+01 
1.148842e+01 
1.148842e+01 
1.148842e+01 
1.148842e+01 
1.148842e+01 
1.148842e+01 
1.148842e+01 
1.148842e+01 
1.148842e+01 
1.148842e+01 
1.148842e+01 
1.148842e+01 
1.148842e+01 
1.148842e+01 
1.148842e+01 
1.148842e+01 
1.148842e+01 
1.148842e+01 
1.148842e+01 
1.148842e+01 
1.147749e+01 
1.147749e+01 
1.147749e+01 
1.147749e+01 
1.147749e+01 
1.147749e+01 
1.147749e+01 
1.147749e+01 
1.147749e+01 
1.147749e+01 
1.147749e+01 
1.147749e+01 
1.147749e+01 
1.147749e+01 
1.147749e+01 
1.147749e+01 
1.147749e+01 
1.147749e+01 
1.147749e+01 
1.147749e+01 
1.144423e+01 
1.144423e+01 
1.144423e+01 
1.142389e+01 
1.142389e+01 
1.139611e+01 
1.139611e+01 
1.139611e+01 
1.139611e+01 
1.139611e+01 
1.139611e+01 
1.139611e+01 
1.139499e+01 
1.139499e+01 
1.139499e+01 
1.139499e+01 
1.139499e+01 
1.139499e+01 
1.139499e+01 
1.139499e+01 
1.139499e+01 
1.139407e+01 
1.139407e+01 
1.139407e+01 
1.139407e+01 
1.139407e+01 
1.138715e+01 
1.138715e+01 
1.138715e+01 
1.138715e+01 
1.137099e+01 
1.137099e+01 
1.137099e+01 
1.137099e+01 
1.137099e+01 
1.137099e+01 
1.137099e+01 
1.137099e+01 
1.137099e+01 
1.137099e+01 
1.137099e+01 
1.137099e+01 
1.137099e+01 
1.137099e+01 
1.137099e+01 
1.137099e+01 
1.137099e+01 
1.136536e+01 
1.136536e+01 
1.136536e+01 
1.136536e+01 
1.136536e+01 
1.136536e+01 
1.136536e+01 
1.136536e+01 
1.136536e+01 
1.136536e+01 
1.136536e+01 
1.136536e+01 
1.136536e+01 
1.136536e+01 
1.136536e+01 
1.136536e+01 
1.136536e+01 
1.127483e+01 
1.127483e+01 
9.113916e+00 
8.444261e+00 
8.444261e+00 
8.444261e+00 
8.444261e+00 
8.444261e+00 
8.444261e+00 
8.444261e+00 
8.444261e+00 
8.436194e+00 
8.436194e+00 
8.436194e+00 
6.333085e+00 
6.333085e+00 
6.333085e+00 
6.333085e+00 
5.926498e+00 
5.926498e+00 
5.926498e+00 
5.926498e+00 
5.926498e+00 
5.926498e+00 
5.926498e+00 
5.926498e+00 
5.926498e+00 
5.926498e+00 
5.926498e+00 
5.926498e+00 
5.926498e+00 
5.926498e+00 
5.926498e+00 
5.926498e+00 
5.926498e+00 
5.926498e+00 
5.926498e+00 
5.926498e+00 
5.926498e+00 
5.926498e+00 
5.926498e+00 
5.926498e+00 
5.926498e+00 
5.926498e+00 
5.926498e+00 
5.926498e+00 
5.926498e+00 
5.926498e+00 
5.926498e+00 
5.926498e+00 
5.926498e+00 
5.926498e+00 
5.926498e+00 
5.926498e+00 
5.926498e+00 
5.926498e+00 
5.926498e+00 
5.926498e+00 
5.926498e+00 
5.926498e+00 
5.926498e+00 
5.812441e+00 
5.812441e+00 
5.812441e+00 
5.812441e+00 
5.812441e+00 
5.812441e+00 
5.812441e+00 
5.812441e+00 
5.812441e+00 
5.812441e+00 
5.812441e+00 
5.812441e+00 
5.812441e+00 
5.812441e+00 
5.806032e+00 
5.806032e+00 
5.806032e+00 
5.806032e+00 
5.806032e+00 
5.806032e+00 
5.806032e+00 
5.806032e+00 
4.951965e+00 
4.951965e+00 
4.951965e+00 
4.951965e+00 
4.951965e+00 
4.951965e+00 
4.951965e+00 
4.951965e+00 
4.951965e+00 
4.951965e+00 
4.951965e+00 
4.951965e+00 
4.951965e+00 
4.951965e+00 
4.951965e+00 
4.951965e+00 
4.951965e+00 
4.951965e+00 
4.951965e+00 
4.681322e+00 
4.681322e+00 
4.681322e+00 
4.681322e+00 
4.681322e+00 
4.681322e+00 
4.681322e+00 
4.681322e+00 
4.681322e+00 
4.681322e+00 
4.681322e+00 
4.681322e+00 
4.681322e+00 
4.681322e+00 
4.681322e+00 
4.681322e+00 
4.681322e+00 
4.681322e+00 
4.681322e+00 
4.636360e+00 
4.636360e+00 
4.636360e+00 
4.636360e+00 
4.636360e+00 
4.540377e+00 
4.540377e+00 
4.540377e+00 
4.540377e+00 
4.539340e+00 
4.539340e+00 
4.539340e+00 
4.531526e+00 
4.528093e+00 
4.528093e+00 
4.528093e+00 
4.528093e+00 
4.528093e+00 
4.528093e+00 
4.528093e+00 
4.528093e+00 
4.525632e+00 
4.522940e+00 
4.521548e+00 
4.520823e+00 
4.520443e+00 
4.520242e+00 
4.520134e+00 
4.520074e+00 
4.520041e+00 
4.520022e+00 
4.520011e+00 
4.520004e+00 
4.520000e+00 
4.519998e+00 
4.519996e+00 
4.519995e+00 
4.519994e+00 
4.519993e+00 
4.519993e+00 
4.519993e+00 
4.519992e+00 
4.519992e+00 
4.519992e+00 
4.519992e+00 
4.519992e+00 
4.519992e+00 
4.519992e+00 
4.519992e+00 
4.519992e+00 
4.519992e+00 
4.519992e+00 
4.519992e+00 
4.519992e+00 
4.519992e+00 
4.519992e+00 
4.519992e+00 
4.519992e+00 
4.519992e+00 
4.519992e+00 
4.519992e+00 
4.519992e+00 
4.519992e+00 
4.320313e+00 
4.320299e+00 
4.320299e+00 
4.320299e+00 
4.320299e+00 
3.521234e+00 
3.521234e+00 
3.514361e+00 
3.514361e+00 
3.514361e+00 
3.514361e+00 
3.514361e+00 
3.514361e+00 
3.514361e+00 
3.514361e+00 
3.514361e+00 
3.514361e+00 
3.514361e+00 
3.514361e+00 
3.514361e+00 
3.514361e+00 
3.238003e+00 
3.238003e+00 
3.238003e+00 
3.112883e+00 
3.112883e+00 
3.112883e+00 
3.112883e+00 
3.112883e+00 
3.112883e+00 
3.112883e+00 
2.728798e+00 
2.493436e+00 
2.493436e+00 
2.493436e+00 
2.493436e+00 
2.493436e+00 
2.493436e+00 
2.493436e+00 
2.493436e+00 
2.492572e+00 
2.492572e+00 
2.487324e+00 
2.485899e+00 
2.485899e+00 
2.398044e+00 
2.398044e+00 
2.398044e+00 
2.398044e+00 
2.398044e+00 
2.398044e+00 
2.398044e+00 
2.398044e+00 
2.398044e+00 
2.398044e+00 
2.236320e+00 
2.236320e+00 
2.236320e+00 
2.236320e+00 
2.236320e+00 
2.168524e+00 
2.168524e+00 
1.696875e+00 
1.650812e+00 
1.650812e+00 
1.198707e+00 
1.198707e+00 
1.198707e+00 
1.198707e+00 
1.198707e+00 
1.099006e+00 
1.099006e+00 
1.099006e+00 
1.099006e+00 
1.099006e+00 
1.099006e+00 
9.525294e-01 
9.525294e-01 
7.311599e-01 
7.311599e-01 
7.311599e-01 
7.311599e-01 
7.311599e-01 
7.311599e-01 
7.311599e-01 
7.311599e-01 
7.311599e-01 
7.311599e-01 
7.311599e-01 
7.311599e-01 
7.311599e-01 
7.311599e-01 
7.311599e-01 
7.118120e-01 
7.056900e-01 
7.056900e-01 
7.048408e-01 
6.840601e-01 
6.748431e-01 
6.710664e-01 
6.697641e-01 
6.695253e-01 
6.695253e-01 
6.678027e-01 
6.678027e-01 
6.669211e-01 
5.000185e-01 
5.000185e-01 
4.950013e-01 
4.950013e-01 
4.950013e-01 
4.950013e-01 
4.950013e-01 
4.508689e-01 
4.508689e-01 
4.508689e-01 
4.508689e-01 
4.508689e-01 
4.508689e-01 
4.508689e-01 
4.508689e-01 
4.328046e-01 
4.328046e-01 
4.318883e-01 
4.318883e-01 
4.318883e-01 
4.318883e-01 
4.318883e-01 
3.989803e-01 
3.558037e-01 
3.558037e-01 
3.558037e-01 
3.558037e-01 
3.558037e-01 
3.558037e-01 
3.558037e-01 
3.558037e-01 
3.558037e-01 
3.558037e-01 
3.558037e-01 
3.558037e-01 
3.201994e-01 
3.201994e-01 
3.201994e-01 
3.201994e-01 
3.201994e-01 
3.201994e-01 
3.201994e-01 
3.201994e-01 
3.201994e-01 
3.201994e-01 
3.066330e-01 
2.986082e-01 
2.984300e-01 
2.638197e-01 
2.482464e-01 
2.482464e-01 
2.454776e-01 
2.454776e-01 
2.356318e-01 
2.235880e-01 
2.210079e-01 
2.109386e-01 
2.092508e-01 
2.092508e-01 
2.092508e-01 
2.077370e-01 
2.077370e-01 
2.077370e-01 
2.077370e-01 
2.077370e-01 
2.077370e-01 
2.077370e-01 
2.077370e-01 
2.059696e-01 
1.978014e-01 
1.978014e-01 
1.978014e-01 
1.978014e-01 
1.952280e-01 
1.952280e-01 
1.933586e-01 
1.933586e-01 
1.933586e-01 
1.926202e-01 
1.926202e-01 
1.926202e-01 
1.899372e-01 
1.899372e-01 
1.439276e-01 
1.439276e-01 
1.439276e-01 
8.910905e-02 
8.910905e-02 
8.910905e-02 
6.715787e-02 
6.715787e-02 
6.715787e-02 
6.715787e-02 
6.599984e-02 
6.599984e-02 
6.599984e-02 
6.072483e-02 
5.880385e-02 
5.880385e-02 
4.455026e-02 
4.455026e-02 
4.455026e-02 
4.455026e-02 
2.756493e-02 
2.756493e-02 
2.756493e-02 
2.756493e-02 
2.756493e-02 
2.756493e-02 
2.756493e-02 
2.588901e-02 
2.588901e-02 
2.012183e-02 
2.012183e-02 
2.012183e-02 
2.012183e-02 
2.012183e-02 
1.341527e-02 
1.341527e-02 
1.341527e-02 
1.341527e-02 
1.341527e-02 
1.240394e-02 
1.240394e-02 
1.240394e-02 
1.240394e-02 
6.809023e-03 
6.809023e-03 
6.809023e-03 
6.809023e-03 
6.809023e-03 
6.809023e-03 
6.809023e-03 
6.809023e-03 
6.809023e-03 
6.809023e-03 
6.809023e-03 
6.809023e-03 
6.809023e-03 
6.809023e-03 
6.809023e-03 
6.809023e-03 
4.170168e-03 
4.170168e-03 
4.170168e-03 
4.170168e-03 
3.848163e-03 
3.848163e-03 
3.848163e-03 
3.572001e-03 
3.572001e-03 
2.800261e-03 
2.800261e-03 
2.800261e-03 
2.800261e-03 
2.232048e-03 
2.232048e-03 
2.232048e-03 
2.232048e-03 
2.232048e-03 
2.232048e-03 
2.232048e-03 
2.232048e-03 
2.232048e-03 
2.232048e-03 
2.232048e-03 
2.232048e-03 
2.232048e-03 
2.232048e-03 
2.232048e-03 
2.232048e-03 
2.232048e-03 
2.057351e-03 
2.057351e-03 
2.057351e-03 
2.057351e-03 
2.057351e-03 
2.057351e-03 
1.939094e-03 
1.939094e-03 
1.939094e-03 
1.939094e-03 
1.939094e-03 
1.939094e-03 
1.939094e-03 
1.939094e-03 
1.939094e-03 
1.939094e-03 
1.939094e-03 
1.939094e-03 
1.939094e-03 
1.939094e-03 
1.939094e-03 
1.939094e-03 
1.939094e-03 
1.939094e-03 
1.939094e-03 
1.939094e-03 
1.939094e-03 
1.296623e-03 
1.296623e-03 
1.296623e-03 
1.296623e-03 
1.296623e-03 
1.296623e-03 
1.296623e-03 
1.296623e-03 
1.296623e-03 
1.296623e-03 
1.296623e-03 
1.294042e-03 
1.294042e-03 
1.294042e-03 
1.294042e-03 
1.294042e-03 
1.294042e-03 
1.294042e-03 
1.294042e-03 
1.294042e-03 
8.236391e-04 
8.236391e-04 
8.236391e-04 
8.099222e-04 
8.099222e-04 
8.099222e-04 
8.099222e-04 
8.099222e-04 
8.000723e-04 
6.800632e-04 
6.800632e-04 
6.800632e-04 
6.800632e-04 
6.800632e-04 
6.800632e-04 
6.800632e-04 
6.800632e-04 
6.800632e-04 
6.800632e-04 
6.800632e-04 
6.014538e-04 
6.014538e-04 
5.787997e-04 
2.613963e-04 
2.613963e-04 
2.613963e-04 
2.613963e-04 
2.613963e-04 
2.613963e-04 
1.563562e-04 
1.313267e-04 
1.313267e-04 
1.313267e-04 
1.313267e-04 
1.313267e-04 
1.313267e-04 
1.313267e-04 
1.201865e-04 
1.201865e-04 
1.201865e-04 
8.548704e-05 
8.548704e-05 
8.548704e-05 
8.548704e-05 
8.548704e-05 
8.531607e-05 
8.531607e-05 
8.531607e-05 
8.531607e-05 
8.531607e-05 
8.531607e-05 
8.531607e-05 
8.531607e-05 
8.531607e-05 
8.531607e-05 
8.531607e-05 
8.531607e-05 
8.531607e-05 
8.531607e-05 
8.531607e-05 
8.531607e-05 
8.531607e-05 
8.531607e-05 
8.531607e-05 
8.531607e-05 
8.531607e-05 
8.531607e-05 
8.531607e-05 
8.531607e-05 
8.531607e-05 
8.531607e-05 
8.531607e-05 
8.531607e-05 
8.531607e-05 
8.531607e-05 
8.531607e-05 
8.531607e-05 
8.531607e-05 
8.531607e-05 
8.531607e-05 
8.531607e-05 
8.531607e-05 
8.531607e-05 
8.531607e-05 
8.531607e-05 
8.531607e-05 
7.550386e-05 
7.550386e-05 
7.550386e-05 
7.310394e-05 
7.027577e-05 
6.922299e-05 
6.892489e-05 
6.892332e-05 
6.892332e-05 
6.850246e-05 
6.819903e-05 
6.801505e-05 
6.790021e-05 
6.782673e-05 
6.777878e-05 
6.774701e-05 
6.187446e-05 
5.987855e-05 
5.987855e-05 
5.987855e-05 
5.833650e-05 
5.833650e-05 
5.833650e-05 
5.719594e-05 
5.719594e-05 
5.719594e-05 
5.167250e-05 
5.167250e-05 
4.520060e-05 
4.520060e-05 
4.494899e-05 
4.494899e-05 
4.414364e-05 
4.414364e-05 
4.034460e-05 
4.034460e-05 
4.034460e-05 
3.788690e-05 
3.788690e-05 
3.788690e-05 
3.788690e-05 
3.788690e-05 
3.788690e-05 
3.788690e-05 
3.728039e-05 
3.728039e-05 
3.728039e-05 
3.728039e-05 
3.728039e-05 
3.674438e-05 
3.674438e-05 
3.674438e-05 
3.652231e-05 
3.608628e-05 
3.608628e-05 
3.569225e-05 
3.569225e-05 
3.569225e-05 
3.569225e-05 
3.569225e-05 
3.569225e-05 
3.520657e-05 
3.520657e-05 
3.520657e-05 
3.520657e-05 
3.326279e-05 
3.125872e-05 
3.125872e-05 
2.834047e-05 
2.834047e-05 
2.572461e-05 
2.572461e-05 
2.572461e-05 
2.572461e-05 
2.042237e-05 
1.780335e-05 
1.388970e-05 
1.239538e-05 
1.193190e-05 
1.064198e-05 
1.064198e-05 
9.646504e-06 
9.493864e-06 
9.493864e-06 
9.472326e-06 
9.472326e-06 
9.472326e-06 
6.435982e-06 
6.435982e-06 
5.307951e-06 
5.307951e-06 
5.307951e-06 
5.307951e-06 
5.307951e-06 
3.652684e-06 
3.652684e-06 
3.652684e-06 
3.652684e-06 
3.652684e-06 
3.652684e-06 
3.652684e-06 
3.652684e-06 
3.652684e-06 
3.652684e-06 
3.652684e-06 
3.652684e-06 
3.652684e-06 
3.652684e-06 
3.652684e-06 
2.714700e-06 
2.714700e-06 
2.714700e-06 
2.714700e-06 
2.348149e-06 
2.348149e-06 
1.390779e-06 
1.390779e-06 
1.390779e-06 
1.320573e-06 
1.320573e-06 
1.215643e-06 
1.215643e-06 
1.215643e-06 
6.823488e-07 
6.823488e-07 
6.823488e-07 
6.823488e-07 
6.690164e-07 
6.611588e-07 
6.611588e-07 
6.174894e-07 
6.174894e-07 
6.174894e-07 
6.089604e-07 
6.088838e-07 
6.088838e-07 
6.088838e-07 
6.088838e-07 
6.088838e-07 
6.088838e-07 
6.080229e-07 
6.080229e-07 
6.080229e-07 
6.080229e-07 
6.080229e-07 
6.080229e-07 
6.080229e-07 
6.080229e-07 
6.080229e-07 
6.080229e-07 
6.080229e-07 
6.080229e-07 
6.080229e-07 
6.080229e-07 
6.080229e-07 
6.077735e-07 
6.075168e-07 
6.073988e-07 
6.073445e-07 
6.073203e-07 
6.073095e-07 
6.073045e-07 
6.073025e-07 
6.073019e-07 
6.073018e-07 
6.073013e-07 
6.073013e-07 
6.073013e-07 
4.225696e-07 
4.225696e-07 
2.802162e-07 
2.802162e-07 
2.802162e-07 
2.802162e-07 
2.802162e-07 
2.802162e-07 
2.802162e-07 
2.802162e-07 
2.802162e-07 
2.802162e-07 
2.802162e-07 
2.802162e-07 
2.802162e-07 
2.755571e-07 
2.755571e-07 
2.755571e-07 
2.755571e-07 
2.755571e-07 
2.755571e-07 
2.755571e-07 
2.755571e-07 
2.755571e-07 
2.326902e-07 
2.326902e-07 
2.326902e-07 
2.200324e-07 
2.200324e-07 
2.182089e-07 
2.182089e-07 
2.182089e-07 
2.182089e-07 
2.182089e-07 
2.182089e-07 
2.182089e-07 
2.182089e-07 
2.182089e-07 
1.966395e-07 
1.428383e-07 
1.428383e-07 
1.428383e-07 
1.428383e-07 
1.428383e-07 
1.428383e-07 
1.428383e-07 
1.399509e-07 
1.399509e-07 
1.364749e-07 
1.364749e-07 
1.251130e-07 
1.251130e-07 
1.251130e-07 
1.251130e-07 
1.251130e-07 
1.251130e-07 
1.251130e-07 
9.763366e-08 
9.763366e-08 
9.763366e-08 
9.763366e-08 
9.763366e-08 
9.763366e-08 
9.763366e-08 
9.763366e-08 
9.701180e-08 
9.701180e-08 
9.701180e-08 
8.065821e-08 
5.395984e-08 
4.744065e-08 
4.744065e-08 
4.744065e-08 
4.744065e-08 
4.739848e-08 
4.739848e-08 
4.739848e-08 
4.739848e-08 
4.739848e-08 
4.739848e-08 
4.739848e-08 
4.739848e-08 
4.573651e-08 
4.439419e-08 
4.362378e-08 
4.316603e-08 
4.288515e-08 
4.270846e-08 
2.176477e-08 
2.176477e-08 
2.176477e-08 
2.176477e-08 
2.176477e-08 
2.176477e-08 
2.176477e-08 
2.176477e-08 
2.176477e-08 
2.176477e-08 
2.176477e-08 
2.083466e-08 
2.083466e-08 
2.083466e-08 
1.957005e-08 
1.789252e-08 
1.789252e-08 
1.789252e-08 
1.735991e-08 
1.735991e-08 
1.428811e-08 
1.428811e-08 
1.428811e-08 
1.144570e-08 
1.144570e-08 
1.144570e-08 
1.144570e-08 
1.144570e-08 
1.144570e-08 
1.021901e-08 
1.021901e-08 
1.021901e-08 
9.520597e-09 
9.520597e-09 
9.520597e-09 
9.315978e-09 
9.315978e-09 
9.315978e-09 
8.170821e-09 
8.170821e-09 
7.644196e-09 
7.644196e-09 
7.644196e-09 
7.644196e-09 
7.644196e-09 
7.644196e-09 
7.644196e-09 
7.187626e-09 
7.187626e-09 
6.717357e-09 
6.717357e-09 
6.717357e-09 
6.592995e-09 
6.592995e-09 
6.592995e-09 
4.524106e-09 
4.524106e-09 
4.524106e-09 
4.311570e-09 
4.311570e-09 
4.311570e-09 
4.311570e-09 
4.229779e-09 
4.229779e-09 
3.845189e-09 
3.845189e-09 
3.845189e-09 
3.845189e-09 
3.845189e-09 
3.845189e-09 
3.845189e-09 
3.845189e-09 
3.845189e-09 
3.845189e-09 
3.836635e-09 
3.836635e-09 
3.829390e-09 
3.829390e-09 
3.795501e-09 
3.768301e-09 
3.762373e-09 
3.762373e-09 
3.757487e-09 
3.757487e-09 
3.757487e-09 
3.677124e-09 
3.657015e-09 
2.684788e-09 
2.521500e-09 
2.521500e-09 
2.521500e-09 
2.521500e-09 
2.487564e-09 
2.487564e-09 
2.487564e-09 
2.487564e-09 
2.487564e-09 
2.487564e-09 
2.487564e-09 
2.487564e-09 
2.487564e-09 
2.487564e-09 
2.487564e-09 
2.487564e-09 
2.109881e-09 
2.109881e-09 
2.034287e-09 
2.034287e-09 
2.034287e-09 
2.034287e-09 
2.034287e-09 
1.863607e-09 
1.863607e-09 
1.863607e-09 
1.863607e-09 
1.811414e-09 
1.811414e-09 
1.737539e-09 
1.737539e-09 
1.737539e-09 
1.737539e-09 
1.737539e-09 
1.737539e-09 
1.549481e-09 
1.549481e-09 
1.362657e-09 
1.362657e-09 
1.362657e-09 
1.362657e-09 
1.362657e-09 
1.345881e-09 
1.345881e-09 
1.345881e-09 
1.345881e-09 
1.345881e-09 
1.345881e-09 
1.345881e-09 
1.345881e-09 
1.265065e-09 
7.367088e-10 
7.367088e-10 
7.367088e-10 
7.367088e-10 
7.367088e-10 
6.768426e-10 
6.768426e-10 
6.768426e-10 
6.473901e-10 
6.081596e-10 
6.081596e-10 
6.081596e-10 
5.947810e-10 
5.798015e-10 
5.715646e-10 
5.669421e-10 
5.640650e-10 
5.624452e-10 
3.876789e-10 
3.876789e-10 
3.876789e-10 
3.693351e-10 
3.649595e-10 
3.649595e-10 
3.591286e-10 
3.484277e-10 
2.671345e-10 
2.671345e-10 
2.074954e-10 
2.074954e-10 
2.074954e-10 
2.074954e-10 
1.766805e-10 
1.766805e-10 
1.766805e-10 
1.766805e-10 
1.766805e-10 
1.766805e-10 
1.766805e-10 
1.549198e-10 
1.427782e-10 
1.427782e-10 
1.427782e-10 
1.427782e-10 
1.427782e-10 
1.427782e-10 
1.427782e-10 
1.427782e-10 
1.427782e-10 
1.310749e-10 
1.310749e-10 
1.310749e-10 
1.310749e-10 
1.310749e-10 
1.310749e-10 
1.304781e-10 
1.304781e-10 
1.247272e-10 
1.247272e-10 
1.247272e-10 
1.247272e-10 
1.247272e-10 
1.247272e-10 
1.247272e-10 
1.247272e-10 
1.247272e-10 
1.247272e-10 
1.176918e-10 
1.176918e-10 
1.176918e-10 
1.176918e-10 
1.176918e-10 
1.176918e-10 
1.176918e-10 
1.176918e-10 
1.176918e-10 
1.176918e-10 
1.176918e-10 
1.176071e-10 
1.176071e-10 
1.176071e-10 
1.176071e-10 
1.176071e-10 
1.159620e-10 
1.102205e-10 
5.001444e-11 
5.001444e-11 
5.001444e-11 
5.001444e-11 
5.001444e-11 
3.477485e-11 
3.477485e-11 
3.477485e-11 
3.477485e-11 
3.477485e-11 
2.918821e-11 
2.918821e-11 
1.856397e-11 
1.856397e-11 
1.856397e-11 
1.856397e-11 
1.727485e-11 
1.727485e-11 
1.727485e-11 
1.727485e-11 
1.727485e-11 
1.727485e-11 
1.727485e-11 
1.674187e-11 
1.674187e-11 
1.674187e-11 
1.674187e-11 
1.674187e-11 
1.674187e-11 
1.674187e-11 
1.236744e-11 
1.236744e-11 
1.236744e-11 
1.236744e-11 
1.236744e-11 
1.236744e-11 
1.236744e-11 
1.236744e-11 
1.236744e-11 
1.225627e-11 
1.225627e-11 
1.225627e-11 
1.225627e-11 
1.225627e-11 
1.225627e-11 
1.225627e-11 
1.225627e-11 
1.225627e-11 
1.225627e-11 
1.225627e-11 
1.079870e-11 
8.800146e-12 
8.800146e-12 
8.800146e-12 
8.702446e-12 
8.702446e-12 
8.702446e-12 
8.702446e-12 
8.702446e-12 
8.702446e-12 
8.623250e-12 
8.623250e-12 
8.412678e-12 
8.412678e-12 
8.031353e-12 
8.031353e-12 
7.967849e-12 
7.967849e-12 
7.967849e-12 
7.967849e-12 
7.967849e-12 
6.922093e-12 
6.266469e-12 
5.033455e-12 
5.033455e-12 
5.033455e-12 
5.033455e-12 
5.033455e-12 
5.033455e-12 
5.033455e-12 
5.033455e-12 
5.033455e-12 
4.672189e-12 
4.216257e-12 
4.216257e-12 
4.216257e-12 
4.152752e-12 
4.133656e-12 
4.133656e-12 
4.133656e-12 
4.133656e-12 
4.133656e-12 
4.133656e-12 
3.497203e-12 
3.497203e-12 
3.497203e-12 
3.497203e-12 
3.497203e-12 
3.497203e-12 
3.497203e-12 
2.911523e-12 
2.911523e-12 
2.911523e-12 
2.877476e-12 
2.877476e-12 
2.877476e-12 
2.669124e-12 
2.669124e-12 
2.669124e-12 
2.669124e-12 
2.669124e-12 
2.669124e-12 
2.669124e-12 
2.540042e-12 
2.277660e-12 
2.277660e-12 
2.277660e-12 
2.277660e-12 
2.217411e-12 
2.217411e-12 
2.217411e-12 
2.217411e-12 
2.217411e-12 
2.217411e-12 
2.217411e-12 
2.217411e-12 
2.217411e-12 
2.119712e-12 
2.119712e-12 
2.085517e-12 
1.067294e-12 
1.067294e-12 
1.067294e-12 
6.978122e-13 
6.978122e-13 
6.978122e-13 
6.978122e-13 
6.978122e-13 
6.978122e-13 
6.978122e-13 
6.978122e-13 
6.978122e-13 
6.978122e-13 
6.978122e-13 
6.978122e-13 
6.959618e-13 
6.854517e-13 
6.854517e-13 
6.844895e-13 
6.844895e-13 
6.682062e-13 
6.667259e-13 
6.667259e-13 
6.667259e-13 
6.659858e-13 
6.637653e-13 
6.633953e-13 
6.630252e-13 
6.624331e-13 
6.360098e-13 
6.360098e-13 
6.360098e-13 
6.360098e-13 
6.152116e-13 
6.152116e-13 
5.780561e-13 
5.780561e-13 
5.780561e-13 
5.780561e-13 
5.780561e-13 
5.780561e-13 
5.143293e-13 
5.067058e-13 
5.067058e-13 
4.578560e-13 
4.578560e-13 
4.392782e-13 
2.289280e-13 
2.289280e-13 
2.289280e-13 
2.289280e-13 
2.289280e-13 
2.289280e-13 
2.289280e-13 
2.289280e-13 
2.289280e-13 
2.289280e-13 
2.289280e-13 
2.289280e-13 
2.289280e-13 
2.289280e-13 
2.289280e-13 
2.289280e-13 
2.289280e-13 
2.289280e-13 
2.289280e-13 
2.289280e-13 
2.289280e-13 
2.289280e-13 
2.289280e-13 
2.289280e-13 
2.289280e-13 
2.289280e-13 
2.289280e-13 
2.289280e-13 
2.289280e-13 
2.289280e-13 
2.095361e-13 
2.095361e-13 
2.095361e-13 
2.022826e-13 
2.022826e-13 
1.039169e-13 
1.039169e-13 
1.039169e-13 
1.039169e-13 
1.039169e-13 
1.039169e-13 
1.039169e-13 
1.039169e-13 
1.039169e-13 
1.039169e-13 
5.373479e-14 
5.373479e-14 
5.373479e-14 
5.373479e-14 
5.373479e-14 
5.373479e-14 
5.373479e-14 
5.373479e-14 
5.373479e-14 
5.373479e-14 
5.373479e-14 
5.373479e-14 
5.373479e-14 
5.373479e-14 
5.373479e-14 
5.373479e-14 
5.373479e-14 
5.373479e-14 
5.373479e-14 
5.373479e-14 
5.373479e-14 
5.373479e-14 
5.373479e-14 
5.373479e-14 
4.500104e-14 
4.500104e-14 
4.500104e-14 
4.500104e-14 
4.500104e-14 
4.500104e-14 
3.870978e-14 
3.870978e-14 
3.870978e-14 
3.870978e-14 
3.870978e-14 
3.870978e-14 
3.870978e-14 
3.870978e-14 
3.870978e-14 
3.870978e-14 
3.870978e-14 
3.870978e-14 
3.870978e-14 
3.870978e-14 
3.870978e-14 
3.870978e-14 
3.870978e-14 
3.870978e-14 
3.870978e-14 
3.870978e-14 
3.870978e-14 
3.870978e-14 
3.870978e-14 
3.870978e-14 
3.870978e-14 
3.870978e-14 
3.870978e-14 
3.870978e-14 
3.870978e-14 
3.870978e-14 
3.870978e-14 
3.870978e-14 
3.870978e-14 
3.463896e-14 
3.463896e-14 
3.463896e-14 
3.463896e-14 
3.463896e-14 
3.463896e-14 
3.463896e-14 
3.463896e-14 
3.463896e-14 
3.463896e-14 
3.463896e-14 
3.463896e-14 
3.463896e-14 
3.463896e-14 
2.908784e-14 
2.908784e-14 
2.294461e-14 
2.294461e-14 
2.294461e-14 
1.739349e-14 
1.739349e-14 
1.739349e-14 
1.591320e-14 
1.591320e-14 
1.591320e-14 
1.591320e-14 
1.591320e-14 
1.591320e-14 
1.591320e-14 
1.480297e-14 
1.480297e-14 
1.480297e-14 
1.184238e-14 
1.184238e-14 
1.184238e-14 
1.184238e-14 
1.184238e-14 
1.184238e-14 
1.184238e-14 
1.184238e-14 
1.184238e-14 
1.184238e-14 
1.184238e-14 
1.184238e-14 
1.184238e-14 
1.184238e-14 
1.184238e-14 
1.036208e-14 
9.992007e-15 
9.992007e-15 
9.992007e-15 
9.992007e-15 
9.992007e-15 
9.992007e-15 
9.992007e-15 
9.992007e-15 
9.992007e-15 
9.992007e-15 
9.992007e-15 
9.992007e-15 
9.992007e-15 
9.992007e-15 
9.992007e-15 
9.992007e-15 
9.992007e-15 
9.992007e-15 
9.992007e-15 
9.992007e-15 
9.992007e-15 
9.992007e-15 
9.992007e-15 
9.992007e-15 
9.992007e-15 
9.992007e-15 
9.992007e-15 
9.992007e-15 
9.992007e-15 
9.992007e-15 
9.992007e-15 
9.992007e-15 
9.992007e-15 
9.992007e-15 
9.992007e-15 
9.992007e-15 
9.992007e-15 
9.992007e-15 
9.992007e-15 
9.992007e-15 
9.992007e-15 
9.992007e-15 
9.992007e-15 
9.992007e-15 
9.992007e-15 
9.992007e-15 
9.992007e-15 
9.992007e-15 
9.992007e-15 
9.992007e-15 
9.992007e-15 
9.992007e-15 
9.992007e-15 
9.992007e-15 
9.992007e-15 
9.992007e-15 
9.992007e-15 
9.992007e-15 
9.251859e-15 
9.251859e-15 
9.251859e-15 
9.251859e-15 
9.251859e-15 
9.251859e-15 
9.251859e-15 
9.251859e-15 
9.251859e-15 
9.251859e-15 
9.251859e-15 
9.251859e-15 
9.251859e-15 
9.251859e-15 
9.251859e-15 
9.251859e-15 
9.251859e-15 
9.251859e-15 
9.251859e-15 
8.881784e-15 
8.881784e-15 
8.881784e-15 
8.881784e-15 
8.881784e-15 
8.881784e-15 
8.881784e-15 
8.881784e-15 
8.881784e-15 
8.881784e-15 
8.881784e-15 
8.881784e-15 
8.881784e-15 
8.881784e-15 
8.881784e-15 
8.881784e-15 
8.881784e-15 
8.881784e-15 
8.881784e-15 
8.881784e-15 
8.881784e-15 
8.881784e-15 
7.771561e-15 
7.771561e-15 
7.771561e-15 
7.771561e-15 
7.031412e-15 
7.031412e-15 
7.031412e-15 
7.031412e-15 
7.031412e-15 
7.031412e-15 
7.031412e-15 
7.031412e-15 
7.031412e-15 
5.921189e-15 
5.921189e-15 
5.921189e-15 
5.921189e-15 
5.921189e-15 
5.921189e-15 
5.921189e-15 
5.921189e-15 
5.921189e-15 
5.921189e-15 
5.921189e-15 
5.921189e-15 
5.921189e-15 
5.921189e-15 
5.921189e-15 
5.921189e-15 
5.921189e-15 
5.921189e-15 
5.921189e-15 
5.921189e-15 
5.921189e-15 
5.921189e-15 
5.921189e-15 
5.921189e-15 
5.921189e-15 
5.921189e-15 
5.921189e-15 
5.921189e-15 
5.921189e-15 
5.921189e-15 
5.921189e-15 
5.921189e-15 
5.921189e-15 
5.921189e-15 
5.921189e-15 
5.921189e-15 
5.921189e-15 
5.921189e-15 
5.921189e-15 
5.921189e-15 
5.921189e-15 
5.921189e-15 
5.921189e-15 
5.921189e-15 
5.921189e-15 
5.921189e-15 
5.921189e-15 
4.810966e-15 
4.810966e-15 
4.810966e-15 
4.810966e-15 
4.810966e-15 
4.810966e-15 
4.810966e-15 
4.810966e-15 
4.810966e-15 
4.810966e-15 
4.810966e-15 
4.810966e-15 
4.810966e-15 
4.810966e-15 
4.810966e-15 
4.810966e-15 
4.810966e-15 
4.810966e-15 
4.810966e-15 
4.810966e-15 
4.810966e-15 
4.810966e-15 
4.810966e-15 
4.810966e-15 
4.810966e-15 
4.810966e-15 
4.810966e-15 
4.810966e-15 
4.810966e-15 
4.810966e-15 
4.810966e-15 
4.810966e-15 
4.810966e-15 
4.810966e-15 
4.810966e-15 
4.810966e-15 
4.810966e-15 
4.810966e-15 
4.810966e-15 
4.810966e-15 
4.810966e-15 
4.810966e-15 
4.810966e-15 
4.810966e-15 
4.440892e-15 
4.440892e-15 
4.440892e-15 
4.440892e-15 
4.440892e-15 
4.440892e-15 
4.440892e-15 
4.440892e-15 
4.440892e-15 
4.440892e-15 
4.440892e-15 
4.440892e-15 
4.440892e-15 
4.440892e-15 
4.440892e-15 
4.440892e-15 
4.440892e-15 
4.440892e-15 
4.440892e-15 
4.440892e-15 
4.440892e-15 
4.440892e-15 
4.440892e-15 
3.700743e-15 
3.700743e-15 
3.700743e-15 
3.700743e-15 
3.700743e-15 
3.700743e-15 
3.700743e-15 
3.700743e-15 
3.700743e-15 
3.700743e-15 
3.700743e-15 
3.700743e-15 
3.700743e-15 
3.700743e-15 
3.700743e-15 
3.330669e-15 
3.330669e-15 
3.330669e-15 
3.330669e-15 
3.330669e-15 
3.330669e-15 
3.330669e-15 
3.330669e-15 
3.330669e-15 
3.330669e-15 
3.330669e-15 
3.330669e-15 
3.330669e-15 
3.330669e-15 
3.330669e-15 
3.330669e-15 
3.330669e-15 
3.330669e-15 
3.330669e-15 
3.330669e-15 
3.330669e-15 
3.330669e-15 
3.330669e-15 
3.330669e-15 
3.330669e-15 
3.330669e-15 
3.330669e-15 
2.590520e-15 
2.590520e-15 
2.590520e-15 
2.590520e-15 
2.590520e-15 
2.590520e-15 
2.590520e-15 
2.590520e-15 
2.590520e-15 
2.590520e-15 
2.590520e-15 
2.590520e-15 
2.590520e-15 
2.590520e-15 
2.590520e-15 
2.590520e-15 
2.590520e-15 
2.590520e-15 
2.590520e-15 
2.590520e-15 
2.590520e-15 
2.590520e-15 
2.590520e-15 
2.590520e-15 
2.590520e-15 
2.590520e-15 
2.590520e-15 
2.590520e-15 
2.590520e-15 
2.590520e-15 
2.590520e-15 
2.590520e-15 
2.590520e-15 
2.590520e-15 
2.590520e-15 
2.590520e-15 
2.590520e-15 
2.590520e-15 
2.590520e-15 
2.590520e-15 
2.590520e-15 
2.590520e-15 
2.590520e-15 
2.590520e-15 
2.590520e-15 
2.590520e-15 
2.590520e-15 
2.590520e-15 
2.590520e-15 
2.590520e-15 
2.590520e-15 
2.590520e-15 
2.590520e-15 
2.220446e-15 
2.220446e-15 
2.220446e-15 
2.220446e-15 
2.220446e-15 
2.220446e-15 
2.220446e-15 
2.220446e-15 
2.220446e-15 
2.220446e-15 
1.850372e-15 
1.850372e-15 
1.850372e-15 
1.850372e-15 
1.850372e-15 
1.850372e-15 
1.850372e-15 
1.850372e-15 
1.850372e-15 
1.850372e-15 
1.850372e-15 
1.850372e-15 
1.850372e-15 
1.850372e-15 
1.850372e-15 
1.850372e-15 
1.850372e-15 
1.850372e-15 
1.850372e-15 
1.850372e-15 
1.850372e-15 
1.850372e-15 
1.850372e-15 
1.850372e-15 
1.850372e-15 
1.850372e-15 
1.850372e-15 
1.850372e-15 
1.850372e-15 
1.480297e-15 
1.480297e-15 
1.480297e-15 
1.480297e-15 
1.480297e-15 
1.480297e-15 
1.480297e-15 
1.480297e-15 
1.480297e-15 
1.480297e-15 
1.480297e-15 
1.480297e-15 
1.480297e-15 
1.480297e-15 
1.480297e-15 
1.480297e-15 
1.480297e-15 
1.480297e-15 
1.480297e-15 
1.480297e-15 
1.480297e-15 
1.480297e-15 
1.480297e-15 
1.480297e-15 
1.480297e-15 
1.480297e-15 
1.480297e-15 
1.480297e-15 
1.480297e-15 
1.480297e-15 
1.480297e-15 
1.480297e-15 
1.480297e-15 
1.480297e-15 
1.480297e-15 
1.480297e-15 
1.480297e-15 
1.480297e-15 
1.480297e-15 
1.480297e-15 
1.480297e-15 
1.480297e-15 
1.480297e-15 
1.480297e-15 
1.480297e-15 
1.480297e-15 
1.480297e-15 
1.480297e-15 
1.480297e-15 
1.480297e-15 
1.480297e-15 
1.480297e-15 
1.480297e-15 
1.480297e-15 
1.480297e-15 
1.480297e-15 
1.480297e-15 
1.480297e-15 
1.480297e-15 
1.480297e-15 
1.480297e-15 
1.480297e-15 
1.480297e-15 
1.480297e-15 
1.480297e-15 
1.480297e-15 
1.480297e-15 
1.480297e-15 
1.480297e-15 
1.480297e-15 
1.480297e-15 
1.480297e-15 
1.480297e-15 
1.480297e-15 
1.480297e-15 
1.480297e-15 
1.480297e-15 
1.480297e-15 
1.480297e-15 
1.480297e-15 
1.480297e-15 
1.480297e-15 
1.480297e-15 
1.480297e-15 
1.480297e-15 
1.480297e-15 
1.480297e-15 
1.480297e-15 
1.480297e-15 
1.480297e-15 
1.480297e-15 
1.480297e-15 
1.480297e-15 
1.110223e-15 
1.110223e-15 
1.110223e-15 
1.110223e-15 
1.110223e-15 
1.110223e-15 
1.110223e-15 
1.110223e-15 
1.110223e-15 
1.110223e-15 
1.110223e-15 
1.110223e-15 
1.110223e-15 
1.110223e-15 
1.110223e-15 
1.110223e-15 
1.110223e-15 
1.110223e-15 
1.110223e-15 
1.110223e-15 
1.110223e-15 
1.110223e-15 
1.110223e-15 
1.110223e-15 
1.110223e-15 
1.110223e-15 
1.110223e-15 
1.110223e-15 
1.110223e-15 
1.110223e-15 
1.110223e-15 
1.110223e-15 
1.110223e-15 
1.110223e-15 
1.110223e-15 
1.110223e-15 
1.110223e-15 
1.110223e-15 
1.110223e-15 
1.110223e-15 
1.110223e-15 
1.110223e-15 
1.110223e-15 
1.110223e-15 
1.110223e-15 
1.110223e-15 
1.110223e-15 
1.110223e-15 
1.110223e-15 
1.110223e-15 
1.110223e-15 
1.110223e-15 
1.110223e-15 
1.110223e-15 
1.110223e-15 
1.110223e-15 
1.110223e-15 
1.110223e-15 
1.110223e-15 
1.110223e-15 
1.110223e-15 
7.401487e-16 
7.401487e-16 
7.401487e-16 
7.401487e-16 
7.401487e-16 
7.401487e-16 
7.401487e-16 
7.401487e-16 
7.401487e-16 
7.401487e-16 
7.401487e-16 
7.401487e-16 
7.401487e-16 
7.401487e-16 
7.401487e-16 
7.401487e-16 
7.401487e-16 
7.401487e-16 
7.401487e-16 
7.401487e-16 
7.401487e-16 
7.401487e-16 
7.401487e-16 
7.401487e-16 
7.401487e-16 
7.401487e-16 
3.700743e-16 
3.700743e-16 
3.700743e-16 
3.700743e-16 
3.700743e-16 
3.700743e-16 
3.700743e-16 
3.700743e-16 
3.700743e-16 
3.700743e-16 
3.700743e-16 
3.700743e-16 
3.700743e-16 
3.700743e-16 
3.700743e-16 
3.700743e-16 
3.700743e-16 
3.700743e-16 
3.700743e-16 
3.700743e-16 
3.700743e-16 
3.700743e-16 
3.700743e-16 
3.700743e-16 
3.700743e-16 
3.700743e-16 
3.700743e-16 
3.700743e-16 
3.700743e-16 
3.700743e-16 
3.700743e-16 
3.700743e-16 
3.700743e-16 
3.700743e-16 
3.700743e-16 
3.700743e-16 
3.700743e-16 
3.700743e-16 
3.700743e-16 
3.700743e-16 
3.700743e-16 
3.700743e-16 
3.700743e-16 
3.700743e-16 
3.700743e-16 
3.700743e-16 
3.700743e-16 
3.700743e-16 
3.700743e-16 
3.700743e-16 
3.700743e-16 
3.700743e-16 
3.700743e-16 
3.700743e-16 
3.700743e-16 
3.700743e-16 
3.700743e-16 
3.700743e-16 
3.700743e-16 
3.700743e-16 
3.700743e-16 
3.700743e-16 
3.700743e-16 
3.700743e-16 
3.700743e-16 
3.700743e-16 
3.700743e-16 
3.700743e-16 
3.700743e-16 
3.700743e-16 
3.700743e-16 
3.700743e-16 
3.700743e-16 
3.700743e-16 
3.700743e-16 
3.700743e-16 
3.700743e-16 
3.700743e-16 
3.700743e-16 
3.700743e-16 
3.700743e-16 
3.700743e-16 
3.700743e-16 
3.700743e-16 
3.700743e-16 
3.700743e-16 
3.700743e-16 
3.700743e-16 
3.700743e-16 
3.700743e-16 
3.700743e-16 
3.700743e-16 
3.700743e-16 
3.700743e-16 
3.700743e-16 
3.700743e-16 
3.700743e-16 
3.700743e-16 
3.700743e-16 
3.700743e-16 
3.700743e-16 
3.700743e-16 
3.700743e-16 
3.700743e-16 
3.700743e-16 
3.700743e-16 
3.700743e-16 
3.700743e-16 
3.700743e-16 
3.700743e-16 
3.700743e-16 
3.700743e-16 
3.700743e-16 
3.700743e-16 
3.700743e-16 
3.700743e-16 
3.700743e-16 
3.700743e-16 
3.700743e-16 
3.700743e-16 
3.700743e-16 
3.700743e-16 
3.700743e-16 
3.700743e-16 
3.700743e-16 
3.700743e-16 
3.700743e-16 
3.700743e-16 
3.700743e-16 
3.700743e-16 
3.700743e-16 
3.700743e-16 
3.700743e-16 
3.700743e-16 
3.700743e-16 
3.700743e-16 
3.700743e-16 
3.700743e-16 
3.700743e-16 
3.700743e-16 
3.700743e-16 
3.700743e-16 
3.700743e-16 
3.700743e-16 
3.700743e-16 
3.700743e-16 
3.700743e-16 
3.700743e-16 
3.700743e-16 
3.700743e-16 
3.700743e-16 
3.700743e-16 
3.700743e-16 
3.700743e-16 
3.700743e-16 
3.700743e-16 
3.700743e-16 
3.700743e-16 
3.700743e-16 
3.700743e-16 
3.700743e-16 
3.700743e-16 
3.700743e-16 
3.700743e-16 
3.700743e-16 
3.700743e-16 
3.700743e-16 
3.700743e-16 
3.700743e-16 
3.700743e-16 
3.700743e-16 
3.700743e-16 
3.700743e-16 
3.700743e-16 
3.700743e-16 
3.700743e-16 
3.700743e-16 
3.700743e-16 
3.700743e-16 
3.700743e-16 
3.700743e-16 
3.700743e-16 
3.700743e-16 
3.700743e-16 
3.700743e-16 
3.700743e-16 
3.700743e-16 
3.700743e-16 
3.700743e-16 
3.700743e-16 
3.700743e-16 
3.700743e-16 
3.700743e-16 
3.700743e-16 
3.700743e-16 
3.700743e-16 
3.700743e-16 
3.700743e-16 
3.700743e-16 
3.700743e-16 
3.700743e-16 
3.700743e-16 
3.700743e-16 
3.700743e-16 
3.700743e-16 
3.700743e-16 
3.700743e-16 
3.700743e-16 
3.700743e-16 
3.700743e-16 
3.700743e-16 
3.700743e-16 
3.700743e-16 
3.700743e-16 
3.700743e-16 
3.700743e-16 
3.700743e-16 
3.700743e-16 
3.700743e-16 
3.700743e-16 
3.700743e-16 
3.700743e-16 
3.700743e-16 
3.700743e-16 
3.700743e-16 
3.700743e-16 
3.700743e-16 
3.700743e-16 
3.700743e-16 
3.700743e-16 
3.700743e-16 
3.700743e-16 
3.700743e-16 
3.700743e-16 
3.700743e-16 
3.700743e-16 
3.700743e-16 
3.700743e-16 
3.700743e-16 
0 
0 
0 
0 
0 
0 
0 
0 
0 
0 
0 
0 
0 
0 
0 
0 
0 
0 
0 
0 
0 
0 
0 
0 
0 
0 
0 
0 
0 
0 
0 
0 
0 
0 
0 
0 
0 
0 
0 
0 
0 
0 
0 
0 
0 
0 
0 
0 
0 
0 
0 
0 
0 
0 
0 
0 
0 
0 
0 
0 
0 
0 
0 
0 
0 
0 
0 
0 
0 
0 
0 
0 
0 
0 
0 
0 
0 
0 
0 
0 
0 
0 
0 
0 
0 
0 
0 
0 
0 
0 
0 
0 
0 
0 
0 
0 
0 
0 
0 
0 
0 
0 
0 
0 
0 
0 
0 
0 
0 
0 
0 
0 
0 
0 
0 
0 
0 
0 
0 
0 
0 
0 
0 
0 
0 
0 
0 
0 
0 
0 
0 
0 
0 
0 
0 
0 
0 
0 
0 
0 
0 
0 
0 
0 
0 
0 
0 
0 
0 
0 
0 
0 
0 
0 
0 
0 
0 
0 
0 
0 
0 
0 
0 
0 
0 
0 
0 
0 
0 
0 
0 
0 
0 
0 
0 
0 
0 
0 
0 
0 
0 
0 
0 
0 
0 
0 
0 
0 
0 
0 
0 
0 
0 
0 
0 
0 
0 
0 
0 
0 
0 
0 
0 
0 
0 
0 
0 
0 
0 
0 
0 
0 
0 
0 
0 
0 
0 
0 
0 
0 
0 
0 
0 
0 
0 
0 
0 
0 
0 
0 
0 
0 
0 
0 
0 
0 
0 
0 
0 
0 
0 
0 
0 
0 
0 
0 
0 
0 
0 
0 
0 
0 
0 
0 
0 
0 
0 
0 
0 
0 
0 
0 
0 
0 
0 
0 
0 
0 
0 
0 
0 
0 
0 
0 
0 
0 
0 
0 
0 
0 
0 
0 
0 
0 
0 
0 
0 
0 
0 
0 
0 
0 
0 
0 
0 
0 
0 
0 
0 
0 
0 
0 
0 
0 
0 
0 
0 
0 
0 
0 
0 
0 
0 
0 
0 
0 
0 
0 
0 
0 
0 
0 
0 
0 
0 
0 
0 
0 
0 
0 
0 
0 
0 
0 
0 
0 
0 
0 
0 
0 
0 
0 
0 
0 
0 
0 
0 
0 
0 
0 
0 
0 
0 
0 
0 
0 
0 
0 
0 
0 
0 
0 
0 
0 
0 
0 
0 
0 
0 
0 
0 
0 
0 
0 
0 
0 
0 
0 
0 
0 
0 
0 
0 
0 
0 
0 
0 
0 
0 
0 
0 
0 
0 
0 
0 
0 
0 
0 
0 
0 
0 
0 
0 
0 
0 
0 
0 
0 
0 
0 
0 
0 
0 
0 
0 
0 
0 
0 
0 
0 
0 
0 
0 
0 
0 
0 
0 
0 
0 
0 
0 
0 
0 
0 
0 
0 
0 
0 
0 
0 
0 
0 
0 
0 
0 
0 
0 
0 
0 
0 
0 
0 
0 
0 
0 
0 
0 
0 
0 
0 
0 
0 
0 
0 
0 
0 
0 
0 
0 
0 
0 
0 
0 
0 
0 
0 
0 
0 
0 
0 
0 
0 
0 
0 
0 
0 
0 
0 
0 
0 
0 
0 
0 
0 
0 
0 
0 
0 
0 
0 
0 
0 
0 
0 
0 
0 
0 
0 
0 
0 
0 
0 
0 
0 
0 
0 
0 
0 
0 
0 
0 
0 
0 
0 
0 
0 
0 
0 
0 
0 
0 
0 
0 
0 
0 
0 
0 
0 
0 
0 
0 
0 
0 
0 
0 
0 
0 
0 
0 
0 
0 
0 
0 
0 
0 
0 
0 
0 
0 
0 
0 
0 
0 
0 
0 
0 
0 
0 
0 
0 
0 
0 
0 
0 
0 
0 
0 
0 
0 
0 
0 
0 
0 
0 
0 
0 
0 
0 
0 
0 
0 
0 
0 
0 
0 
0 
0 
0 
0 
0 
0 
0 
0 
0 
0 
0 
0 
0 
0 
0 
0 
0 
0 
0 
0 
0 
0 
0 
0 
0 
0 
0 
0 
0 
0 
0 
0 
0 
0 
0 
0 
0 
0 
0 
0 
0 
0 
0 
0 
0 
0 
0 
0 
0 
0 
0 
0 
0 
0 
0 
0 
0 
0 
0 
0 
0 
0 
0 
0 
0 
0 
0 
0 
0 
0 
0 
0 
0 
0 
0 
0 
0 
0 
0 
0 
0 
0 
0 
0 
0 
0 
0 
0 
0 
0 
0 
0 
0 
0 
0 
0 
0 
0 
0 
0 
0 
0 
0 
0 
0 
0 
0 
0 
0 
0 
0 
0 
0 
0 
0 
0 
0 
0 
0 
0 
0 
0 
0 
0 
0 
0 
0 
0 
0 
0 
0 
0 
0 
0 
0 
0 
0 
0 
0 
0 
0 
0 
0 
0 
0 
0 
0 
0 
0 
0 
0 
0 
0 
0 
0 
0 
0 
0 
0 
0 
0 
0 
0 
0 
0 
0 
0 
0 
0 
0 
0 
0 
0 
0 
0 
0 
0 
0 
0 
0 
0 
0 
0 
0 
0 
0 
0 
0 
0 
0 
0 
0 
0 
0 
0 
0 
0 
0 
0 
0 
0 
0 
0 
0 
0 
0 
0 
0 
0 
0 
0 
0 
0 
0 
0 
0 
0 
0 
0 
0 
0 
0 
0 
0 
0 
0 
0 
0 
0 
0 
0 
0 
0 
0 
0 
0 
0 
0 
0 
0 
0 
0 
0 
0 
0 
0 
0 
0 
0 
0 
0 
0 
0 
0 
0 
0 
0 
0 
0 
0 
0 
0 
0 
0 
0 
0 
0 
0 
0 
0 
0 
0 
0 
0 
0 
0 
0 
0 
0 
0 
0 
0 
0 
0 
0 
0 
0 
0 
0 
0 
0 
0 
0 
0 
0 
0 
0 
0 
0 
0 
0 
0 
0 
0 
0 
0 
0 
0 
0 
0 
0 
0 
0 
0 
0 
0 
0 
0 
0 
0 
0 
0 
0 
0 
0 
0 
0 
0 
0 
0 
0 
0 
0 
0 
0 
0 
0 
0 
0 
0 
0 
0 
0 
0 
0 
0 
0 
0 
0 
0 
0 
0 
0 
0 
0 
0 
0 
0 
0 
0 
0 
0 
0 
0 
0 
0 
0 
0 
0 
0 
0 
0 
0 
0 
0 
0 
0 
0 
0 
0 
0 
0 
0 
0 
0 
0 
0 
0 
0 
0 
0 
0 
0 
0 
0 
0 
0 
0 
0 
0 
0 
0 
0 
0 
0 
0 
0 
0 
0 
0 
0 
0 
0 
0 
0 
0 
0 
0 
0 
0 
0 
0 
0 
0 
0 
0 
0 
0 
0 
0 
0 
0 
0 
0 
0 
0 
0 
0 
0 
0 
0 
0 
0 
0 
0 
0 
0 
0 
0 
0 
0 
0 
0 
0 
0 
0 
0 
0 
0 
0 
0 
0 
0 
0 
0 
0 
0 
0 
0 
0 
0 
0 
0 
0 
0 
0 
0 
0 
0 
0 
0 
0 
0 
0 
0 
0 
0 
0 
0 
0 
0 
0 
0 
0 
0 
0 
0 
0 
0 
0 
0 
0 
0 
0 
0 
0 
0 
0 
0 
0 
0 
0 
0 
0 
0 
0 
0 
0 
0 
0 
0 
0 
0 
0 
0 
0 
0 
0 
0 
0 
0 
0 
0 
0 
0 
0 
0 
0 
0 
0 
0 
0 
0 
0 
0 
0 
0 
0 
0 
0 
0 
0 
0 
0 
0 
0 
0 
0 
0 
0 
0 
0 
0 
0 
0 
0 
0 
0 
0 
0 
0 
0 
0 
0 
0 
0 
0 
0 
0 
0 
0 
0 
0 
0 
0 
0 
0 
0 
0 
0 
0 
0 
0 
0 
0 
0 
0 
0 
0 
0 
0 
0 
0 
0 
0 
0 
0 
0 
0 
0 
0 
0 
0 
0 
0 
0 
0 
0 
0 
0 
0 
0 
0 
0 
0 
0 
0 
0 
0 
0 
0 
0 
0 
0 
0 
0 
0 
0 
0 
0 
0 
0 
0 
0 
0 
0 
0 
0 
0 
0 
0 
0 
0 
0 
0 
0 
0 
0 
0 
0 
0 
0 
0 
0 
0 
0 
0 
0 
0 
0 
0 
0 
0 
0 
0 
0 
0 
0 
0 
0 
0 
0 
0 
0 
0 
0 
0 
0 
0 
0 
0 
0 
0 
0 
0 
0 
0 
0 
0 
0 
0 
0 
0 
0 
0 
0 
0 
0 
0 
0 
0 
0 
0 
0 
0 
0 
0 
0 
0 
0 
0 
0 
0 
0 
0 
0 
0 
0 
0 
0 
0 
0 
0 
0 
0 
0 
0 
0 
0 
0 
0 
0 
0 
0 
0 
0 
0 
0 
0 
0 
0 
0 
0 
0 
0 
0 
0 
0 
0 
0 
0 
0 
0 
0 
0 
0 
0 
0 
0 
0 
0 
0 
0 
0 
0 
0 
0 
0 
0 
0 
0 
0 
0 
0 
0 
0 
0 
0 
0 
0 
0 
0 
0 
0 
0 
0 
0 
0 
0 
0 
0 
0 
0 
0 
0 
0 
0 
0 
0 
0 
0 
0 
0 
0 
0 
0 
0 
0 
0 
0 
0 
0 
0 
0 
0 
0 
0 
0 
0 
0 
0 
0 
0 
0 
0 
0 
0 
0 
0 
0 
0 
0 
0 
0 
0 
0 
0 
0 
0 
0 
0 
0 
0 
0 
0 
0 
0 
0 
0 
0 
0 
0 
0 
0 
0 
0 
0 
0 
0 
0 
0 
0 
0 
0 
0 
0 
0 
0 
0 
0 
0 
0 
0 
0 
0 
0 
0 
0 
0 
0 
0 
0 
0 
0 
0 
0 
0 
0 
0 
0 
0 
0 
0 
0 
0 
0 
0 
0 
0 
0 
0 
0 
0 
0 
0 
0 
0 
0 
0 
0 
0 
0 
0 
0 
0 
0 
0 
0 
0 
0 
0 
0 
0 
0 
0 
0 
0 
0 
0 
0 
0 
0 
0 
0 
0 
0 
0 
0 
0 
0 
0 
0 
0 
0 
0 
0 
0 
0 
0 
0 
0 
0 
0 
0 
0 
0 
0 
0 
0 
0 
0 
0 
0 
0 
0 
0 
0 
0 
0 
0 
0 
0 
0 
0 
0 
0 
0 
0 
0 
0 
0 
0 
0 
0 
0 
0 
0 
0 
0 
0 
0 
0 
0 
0 
0 
0 
0 
0 
0 
0 
0 
0 
0 
0 
0 
0 
0 
0 
0 
0 
0 
0 
0 
0 
0 
0 
0 
0 
0 
0 
0 
0 
0 
0 
0 
0 
0 
0 
0 
0 
0 
0 
0 
0 
0 
0 
0 
0 
0 
0 
0 
0 
0 
0 
0 
0 
0 
0 
0 
0 
0 
0 
0 
0 
0 
0 
0 
0 
0 
0 
0 
0 
0 
0 
0 
0 
0 
0 
0 
0 
0 
0 
0 
0 
0 
0 
0 
0 
0 
0 
0 
0 
0 
0 
0 
0 
0 
0 
0 
0 
0 
0 
0 
0 
0 
0 
0 
0 
0 
0 
0 
0 
0 
0 
0 
0 
0 
0 
0 
0 
0 
0 
0 
0 
0 
0 
0 
0 
0 
0 
0 
0 
0 
0 
0 
0 
0 
0 
0 
0 
0 
0 
0 
0 
0 
0 
0 
0 
0 
0 
0 
0 
0 
0 
0 
0 
0 
0 
0 
0 
0 
0 
0 
0 
0 
0 
0 
0 
0 
0 
0 
0 
0 
0 
0 
0 
0 
0 
0 
0 
0 
0 
0 
0 
0 
0 
0 
0 
0 
0 
0 
0 
0 
0 
0 
0 
0 
0 
0 
0 
0 
0 
0 
0 
0 
0 
0 
0 
0 
0 
0 
0 
0 
0 
0 
0 
0 
0 
0 
0 
0 
0 
0 
0 
0 
0 
0 
0 
0 
0 
0 
0 
0 
0 
0 
0 
0 
0 
0 
0 
0 
0 
0 
0 
0 
0 
0 
0 
0 
0 
0 
0 
0 
0 
0 
0 
0 
0 
0 
0 
0 
0 
0 
0 
0 
0 
0 
0 
0 
0 
0 
0 
0 
0 
0 
0 
0 
0 
0 
0 
0 
0 
0 
0 
0 
0 
0 
0 
0 
0 
0 
0 
0 
0 
0 
0 
0 
0 
0 
0 
0 
0 
0 
0 
0 
0 
0 
0 
0 
0 
0 
0 
0 
0 
0 
0 
0 
0 
0 
0 
0 
0 
0 
0 
0 
0 
0 
0 
0 
0 
0 
0 
0 
0 
0 
0 
0 
0 
0 
0 
0 
0 
0 
0 
0 
0 
0 
0 
0 
0 
0 
0 
0 
0 
0 
0 
0 
0 
0 
0 
0 
0 
0 
0 
0 
0 
0 
0 
0 
0 
0 
0 
0 
0 
0 
0 
0 
0 
0 
0 
0 
0 
0 
0 
0 
0 
0 
0 
0 
0 
0 
0 
0 
0 
0 
0 
0 
0 
0 
0 
0 
0 
0 
0 
0 
0 
0 
0 
0 
0 
0 
0 
0 
0 
0 
0 
0 
0 
0 
0 
0 
0 
0 
0 
0 
0 
0 
0 
0 
0 
0 
0 
0 
0 
0 
0 
0 
0 
0 
0 
0 
0 
0 
0 
0 
0 
0 
0 
0 
0 
0 
0 
0 
0 
0 
0 
0 
0 
0 
0 
0 
0 
0 
0 
0 
0 
0 
0 
0 
0 
0 
0 
0 
0 
0 
0 
0 
0 
0 
0 
0 
0 
0 
0 
0 
0 
0 
0 
0 
0 
0 
0 
0 
0 
0 
0 
0 
0 
0 
0 
0 
0 
0 
0 
0 
0 
0 
0 
0 
0 
0 
0 
0 
0 
0 
0 
0 
0 
0 
0 
0 
0 
0 
0 
0 
0 
0 
0 
0 
0 
0 
0 
0 
0 
0 
0 
0 
0 
0 
0 
0 
0 
0 
0 
0 
0 
0 
0 
0 
0 
0 
0 
0 
0 
0 
0 
0 
0 
0 
0 
0 
0 
0 
0 
0 
0 
0 
0 
0 
0 
0 
0 
0 
0 
0 
0 
0 
0 
0 
0 
0 
0 
0 
0 
0 
0 
0 
0 
0 
0 
0 
0 
0 
0 
0 
0 
0 
0 
0 
0 
0 
0 
0 
0 
0 
0 
0 
0 
0 
0 
0 
0 
0 
0 
0 
0 
0 
0 
0 
0 
0 
0 
0 
0 
0 
0 
0 
0 
0 
0 
0 
0 
0 
0 
0 
0 
0 
0 
0 
0 
0 
0 
0 
0 
0 
0 
0 
0 
0 
0 
0 
0 
0 
0 
0 
0 
0 
0 
0 
0 
0 
0 
0 
0 
0 
0 
0 
0 
0 
0 
0 
0 
0 
0 
0 
0 
0 
0 
0 
0 
0 
0 
0 
0 
0 
0 
0 
0 
0 
0 
0 
0 
0 
0 
0 
0 
0 
0 
0 
0 
0 
0 
0 
0 
0 
0 
0 
0 
0 
0 
0 
0 
0 
0 
0 
0 
0 
0 
0 
0 
0 
0 
0 
0 
0 
0 
0 
0 
0 
0 
0 
0 
0 
0 
0 
0 
0 
0 
0 
0 
0 
0 
0 
0 
0 
0 
0 
0 
0 
0 
0 
0 
0 
0 
0 
0 
0 
0 
0 
0 
0 
0 
0 
0 
0 
0 
0 
0 
0 
0 
0 
0 
0 
0 
0 
0 
0 
0 
0 
0 
0 
0 
0 
0 
0 
0 
0 
0 
0 
0 
0 
0 
0 
0 
0 
0 
0 
0 
0 
0 
0 
0 
0 
0 
0 
0 
0 
0 
0 
0 
0 
0 
0 
0 
0 
0 
0 
0 
0 
0 
0 
0 
0 
0 
0 
0 
0 
0 
0 
0 
0 
0 
0 
0 
0 
0 
0 
0 
0 
0 
0 
0 
0 
0 
0 
0 
0 
0 
0 
0 
0 
0 
0 
0 
0 
0 
0 
0 
0 
0 
0 
0 
0 
0 
0 
0 
0 
0 
0 
0 
0 
0 
0 
0 
0 
0 
0 
0 
0 
0 
0 
0 
0 
0 
0 
0 
0 
0 
0 
0 
0 
0 
0 
0 
0 
0 
0 
0 
0 
0 
0 
0 
0 
0 
0 
0 
0 
0 
0 
0 
0 
0 
0 
0 
0 
0 
0 
0 
0 
0 
0 
0 
0 
0 
0 
0 
0 
0 
0 
0 
0 
0 
0 
0 
0 
0 
0 
0 
0 
0 
0 
0 
0 
0 
0 
0 
0 
0 
0 
0 
0 
0 
0 
0 
0 
0 
0 
0 
0 
0 
0 
0 
0 
0 
0 
0 
0 
0 
0 
0 
0 
0 
0 
0 
0 
0 
0 
0 
0 
0 
0 
0 
0 
0 
0 
0 
0 
0 
0 
0 
0 
0 
0 
0 
0 
0 
0 
0 
0 
0 
0 
0 
0 
0 
0 
0 
0 
0 
0 
0 
0 
0 
0 
0 
0 
0 
0 
0 
0 
0 
0 
0 
0 
0 
0 
0 
0 
0 
0 
0 
0 
0 
0 
0 
0 
0 
0 
0 
0 
0 
0 
0 
0 
0 
0 
0 
0 
0 
0 
0 
0 
0 
0 
0 
0 
0 
0 
0 
0 
0 
0 
0 
0 
0 
0 
0 
0 
0 
0 
0 
0 
0 
0 
0 
0 
0 
0 
0 
0 
0 
0 
0 
0 
0 
0 
0 
0 
0 
0 
0 
0 
0 
0 
0 
0 
0 
0 
0 
0 
0 
0 
0 
0 
0 
0 
0 
0 
0 
0 
0 
0 
0 
0 
0 
0 
0 
0 
0 
0 
0 
0 
0 
0 
0 
0 
0 
0 
0 
0 
0 
0 
0 
0 
0 
0 
0 
0 
0 
0 
0 
0 
0 
0 
0 
0 
0 
0 
0 
0 
0 
0 
0 
0 
0 
0 
0 
0 
0 
0 
0 
0 
0 
0 
0 
0 
0 
0 
0 
0 
0 
0 
0 
0 
0 
0 
0 
0 
0 
0 
0 
0 
0 
0 
0 
0 
0 
0 
0 
0 
0 
0 
0 
0 
0 
0 
0 
0 
0 
0 
0 
0 
0 
0 
0 
0 
0 
0 
0 
0 
0 
0 
0 
0 
0 
0 
0 
0 
0 
0 
0 
0 
0 
0 
0 
0 
0 
0 
0 
0 
0 
0 
0 
0 
0 
0 
0 
0 
0 
0 
0 
0 
0 
0 
0 
0 
0 
0 
0 
0 
0 
0 
0 
0 
0 
0 
0 
0 
0 
0 
0 
0 
0 
0 
0 
0 
0 
0 
0 
0 
0 
0 
0 
0 
0 
0 
0 
0 
0 
0 
0 
0 
0 
0 
0 
0 
0 
0 
0 
0 
0 
0 
0 
0 
0 
0 
0 
0 
0 
0 
0 
0 
0 
0 
0 
0 
0 
0 
0 
0 
0 
0 
0 
0 
0 
0 
0 
0 
0 
0 
0 
0 
0 
0 
0 
0 
0 
0 
0 
0 
0 
0 
0 
0 
0 
0 
0 
0 
0 
0 
0 
0 
0 
0 
0 
0 
0 
0 
0 
0 
0 
0 
0 
0 
0 
0 
0 
0 
0 
0 
0 
0 
0 
0 
0 
0 
0 
0 
0 
0 
0 
0 
0 
0 
0 
0 
0 
0 
0 
0 
0 
0 
0 
0 
0 
0 
0 
0 
0 
0 
0 
0 
0 
0 
0 
0 
0 
0 
0 
0 
0 
0 
0 
0 
0 
0 
0 
0 
0 
0 
0 
0 
0 
0 
0 
0 
0 
0 
0 
0 
0 
0 
0 
0 
0 
0 
0 
0 
0 
0 
0 
0 
0 
0 
0 
0 
0 
0 
0 
0 
0 
0 
0 
0 
0 
0 
0 
0 
0 
0 
0 
0 
0 
0 
0 
0 
0 
0 
0 
0 
0 
0 
0 
0 
0 
0 
0 
0 
0 
0 
0 
0 
0 
0 
0 
0 
0 
0 
0 
0 
0 
0 
0 
0 
0 
0 
0 
0 
0 
0 
0 
0 
0 
0 
0 
0 
0 
0 
0 
0 
0 
0 
0 
0 
0 
0 
0 
0 
0 
0 
0 
0 
0 
0 
0 
0 
0 
0 
0 
0 
0 
0 
0 
0 
0 
0 
0 
0 
0 
0 
0 
0 
0 
0 
0 
0 
0 
0 
0 
0 
0 
0 
0 
0 
0 
0 
0 
0 
0 
0 
0 
0 
0 
0 
0 
0 
0 
0 
0 
0 
0 
0 
0 
0 
0 
0 
0 
0 
0 
0 
0 
0 
0 
0 
0 
0 
0 
0 
0 
0 
0 
0 
0 
0 
0 
0 
0 
0 
0 
0 
0 
0 
0 
0 
0 
0 
0 
0 
0 
0 
0 
0 
0 
0 
0 
0 
0 
0 
0 
0 
0 
0 
0 
0 
0 
0 
0 
0 
0 
0 
0 
0 
0 
0 
0 
0 
0 
0 
0 
0 
0 
0 
0 
0 
0 
0 
0 
0 
0 
0 
0 
0 
0 
0 
0 
0 
0 
0 
0 
0 
0 
0 
0 
0 
0 
0 
0 
0 
0 
0 
0 
0 
0 
0 
0 
0 
0 
0 
0 
0 
0 
0 
0 
0 
0 
0 
0 
0 
0 
0 
0 
0 
0 
0 
0 
0 
0 
0 
0 
0 
0 
0 
0 
0 
0 
0 
0 
0 
0 
0 
0 
0 
0 
0 
0 
0 
0 
0 
0 
0 
0 
0 
0 
0 
0 
0 
0 
0 
0 
0 
0 
0 
0 
0 
0 
0 
0 
0 
0 
0 
0 
0 
0 
0 
0 
0 
0 
0 
0 
0 
0 
0 
0 
0 
0 
0 
0 
0 
0 
0 
0 
0 
0 
0 
0 
0 
0 
0 
0 
0 
0 
0 
0 
0 
0 
0 
0 
0 
0 
0 
0 
0 
0 
0 
0 
0 
0 
0 
0 
0 
0 
0 
0 
0 
0 
0 
0 
0 
0 
0 
0 
0 
0 
0 
0 
0 
0 
0 
0 
0 
0 
0 
0 
0 
0 
0 
0 
0 
0 
0 
0 
0 
0 
0 
0 
0 
0 
0 
0 
0 
0 
0 
0 
0 
0 
0 
0 
0 
0 
0 
0 
0 
0 
0 
0 
0 
0 
0 
0 
0 
0 
0 
0 
0 
0 
0 
0 
0 
0 
0 
0 
0 
0 
0 
0 
0 
0 
0 
0 
0 
0 
0 
0 
0 
0 
0 
0 
0 
0 
0 
0 
0 
0 
0 
0 
0 
0 
0 
0 
0 
0 
0 
0 
0 
0 
0 
0 
0 
0 
0 
0 
0 
0 
0 
0 
0 
0 
0 
0 
0 
0 
0 
0 
0 
0 
0 
0 
0 
0 
0 
0 
0 
0 
0 
0 
0 
0 
0 
0 
0 
0 
0 
0 
0 
0 
0 
0 
0 
0 
0 
0 
0 
0 
0 
0 
0 
0 
0 
0 
0 
0 
0 
0 
0 
0 
0 
0 
0 
0 
0 
0 
0 
0 
0 
0 
0 
0 
0 
0 
0 
0 
0 
0 
0 
0 
0 
0 
0 
0 
0 
0 
0 
0 
0 
0 
0 
0 
0 
0 
0 
0 
0 
0 
0 
0 
0 
0 
0 
0 
0 
0 
0 
0 
0 
0 
0 
0 
0 
0 
0 
0 
0 
0 
0 
0 
0 
0 
0 
0 
0 
0 
0 
0 
0 
0 
0 
0 
0 
0 
0 
0 
0 
0 
0 
0 
0 
0 
0 
0 
0 
0 
0 
0 
0 
0 
0 
0 
0 
0 
0 
0 
0 
0 
0 
0 
0 
0 
0 
0 
0 
0 
0 
0 
0 
0 
0 
0 
0 
0 
0 
0 
0 
0 
0 
0 
0 
0 
0 
0 
0 
0 
0 
0 
0 
0 
0 
0 
0 
0 
0 
0 
0 
0 
0 
0 
0 
0 
0 
0 
0 
0 
0 
0 
0 
0 
0 
0 
0 
0 
0 
0 
0 
0 
0 
0 
0 
0 
0 
0 
0 
0 
0 
0 
0 
0 
0 
0 
0 
0 
0 
0 
0 
0 
0 
0 
0 
0 
0 
0 
0 
0 
0 
0 
0 
0 
0 
0 
0 
0 
0 
0 
0 
0 
0 
0 
0 
0 
0 
0 
0 
0 
0 
0 
0 
0 
0 
0 
0 
0 
0 
0 
0 
0 
0 
0 
0 
0 
0 
0 
0 
0 
0 
0 
0 
0 
0 
0 
0 
0 
0 
0 
0 
0 
0 
0 
0 
0 
0 
0 
0 
0 
0 
0 
0 
0 
0 
0 
0 
0 
0 
0 
0 
0 
0 
0 
0 
0 
0 
0 
0 
0 
0 
0 
0 
0 
0 
0 
0 
0 
0 
0 
0 
0 
0 
0 
0 
0 
0 
0 
0 
0 
0 
0 
0 
0 
0 
0 
0 
0 
0 
0 
0 
0 
0 
0 
0 
0 
0 
0 
0 
0 
0 
0 
0 
0 
0 
0 
0 
0 
0 
0 
0 
0 
0 
0 
0 
0 
0 
0 
0 
0 
0 
0 
0 
0 
0 
0 
0 
0 
0 
0 
0 
0 
0 
0 
0 
0 
0 
0 
0 
0 
0 
0 
0 
0 
0 
0 
0 
0 
0 
0 
0 
0 
