5.182647e-224 
1.015360e-232 
5.008779e-226 
3.478709e-234 
5.470935e-230 
6.216094e-230 
3.612395e-231 
2.487491e-226 
5.520855e-225 
2.550416e-222 
4.298580e-231 
2.384790e-221 
5.923268e-226 
5.287237e-230 
2.094486e-227 
5.602312e-221 
9.384163e-229 
1.048119e-223 
2.777642e-228 
1.185955e-223 
1.300076e-222 
2.883116e-226 
1.301768e-224 
9.833695e-229 
1.556146e-227 
3.450220e-226 
1.296650e-230 
7.082424e-227 
2.647465e-226 
7.128109e-223 
average=2.824348e-222 
std=0 
best=3.478709e-234 
