2.280763e+03 
1.320995e+03 
1.320995e+03 
1.165658e+03 
1.165658e+03 
1.165658e+03 
1.156413e+03 
9.622792e+02 
9.622792e+02 
9.622792e+02 
9.231769e+02 
9.231769e+02 
9.231769e+02 
9.231769e+02 
9.231769e+02 
9.231769e+02 
8.350539e+02 
8.350539e+02 
8.350539e+02 
8.350539e+02 
8.350539e+02 
8.350539e+02 
6.528878e+02 
6.528878e+02 
6.528878e+02 
6.528878e+02 
6.528878e+02 
6.528878e+02 
6.528878e+02 
6.528878e+02 
6.528878e+02 
6.528878e+02 
6.528878e+02 
6.528878e+02 
6.528878e+02 
6.528878e+02 
6.528878e+02 
6.528878e+02 
6.528878e+02 
6.519326e+02 
6.519326e+02 
6.519326e+02 
6.519326e+02 
6.519326e+02 
6.519326e+02 
6.519326e+02 
4.726511e+02 
4.726511e+02 
4.726511e+02 
4.726511e+02 
4.726511e+02 
4.726511e+02 
4.726511e+02 
4.726511e+02 
4.726511e+02 
4.726511e+02 
4.726511e+02 
4.726511e+02 
4.726511e+02 
4.726511e+02 
4.726511e+02 
4.726511e+02 
4.726511e+02 
4.726511e+02 
4.726511e+02 
4.726511e+02 
4.726511e+02 
4.726511e+02 
4.726511e+02 
4.726511e+02 
4.726511e+02 
4.726511e+02 
4.726511e+02 
4.726511e+02 
4.726511e+02 
4.726511e+02 
4.726511e+02 
4.726511e+02 
4.726511e+02 
4.726511e+02 
4.726511e+02 
4.726511e+02 
4.726511e+02 
4.726511e+02 
4.726511e+02 
4.726511e+02 
4.726511e+02 
4.726511e+02 
4.726511e+02 
4.726511e+02 
4.726511e+02 
4.726511e+02 
4.726511e+02 
4.726511e+02 
4.726511e+02 
4.726511e+02 
4.726511e+02 
4.726511e+02 
4.726511e+02 
4.726511e+02 
4.726511e+02 
4.726511e+02 
4.726511e+02 
4.726511e+02 
4.726511e+02 
4.726511e+02 
4.726511e+02 
4.726511e+02 
4.726511e+02 
4.726511e+02 
4.726511e+02 
4.726511e+02 
4.726511e+02 
4.726511e+02 
4.726511e+02 
4.726511e+02 
4.726511e+02 
4.726511e+02 
4.726511e+02 
4.726511e+02 
4.726511e+02 
4.726511e+02 
4.726511e+02 
4.726511e+02 
4.726511e+02 
4.726511e+02 
4.726511e+02 
4.726511e+02 
4.726511e+02 
4.726511e+02 
4.726511e+02 
4.726511e+02 
4.726511e+02 
4.726511e+02 
4.726511e+02 
4.726511e+02 
4.726511e+02 
4.726511e+02 
4.726511e+02 
4.726511e+02 
4.726511e+02 
4.726511e+02 
4.726511e+02 
4.726511e+02 
4.726511e+02 
4.726511e+02 
4.726511e+02 
4.726511e+02 
4.726511e+02 
4.726511e+02 
4.726511e+02 
4.726511e+02 
4.726511e+02 
4.726511e+02 
4.726511e+02 
4.726511e+02 
4.726511e+02 
4.726511e+02 
4.726511e+02 
4.726511e+02 
4.726511e+02 
4.726511e+02 
4.726511e+02 
4.726511e+02 
4.726511e+02 
4.726511e+02 
4.726511e+02 
4.726511e+02 
4.726511e+02 
4.726511e+02 
4.726511e+02 
4.726511e+02 
4.726511e+02 
4.726511e+02 
4.726511e+02 
4.726511e+02 
4.726511e+02 
4.726511e+02 
4.726511e+02 
4.726511e+02 
4.726511e+02 
4.726511e+02 
4.726511e+02 
4.726511e+02 
4.726511e+02 
4.726511e+02 
4.726511e+02 
4.726511e+02 
4.726511e+02 
4.726511e+02 
4.726511e+02 
4.726511e+02 
4.726511e+02 
4.726511e+02 
4.726511e+02 
4.726511e+02 
4.726511e+02 
4.726511e+02 
4.726511e+02 
4.726511e+02 
4.726511e+02 
4.726511e+02 
4.726511e+02 
4.726511e+02 
4.726511e+02 
4.726511e+02 
4.726511e+02 
4.726511e+02 
4.726511e+02 
4.726511e+02 
4.726511e+02 
4.726511e+02 
4.726511e+02 
4.726511e+02 
4.726511e+02 
4.726511e+02 
4.726511e+02 
4.726511e+02 
4.726511e+02 
4.726511e+02 
4.726511e+02 
4.726511e+02 
4.726511e+02 
4.726511e+02 
4.726511e+02 
4.726511e+02 
4.726511e+02 
4.726511e+02 
4.726511e+02 
4.726511e+02 
4.726511e+02 
4.726511e+02 
4.726511e+02 
4.726511e+02 
4.726511e+02 
4.726511e+02 
4.726511e+02 
4.726511e+02 
4.726511e+02 
4.726511e+02 
4.726511e+02 
4.726511e+02 
4.726511e+02 
4.726511e+02 
4.726511e+02 
4.726511e+02 
4.726511e+02 
4.726511e+02 
4.726511e+02 
4.726511e+02 
4.726511e+02 
4.726511e+02 
4.726511e+02 
4.726511e+02 
4.726511e+02 
4.726511e+02 
4.726511e+02 
4.726511e+02 
4.726511e+02 
4.726511e+02 
4.726511e+02 
4.726511e+02 
4.726511e+02 
4.726511e+02 
4.726511e+02 
4.726511e+02 
4.726511e+02 
4.726511e+02 
4.726511e+02 
4.726511e+02 
4.726511e+02 
4.726511e+02 
4.726511e+02 
4.726511e+02 
4.726511e+02 
4.726511e+02 
4.726511e+02 
4.726511e+02 
4.726511e+02 
4.726511e+02 
4.726511e+02 
4.726511e+02 
4.726511e+02 
4.726511e+02 
4.726511e+02 
4.726511e+02 
4.726511e+02 
4.726511e+02 
4.726511e+02 
4.726511e+02 
4.726511e+02 
4.726511e+02 
4.726511e+02 
4.726511e+02 
4.726511e+02 
4.559928e+02 
4.559928e+02 
4.559928e+02 
4.559928e+02 
4.559928e+02 
4.559928e+02 
4.559928e+02 
4.559928e+02 
4.559928e+02 
4.559928e+02 
4.559928e+02 
4.559928e+02 
4.559928e+02 
4.559928e+02 
4.559928e+02 
4.559928e+02 
4.559928e+02 
4.559928e+02 
4.559928e+02 
4.559928e+02 
4.559928e+02 
4.559928e+02 
4.559928e+02 
4.559928e+02 
4.559928e+02 
4.559928e+02 
4.559928e+02 
4.559928e+02 
4.559928e+02 
4.559928e+02 
4.559928e+02 
4.559928e+02 
4.559928e+02 
4.559928e+02 
4.559928e+02 
4.559928e+02 
4.559928e+02 
4.559928e+02 
4.559928e+02 
4.559928e+02 
4.559928e+02 
4.559928e+02 
4.559928e+02 
4.559928e+02 
4.559928e+02 
4.559928e+02 
4.559928e+02 
4.559928e+02 
4.559928e+02 
4.138966e+02 
4.138966e+02 
4.138966e+02 
4.138966e+02 
4.138966e+02 
4.138966e+02 
4.138966e+02 
4.138966e+02 
4.138966e+02 
3.943492e+02 
3.943492e+02 
3.943492e+02 
3.943492e+02 
3.943492e+02 
3.943492e+02 
3.943492e+02 
3.943492e+02 
3.943492e+02 
3.943492e+02 
3.943492e+02 
3.943492e+02 
3.943492e+02 
3.943492e+02 
3.943492e+02 
3.943492e+02 
3.943492e+02 
3.943492e+02 
3.943492e+02 
3.943492e+02 
3.943492e+02 
3.943492e+02 
3.943492e+02 
3.943492e+02 
3.943492e+02 
3.943492e+02 
3.943492e+02 
3.943492e+02 
3.943492e+02 
3.943492e+02 
3.943492e+02 
3.943492e+02 
3.943492e+02 
3.943492e+02 
3.943492e+02 
3.943492e+02 
3.943492e+02 
3.943492e+02 
3.943492e+02 
3.943492e+02 
3.943492e+02 
3.943492e+02 
3.943492e+02 
3.943492e+02 
3.943492e+02 
3.943492e+02 
3.943492e+02 
3.943492e+02 
3.943492e+02 
3.943492e+02 
3.943492e+02 
3.943492e+02 
3.943492e+02 
3.943492e+02 
3.943492e+02 
3.943492e+02 
3.943492e+02 
3.943492e+02 
3.943492e+02 
3.943492e+02 
3.943492e+02 
3.943492e+02 
3.943492e+02 
3.943492e+02 
3.943492e+02 
3.943492e+02 
3.943492e+02 
3.943492e+02 
3.943492e+02 
3.943492e+02 
3.943492e+02 
3.943492e+02 
3.943492e+02 
3.943492e+02 
3.943492e+02 
3.943492e+02 
3.461493e+02 
3.461493e+02 
3.461493e+02 
3.461493e+02 
3.461493e+02 
3.461493e+02 
3.461493e+02 
3.461493e+02 
3.461493e+02 
3.461493e+02 
3.461493e+02 
3.461493e+02 
3.461493e+02 
3.461493e+02 
3.461493e+02 
3.461493e+02 
3.461493e+02 
3.461493e+02 
3.461493e+02 
3.461493e+02 
3.461493e+02 
3.461493e+02 
3.461493e+02 
3.461493e+02 
3.461493e+02 
3.461493e+02 
3.461493e+02 
3.461493e+02 
3.461493e+02 
3.461493e+02 
3.461493e+02 
3.461493e+02 
3.461493e+02 
3.461493e+02 
3.461493e+02 
3.461493e+02 
3.461493e+02 
3.461493e+02 
3.461493e+02 
3.461493e+02 
3.461493e+02 
3.461493e+02 
3.461493e+02 
3.461493e+02 
3.461493e+02 
3.461493e+02 
3.461493e+02 
3.461493e+02 
3.461493e+02 
3.461493e+02 
3.461493e+02 
3.461493e+02 
3.461493e+02 
3.461493e+02 
3.461493e+02 
3.461493e+02 
3.461493e+02 
3.461493e+02 
3.461493e+02 
3.461493e+02 
3.461493e+02 
3.461493e+02 
3.461493e+02 
3.461493e+02 
3.461493e+02 
3.461493e+02 
3.461493e+02 
3.461493e+02 
3.461493e+02 
3.461493e+02 
3.461493e+02 
3.461493e+02 
3.461493e+02 
3.461493e+02 
3.461493e+02 
3.461493e+02 
3.461493e+02 
3.461493e+02 
3.461493e+02 
3.461493e+02 
3.461493e+02 
3.461493e+02 
3.461493e+02 
3.461493e+02 
3.461493e+02 
3.461493e+02 
3.461493e+02 
3.461493e+02 
3.461493e+02 
3.461493e+02 
3.461493e+02 
3.461493e+02 
3.461493e+02 
3.461493e+02 
3.461493e+02 
3.461493e+02 
3.461493e+02 
3.461493e+02 
3.461493e+02 
3.461493e+02 
3.461493e+02 
3.461493e+02 
3.461493e+02 
3.461493e+02 
3.461493e+02 
3.461493e+02 
3.461493e+02 
3.461493e+02 
3.461493e+02 
3.461493e+02 
3.461493e+02 
3.461493e+02 
3.461493e+02 
3.461493e+02 
3.461493e+02 
3.461493e+02 
3.461493e+02 
3.461493e+02 
3.461493e+02 
3.461493e+02 
3.461493e+02 
3.461493e+02 
3.461493e+02 
3.461493e+02 
3.461493e+02 
3.461493e+02 
3.461493e+02 
3.461493e+02 
3.461493e+02 
3.461493e+02 
3.461493e+02 
3.461493e+02 
3.461493e+02 
3.461493e+02 
3.461493e+02 
3.461493e+02 
3.461493e+02 
3.461493e+02 
3.461493e+02 
3.461493e+02 
3.461493e+02 
3.461493e+02 
3.461493e+02 
3.461493e+02 
3.461493e+02 
3.461493e+02 
3.461493e+02 
3.461493e+02 
3.461493e+02 
3.461493e+02 
3.461493e+02 
3.461493e+02 
3.461493e+02 
3.461493e+02 
3.461493e+02 
3.461493e+02 
3.461493e+02 
3.461493e+02 
3.461493e+02 
3.461493e+02 
3.461493e+02 
3.461493e+02 
3.461493e+02 
3.461493e+02 
3.461493e+02 
3.461493e+02 
3.461493e+02 
3.461493e+02 
3.461493e+02 
3.461493e+02 
3.461493e+02 
3.461493e+02 
3.461493e+02 
3.461493e+02 
3.461493e+02 
3.461493e+02 
3.461493e+02 
3.461493e+02 
3.461493e+02 
3.461493e+02 
3.461493e+02 
3.461493e+02 
3.461493e+02 
3.461493e+02 
3.461493e+02 
3.461493e+02 
3.461493e+02 
3.461493e+02 
3.461493e+02 
3.461493e+02 
3.461493e+02 
3.461493e+02 
3.461493e+02 
3.461493e+02 
3.461493e+02 
3.461493e+02 
3.461493e+02 
3.461493e+02 
3.461493e+02 
3.461493e+02 
3.461493e+02 
3.461493e+02 
3.461493e+02 
3.461493e+02 
3.461493e+02 
3.461493e+02 
3.461493e+02 
3.461493e+02 
3.461493e+02 
3.461493e+02 
3.461493e+02 
3.461493e+02 
3.461493e+02 
3.461493e+02 
3.461493e+02 
3.461493e+02 
3.461493e+02 
3.461493e+02 
3.461493e+02 
3.461493e+02 
3.461493e+02 
3.461493e+02 
3.461493e+02 
3.461493e+02 
3.461493e+02 
3.461493e+02 
3.461493e+02 
3.461493e+02 
3.461493e+02 
3.461493e+02 
3.461493e+02 
3.461493e+02 
3.461493e+02 
3.461493e+02 
3.461493e+02 
3.461493e+02 
3.461493e+02 
3.461493e+02 
3.461493e+02 
3.461493e+02 
3.461493e+02 
3.461493e+02 
3.461493e+02 
3.461493e+02 
3.461493e+02 
3.461493e+02 
3.461493e+02 
3.461493e+02 
3.461493e+02 
3.461493e+02 
3.461493e+02 
3.461493e+02 
3.461493e+02 
3.461493e+02 
3.461493e+02 
3.461493e+02 
3.461493e+02 
3.461493e+02 
3.461493e+02 
3.461493e+02 
3.461493e+02 
3.461493e+02 
3.461493e+02 
3.461493e+02 
3.461493e+02 
3.461493e+02 
3.461493e+02 
3.461493e+02 
3.461493e+02 
3.304984e+02 
3.304984e+02 
3.304984e+02 
3.304984e+02 
3.304984e+02 
3.304984e+02 
3.304984e+02 
3.304984e+02 
3.304984e+02 
3.304984e+02 
3.304984e+02 
3.304984e+02 
3.304984e+02 
3.304984e+02 
3.304984e+02 
3.304984e+02 
3.304984e+02 
3.304984e+02 
3.304984e+02 
3.304984e+02 
3.304984e+02 
3.304984e+02 
3.304984e+02 
3.304984e+02 
3.304984e+02 
3.304984e+02 
3.304984e+02 
3.304984e+02 
3.304984e+02 
3.304984e+02 
3.304984e+02 
3.304984e+02 
3.304984e+02 
3.304984e+02 
3.304984e+02 
3.304984e+02 
3.304984e+02 
3.304984e+02 
3.304984e+02 
3.304984e+02 
3.304984e+02 
3.304984e+02 
3.304984e+02 
3.304984e+02 
3.304984e+02 
3.304984e+02 
3.304984e+02 
3.304984e+02 
3.304984e+02 
3.304984e+02 
3.304984e+02 
3.304984e+02 
3.304984e+02 
3.304984e+02 
3.304984e+02 
3.304984e+02 
3.304984e+02 
3.304984e+02 
3.304984e+02 
3.304984e+02 
3.304984e+02 
3.304984e+02 
3.304984e+02 
3.304984e+02 
3.304984e+02 
3.304984e+02 
3.304984e+02 
3.304984e+02 
3.304984e+02 
3.304984e+02 
3.304984e+02 
3.304984e+02 
3.304984e+02 
3.304984e+02 
3.304984e+02 
3.304984e+02 
3.304984e+02 
3.304984e+02 
3.304984e+02 
3.304984e+02 
3.304984e+02 
3.304984e+02 
3.304984e+02 
3.304984e+02 
3.304984e+02 
3.304984e+02 
3.304984e+02 
3.304984e+02 
3.304984e+02 
3.304984e+02 
3.304984e+02 
3.304984e+02 
3.304984e+02 
3.304984e+02 
3.304984e+02 
3.304984e+02 
3.304984e+02 
3.304984e+02 
3.304984e+02 
3.304984e+02 
3.304984e+02 
3.304984e+02 
3.304984e+02 
3.304984e+02 
3.304984e+02 
3.304984e+02 
3.304984e+02 
3.304984e+02 
3.304984e+02 
3.304984e+02 
3.304984e+02 
3.304984e+02 
3.304984e+02 
3.304984e+02 
3.304984e+02 
3.304984e+02 
3.304984e+02 
3.304984e+02 
3.304984e+02 
3.304984e+02 
3.304984e+02 
3.304984e+02 
3.304984e+02 
3.304984e+02 
3.304984e+02 
3.304984e+02 
3.304984e+02 
3.304984e+02 
2.404118e+02 
2.404118e+02 
2.404118e+02 
2.404118e+02 
2.404118e+02 
2.404118e+02 
2.404118e+02 
2.404118e+02 
2.404118e+02 
2.404118e+02 
2.404118e+02 
2.404118e+02 
2.404118e+02 
2.404118e+02 
2.404118e+02 
2.404118e+02 
2.404118e+02 
2.404118e+02 
2.404118e+02 
2.404118e+02 
2.404118e+02 
2.404118e+02 
2.404118e+02 
2.404118e+02 
2.404118e+02 
2.404118e+02 
2.404118e+02 
2.404118e+02 
2.404118e+02 
2.404118e+02 
2.404118e+02 
2.404118e+02 
2.404118e+02 
2.404118e+02 
2.404118e+02 
2.404118e+02 
2.404118e+02 
2.404118e+02 
2.404118e+02 
2.404118e+02 
2.404118e+02 
2.404118e+02 
2.404118e+02 
2.404118e+02 
2.404118e+02 
2.404118e+02 
2.404118e+02 
2.404118e+02 
2.404118e+02 
2.404118e+02 
2.258254e+02 
2.258254e+02 
2.258254e+02 
2.258254e+02 
2.258254e+02 
2.258254e+02 
2.258254e+02 
2.258254e+02 
2.258254e+02 
2.258254e+02 
2.258254e+02 
2.258254e+02 
2.258254e+02 
2.258254e+02 
2.258254e+02 
2.258254e+02 
2.258254e+02 
2.258254e+02 
2.258254e+02 
2.258254e+02 
2.258254e+02 
2.258254e+02 
2.258254e+02 
2.258254e+02 
2.258254e+02 
2.258254e+02 
2.258254e+02 
2.258254e+02 
2.258254e+02 
2.258254e+02 
2.258254e+02 
2.258254e+02 
2.258254e+02 
2.258254e+02 
2.258254e+02 
2.258254e+02 
2.258254e+02 
2.258254e+02 
2.258254e+02 
2.258254e+02 
2.258254e+02 
2.258254e+02 
2.258254e+02 
2.258254e+02 
2.258254e+02 
2.258254e+02 
2.258254e+02 
2.258254e+02 
2.258254e+02 
1.242105e+02 
1.242105e+02 
1.242105e+02 
1.242105e+02 
1.242105e+02 
1.242105e+02 
1.242105e+02 
1.242105e+02 
1.242105e+02 
1.242105e+02 
1.242105e+02 
1.242105e+02 
1.242105e+02 
1.242105e+02 
1.242105e+02 
1.242105e+02 
1.242105e+02 
1.242105e+02 
1.242105e+02 
1.242105e+02 
1.242105e+02 
1.242105e+02 
1.242105e+02 
1.242105e+02 
1.242105e+02 
1.242105e+02 
1.242105e+02 
1.017071e+02 
1.017071e+02 
1.017071e+02 
1.017071e+02 
1.017071e+02 
1.017071e+02 
1.017071e+02 
1.017071e+02 
1.017071e+02 
1.017071e+02 
1.017071e+02 
1.017071e+02 
1.017071e+02 
1.017071e+02 
1.017071e+02 
1.017071e+02 
1.017071e+02 
1.017071e+02 
1.017071e+02 
1.017071e+02 
1.017071e+02 
1.017071e+02 
1.017071e+02 
1.017071e+02 
1.017071e+02 
1.017071e+02 
1.017071e+02 
1.017071e+02 
1.017071e+02 
1.017071e+02 
1.017071e+02 
1.017071e+02 
1.017071e+02 
1.017071e+02 
1.017071e+02 
1.017071e+02 
1.017071e+02 
1.017071e+02 
1.017071e+02 
1.017071e+02 
1.017071e+02 
1.017071e+02 
1.017071e+02 
1.017071e+02 
1.017071e+02 
1.017071e+02 
1.017071e+02 
1.017071e+02 
1.017071e+02 
1.017071e+02 
1.017071e+02 
1.017071e+02 
1.017071e+02 
1.017071e+02 
1.017071e+02 
1.017071e+02 
1.017071e+02 
1.017071e+02 
1.017071e+02 
1.017071e+02 
1.017071e+02 
1.017071e+02 
1.017071e+02 
1.017071e+02 
1.017071e+02 
1.017071e+02 
1.017071e+02 
1.017071e+02 
1.017071e+02 
1.017071e+02 
1.017071e+02 
1.017071e+02 
1.017071e+02 
1.017071e+02 
1.017071e+02 
1.017071e+02 
1.017071e+02 
1.017071e+02 
1.017071e+02 
1.017071e+02 
1.017071e+02 
1.017071e+02 
1.017071e+02 
1.017071e+02 
1.017071e+02 
1.017071e+02 
1.017071e+02 
1.017071e+02 
1.017071e+02 
1.017071e+02 
1.017071e+02 
1.017071e+02 
1.017071e+02 
1.017071e+02 
1.017071e+02 
1.017071e+02 
1.017071e+02 
1.017071e+02 
1.017071e+02 
1.017071e+02 
1.017071e+02 
1.017071e+02 
1.017071e+02 
1.017071e+02 
1.017071e+02 
1.017071e+02 
1.017071e+02 
1.017071e+02 
1.017071e+02 
1.017071e+02 
1.017071e+02 
1.017071e+02 
1.017071e+02 
1.017071e+02 
1.017071e+02 
1.017071e+02 
1.017071e+02 
1.017071e+02 
1.017071e+02 
1.017071e+02 
1.017071e+02 
1.017071e+02 
1.017071e+02 
1.017071e+02 
1.017071e+02 
1.017071e+02 
1.017071e+02 
1.017071e+02 
1.017071e+02 
1.017071e+02 
1.017071e+02 
1.017071e+02 
1.017071e+02 
1.017071e+02 
1.017071e+02 
1.017071e+02 
1.017071e+02 
1.017071e+02 
1.017071e+02 
1.017071e+02 
1.017071e+02 
1.017071e+02 
1.017071e+02 
1.017071e+02 
1.017071e+02 
1.017071e+02 
1.017071e+02 
1.017071e+02 
1.017071e+02 
1.017071e+02 
1.017071e+02 
1.017071e+02 
1.017071e+02 
1.017071e+02 
1.017071e+02 
1.017071e+02 
1.017071e+02 
1.017071e+02 
1.017071e+02 
1.017071e+02 
1.017071e+02 
1.017071e+02 
1.017071e+02 
1.017071e+02 
1.017071e+02 
1.017071e+02 
1.017071e+02 
1.017071e+02 
1.017071e+02 
1.017071e+02 
1.017071e+02 
1.017071e+02 
1.017071e+02 
1.017071e+02 
1.017071e+02 
1.017071e+02 
1.017071e+02 
1.017071e+02 
1.017071e+02 
1.017071e+02 
1.017071e+02 
1.017071e+02 
1.017071e+02 
1.017071e+02 
1.017071e+02 
1.017071e+02 
1.017071e+02 
1.017071e+02 
1.017071e+02 
1.017071e+02 
1.017071e+02 
1.017071e+02 
1.017071e+02 
1.017071e+02 
1.017071e+02 
1.017071e+02 
1.017071e+02 
1.017071e+02 
1.017071e+02 
1.017071e+02 
1.017071e+02 
1.017071e+02 
1.017071e+02 
1.017071e+02 
1.017071e+02 
1.017071e+02 
1.017071e+02 
1.017071e+02 
1.017071e+02 
1.017071e+02 
1.017071e+02 
1.017071e+02 
1.017071e+02 
1.017071e+02 
1.017071e+02 
1.017071e+02 
1.017071e+02 
1.017071e+02 
1.017071e+02 
1.017071e+02 
1.017071e+02 
1.017071e+02 
1.017071e+02 
1.017071e+02 
1.017071e+02 
1.017071e+02 
1.017071e+02 
1.017071e+02 
1.017071e+02 
1.017071e+02 
1.017071e+02 
1.017071e+02 
1.017071e+02 
1.017071e+02 
1.017071e+02 
1.017071e+02 
1.017071e+02 
1.017071e+02 
1.017071e+02 
1.017071e+02 
1.017071e+02 
1.017071e+02 
1.017071e+02 
1.017071e+02 
1.017071e+02 
1.017071e+02 
1.017071e+02 
1.017071e+02 
1.017071e+02 
1.017071e+02 
1.017071e+02 
1.017071e+02 
1.017071e+02 
1.017071e+02 
1.017071e+02 
1.017071e+02 
1.017071e+02 
1.017071e+02 
1.017071e+02 
1.017071e+02 
1.017071e+02 
1.017071e+02 
1.017071e+02 
1.017071e+02 
1.017071e+02 
1.017071e+02 
1.017071e+02 
1.017071e+02 
1.017071e+02 
1.017071e+02 
1.017071e+02 
1.017071e+02 
1.017071e+02 
1.017071e+02 
1.017071e+02 
1.017071e+02 
1.017071e+02 
1.017071e+02 
1.017071e+02 
1.017071e+02 
1.017071e+02 
1.017071e+02 
1.017071e+02 
1.017071e+02 
1.017071e+02 
1.017071e+02 
1.017071e+02 
1.017071e+02 
1.017071e+02 
1.017071e+02 
1.017071e+02 
1.017071e+02 
1.017071e+02 
1.017071e+02 
1.017071e+02 
1.017071e+02 
1.017071e+02 
1.017071e+02 
1.017071e+02 
1.017071e+02 
1.017071e+02 
1.017071e+02 
1.017071e+02 
1.017071e+02 
1.017071e+02 
1.017071e+02 
1.017071e+02 
1.017071e+02 
1.017071e+02 
1.017071e+02 
1.017071e+02 
1.017071e+02 
1.017071e+02 
1.017071e+02 
1.017071e+02 
1.017071e+02 
1.017071e+02 
1.017071e+02 
1.017071e+02 
1.017071e+02 
1.017071e+02 
1.017071e+02 
1.017071e+02 
1.017071e+02 
1.017071e+02 
1.017071e+02 
1.017071e+02 
1.017071e+02 
1.017071e+02 
1.017071e+02 
1.017071e+02 
1.017071e+02 
1.017071e+02 
1.017071e+02 
1.017071e+02 
1.017071e+02 
1.017071e+02 
1.017071e+02 
1.017071e+02 
1.017071e+02 
1.017071e+02 
1.017071e+02 
1.017071e+02 
1.017071e+02 
1.017071e+02 
1.017071e+02 
1.017071e+02 
1.017071e+02 
1.017071e+02 
1.017071e+02 
1.017071e+02 
1.017071e+02 
1.017071e+02 
1.017071e+02 
1.017071e+02 
1.017071e+02 
1.017071e+02 
1.017071e+02 
1.017071e+02 
9.901298e+01 
9.901298e+01 
9.901298e+01 
9.901298e+01 
9.901298e+01 
9.901298e+01 
9.901298e+01 
9.901298e+01 
9.901298e+01 
9.901298e+01 
9.901298e+01 
9.901298e+01 
9.901298e+01 
9.901298e+01 
9.901298e+01 
9.901298e+01 
9.901298e+01 
9.901298e+01 
9.901298e+01 
9.901298e+01 
9.901298e+01 
9.901298e+01 
9.901298e+01 
9.901298e+01 
9.901298e+01 
9.901298e+01 
9.901298e+01 
9.901298e+01 
9.901298e+01 
9.901298e+01 
9.755924e+01 
9.755924e+01 
9.755924e+01 
9.755924e+01 
9.755924e+01 
9.755924e+01 
9.755924e+01 
9.755924e+01 
9.755924e+01 
9.755924e+01 
9.755924e+01 
9.755924e+01 
9.755924e+01 
9.755924e+01 
9.755924e+01 
9.755924e+01 
9.755924e+01 
9.755924e+01 
9.755924e+01 
9.755924e+01 
9.197250e+01 
9.197250e+01 
9.197250e+01 
9.197250e+01 
9.197250e+01 
9.197250e+01 
9.197250e+01 
9.197250e+01 
9.197250e+01 
9.197250e+01 
9.197250e+01 
9.197250e+01 
9.197250e+01 
9.197250e+01 
9.197250e+01 
9.197250e+01 
9.197250e+01 
9.197250e+01 
9.197250e+01 
9.197250e+01 
9.197250e+01 
9.197250e+01 
9.197250e+01 
9.197250e+01 
9.197250e+01 
9.197250e+01 
9.197250e+01 
9.197250e+01 
9.197250e+01 
9.197250e+01 
9.197250e+01 
9.197250e+01 
9.197250e+01 
9.197250e+01 
9.197250e+01 
9.197250e+01 
9.197250e+01 
9.197250e+01 
9.197250e+01 
9.197250e+01 
9.197250e+01 
9.055761e+01 
9.055761e+01 
9.055761e+01 
9.055761e+01 
9.055761e+01 
9.055761e+01 
9.055761e+01 
9.055761e+01 
9.055761e+01 
9.055761e+01 
9.055761e+01 
9.055761e+01 
9.055761e+01 
9.055761e+01 
9.055761e+01 
9.055761e+01 
9.055761e+01 
9.055761e+01 
9.055761e+01 
9.055761e+01 
9.055761e+01 
9.055761e+01 
9.055761e+01 
9.055761e+01 
9.055761e+01 
9.055761e+01 
9.055761e+01 
9.055761e+01 
9.055761e+01 
9.055761e+01 
9.055761e+01 
9.055761e+01 
9.055761e+01 
9.055761e+01 
9.055761e+01 
9.055761e+01 
9.055761e+01 
9.055761e+01 
9.055761e+01 
9.055761e+01 
9.055761e+01 
9.055761e+01 
9.055761e+01 
9.055761e+01 
9.055761e+01 
9.055761e+01 
9.055761e+01 
9.055761e+01 
9.055761e+01 
9.055761e+01 
9.055761e+01 
9.055761e+01 
9.055761e+01 
9.055761e+01 
9.055761e+01 
9.055761e+01 
9.055761e+01 
9.055761e+01 
9.055761e+01 
9.055761e+01 
9.055761e+01 
9.055761e+01 
9.055761e+01 
9.055761e+01 
9.055761e+01 
9.055761e+01 
9.055761e+01 
9.055761e+01 
9.055761e+01 
9.055761e+01 
9.055761e+01 
9.055761e+01 
9.055761e+01 
9.055761e+01 
9.055761e+01 
9.055761e+01 
9.055761e+01 
9.055761e+01 
9.055761e+01 
9.055761e+01 
9.055761e+01 
9.055761e+01 
9.055761e+01 
9.055761e+01 
9.055761e+01 
9.055761e+01 
9.055761e+01 
9.055761e+01 
9.055761e+01 
9.055761e+01 
9.055761e+01 
9.055761e+01 
9.055761e+01 
9.055761e+01 
9.055761e+01 
9.055761e+01 
9.055761e+01 
9.055761e+01 
9.055761e+01 
9.055761e+01 
9.055761e+01 
9.055761e+01 
9.055761e+01 
8.789386e+01 
8.789386e+01 
8.789386e+01 
8.789386e+01 
8.789386e+01 
8.789386e+01 
8.789386e+01 
8.789386e+01 
8.789386e+01 
8.789386e+01 
8.789386e+01 
8.789386e+01 
8.789386e+01 
8.789386e+01 
8.789386e+01 
8.789386e+01 
8.789386e+01 
8.789386e+01 
8.789386e+01 
8.789386e+01 
8.789386e+01 
8.789386e+01 
8.789386e+01 
8.789386e+01 
8.789386e+01 
8.789386e+01 
8.789386e+01 
8.789386e+01 
8.789386e+01 
8.789386e+01 
8.789386e+01 
8.789386e+01 
8.789386e+01 
8.789386e+01 
8.789386e+01 
8.789386e+01 
8.789386e+01 
8.789386e+01 
8.789386e+01 
8.789386e+01 
8.789386e+01 
8.789386e+01 
8.789386e+01 
8.789386e+01 
8.789386e+01 
8.789386e+01 
8.789386e+01 
8.789386e+01 
8.789386e+01 
8.579283e+01 
8.579283e+01 
8.579283e+01 
8.579283e+01 
8.579283e+01 
8.579283e+01 
8.579283e+01 
8.579283e+01 
8.579283e+01 
8.579283e+01 
8.579283e+01 
8.579283e+01 
8.579283e+01 
8.579283e+01 
8.393868e+01 
8.393868e+01 
8.393868e+01 
8.393868e+01 
8.393868e+01 
8.393868e+01 
8.393868e+01 
8.393868e+01 
8.393868e+01 
8.393868e+01 
8.393868e+01 
8.393868e+01 
8.393868e+01 
8.393868e+01 
8.393868e+01 
8.393868e+01 
8.393868e+01 
8.393868e+01 
8.393868e+01 
8.393868e+01 
8.393868e+01 
8.393868e+01 
8.393868e+01 
8.393868e+01 
8.393868e+01 
8.393868e+01 
8.393868e+01 
8.393868e+01 
8.393868e+01 
8.393868e+01 
8.393868e+01 
8.393868e+01 
8.393868e+01 
8.393868e+01 
8.393868e+01 
8.393868e+01 
8.393868e+01 
8.393868e+01 
8.393868e+01 
8.393868e+01 
8.393868e+01 
8.393868e+01 
8.393868e+01 
8.393868e+01 
8.393868e+01 
8.393868e+01 
8.393868e+01 
8.393868e+01 
8.393868e+01 
8.359445e+01 
8.359445e+01 
8.359445e+01 
8.359445e+01 
8.359445e+01 
8.359445e+01 
8.359445e+01 
8.359445e+01 
8.359445e+01 
8.359445e+01 
8.359445e+01 
8.359445e+01 
8.359445e+01 
8.359445e+01 
8.358172e+01 
8.358172e+01 
8.358172e+01 
8.358172e+01 
8.358172e+01 
8.358172e+01 
8.358172e+01 
8.358172e+01 
8.358172e+01 
8.358172e+01 
8.357139e+01 
8.357139e+01 
8.357139e+01 
8.334059e+01 
8.334059e+01 
8.316313e+01 
8.316313e+01 
8.316313e+01 
8.316313e+01 
8.316313e+01 
8.316313e+01 
8.316313e+01 
8.316313e+01 
8.316313e+01 
8.316313e+01 
8.316313e+01 
8.316313e+01 
8.316313e+01 
8.316313e+01 
8.316313e+01 
8.316313e+01 
8.316313e+01 
8.316313e+01 
8.316313e+01 
8.316313e+01 
8.316313e+01 
8.316313e+01 
8.316313e+01 
8.316313e+01 
8.316313e+01 
8.316313e+01 
8.316313e+01 
8.316313e+01 
8.316313e+01 
8.316313e+01 
8.316313e+01 
8.315684e+01 
8.294668e+01 
8.294668e+01 
8.294668e+01 
8.294668e+01 
8.294668e+01 
8.294668e+01 
8.294668e+01 
8.289788e+01 
8.289788e+01 
8.289463e+01 
8.289463e+01 
8.289463e+01 
8.289463e+01 
8.281332e+01 
8.281332e+01 
8.281332e+01 
8.281332e+01 
8.281332e+01 
8.281332e+01 
8.281332e+01 
8.281332e+01 
8.281332e+01 
8.281332e+01 
8.281332e+01 
8.281332e+01 
8.281332e+01 
8.281332e+01 
8.281332e+01 
8.281332e+01 
8.281332e+01 
8.281332e+01 
8.281332e+01 
8.281332e+01 
8.281332e+01 
8.281332e+01 
8.281332e+01 
8.281332e+01 
8.281332e+01 
8.281332e+01 
8.281332e+01 
8.281332e+01 
8.281332e+01 
8.281332e+01 
8.281332e+01 
8.281332e+01 
8.281332e+01 
8.281332e+01 
8.281332e+01 
8.281332e+01 
8.281332e+01 
8.281332e+01 
8.281332e+01 
8.281332e+01 
8.281332e+01 
8.281332e+01 
8.281332e+01 
8.281332e+01 
8.281332e+01 
8.281332e+01 
8.281332e+01 
8.281332e+01 
8.281332e+01 
8.281332e+01 
8.281332e+01 
8.281332e+01 
8.281332e+01 
8.281332e+01 
8.281332e+01 
8.281332e+01 
8.280398e+01 
8.280398e+01 
8.280398e+01 
8.280398e+01 
8.280398e+01 
8.280398e+01 
8.280398e+01 
8.280398e+01 
8.280398e+01 
8.280398e+01 
8.280398e+01 
8.280398e+01 
8.280398e+01 
8.280398e+01 
8.280398e+01 
8.280398e+01 
8.280300e+01 
8.280300e+01 
8.280300e+01 
8.280300e+01 
8.280300e+01 
8.280300e+01 
8.280300e+01 
8.280300e+01 
8.280288e+01 
8.280288e+01 
8.280288e+01 
8.280261e+01 
8.280261e+01 
8.280261e+01 
8.280261e+01 
8.280261e+01 
8.280261e+01 
8.280244e+01 
8.280244e+01 
8.280244e+01 
8.280244e+01 
8.280235e+01 
8.280235e+01 
8.280235e+01 
8.280235e+01 
8.280235e+01 
8.280235e+01 
8.280235e+01 
8.280235e+01 
8.280235e+01 
8.280235e+01 
8.280235e+01 
8.280235e+01 
8.280235e+01 
8.280235e+01 
8.280235e+01 
8.280235e+01 
8.280235e+01 
8.280235e+01 
8.280235e+01 
8.280235e+01 
8.280235e+01 
8.280235e+01 
8.280235e+01 
8.280235e+01 
8.280235e+01 
8.280235e+01 
8.280235e+01 
8.280235e+01 
8.280235e+01 
8.280235e+01 
8.280235e+01 
8.280235e+01 
8.280235e+01 
8.280235e+01 
8.280235e+01 
8.280235e+01 
8.280235e+01 
8.280235e+01 
8.280235e+01 
8.280235e+01 
8.280235e+01 
8.280235e+01 
8.280235e+01 
8.280235e+01 
8.280235e+01 
8.280235e+01 
8.280235e+01 
8.280235e+01 
8.280235e+01 
8.280235e+01 
8.280235e+01 
8.280235e+01 
8.280235e+01 
8.280235e+01 
8.280235e+01 
8.280235e+01 
8.280235e+01 
8.280235e+01 
8.280235e+01 
8.280235e+01 
8.280235e+01 
8.280235e+01 
8.280235e+01 
8.280235e+01 
8.280235e+01 
8.280235e+01 
8.280235e+01 
8.280235e+01 
8.280235e+01 
8.280235e+01 
8.280235e+01 
8.280235e+01 
8.280235e+01 
8.280235e+01 
8.280235e+01 
8.280235e+01 
8.280235e+01 
8.280235e+01 
8.280235e+01 
8.280235e+01 
8.280235e+01 
8.280235e+01 
8.280235e+01 
8.280235e+01 
8.280235e+01 
8.280233e+01 
8.280233e+01 
8.280233e+01 
8.280233e+01 
8.280233e+01 
8.280233e+01 
8.280233e+01 
8.280233e+01 
8.280233e+01 
8.280233e+01 
8.280233e+01 
8.280233e+01 
8.280233e+01 
8.280233e+01 
8.280233e+01 
8.280233e+01 
8.280233e+01 
8.280233e+01 
8.280233e+01 
8.280233e+01 
8.280233e+01 
8.280233e+01 
8.280233e+01 
8.280233e+01 
8.280233e+01 
8.280233e+01 
8.280233e+01 
8.280233e+01 
8.280233e+01 
8.280233e+01 
8.280233e+01 
8.280233e+01 
8.280233e+01 
8.280233e+01 
8.280233e+01 
8.280233e+01 
8.280233e+01 
8.280233e+01 
8.280233e+01 
8.280233e+01 
8.280233e+01 
8.280233e+01 
8.280233e+01 
8.280233e+01 
8.280233e+01 
8.280233e+01 
8.280233e+01 
8.280233e+01 
8.280233e+01 
8.280233e+01 
8.280233e+01 
8.280233e+01 
8.280233e+01 
8.280233e+01 
8.280233e+01 
8.280233e+01 
8.280233e+01 
8.280233e+01 
8.280233e+01 
8.280233e+01 
8.280233e+01 
8.280233e+01 
8.280233e+01 
8.280233e+01 
8.280233e+01 
8.280233e+01 
8.280233e+01 
8.280233e+01 
8.280233e+01 
8.280233e+01 
8.280233e+01 
8.280232e+01 
8.280232e+01 
8.280232e+01 
8.280232e+01 
8.280232e+01 
8.280232e+01 
8.280232e+01 
8.280232e+01 
8.280232e+01 
8.280232e+01 
8.280232e+01 
8.280232e+01 
8.280232e+01 
8.280232e+01 
8.280232e+01 
8.280232e+01 
8.280232e+01 
8.280232e+01 
8.280232e+01 
8.280232e+01 
8.280232e+01 
8.280232e+01 
8.280232e+01 
8.280232e+01 
8.280232e+01 
8.280232e+01 
8.280232e+01 
8.280232e+01 
8.280232e+01 
8.280232e+01 
8.280232e+01 
8.280232e+01 
8.280232e+01 
8.280232e+01 
8.280232e+01 
8.280232e+01 
8.280232e+01 
8.280232e+01 
8.280232e+01 
8.280232e+01 
8.280232e+01 
8.280232e+01 
8.280232e+01 
8.280232e+01 
8.280232e+01 
8.280232e+01 
8.280232e+01 
8.280232e+01 
8.280232e+01 
8.280232e+01 
8.280232e+01 
8.280232e+01 
8.280232e+01 
8.280232e+01 
8.280232e+01 
8.280232e+01 
8.280232e+01 
8.280232e+01 
8.280232e+01 
8.280232e+01 
8.280232e+01 
8.280232e+01 
8.280232e+01 
8.280232e+01 
8.280232e+01 
8.280232e+01 
8.280232e+01 
8.280232e+01 
8.280232e+01 
8.280232e+01 
8.280232e+01 
8.280232e+01 
8.280232e+01 
8.280232e+01 
8.280232e+01 
8.280232e+01 
8.280232e+01 
8.280232e+01 
8.280232e+01 
8.280232e+01 
8.280232e+01 
8.280232e+01 
8.280232e+01 
8.280232e+01 
8.280232e+01 
8.280232e+01 
8.280232e+01 
8.280232e+01 
8.280232e+01 
8.280232e+01 
8.280232e+01 
8.280232e+01 
8.280232e+01 
8.280232e+01 
8.280232e+01 
8.280232e+01 
8.280232e+01 
8.280232e+01 
8.280232e+01 
8.280232e+01 
8.280232e+01 
8.280232e+01 
8.280232e+01 
8.280232e+01 
8.280232e+01 
8.280232e+01 
8.280232e+01 
8.280232e+01 
8.280232e+01 
8.280232e+01 
8.280232e+01 
8.280232e+01 
8.280232e+01 
8.280232e+01 
8.280232e+01 
8.280232e+01 
8.280232e+01 
8.280232e+01 
8.280232e+01 
8.280232e+01 
8.280232e+01 
8.280232e+01 
8.280232e+01 
8.280232e+01 
8.280232e+01 
8.280232e+01 
8.280232e+01 
8.280232e+01 
8.280232e+01 
8.280232e+01 
8.280232e+01 
8.280232e+01 
8.280232e+01 
8.280232e+01 
8.280232e+01 
8.280232e+01 
8.280232e+01 
8.280232e+01 
8.280232e+01 
8.280232e+01 
8.280232e+01 
8.280232e+01 
8.280232e+01 
8.280232e+01 
8.280232e+01 
8.280232e+01 
8.280232e+01 
8.280232e+01 
8.280232e+01 
8.280232e+01 
8.280232e+01 
8.280232e+01 
8.280232e+01 
8.280232e+01 
8.280232e+01 
8.280232e+01 
8.280232e+01 
8.280232e+01 
8.280232e+01 
8.280232e+01 
8.280232e+01 
8.280232e+01 
8.280232e+01 
8.253540e+01 
8.253540e+01 
8.253540e+01 
7.994308e+01 
7.858591e+01 
7.858591e+01 
7.808134e+01 
7.808134e+01 
7.752588e+01 
7.752588e+01 
7.752588e+01 
7.752588e+01 
7.752588e+01 
7.752588e+01 
7.752588e+01 
7.752588e+01 
7.752588e+01 
7.752588e+01 
7.339389e+01 
7.339389e+01 
7.339389e+01 
7.339389e+01 
7.339389e+01 
7.339389e+01 
7.339389e+01 
7.339389e+01 
7.339389e+01 
7.339389e+01 
7.339389e+01 
7.339389e+01 
7.339389e+01 
7.339389e+01 
7.339389e+01 
7.339389e+01 
7.338069e+01 
7.338069e+01 
7.338069e+01 
7.338069e+01 
7.338069e+01 
7.338069e+01 
7.338069e+01 
7.338069e+01 
7.338069e+01 
7.338069e+01 
7.338069e+01 
7.338069e+01 
7.338069e+01 
7.338069e+01 
7.338069e+01 
7.338069e+01 
7.338069e+01 
7.338069e+01 
7.338069e+01 
7.338069e+01 
7.338069e+01 
7.338069e+01 
7.338069e+01 
7.338069e+01 
7.338069e+01 
7.338069e+01 
7.338069e+01 
7.338069e+01 
7.338069e+01 
5.352165e+01 
5.352165e+01 
5.352165e+01 
5.352165e+01 
5.250637e+01 
4.964967e+01 
4.964967e+01 
4.964967e+01 
4.964967e+01 
4.964967e+01 
4.964967e+01 
4.899496e+01 
4.899496e+01 
4.899496e+01 
4.899496e+01 
4.899496e+01 
4.899496e+01 
4.899496e+01 
4.899496e+01 
4.899496e+01 
4.899496e+01 
4.899496e+01 
4.899496e+01 
4.899496e+01 
4.878458e+01 
4.878458e+01 
4.878458e+01 
4.878458e+01 
4.878458e+01 
4.870926e+01 
4.870926e+01 
4.870926e+01 
4.870926e+01 
4.870926e+01 
4.870926e+01 
4.870926e+01 
4.870926e+01 
4.870926e+01 
4.870926e+01 
4.870926e+01 
4.870926e+01 
4.870926e+01 
4.870926e+01 
4.870926e+01 
4.870926e+01 
4.870926e+01 
4.870926e+01 
4.870926e+01 
4.870926e+01 
4.870926e+01 
4.870926e+01 
4.870926e+01 
4.870926e+01 
4.870926e+01 
4.870926e+01 
4.870926e+01 
4.870926e+01 
4.870926e+01 
4.870926e+01 
4.870926e+01 
4.870926e+01 
4.870926e+01 
4.870926e+01 
4.870926e+01 
4.870926e+01 
4.870926e+01 
4.870926e+01 
4.870926e+01 
4.870926e+01 
4.870926e+01 
4.870926e+01 
4.870926e+01 
4.870926e+01 
4.870926e+01 
4.870926e+01 
4.870926e+01 
4.870926e+01 
4.870926e+01 
4.870926e+01 
4.870926e+01 
4.870926e+01 
4.870926e+01 
4.870926e+01 
4.870926e+01 
4.870926e+01 
4.870926e+01 
4.870926e+01 
4.870926e+01 
4.870926e+01 
4.870926e+01 
4.870695e+01 
4.870695e+01 
4.870695e+01 
4.870695e+01 
4.870695e+01 
4.870695e+01 
4.870695e+01 
4.870695e+01 
4.870695e+01 
4.870695e+01 
4.870695e+01 
4.870695e+01 
4.870695e+01 
4.870695e+01 
4.870695e+01 
4.870695e+01 
4.870695e+01 
4.870695e+01 
4.870695e+01 
4.870695e+01 
4.870695e+01 
4.870695e+01 
4.870695e+01 
4.870695e+01 
4.870695e+01 
4.869515e+01 
4.868592e+01 
4.867889e+01 
4.867351e+01 
4.866938e+01 
4.866618e+01 
4.866370e+01 
4.866177e+01 
4.866027e+01 
4.865910e+01 
4.865818e+01 
4.865746e+01 
4.865690e+01 
4.865647e+01 
4.865612e+01 
4.865585e+01 
4.865564e+01 
4.865547e+01 
4.865534e+01 
4.865524e+01 
4.865516e+01 
4.865510e+01 
4.865505e+01 
4.865501e+01 
4.865498e+01 
4.865496e+01 
4.865494e+01 
4.865492e+01 
4.865491e+01 
4.865490e+01 
4.865490e+01 
4.865489e+01 
4.865489e+01 
4.865488e+01 
4.865488e+01 
4.865488e+01 
4.865488e+01 
4.865488e+01 
4.865487e+01 
4.865487e+01 
4.865487e+01 
4.865487e+01 
4.865487e+01 
4.865487e+01 
4.865487e+01 
4.865487e+01 
4.865487e+01 
4.865487e+01 
4.865487e+01 
4.865487e+01 
4.865487e+01 
4.865487e+01 
4.865487e+01 
4.865487e+01 
4.865487e+01 
4.865487e+01 
4.865487e+01 
4.865487e+01 
4.865487e+01 
4.865487e+01 
4.865487e+01 
4.865487e+01 
4.865487e+01 
4.865487e+01 
4.865487e+01 
4.865487e+01 
4.865487e+01 
4.865487e+01 
4.865487e+01 
4.865487e+01 
4.865487e+01 
4.865487e+01 
4.865487e+01 
4.865487e+01 
4.865487e+01 
4.865487e+01 
4.865487e+01 
4.865487e+01 
4.865487e+01 
4.865487e+01 
4.865487e+01 
4.845572e+01 
4.845572e+01 
4.712244e+01 
4.712244e+01 
4.598468e+01 
4.598468e+01 
4.598468e+01 
4.598468e+01 
4.598468e+01 
4.598468e+01 
4.598468e+01 
4.598468e+01 
4.598468e+01 
4.598468e+01 
4.598468e+01 
4.598468e+01 
4.598468e+01 
4.598468e+01 
4.598468e+01 
4.598468e+01 
4.598468e+01 
4.598468e+01 
4.598468e+01 
4.598468e+01 
4.598468e+01 
4.598468e+01 
4.598468e+01 
4.598468e+01 
4.598468e+01 
4.598468e+01 
4.598468e+01 
4.598468e+01 
4.598468e+01 
4.598468e+01 
4.598468e+01 
4.598468e+01 
4.598468e+01 
4.598468e+01 
4.598468e+01 
4.598468e+01 
4.598468e+01 
4.598468e+01 
4.598468e+01 
4.598468e+01 
4.598468e+01 
4.598468e+01 
4.598468e+01 
4.598468e+01 
4.598468e+01 
4.598468e+01 
4.598468e+01 
4.598468e+01 
4.598468e+01 
4.598468e+01 
4.598468e+01 
4.598468e+01 
4.598468e+01 
4.598468e+01 
4.598468e+01 
4.598468e+01 
4.598468e+01 
4.598468e+01 
4.598468e+01 
4.598468e+01 
4.598468e+01 
4.598468e+01 
4.598468e+01 
4.598468e+01 
4.598468e+01 
4.598468e+01 
4.598468e+01 
4.598468e+01 
4.598468e+01 
4.598468e+01 
4.598468e+01 
4.598468e+01 
4.598468e+01 
4.598468e+01 
4.598468e+01 
4.598468e+01 
4.598468e+01 
4.598468e+01 
4.598468e+01 
4.598468e+01 
4.598468e+01 
4.598468e+01 
4.598468e+01 
4.598468e+01 
4.598468e+01 
4.598468e+01 
4.598468e+01 
4.598468e+01 
4.598468e+01 
4.598468e+01 
4.598468e+01 
4.598468e+01 
4.598468e+01 
4.598468e+01 
4.598468e+01 
4.598468e+01 
4.598468e+01 
4.598468e+01 
4.598468e+01 
4.598468e+01 
4.598468e+01 
4.598468e+01 
4.598468e+01 
4.598468e+01 
4.598468e+01 
4.598468e+01 
4.598468e+01 
4.598468e+01 
4.598468e+01 
4.598468e+01 
4.598468e+01 
4.598468e+01 
4.598468e+01 
4.598468e+01 
4.598468e+01 
4.598468e+01 
4.598468e+01 
4.598468e+01 
4.598468e+01 
4.433093e+01 
4.433093e+01 
4.433093e+01 
4.433093e+01 
4.433093e+01 
4.433093e+01 
4.433093e+01 
4.433093e+01 
4.433093e+01 
4.433093e+01 
4.433093e+01 
4.433093e+01 
4.433093e+01 
4.433093e+01 
4.433093e+01 
4.433093e+01 
4.433093e+01 
4.433093e+01 
4.433093e+01 
4.433093e+01 
4.433093e+01 
4.433093e+01 
4.433093e+01 
4.433093e+01 
4.433093e+01 
4.433093e+01 
4.433093e+01 
4.433093e+01 
4.433093e+01 
4.433093e+01 
4.433093e+01 
4.433093e+01 
4.433093e+01 
4.433093e+01 
4.433093e+01 
4.433093e+01 
4.433093e+01 
4.433093e+01 
4.433093e+01 
4.433093e+01 
4.433093e+01 
4.433093e+01 
4.433093e+01 
4.433093e+01 
4.433093e+01 
4.433093e+01 
4.433093e+01 
4.433093e+01 
4.433093e+01 
4.433093e+01 
4.433093e+01 
4.433093e+01 
4.433093e+01 
4.433093e+01 
4.433093e+01 
4.433093e+01 
4.433093e+01 
4.433093e+01 
4.433093e+01 
4.433093e+01 
4.433093e+01 
4.433093e+01 
4.433093e+01 
4.433093e+01 
4.433093e+01 
4.433093e+01 
4.433093e+01 
4.433093e+01 
4.433093e+01 
4.433093e+01 
4.433093e+01 
4.433093e+01 
4.433093e+01 
4.433093e+01 
4.433093e+01 
4.433093e+01 
4.433093e+01 
4.433093e+01 
4.433093e+01 
4.433093e+01 
4.433093e+01 
4.433093e+01 
4.433093e+01 
4.433093e+01 
4.433093e+01 
4.433093e+01 
4.433093e+01 
4.433093e+01 
4.433093e+01 
4.433093e+01 
4.433093e+01 
4.433093e+01 
4.433093e+01 
4.433093e+01 
4.433093e+01 
4.433093e+01 
4.433093e+01 
4.433093e+01 
4.433093e+01 
4.433093e+01 
4.433093e+01 
4.433093e+01 
4.433093e+01 
4.433093e+01 
4.433093e+01 
4.433093e+01 
4.433093e+01 
4.433093e+01 
4.433093e+01 
4.271259e+01 
4.271259e+01 
4.271259e+01 
4.271259e+01 
4.271259e+01 
4.271259e+01 
4.271259e+01 
4.271259e+01 
4.271259e+01 
4.271259e+01 
4.271259e+01 
4.271259e+01 
4.271259e+01 
4.271259e+01 
4.271259e+01 
4.271259e+01 
4.271259e+01 
4.271259e+01 
4.271259e+01 
4.271259e+01 
4.271259e+01 
4.271259e+01 
4.271259e+01 
4.271259e+01 
4.271259e+01 
4.271259e+01 
4.271259e+01 
4.271259e+01 
4.271259e+01 
4.271259e+01 
4.271259e+01 
4.271259e+01 
4.271259e+01 
4.271259e+01 
4.271259e+01 
4.271259e+01 
4.271259e+01 
4.271259e+01 
4.271259e+01 
4.271259e+01 
4.271259e+01 
4.271259e+01 
4.271259e+01 
4.271259e+01 
4.271259e+01 
4.271259e+01 
4.271259e+01 
4.271259e+01 
4.271259e+01 
4.271259e+01 
4.271259e+01 
4.271259e+01 
4.271259e+01 
4.271259e+01 
4.271259e+01 
4.271259e+01 
4.271259e+01 
4.271259e+01 
4.271259e+01 
4.271259e+01 
4.271259e+01 
4.271259e+01 
4.271259e+01 
4.271259e+01 
4.271259e+01 
4.255539e+01 
4.255539e+01 
4.255539e+01 
4.255539e+01 
4.255539e+01 
4.255539e+01 
4.255539e+01 
4.255539e+01 
4.255539e+01 
4.255539e+01 
4.255539e+01 
4.255539e+01 
4.255539e+01 
4.255539e+01 
4.255539e+01 
4.255539e+01 
4.255539e+01 
4.255539e+01 
4.255539e+01 
4.255539e+01 
4.255539e+01 
4.255539e+01 
4.255539e+01 
4.255539e+01 
4.255539e+01 
4.255539e+01 
4.255539e+01 
4.255539e+01 
4.255539e+01 
4.255539e+01 
4.255539e+01 
4.248634e+01 
4.243470e+01 
4.240559e+01 
4.238939e+01 
4.238054e+01 
4.237583e+01 
4.237345e+01 
4.237234e+01 
4.237190e+01 
4.237181e+01 
4.237181e+01 
4.237181e+01 
4.237079e+01 
4.236864e+01 
4.236701e+01 
4.236577e+01 
4.236484e+01 
4.236412e+01 
4.236358e+01 
4.236317e+01 
4.236285e+01 
4.236261e+01 
4.236242e+01 
4.236228e+01 
4.236218e+01 
4.236210e+01 
4.236203e+01 
4.236199e+01 
4.236195e+01 
4.236192e+01 
4.236190e+01 
4.236188e+01 
4.236187e+01 
4.236186e+01 
4.236185e+01 
4.236185e+01 
4.236184e+01 
4.236184e+01 
4.236184e+01 
4.236184e+01 
4.236184e+01 
4.236183e+01 
4.089884e+01 
4.089884e+01 
4.089884e+01 
4.089884e+01 
3.885929e+01 
3.885929e+01 
3.885929e+01 
3.885929e+01 
3.885929e+01 
3.885929e+01 
3.885929e+01 
3.885929e+01 
3.885929e+01 
3.884731e+01 
3.884731e+01 
3.884731e+01 
3.884731e+01 
3.853266e+01 
3.853266e+01 
3.853266e+01 
3.853266e+01 
3.853266e+01 
3.853266e+01 
3.853266e+01 
3.853266e+01 
3.853266e+01 
3.853266e+01 
3.853266e+01 
3.853266e+01 
3.853266e+01 
3.853266e+01 
3.853266e+01 
3.853266e+01 
3.853266e+01 
3.853266e+01 
3.853266e+01 
3.853266e+01 
3.853266e+01 
3.853266e+01 
3.853266e+01 
3.853266e+01 
3.853266e+01 
3.853266e+01 
3.853266e+01 
3.805722e+01 
3.805722e+01 
3.805722e+01 
3.805722e+01 
3.805722e+01 
3.805722e+01 
3.805722e+01 
3.805722e+01 
3.805722e+01 
3.805722e+01 
3.805722e+01 
3.805722e+01 
3.805722e+01 
3.805722e+01 
3.805722e+01 
3.805722e+01 
3.805722e+01 
3.805722e+01 
3.805722e+01 
3.805722e+01 
3.805722e+01 
3.805722e+01 
3.805722e+01 
3.805722e+01 
3.805722e+01 
3.805722e+01 
3.805722e+01 
3.805722e+01 
3.805722e+01 
3.805722e+01 
3.805722e+01 
3.805722e+01 
3.805722e+01 
3.805722e+01 
3.805722e+01 
3.805722e+01 
3.805722e+01 
3.805722e+01 
3.805722e+01 
3.805722e+01 
3.805722e+01 
3.805722e+01 
3.805722e+01 
3.805722e+01 
3.805722e+01 
3.805722e+01 
3.805722e+01 
3.805722e+01 
3.805722e+01 
3.805722e+01 
3.805722e+01 
3.805722e+01 
3.805722e+01 
3.805722e+01 
3.805722e+01 
3.805722e+01 
3.805722e+01 
3.805722e+01 
3.805722e+01 
3.805722e+01 
3.805722e+01 
3.805722e+01 
3.805722e+01 
3.805722e+01 
3.805722e+01 
3.805722e+01 
3.805722e+01 
3.805722e+01 
3.805722e+01 
3.805722e+01 
3.805722e+01 
3.805722e+01 
3.805722e+01 
3.805722e+01 
3.805722e+01 
3.805722e+01 
3.805722e+01 
3.805722e+01 
3.805722e+01 
3.805722e+01 
3.805722e+01 
3.805722e+01 
3.805722e+01 
3.805722e+01 
3.805722e+01 
3.805722e+01 
3.805722e+01 
3.805722e+01 
3.805722e+01 
3.805722e+01 
3.805722e+01 
3.805722e+01 
3.805722e+01 
3.805722e+01 
3.805722e+01 
3.805722e+01 
3.805722e+01 
3.805722e+01 
3.805722e+01 
3.805722e+01 
3.805722e+01 
3.805722e+01 
3.805722e+01 
3.805722e+01 
3.805722e+01 
3.805722e+01 
3.805722e+01 
3.805722e+01 
3.805722e+01 
3.805722e+01 
3.805722e+01 
3.805722e+01 
3.805722e+01 
3.805722e+01 
3.805722e+01 
3.805722e+01 
3.805722e+01 
3.805722e+01 
3.805722e+01 
3.805722e+01 
3.805722e+01 
3.805722e+01 
3.805722e+01 
3.805722e+01 
3.805722e+01 
3.805722e+01 
3.805722e+01 
3.805722e+01 
3.805722e+01 
3.805722e+01 
3.805722e+01 
3.805722e+01 
3.805722e+01 
3.805722e+01 
3.805722e+01 
3.805722e+01 
3.805722e+01 
3.805722e+01 
3.805722e+01 
3.805722e+01 
3.805722e+01 
3.805722e+01 
3.805722e+01 
3.805722e+01 
3.805722e+01 
3.805722e+01 
3.805722e+01 
3.805722e+01 
3.805722e+01 
3.805722e+01 
3.805722e+01 
3.805722e+01 
3.805722e+01 
3.805722e+01 
3.805722e+01 
3.805722e+01 
3.805722e+01 
3.805722e+01 
3.805722e+01 
3.805722e+01 
3.805722e+01 
3.805722e+01 
3.805722e+01 
3.805722e+01 
3.805722e+01 
3.805722e+01 
3.805722e+01 
3.805722e+01 
3.805722e+01 
3.805722e+01 
3.805722e+01 
3.805722e+01 
3.805722e+01 
3.805722e+01 
3.805722e+01 
3.805722e+01 
3.805722e+01 
3.805722e+01 
3.805722e+01 
3.805722e+01 
3.805722e+01 
3.805722e+01 
3.805722e+01 
3.805722e+01 
3.805722e+01 
3.805722e+01 
3.805722e+01 
3.805722e+01 
3.805722e+01 
3.805722e+01 
3.805722e+01 
3.805722e+01 
3.805722e+01 
3.805722e+01 
3.805722e+01 
3.805722e+01 
3.805722e+01 
3.805722e+01 
3.805722e+01 
3.805722e+01 
3.805722e+01 
3.805722e+01 
3.805722e+01 
3.805722e+01 
3.805722e+01 
3.805722e+01 
3.805722e+01 
3.805722e+01 
3.805722e+01 
3.805722e+01 
3.805722e+01 
3.805722e+01 
3.805722e+01 
3.805722e+01 
3.805722e+01 
3.805722e+01 
3.805722e+01 
3.805722e+01 
3.805722e+01 
3.805722e+01 
3.805722e+01 
3.805722e+01 
3.805722e+01 
3.805722e+01 
3.805722e+01 
3.805722e+01 
3.805722e+01 
3.805722e+01 
3.805722e+01 
3.805722e+01 
3.805722e+01 
3.805722e+01 
3.805722e+01 
3.805722e+01 
3.805722e+01 
3.805722e+01 
3.805722e+01 
3.805722e+01 
3.805722e+01 
3.805722e+01 
3.736794e+01 
3.724634e+01 
3.724634e+01 
3.724634e+01 
3.705299e+01 
3.705299e+01 
3.705299e+01 
3.705299e+01 
3.705299e+01 
3.703761e+01 
3.703761e+01 
3.703761e+01 
3.703761e+01 
3.703761e+01 
3.703761e+01 
3.703761e+01 
3.703761e+01 
3.703761e+01 
3.703761e+01 
3.703629e+01 
3.703629e+01 
3.703629e+01 
3.703629e+01 
3.702569e+01 
3.702569e+01 
3.702569e+01 
3.702569e+01 
3.701536e+01 
3.701536e+01 
3.700039e+01 
3.700039e+01 
3.700039e+01 
3.700039e+01 
3.699586e+01 
3.699586e+01 
3.699586e+01 
3.699586e+01 
3.699358e+01 
3.699358e+01 
3.699358e+01 
3.699358e+01 
3.699358e+01 
3.699358e+01 
3.699358e+01 
3.699358e+01 
3.699358e+01 
3.699358e+01 
3.699358e+01 
3.699358e+01 
3.699358e+01 
3.699358e+01 
3.699358e+01 
3.699358e+01 
3.699358e+01 
3.699358e+01 
3.699358e+01 
3.699358e+01 
3.699358e+01 
3.699358e+01 
3.699358e+01 
3.699358e+01 
3.699358e+01 
3.699358e+01 
3.699358e+01 
3.699358e+01 
3.699358e+01 
3.699358e+01 
3.699358e+01 
3.699358e+01 
3.699358e+01 
3.699358e+01 
3.699326e+01 
3.699318e+01 
3.699318e+01 
3.699318e+01 
3.699273e+01 
3.699234e+01 
3.699204e+01 
3.699182e+01 
3.699166e+01 
3.699154e+01 
3.699145e+01 
3.699138e+01 
3.699133e+01 
3.699129e+01 
3.699126e+01 
3.699124e+01 
3.699123e+01 
3.699122e+01 
3.699121e+01 
3.699120e+01 
3.699120e+01 
3.699119e+01 
3.699119e+01 
3.699119e+01 
3.699119e+01 
3.699119e+01 
3.699119e+01 
3.699119e+01 
3.699118e+01 
3.699118e+01 
3.699118e+01 
3.699118e+01 
3.699118e+01 
3.699118e+01 
3.699118e+01 
3.699118e+01 
3.699118e+01 
3.699118e+01 
3.699118e+01 
3.699118e+01 
3.699118e+01 
3.699118e+01 
3.699118e+01 
3.699118e+01 
3.699118e+01 
3.699118e+01 
3.039449e+01 
3.039449e+01 
3.039449e+01 
3.039449e+01 
3.039449e+01 
3.039449e+01 
3.039449e+01 
3.039449e+01 
3.039449e+01 
3.039449e+01 
3.039449e+01 
2.884207e+01 
2.884207e+01 
2.884207e+01 
2.884207e+01 
2.884207e+01 
2.884207e+01 
2.884207e+01 
2.884207e+01 
2.884207e+01 
2.884207e+01 
2.884207e+01 
2.884207e+01 
2.884207e+01 
2.884207e+01 
2.884207e+01 
2.884207e+01 
2.884207e+01 
2.884207e+01 
2.877214e+01 
2.877214e+01 
2.877214e+01 
2.877214e+01 
2.877214e+01 
2.877214e+01 
2.877214e+01 
2.877214e+01 
2.877214e+01 
2.877214e+01 
2.877214e+01 
2.877214e+01 
2.877214e+01 
2.877214e+01 
2.877214e+01 
2.877214e+01 
2.877214e+01 
2.877214e+01 
2.877214e+01 
2.877214e+01 
2.877214e+01 
2.877214e+01 
2.877214e+01 
2.877214e+01 
2.877214e+01 
2.877214e+01 
2.877214e+01 
2.877214e+01 
2.877214e+01 
2.877214e+01 
2.877214e+01 
2.877214e+01 
2.877214e+01 
2.877214e+01 
2.877214e+01 
2.877214e+01 
2.877214e+01 
2.877214e+01 
2.877214e+01 
2.877214e+01 
2.877214e+01 
2.877214e+01 
2.877214e+01 
2.877214e+01 
2.877214e+01 
2.877214e+01 
2.877214e+01 
2.877214e+01 
2.877214e+01 
2.877214e+01 
2.625184e+01 
2.625184e+01 
2.625184e+01 
2.625184e+01 
2.625184e+01 
2.625184e+01 
2.625184e+01 
2.625184e+01 
2.625184e+01 
2.625184e+01 
2.625184e+01 
2.625184e+01 
2.625184e+01 
2.625184e+01 
2.625184e+01 
2.625184e+01 
2.625184e+01 
2.625184e+01 
2.625184e+01 
2.625184e+01 
2.625184e+01 
2.625184e+01 
2.625184e+01 
2.601008e+01 
2.601008e+01 
2.601008e+01 
2.601008e+01 
2.601008e+01 
2.601008e+01 
2.014301e+01 
2.014301e+01 
2.014301e+01 
2.014301e+01 
1.725692e+01 
1.725692e+01 
1.725692e+01 
1.725692e+01 
1.725692e+01 
1.725692e+01 
1.725692e+01 
1.725692e+01 
1.725692e+01 
1.725692e+01 
1.725692e+01 
1.725692e+01 
1.725692e+01 
1.725692e+01 
1.725692e+01 
1.725692e+01 
1.725692e+01 
1.725692e+01 
1.725692e+01 
1.725692e+01 
1.725692e+01 
1.725692e+01 
1.725692e+01 
1.725692e+01 
1.725692e+01 
1.725692e+01 
1.725692e+01 
1.725692e+01 
1.725692e+01 
1.725692e+01 
1.725692e+01 
1.725692e+01 
1.725692e+01 
1.725692e+01 
1.725692e+01 
1.725692e+01 
1.725692e+01 
1.725692e+01 
1.725692e+01 
1.725692e+01 
1.706202e+01 
1.706202e+01 
1.706202e+01 
1.706202e+01 
1.706202e+01 
1.706202e+01 
1.706202e+01 
1.706202e+01 
1.706202e+01 
1.706202e+01 
1.706202e+01 
1.706202e+01 
1.706202e+01 
1.706202e+01 
1.706202e+01 
1.706202e+01 
1.683981e+01 
1.683981e+01 
1.683981e+01 
1.683981e+01 
1.683981e+01 
1.683981e+01 
1.683981e+01 
1.683981e+01 
1.683981e+01 
1.683981e+01 
1.683981e+01 
1.683981e+01 
1.683981e+01 
1.683981e+01 
1.683981e+01 
1.670908e+01 
1.670908e+01 
1.645819e+01 
1.645819e+01 
1.642148e+01 
1.642148e+01 
1.642148e+01 
1.642148e+01 
1.642148e+01 
1.642148e+01 
1.636469e+01 
1.636469e+01 
1.636469e+01 
1.636469e+01 
1.633715e+01 
1.599585e+01 
1.594681e+01 
1.594681e+01 
1.594681e+01 
1.594585e+01 
1.583769e+01 
1.583769e+01 
1.583769e+01 
1.583769e+01 
1.583769e+01 
1.583769e+01 
1.583769e+01 
1.583769e+01 
1.565426e+01 
1.565426e+01 
1.565426e+01 
1.565426e+01 
1.565426e+01 
1.565426e+01 
1.463451e+01 
1.463451e+01 
1.463451e+01 
1.463451e+01 
1.463451e+01 
1.463451e+01 
1.463451e+01 
1.463451e+01 
1.463451e+01 
1.463451e+01 
1.463451e+01 
1.420715e+01 
1.414328e+01 
1.414328e+01 
1.387918e+01 
1.363529e+01 
1.351106e+01 
1.346053e+01 
1.344863e+01 
1.344863e+01 
1.344863e+01 
1.344863e+01 
1.337306e+01 
1.331077e+01 
1.328281e+01 
1.327219e+01 
1.326983e+01 
1.326983e+01 
1.326212e+01 
1.326212e+01 
1.324505e+01 
1.324476e+01 
1.324476e+01 
1.322806e+01 
1.321705e+01 
1.321227e+01 
1.321050e+01 
1.321012e+01 
1.238204e+01 
1.224612e+01 
1.202971e+01 
1.202971e+01 
1.202971e+01 
1.202971e+01 
1.202971e+01 
1.202971e+01 
1.202971e+01 
1.202971e+01 
1.202971e+01 
1.202971e+01 
1.202971e+01 
1.202971e+01 
1.195647e+01 
1.195647e+01 
1.195647e+01 
1.181984e+01 
1.181984e+01 
1.181984e+01 
1.181984e+01 
1.181984e+01 
1.181984e+01 
1.181984e+01 
1.181984e+01 
1.181984e+01 
1.177719e+01 
1.177719e+01 
1.177719e+01 
1.177719e+01 
1.177719e+01 
1.177719e+01 
1.177719e+01 
1.177719e+01 
1.177719e+01 
1.177719e+01 
1.177719e+01 
1.177719e+01 
1.177719e+01 
1.177719e+01 
1.177719e+01 
1.177719e+01 
1.177719e+01 
1.177719e+01 
1.177719e+01 
1.177719e+01 
1.177719e+01 
1.177719e+01 
1.177719e+01 
1.177719e+01 
1.177719e+01 
1.177719e+01 
1.177719e+01 
1.177719e+01 
1.177719e+01 
1.177719e+01 
1.177081e+01 
1.177081e+01 
1.177081e+01 
1.175477e+01 
1.174702e+01 
1.174702e+01 
1.172802e+01 
1.172802e+01 
1.172802e+01 
1.171431e+01 
1.171431e+01 
1.171431e+01 
1.171362e+01 
1.171362e+01 
1.171362e+01 
1.171362e+01 
1.171362e+01 
1.171362e+01 
1.170968e+01 
1.170716e+01 
1.170612e+01 
1.170579e+01 
1.170577e+01 
1.170577e+01 
1.170357e+01 
1.170211e+01 
1.170117e+01 
1.170055e+01 
1.170013e+01 
1.169984e+01 
1.169964e+01 
1.169950e+01 
1.169940e+01 
1.169933e+01 
1.169928e+01 
1.169924e+01 
1.169922e+01 
1.169920e+01 
1.169918e+01 
1.169917e+01 
1.169917e+01 
1.169916e+01 
1.169916e+01 
1.169915e+01 
1.169915e+01 
1.169915e+01 
1.169915e+01 
1.169915e+01 
1.169915e+01 
1.169915e+01 
1.169915e+01 
1.169915e+01 
1.169915e+01 
1.169915e+01 
1.169915e+01 
1.169915e+01 
1.162792e+01 
1.160824e+01 
1.160824e+01 
1.160824e+01 
1.153160e+01 
1.153160e+01 
1.153160e+01 
1.153160e+01 
1.153160e+01 
1.140854e+01 
1.140854e+01 
1.140854e+01 
1.140854e+01 
1.140854e+01 
1.140854e+01 
1.140854e+01 
1.140854e+01 
1.138115e+01 
1.138115e+01 
1.138115e+01 
1.138115e+01 
1.138115e+01 
1.133731e+01 
1.133731e+01 
1.133731e+01 
1.133731e+01 
1.133731e+01 
1.133731e+01 
1.133731e+01 
1.133731e+01 
1.133731e+01 
1.133731e+01 
1.133054e+01 
1.133054e+01 
1.133054e+01 
1.133054e+01 
1.133054e+01 
1.133054e+01 
1.133054e+01 
1.133054e+01 
1.133054e+01 
1.133054e+01 
1.133054e+01 
1.133054e+01 
1.133054e+01 
1.133054e+01 
1.133031e+01 
1.133031e+01 
1.132664e+01 
1.132163e+01 
1.132163e+01 
1.132163e+01 
1.132163e+01 
1.132163e+01 
1.132048e+01 
1.132019e+01 
1.132019e+01 
1.132019e+01 
1.132019e+01 
1.131941e+01 
1.131941e+01 
1.131916e+01 
1.131916e+01 
1.131916e+01 
1.131916e+01 
1.131916e+01 
1.131916e+01 
1.131916e+01 
1.131916e+01 
1.131916e+01 
1.131914e+01 
1.131894e+01 
1.131894e+01 
1.131894e+01 
1.131892e+01 
1.131890e+01 
1.131890e+01 
1.131888e+01 
1.131888e+01 
1.131888e+01 
1.131888e+01 
1.131879e+01 
1.131879e+01 
1.131879e+01 
1.131879e+01 
1.131879e+01 
1.131879e+01 
1.131879e+01 
1.131879e+01 
1.131879e+01 
1.131879e+01 
1.131879e+01 
1.131878e+01 
1.131878e+01 
1.131878e+01 
1.131878e+01 
1.131878e+01 
1.131878e+01 
1.131878e+01 
1.131878e+01 
1.131878e+01 
1.131878e+01 
1.131878e+01 
1.131878e+01 
1.131878e+01 
1.131878e+01 
1.131878e+01 
1.131878e+01 
1.131878e+01 
1.131878e+01 
1.131878e+01 
1.131878e+01 
1.131878e+01 
1.131878e+01 
1.131878e+01 
1.131878e+01 
1.131878e+01 
1.131878e+01 
1.131878e+01 
1.131878e+01 
1.131878e+01 
1.131878e+01 
1.131878e+01 
1.131878e+01 
1.131878e+01 
1.131878e+01 
1.131878e+01 
1.131878e+01 
1.131878e+01 
1.131878e+01 
1.131878e+01 
1.131878e+01 
1.131878e+01 
1.131878e+01 
1.131878e+01 
1.131878e+01 
1.131878e+01 
1.131878e+01 
1.131878e+01 
1.131878e+01 
1.131878e+01 
1.131878e+01 
1.131878e+01 
1.131878e+01 
1.131878e+01 
1.131878e+01 
1.131878e+01 
1.131878e+01 
1.131878e+01 
1.131878e+01 
1.131878e+01 
1.131878e+01 
1.131878e+01 
1.131878e+01 
1.131878e+01 
1.131878e+01 
1.131878e+01 
1.131878e+01 
1.131878e+01 
1.131878e+01 
1.131878e+01 
1.131878e+01 
1.131878e+01 
1.131878e+01 
1.131878e+01 
1.131878e+01 
1.131878e+01 
1.131878e+01 
1.131878e+01 
1.131878e+01 
1.131878e+01 
1.131878e+01 
1.086273e+01 
1.086273e+01 
1.086273e+01 
1.086273e+01 
1.086273e+01 
1.086273e+01 
9.186853e+00 
9.186853e+00 
9.186853e+00 
9.186853e+00 
9.186853e+00 
9.186853e+00 
9.186853e+00 
9.186853e+00 
9.186853e+00 
9.186853e+00 
9.186853e+00 
8.082872e+00 
8.082872e+00 
8.082872e+00 
8.082872e+00 
7.072229e+00 
7.072229e+00 
7.072229e+00 
7.072229e+00 
7.072229e+00 
7.072229e+00 
7.072229e+00 
7.072229e+00 
7.072229e+00 
7.072229e+00 
7.072229e+00 
7.072229e+00 
7.072229e+00 
7.072229e+00 
7.072229e+00 
7.072229e+00 
7.072229e+00 
7.072229e+00 
7.072229e+00 
7.072229e+00 
7.072229e+00 
7.072229e+00 
7.072229e+00 
7.069613e+00 
7.069613e+00 
7.069613e+00 
7.007623e+00 
7.007623e+00 
7.007623e+00 
7.007623e+00 
7.006476e+00 
7.006476e+00 
6.991416e+00 
6.967825e+00 
6.967825e+00 
6.967825e+00 
6.967825e+00 
6.913922e+00 
6.913922e+00 
6.731481e+00 
6.588725e+00 
6.588725e+00 
6.516102e+00 
6.506488e+00 
6.035697e+00 
6.035697e+00 
6.035697e+00 
5.638031e+00 
5.638031e+00 
5.638031e+00 
5.578308e+00 
5.282405e+00 
5.282405e+00 
5.282405e+00 
5.282405e+00 
5.282405e+00 
5.282405e+00 
5.282405e+00 
4.886427e+00 
4.886427e+00 
4.668168e+00 
4.668168e+00 
4.668168e+00 
4.668168e+00 
4.668168e+00 
4.668168e+00 
4.668168e+00 
4.668168e+00 
4.668168e+00 
4.668168e+00 
4.101183e+00 
4.101183e+00 
4.101183e+00 
4.101183e+00 
4.101183e+00 
3.798093e+00 
3.798093e+00 
3.244664e+00 
3.244664e+00 
3.244664e+00 
3.244664e+00 
3.244664e+00 
3.244664e+00 
3.243749e+00 
3.243749e+00 
3.072629e+00 
2.993368e+00 
2.993368e+00 
2.950264e+00 
2.950264e+00 
2.577551e+00 
2.025550e+00 
1.842673e+00 
1.823933e+00 
1.823933e+00 
1.797475e+00 
1.759416e+00 
1.737809e+00 
1.725244e+00 
1.512533e+00 
1.512533e+00 
1.512533e+00 
1.512533e+00 
1.512533e+00 
1.423794e+00 
1.423794e+00 
1.362796e+00 
1.235655e+00 
1.235655e+00 
1.235655e+00 
1.009266e+00 
1.009266e+00 
9.881898e-01 
9.881898e-01 
9.348765e-01 
9.348765e-01 
8.583997e-01 
6.917494e-01 
5.458528e-01 
3.810653e-01 
3.631195e-01 
3.631195e-01 
3.562984e-01 
3.460052e-01 
3.316820e-01 
3.316820e-01 
3.123311e-01 
3.123311e-01 
3.102755e-01 
2.885571e-01 
2.885571e-01 
2.885571e-01 
2.885571e-01 
2.885571e-01 
2.885571e-01 
2.885571e-01 
2.885571e-01 
2.473845e-01 
2.387731e-01 
2.387731e-01 
2.387731e-01 
2.219818e-01 
2.184991e-01 
2.184991e-01 
2.184991e-01 
2.184991e-01 
2.184991e-01 
2.184991e-01 
2.053952e-01 
2.053952e-01 
2.053952e-01 
2.053952e-01 
2.053952e-01 
1.825894e-01 
1.799197e-01 
1.799197e-01 
1.799197e-01 
1.799197e-01 
1.285845e-01 
7.873467e-02 
3.747164e-02 
3.747164e-02 
3.747164e-02 
3.265731e-02 
3.265731e-02 
2.280277e-02 
2.280277e-02 
2.280277e-02 
2.280277e-02 
2.280277e-02 
1.805677e-02 
1.805677e-02 
1.805677e-02 
1.805677e-02 
1.805677e-02 
1.805677e-02 
1.805677e-02 
1.805677e-02 
1.805677e-02 
1.805677e-02 
1.805677e-02 
1.805677e-02 
1.805677e-02 
1.805677e-02 
1.805677e-02 
1.044727e-02 
1.044727e-02 
1.044727e-02 
1.044727e-02 
1.044727e-02 
1.044727e-02 
1.044727e-02 
1.033513e-02 
1.033513e-02 
9.565866e-03 
9.565866e-03 
9.565866e-03 
9.111602e-03 
9.111602e-03 
9.111602e-03 
9.111602e-03 
7.808898e-03 
7.808898e-03 
7.808898e-03 
7.808898e-03 
7.808898e-03 
7.720893e-03 
7.720893e-03 
7.050840e-03 
6.278505e-03 
6.084712e-03 
6.084712e-03 
6.084712e-03 
6.084712e-03 
6.084712e-03 
6.028955e-03 
5.989343e-03 
5.880605e-03 
5.880605e-03 
5.880605e-03 
5.880605e-03 
5.880605e-03 
5.880605e-03 
5.880605e-03 
3.744914e-03 
3.744914e-03 
3.744914e-03 
3.744914e-03 
3.744914e-03 
3.744914e-03 
3.744914e-03 
3.744914e-03 
3.744914e-03 
3.180030e-03 
3.180030e-03 
3.180030e-03 
3.180030e-03 
3.180030e-03 
3.180030e-03 
2.746847e-03 
2.746847e-03 
2.746847e-03 
2.634609e-03 
2.634609e-03 
2.346390e-03 
2.346390e-03 
2.346390e-03 
2.346390e-03 
2.346390e-03 
2.346390e-03 
2.346390e-03 
2.346390e-03 
2.346390e-03 
2.346390e-03 
2.346390e-03 
2.279145e-03 
2.279145e-03 
2.136237e-03 
2.136237e-03 
2.136237e-03 
2.136237e-03 
2.136237e-03 
2.136237e-03 
2.136237e-03 
2.136237e-03 
2.136237e-03 
2.136237e-03 
2.136237e-03 
2.136237e-03 
2.136237e-03 
2.136237e-03 
2.136237e-03 
2.136237e-03 
2.136237e-03 
2.136237e-03 
2.136237e-03 
2.136237e-03 
2.136237e-03 
2.136237e-03 
2.136237e-03 
2.136237e-03 
2.136237e-03 
2.136237e-03 
2.135564e-03 
2.129236e-03 
2.129236e-03 
2.129236e-03 
2.128845e-03 
2.128845e-03 
2.128845e-03 
2.062462e-03 
2.062462e-03 
2.062462e-03 
1.899235e-03 
1.797413e-03 
1.797413e-03 
1.797413e-03 
1.766962e-03 
1.766962e-03 
1.681099e-03 
1.681099e-03 
1.653488e-03 
1.588196e-03 
1.581896e-03 
1.572423e-03 
1.572423e-03 
1.572423e-03 
1.572423e-03 
1.572423e-03 
1.572423e-03 
1.524897e-03 
1.524897e-03 
1.524897e-03 
1.524897e-03 
1.524897e-03 
1.524897e-03 
1.524897e-03 
1.524897e-03 
1.501508e-03 
1.501508e-03 
1.501508e-03 
1.501508e-03 
1.501508e-03 
1.483476e-03 
1.473281e-03 
1.473281e-03 
1.422098e-03 
1.422098e-03 
1.422098e-03 
1.422098e-03 
1.422098e-03 
1.422098e-03 
1.422098e-03 
1.422098e-03 
1.422098e-03 
1.422098e-03 
1.422098e-03 
1.422098e-03 
1.414568e-03 
1.414568e-03 
1.414568e-03 
1.414568e-03 
1.414568e-03 
1.410791e-03 
1.410791e-03 
1.381658e-03 
1.356588e-03 
1.356588e-03 
1.320853e-03 
1.320853e-03 
1.320853e-03 
1.320853e-03 
1.320853e-03 
1.320853e-03 
1.153792e-03 
1.153792e-03 
1.112710e-03 
1.112710e-03 
1.112710e-03 
1.073224e-03 
1.022429e-03 
9.990960e-04 
9.887037e-04 
9.843148e-04 
9.826435e-04 
9.821532e-04 
9.821393e-04 
9.821393e-04 
9.813596e-04 
9.807358e-04 
9.803127e-04 
9.800235e-04 
9.798247e-04 
9.796875e-04 
9.795926e-04 
9.795268e-04 
9.794811e-04 
9.794494e-04 
9.794273e-04 
9.794120e-04 
9.794013e-04 
9.793939e-04 
9.793887e-04 
9.793851e-04 
9.793826e-04 
9.793808e-04 
9.793796e-04 
9.793788e-04 
9.793782e-04 
9.793778e-04 
9.793775e-04 
9.793773e-04 
9.793771e-04 
9.510633e-04 
9.510633e-04 
8.544607e-04 
6.639764e-04 
6.639764e-04 
6.639764e-04 
5.616786e-04 
5.616786e-04 
5.410468e-04 
5.410468e-04 
5.410468e-04 
5.410468e-04 
5.410468e-04 
5.410468e-04 
5.410468e-04 
3.181184e-04 
3.181184e-04 
3.181184e-04 
3.181184e-04 
2.088652e-04 
2.088652e-04 
2.088652e-04 
2.088652e-04 
2.088652e-04 
2.088652e-04 
2.088652e-04 
2.088652e-04 
2.088652e-04 
1.947626e-04 
1.947626e-04 
1.947626e-04 
1.947626e-04 
1.947626e-04 
1.947626e-04 
1.947626e-04 
1.947626e-04 
1.947626e-04 
1.947626e-04 
1.947626e-04 
1.947626e-04 
1.947626e-04 
1.947626e-04 
1.738513e-04 
1.738513e-04 
1.669537e-04 
1.669537e-04 
1.669537e-04 
1.669537e-04 
1.669537e-04 
1.637182e-04 
1.608217e-04 
1.591788e-04 
1.582153e-04 
1.576318e-04 
1.572678e-04 
1.570350e-04 
1.568830e-04 
1.567822e-04 
1.567145e-04 
1.566686e-04 
1.566373e-04 
1.566159e-04 
1.566011e-04 
1.565910e-04 
1.565840e-04 
1.565792e-04 
1.565758e-04 
1.565735e-04 
1.565719e-04 
1.565708e-04 
1.565700e-04 
1.565695e-04 
1.565691e-04 
1.469079e-04 
1.469079e-04 
1.326748e-04 
1.326748e-04 
1.128428e-04 
8.017603e-05 
8.017603e-05 
8.017603e-05 
6.846845e-05 
6.846845e-05 
6.019606e-05 
6.019606e-05 
6.019606e-05 
6.019606e-05 
6.019606e-05 
6.019606e-05 
6.019606e-05 
5.570637e-05 
5.570637e-05 
5.570637e-05 
5.570637e-05 
5.570637e-05 
5.498590e-05 
5.498590e-05 
5.498590e-05 
5.498590e-05 
5.498590e-05 
5.498590e-05 
5.498590e-05 
5.376456e-05 
5.074334e-05 
4.974695e-05 
4.957852e-05 
4.957852e-05 
4.881637e-05 
4.853720e-05 
4.850537e-05 
4.850537e-05 
4.842128e-05 
4.837761e-05 
4.837228e-05 
4.837228e-05 
4.823730e-05 
4.814814e-05 
4.809118e-05 
3.842915e-05 
3.842915e-05 
3.842915e-05 
3.842915e-05 
2.243184e-05 
2.243184e-05 
2.042126e-05 
2.042126e-05 
2.042126e-05 
2.042126e-05 
2.042126e-05 
2.042126e-05 
2.042126e-05 
2.042126e-05 
2.042126e-05 
2.042126e-05 
2.042126e-05 
1.676883e-05 
1.676883e-05 
1.018764e-05 
1.018764e-05 
1.018764e-05 
1.018764e-05 
1.018764e-05 
1.018764e-05 
1.018764e-05 
1.018764e-05 
1.018764e-05 
9.260936e-06 
9.260936e-06 
9.260936e-06 
9.260936e-06 
9.260936e-06 
9.260936e-06 
9.260936e-06 
9.260936e-06 
9.260936e-06 
8.075283e-06 
8.075283e-06 
8.075283e-06 
7.924315e-06 
7.924315e-06 
7.924315e-06 
7.723144e-06 
7.723144e-06 
7.723144e-06 
7.723144e-06 
7.723144e-06 
7.723144e-06 
7.723144e-06 
7.723144e-06 
7.381994e-06 
7.381994e-06 
7.381994e-06 
7.318706e-06 
7.318706e-06 
7.318706e-06 
7.318706e-06 
5.704555e-06 
5.704555e-06 
5.704555e-06 
4.437976e-06 
4.437976e-06 
4.437976e-06 
4.437976e-06 
4.437976e-06 
4.437976e-06 
4.437976e-06 
4.298751e-06 
4.298751e-06 
4.298751e-06 
4.298751e-06 
4.298751e-06 
4.298751e-06 
4.298751e-06 
4.298751e-06 
4.298751e-06 
4.298751e-06 
4.225799e-06 
4.167783e-06 
4.167783e-06 
4.162470e-06 
4.162470e-06 
4.103615e-06 
4.084489e-06 
4.084489e-06 
4.053883e-06 
4.038908e-06 
4.031607e-06 
4.027994e-06 
4.026172e-06 
4.025231e-06 
4.024730e-06 
4.024455e-06 
4.024297e-06 
4.024204e-06 
4.024148e-06 
4.024113e-06 
4.024090e-06 
4.024075e-06 
4.024065e-06 
4.024059e-06 
4.024054e-06 
4.024051e-06 
4.024049e-06 
4.024048e-06 
4.024047e-06 
4.024046e-06 
4.024046e-06 
4.024045e-06 
3.715754e-06 
3.715754e-06 
2.258165e-06 
2.258165e-06 
2.258165e-06 
2.258165e-06 
1.922721e-06 
1.922721e-06 
1.922721e-06 
1.285879e-06 
1.285879e-06 
1.226172e-06 
1.226172e-06 
7.841783e-07 
7.841783e-07 
6.658766e-07 
6.658766e-07 
6.658766e-07 
6.658766e-07 
6.658766e-07 
6.658766e-07 
6.658766e-07 
6.658766e-07 
6.658766e-07 
6.658766e-07 
6.658766e-07 
5.523964e-07 
5.523964e-07 
5.523964e-07 
5.523964e-07 
5.523964e-07 
5.523964e-07 
3.809977e-07 
3.809977e-07 
3.809977e-07 
3.809977e-07 
3.809977e-07 
2.752673e-07 
2.752673e-07 
2.752673e-07 
2.752673e-07 
2.752673e-07 
1.990423e-07 
1.990423e-07 
1.990423e-07 
1.990423e-07 
1.984818e-07 
1.984818e-07 
1.984818e-07 
1.892355e-07 
1.892355e-07 
1.892355e-07 
1.892355e-07 
1.357703e-07 
1.357703e-07 
1.357703e-07 
1.357703e-07 
1.040176e-07 
1.040176e-07 
1.040176e-07 
1.040176e-07 
1.040176e-07 
1.040176e-07 
9.291115e-08 
9.291115e-08 
9.291115e-08 
9.291115e-08 
9.291115e-08 
9.291115e-08 
9.291115e-08 
9.291115e-08 
9.240891e-08 
9.240891e-08 
9.240891e-08 
9.240891e-08 
8.732517e-08 
8.596454e-08 
8.596454e-08 
8.596454e-08 
7.575618e-08 
7.575618e-08 
7.575618e-08 
7.575618e-08 
7.575618e-08 
7.575618e-08 
7.575618e-08 
7.575618e-08 
7.575618e-08 
7.575618e-08 
7.575618e-08 
7.575618e-08 
7.575618e-08 
7.575618e-08 
7.575618e-08 
7.575618e-08 
7.575618e-08 
7.575618e-08 
7.575618e-08 
7.575618e-08 
7.574587e-08 
7.574587e-08 
7.307443e-08 
5.910851e-08 
5.910851e-08 
4.466385e-08 
4.466385e-08 
3.261914e-08 
3.261914e-08 
2.299751e-08 
2.299751e-08 
2.299751e-08 
2.299751e-08 
2.299751e-08 
2.299751e-08 
2.299751e-08 
2.096216e-08 
2.094859e-08 
2.094859e-08 
2.094859e-08 
2.094859e-08 
2.094859e-08 
2.094859e-08 
2.039941e-08 
1.712464e-08 
1.712464e-08 
1.712464e-08 
1.712464e-08 
1.712464e-08 
1.593650e-08 
1.593650e-08 
1.593650e-08 
1.564214e-08 
1.564214e-08 
1.564214e-08 
1.261394e-08 
1.242535e-08 
1.242535e-08 
1.242535e-08 
1.165550e-08 
1.165550e-08 
1.118813e-08 
1.086742e-08 
1.086742e-08 
1.086742e-08 
1.086742e-08 
1.086742e-08 
1.014347e-08 
9.733425e-09 
9.733425e-09 
9.255467e-09 
9.255467e-09 
9.255467e-09 
9.255467e-09 
9.255467e-09 
8.870971e-09 
8.870971e-09 
8.870971e-09 
8.738172e-09 
8.738172e-09 
8.738172e-09 
8.738172e-09 
4.568682e-09 
4.568682e-09 
4.568682e-09 
4.118973e-09 
4.118973e-09 
4.118973e-09 
4.118973e-09 
4.118973e-09 
1.873735e-09 
1.873735e-09 
1.873735e-09 
1.873735e-09 
1.873735e-09 
1.873735e-09 
1.873735e-09 
1.873735e-09 
1.820310e-09 
1.820310e-09 
1.820310e-09 
1.820310e-09 
1.820310e-09 
1.820310e-09 
1.820310e-09 
1.820310e-09 
1.820310e-09 
1.820310e-09 
1.820310e-09 
1.820310e-09 
1.820310e-09 
1.820310e-09 
1.803944e-09 
1.803944e-09 
1.735247e-09 
1.735247e-09 
1.735247e-09 
1.735247e-09 
1.735247e-09 
1.735247e-09 
1.735247e-09 
1.686843e-09 
1.634755e-09 
1.626679e-09 
1.626679e-09 
1.626679e-09 
1.604473e-09 
1.577066e-09 
1.559755e-09 
1.548190e-09 
1.540546e-09 
1.535570e-09 
1.532353e-09 
1.529902e-09 
1.528564e-09 
9.541880e-10 
9.541880e-10 
9.541880e-10 
9.541880e-10 
7.889238e-10 
7.889238e-10 
7.889238e-10 
7.889238e-10 
7.889238e-10 
7.889238e-10 
7.849866e-10 
7.173048e-10 
7.173048e-10 
6.323224e-10 
6.323224e-10 
6.323224e-10 
6.292694e-10 
6.292694e-10 
6.292694e-10 
6.292694e-10 
5.857611e-10 
5.857611e-10 
5.857611e-10 
5.299277e-10 
5.299277e-10 
5.299277e-10 
5.247782e-10 
5.247782e-10 
5.247782e-10 
5.247782e-10 
5.018589e-10 
4.910349e-10 
4.903370e-10 
4.903370e-10 
4.903230e-10 
4.903230e-10 
4.903230e-10 
4.903230e-10 
4.903230e-10 
4.903230e-10 
4.903230e-10 
4.903230e-10 
4.826059e-10 
4.826059e-10 
4.826059e-10 
4.795145e-10 
4.795145e-10 
4.795145e-10 
4.795145e-10 
4.699905e-10 
4.699905e-10 
4.699905e-10 
4.699905e-10 
4.699905e-10 
4.699905e-10 
4.699905e-10 
4.663447e-10 
4.651227e-10 
4.651227e-10 
4.647850e-10 
4.647850e-10 
2.737072e-10 
1.919204e-10 
1.919204e-10 
1.549934e-10 
1.549934e-10 
1.549934e-10 
1.549934e-10 
1.549934e-10 
1.475723e-10 
1.475723e-10 
1.475723e-10 
1.475723e-10 
1.344011e-10 
1.247546e-10 
9.935837e-11 
9.935837e-11 
9.935837e-11 
9.935837e-11 
9.935837e-11 
9.935837e-11 
9.935837e-11 
9.935837e-11 
9.935837e-11 
9.935837e-11 
9.935837e-11 
9.935837e-11 
9.935837e-11 
9.883738e-11 
9.883738e-11 
9.721453e-11 
9.721453e-11 
9.268060e-11 
9.268060e-11 
7.371296e-11 
7.371296e-11 
6.959818e-11 
6.959818e-11 
6.792433e-11 
6.792433e-11 
4.957027e-11 
4.957027e-11 
4.871925e-11 
4.871925e-11 
3.272308e-11 
3.272308e-11 
3.107033e-11 
3.107033e-11 
2.296630e-11 
2.296630e-11 
2.296630e-11 
2.296630e-11 
2.296630e-11 
2.296630e-11 
2.047288e-11 
2.047288e-11 
2.047288e-11 
2.047288e-11 
2.047288e-11 
2.047288e-11 
2.047288e-11 
1.995012e-11 
1.995012e-11 
1.848092e-11 
1.820159e-11 
1.820159e-11 
1.820159e-11 
1.755899e-11 
1.755899e-11 
1.755899e-11 
1.755899e-11 
1.755899e-11 
1.755899e-11 
1.073408e-11 
1.073408e-11 
8.884597e-12 
8.884597e-12 
8.406683e-12 
8.406683e-12 
8.406683e-12 
8.406683e-12 
7.632857e-12 
7.632857e-12 
7.632857e-12 
6.642686e-12 
6.642686e-12 
6.642686e-12 
4.636291e-12 
3.439323e-12 
3.439323e-12 
3.439323e-12 
3.439323e-12 
3.439323e-12 
3.439323e-12 
3.439323e-12 
3.439323e-12 
3.439323e-12 
3.439323e-12 
3.221719e-12 
3.221719e-12 
3.221719e-12 
3.221719e-12 
3.221719e-12 
3.221719e-12 
3.221719e-12 
3.221719e-12 
3.172351e-12 
2.980801e-12 
2.980801e-12 
2.980801e-12 
2.968810e-12 
2.968810e-12 
2.833067e-12 
2.833067e-12 
2.204533e-12 
2.204533e-12 
2.204533e-12 
2.130962e-12 
1.964873e-12 
1.964873e-12 
1.964873e-12 
1.964873e-12 
1.964873e-12 
1.964873e-12 
1.964873e-12 
1.964873e-12 
1.964873e-12 
1.964873e-12 
1.955103e-12 
1.955103e-12 
1.955103e-12 
1.923794e-12 
1.923794e-12 
7.503627e-13 
7.503627e-13 
7.503627e-13 
7.503627e-13 
7.503627e-13 
7.503627e-13 
7.503627e-13 
7.503627e-13 
7.503627e-13 
7.503627e-13 
7.503627e-13 
7.503627e-13 
7.503627e-13 
7.503627e-13 
7.503627e-13 
7.503627e-13 
7.503627e-13 
7.503627e-13 
7.503627e-13 
7.503627e-13 
7.503627e-13 
7.503627e-13 
6.591024e-13 
6.591024e-13 
6.591024e-13 
6.126951e-13 
6.126951e-13 
6.126951e-13 
6.126951e-13 
6.126951e-13 
6.126951e-13 
6.126951e-13 
6.126951e-13 
6.126951e-13 
6.126951e-13 
6.126951e-13 
5.658437e-13 
5.658437e-13 
5.630311e-13 
5.630311e-13 
5.630311e-13 
5.557776e-13 
5.557776e-13 
5.557776e-13 
5.557776e-13 
5.557776e-13 
5.264678e-13 
5.264678e-13 
5.264678e-13 
5.264678e-13 
5.854576e-14 
5.854576e-14 
5.854576e-14 
5.854576e-14 
5.854576e-14 
5.854576e-14 
5.854576e-14 
5.854576e-14 
5.854576e-14 
5.854576e-14 
5.854576e-14 
5.854576e-14 
5.854576e-14 
5.854576e-14 
5.854576e-14 
5.854576e-14 
5.854576e-14 
5.854576e-14 
5.854576e-14 
5.854576e-14 
5.854576e-14 
3.833970e-14 
3.833970e-14 
3.833970e-14 
3.833970e-14 
3.833970e-14 
3.833970e-14 
3.833970e-14 
3.833970e-14 
3.833970e-14 
3.833970e-14 
3.833970e-14 
3.833970e-14 
3.833970e-14 
3.833970e-14 
3.833970e-14 
3.833970e-14 
3.833970e-14 
3.833970e-14 
3.833970e-14 
3.833970e-14 
3.611926e-14 
3.611926e-14 
3.611926e-14 
3.611926e-14 
3.611926e-14 
3.611926e-14 
3.611926e-14 
3.611926e-14 
3.611926e-14 
3.611926e-14 
3.611926e-14 
3.611926e-14 
3.611926e-14 
3.389881e-14 
3.389881e-14 
3.389881e-14 
3.389881e-14 
3.389881e-14 
3.389881e-14 
3.389881e-14 
3.389881e-14 
3.389881e-14 
3.389881e-14 
3.389881e-14 
3.389881e-14 
3.389881e-14 
3.389881e-14 
3.389881e-14 
3.389881e-14 
3.389881e-14 
3.389881e-14 
3.389881e-14 
3.389881e-14 
3.389881e-14 
3.389881e-14 
3.389881e-14 
3.315866e-14 
3.315866e-14 
3.019807e-14 
3.019807e-14 
3.019807e-14 
3.019807e-14 
3.019807e-14 
3.019807e-14 
3.019807e-14 
3.019807e-14 
3.019807e-14 
3.019807e-14 
3.019807e-14 
3.019807e-14 
3.019807e-14 
2.908784e-14 
2.908784e-14 
2.908784e-14 
2.908784e-14 
2.908784e-14 
2.353673e-14 
2.353673e-14 
2.131628e-14 
2.131628e-14 
2.131628e-14 
2.131628e-14 
2.131628e-14 
2.131628e-14 
2.131628e-14 
2.131628e-14 
2.131628e-14 
2.131628e-14 
2.131628e-14 
2.131628e-14 
2.131628e-14 
2.131628e-14 
2.131628e-14 
2.131628e-14 
2.131628e-14 
2.020606e-14 
2.020606e-14 
2.020606e-14 
2.020606e-14 
2.020606e-14 
2.020606e-14 
2.020606e-14 
2.020606e-14 
2.020606e-14 
2.020606e-14 
2.020606e-14 
2.020606e-14 
2.020606e-14 
2.020606e-14 
2.020606e-14 
2.020606e-14 
2.020606e-14 
2.020606e-14 
2.020606e-14 
2.020606e-14 
2.020606e-14 
2.020606e-14 
2.020606e-14 
2.020606e-14 
2.020606e-14 
2.020606e-14 
2.020606e-14 
2.020606e-14 
2.020606e-14 
2.020606e-14 
2.020606e-14 
2.020606e-14 
2.020606e-14 
2.020606e-14 
2.020606e-14 
2.020606e-14 
2.020606e-14 
2.020606e-14 
2.020606e-14 
2.020606e-14 
2.020606e-14 
2.020606e-14 
2.020606e-14 
2.020606e-14 
2.020606e-14 
2.020606e-14 
2.020606e-14 
2.020606e-14 
2.020606e-14 
2.020606e-14 
2.020606e-14 
2.020606e-14 
2.020606e-14 
1.983598e-14 
1.983598e-14 
1.983598e-14 
1.983598e-14 
1.332268e-14 
1.332268e-14 
1.332268e-14 
1.332268e-14 
1.332268e-14 
1.332268e-14 
1.332268e-14 
1.332268e-14 
1.332268e-14 
1.332268e-14 
1.332268e-14 
1.332268e-14 
1.332268e-14 
1.332268e-14 
1.332268e-14 
1.332268e-14 
1.332268e-14 
1.332268e-14 
1.332268e-14 
1.332268e-14 
1.332268e-14 
1.332268e-14 
1.332268e-14 
1.332268e-14 
1.332268e-14 
1.258253e-14 
1.258253e-14 
1.258253e-14 
1.258253e-14 
1.258253e-14 
1.258253e-14 
1.258253e-14 
1.258253e-14 
1.258253e-14 
1.258253e-14 
1.258253e-14 
1.258253e-14 
1.258253e-14 
1.258253e-14 
1.258253e-14 
1.258253e-14 
1.258253e-14 
1.258253e-14 
1.258253e-14 
1.258253e-14 
1.258253e-14 
1.258253e-14 
1.258253e-14 
1.258253e-14 
1.258253e-14 
1.258253e-14 
1.258253e-14 
1.073216e-14 
1.073216e-14 
1.073216e-14 
1.073216e-14 
1.073216e-14 
1.073216e-14 
1.073216e-14 
1.073216e-14 
1.073216e-14 
1.073216e-14 
1.073216e-14 
1.073216e-14 
1.073216e-14 
1.073216e-14 
1.073216e-14 
1.073216e-14 
1.073216e-14 
1.073216e-14 
1.073216e-14 
1.073216e-14 
1.073216e-14 
1.073216e-14 
1.073216e-14 
1.073216e-14 
1.073216e-14 
9.992007e-15 
9.992007e-15 
9.992007e-15 
9.992007e-15 
9.992007e-15 
9.992007e-15 
9.992007e-15 
9.992007e-15 
9.992007e-15 
9.992007e-15 
9.251859e-15 
9.251859e-15 
9.251859e-15 
9.251859e-15 
9.251859e-15 
9.251859e-15 
9.251859e-15 
9.251859e-15 
9.251859e-15 
9.251859e-15 
9.251859e-15 
9.251859e-15 
9.251859e-15 
9.251859e-15 
9.251859e-15 
9.251859e-15 
9.251859e-15 
9.251859e-15 
9.251859e-15 
9.251859e-15 
9.251859e-15 
9.251859e-15 
9.251859e-15 
9.251859e-15 
9.251859e-15 
9.251859e-15 
9.251859e-15 
9.251859e-15 
9.251859e-15 
9.251859e-15 
9.251859e-15 
9.251859e-15 
9.251859e-15 
9.251859e-15 
9.251859e-15 
9.251859e-15 
9.251859e-15 
9.251859e-15 
9.251859e-15 
8.511710e-15 
8.511710e-15 
8.511710e-15 
8.511710e-15 
8.511710e-15 
8.511710e-15 
8.511710e-15 
8.511710e-15 
8.511710e-15 
8.511710e-15 
8.511710e-15 
8.511710e-15 
8.511710e-15 
8.511710e-15 
8.511710e-15 
8.511710e-15 
8.511710e-15 
8.511710e-15 
8.511710e-15 
8.511710e-15 
8.511710e-15 
8.511710e-15 
8.511710e-15 
8.511710e-15 
8.511710e-15 
8.511710e-15 
8.511710e-15 
7.401487e-15 
7.401487e-15 
7.401487e-15 
7.401487e-15 
7.401487e-15 
7.401487e-15 
7.401487e-15 
7.401487e-15 
7.401487e-15 
7.401487e-15 
7.401487e-15 
7.401487e-15 
7.401487e-15 
7.401487e-15 
7.401487e-15 
7.401487e-15 
7.401487e-15 
7.401487e-15 
7.401487e-15 
7.401487e-15 
7.401487e-15 
7.401487e-15 
7.401487e-15 
7.401487e-15 
7.401487e-15 
7.401487e-15 
7.401487e-15 
7.401487e-15 
7.401487e-15 
7.401487e-15 
7.401487e-15 
7.401487e-15 
7.401487e-15 
7.401487e-15 
7.401487e-15 
7.401487e-15 
6.661338e-15 
6.661338e-15 
6.661338e-15 
6.661338e-15 
5.551115e-15 
5.551115e-15 
5.551115e-15 
5.551115e-15 
5.551115e-15 
5.551115e-15 
5.551115e-15 
5.551115e-15 
5.551115e-15 
5.551115e-15 
5.551115e-15 
5.551115e-15 
5.551115e-15 
5.551115e-15 
5.551115e-15 
5.551115e-15 
5.551115e-15 
1.850372e-15 
1.850372e-15 
1.850372e-15 
1.850372e-15 
1.850372e-15 
1.850372e-15 
1.850372e-15 
1.850372e-15 
1.850372e-15 
1.850372e-15 
1.850372e-15 
1.850372e-15 
1.850372e-15 
1.850372e-15 
1.850372e-15 
1.850372e-15 
1.850372e-15 
1.850372e-15 
1.850372e-15 
1.850372e-15 
1.850372e-15 
1.850372e-15 
1.850372e-15 
1.850372e-15 
1.850372e-15 
1.850372e-15 
1.850372e-15 
1.850372e-15 
1.850372e-15 
1.850372e-15 
1.850372e-15 
1.850372e-15 
1.850372e-15 
1.850372e-15 
1.850372e-15 
1.850372e-15 
1.850372e-15 
1.850372e-15 
1.850372e-15 
1.850372e-15 
1.850372e-15 
1.850372e-15 
1.850372e-15 
1.850372e-15 
1.480297e-15 
1.480297e-15 
1.480297e-15 
1.480297e-15 
1.480297e-15 
1.480297e-15 
1.480297e-15 
1.480297e-15 
1.480297e-15 
1.480297e-15 
1.480297e-15 
1.480297e-15 
1.480297e-15 
1.480297e-15 
1.480297e-15 
1.480297e-15 
1.480297e-15 
1.480297e-15 
1.480297e-15 
1.480297e-15 
1.480297e-15 
1.480297e-15 
1.480297e-15 
1.480297e-15 
1.480297e-15 
1.480297e-15 
1.480297e-15 
1.480297e-15 
1.480297e-15 
1.480297e-15 
1.480297e-15 
1.480297e-15 
1.480297e-15 
1.480297e-15 
1.480297e-15 
1.480297e-15 
1.480297e-15 
1.480297e-15 
1.480297e-15 
1.480297e-15 
1.480297e-15 
1.480297e-15 
1.480297e-15 
1.480297e-15 
1.480297e-15 
1.480297e-15 
1.480297e-15 
1.480297e-15 
1.480297e-15 
1.480297e-15 
1.480297e-15 
1.480297e-15 
1.480297e-15 
1.480297e-15 
1.480297e-15 
1.480297e-15 
1.480297e-15 
1.480297e-15 
1.480297e-15 
1.480297e-15 
1.480297e-15 
1.480297e-15 
1.480297e-15 
1.480297e-15 
1.480297e-15 
7.401487e-16 
7.401487e-16 
7.401487e-16 
7.401487e-16 
7.401487e-16 
7.401487e-16 
7.401487e-16 
7.401487e-16 
7.401487e-16 
3.700743e-16 
3.700743e-16 
3.700743e-16 
3.700743e-16 
3.700743e-16 
3.700743e-16 
3.700743e-16 
3.700743e-16 
3.700743e-16 
3.700743e-16 
3.700743e-16 
3.700743e-16 
3.700743e-16 
3.700743e-16 
3.700743e-16 
3.700743e-16 
3.700743e-16 
3.700743e-16 
3.700743e-16 
3.700743e-16 
3.700743e-16 
3.700743e-16 
0 
0 
0 
0 
0 
0 
0 
0 
0 
0 
0 
0 
0 
0 
0 
0 
0 
0 
0 
0 
0 
0 
0 
0 
0 
0 
0 
0 
0 
0 
0 
0 
0 
0 
0 
0 
0 
0 
0 
0 
0 
0 
0 
0 
0 
0 
0 
0 
0 
0 
0 
0 
0 
0 
0 
0 
0 
0 
0 
0 
0 
0 
0 
0 
0 
0 
0 
0 
0 
0 
0 
0 
0 
0 
0 
0 
0 
0 
0 
0 
0 
0 
0 
0 
0 
0 
0 
0 
0 
0 
0 
0 
0 
0 
0 
0 
0 
0 
0 
0 
0 
0 
0 
0 
0 
0 
0 
0 
0 
0 
0 
0 
0 
0 
0 
0 
0 
0 
0 
0 
0 
0 
0 
0 
0 
0 
0 
0 
0 
0 
0 
0 
0 
0 
0 
0 
0 
0 
0 
0 
0 
0 
0 
0 
0 
0 
0 
0 
0 
0 
0 
0 
0 
0 
0 
0 
0 
0 
0 
0 
0 
0 
0 
0 
0 
0 
0 
0 
0 
0 
0 
0 
0 
0 
0 
0 
0 
0 
0 
0 
0 
0 
0 
0 
0 
0 
0 
0 
0 
0 
0 
0 
0 
0 
0 
0 
0 
0 
0 
0 
0 
0 
0 
0 
0 
0 
0 
0 
0 
0 
0 
0 
0 
0 
0 
0 
0 
0 
0 
0 
0 
0 
0 
0 
0 
0 
0 
0 
0 
0 
0 
0 
0 
0 
0 
0 
0 
0 
0 
0 
0 
0 
0 
0 
0 
0 
0 
0 
0 
0 
0 
0 
0 
0 
0 
0 
0 
0 
0 
0 
0 
0 
0 
0 
0 
0 
0 
0 
0 
0 
0 
0 
0 
0 
0 
0 
0 
0 
0 
0 
0 
0 
0 
0 
0 
0 
0 
0 
0 
0 
0 
0 
0 
0 
0 
0 
0 
0 
0 
0 
0 
0 
0 
0 
0 
0 
0 
0 
0 
0 
0 
0 
0 
0 
0 
0 
0 
0 
0 
0 
0 
0 
0 
0 
0 
0 
0 
0 
0 
0 
0 
0 
0 
0 
0 
0 
0 
0 
0 
0 
0 
0 
0 
0 
0 
0 
0 
0 
0 
0 
0 
0 
0 
0 
0 
0 
0 
0 
0 
0 
0 
0 
0 
0 
0 
0 
0 
0 
0 
0 
0 
0 
0 
0 
0 
0 
0 
0 
0 
0 
0 
0 
0 
0 
0 
0 
0 
0 
0 
0 
0 
0 
0 
0 
0 
0 
0 
0 
0 
0 
0 
0 
0 
0 
0 
0 
0 
0 
0 
0 
0 
0 
0 
0 
0 
0 
0 
0 
0 
0 
0 
0 
0 
0 
0 
0 
0 
0 
0 
0 
0 
0 
0 
0 
0 
0 
0 
0 
0 
0 
0 
0 
0 
0 
0 
0 
0 
0 
0 
0 
0 
0 
0 
0 
0 
0 
0 
0 
0 
0 
0 
0 
0 
0 
0 
0 
0 
0 
0 
0 
0 
0 
0 
0 
0 
0 
0 
0 
0 
0 
0 
0 
0 
0 
0 
0 
0 
0 
0 
0 
0 
0 
0 
0 
0 
0 
0 
0 
0 
0 
0 
0 
0 
0 
0 
0 
0 
0 
0 
0 
0 
0 
0 
0 
0 
0 
0 
0 
0 
0 
0 
0 
0 
0 
0 
0 
0 
0 
0 
0 
0 
0 
0 
0 
0 
0 
0 
0 
0 
0 
0 
0 
0 
0 
0 
0 
0 
0 
0 
0 
0 
0 
0 
0 
0 
0 
0 
0 
0 
0 
0 
0 
0 
0 
0 
0 
0 
0 
0 
0 
0 
0 
0 
0 
0 
0 
0 
0 
0 
0 
0 
0 
0 
0 
0 
0 
0 
0 
0 
0 
0 
0 
0 
0 
0 
0 
0 
0 
0 
0 
0 
0 
0 
0 
0 
0 
0 
0 
0 
0 
0 
0 
0 
0 
0 
0 
0 
0 
0 
0 
0 
0 
0 
0 
0 
0 
0 
0 
0 
0 
0 
0 
0 
0 
0 
0 
0 
0 
0 
0 
0 
0 
0 
0 
0 
0 
0 
0 
0 
0 
0 
0 
0 
0 
0 
0 
0 
0 
0 
0 
0 
0 
0 
0 
0 
0 
0 
0 
0 
0 
0 
0 
0 
0 
0 
0 
0 
0 
0 
0 
0 
0 
0 
0 
0 
0 
0 
0 
0 
0 
0 
0 
0 
0 
0 
0 
0 
0 
0 
0 
0 
0 
0 
0 
0 
0 
0 
0 
0 
0 
0 
0 
0 
0 
0 
0 
0 
0 
0 
0 
0 
0 
0 
0 
0 
0 
0 
0 
0 
0 
0 
0 
0 
0 
0 
0 
0 
0 
0 
0 
0 
0 
0 
0 
0 
0 
0 
0 
0 
0 
0 
0 
0 
0 
0 
0 
0 
0 
0 
0 
0 
0 
0 
0 
0 
0 
0 
0 
0 
0 
0 
0 
0 
0 
0 
0 
0 
0 
0 
0 
0 
0 
0 
0 
0 
0 
0 
0 
0 
0 
0 
0 
0 
0 
0 
0 
0 
0 
0 
0 
0 
0 
0 
0 
0 
0 
0 
0 
0 
0 
0 
0 
0 
0 
0 
0 
0 
0 
0 
0 
0 
0 
0 
0 
0 
0 
0 
0 
0 
0 
0 
0 
0 
0 
0 
0 
0 
0 
0 
0 
0 
0 
0 
0 
0 
0 
0 
0 
0 
0 
0 
0 
0 
0 
0 
0 
0 
0 
0 
0 
0 
0 
0 
0 
0 
0 
0 
0 
0 
0 
0 
0 
0 
0 
0 
0 
0 
0 
0 
0 
0 
0 
0 
0 
0 
0 
0 
0 
0 
0 
0 
0 
0 
0 
0 
0 
0 
0 
0 
0 
0 
0 
0 
0 
0 
0 
0 
0 
0 
0 
0 
0 
0 
0 
0 
0 
0 
0 
0 
0 
0 
0 
0 
0 
0 
0 
0 
0 
0 
0 
0 
0 
0 
0 
0 
0 
0 
0 
0 
0 
0 
0 
0 
0 
0 
0 
0 
0 
0 
0 
0 
0 
0 
0 
0 
0 
0 
0 
0 
0 
0 
0 
0 
0 
0 
0 
0 
0 
0 
0 
0 
0 
0 
0 
0 
0 
0 
0 
0 
0 
0 
0 
0 
0 
0 
0 
0 
0 
0 
0 
0 
0 
0 
0 
0 
0 
0 
0 
0 
0 
0 
0 
0 
0 
0 
0 
0 
0 
0 
0 
0 
0 
0 
0 
0 
0 
0 
0 
0 
0 
0 
0 
0 
0 
0 
0 
0 
0 
0 
0 
0 
0 
0 
0 
0 
0 
0 
0 
0 
0 
0 
0 
0 
0 
0 
0 
0 
0 
0 
0 
0 
0 
0 
0 
0 
0 
0 
0 
0 
0 
0 
0 
0 
0 
0 
0 
0 
0 
0 
0 
0 
0 
0 
0 
0 
0 
0 
0 
0 
0 
0 
0 
0 
0 
0 
0 
0 
0 
0 
0 
0 
0 
0 
0 
0 
0 
0 
0 
0 
0 
0 
0 
0 
0 
0 
0 
0 
0 
0 
0 
0 
0 
0 
0 
0 
0 
0 
0 
0 
0 
0 
0 
0 
0 
0 
0 
0 
0 
0 
0 
0 
0 
0 
0 
0 
0 
0 
0 
0 
0 
0 
0 
0 
0 
0 
0 
0 
0 
0 
0 
0 
0 
0 
0 
0 
0 
0 
0 
0 
0 
0 
0 
0 
0 
0 
0 
0 
0 
0 
0 
0 
0 
0 
0 
0 
0 
0 
0 
0 
0 
0 
0 
0 
0 
0 
0 
0 
0 
0 
0 
0 
0 
0 
0 
0 
0 
0 
0 
0 
0 
0 
0 
0 
0 
0 
0 
0 
0 
0 
0 
0 
0 
0 
0 
0 
0 
0 
0 
0 
0 
0 
0 
0 
0 
0 
0 
0 
0 
0 
0 
0 
0 
0 
0 
0 
0 
0 
0 
0 
0 
0 
0 
0 
0 
0 
0 
0 
0 
0 
0 
0 
0 
0 
0 
0 
0 
0 
0 
0 
0 
0 
0 
0 
0 
0 
0 
0 
0 
0 
0 
0 
0 
0 
0 
0 
0 
0 
0 
0 
0 
0 
0 
0 
0 
0 
0 
0 
0 
0 
0 
0 
0 
0 
0 
0 
0 
0 
0 
0 
0 
0 
0 
0 
0 
0 
0 
0 
0 
0 
0 
0 
0 
0 
0 
0 
0 
0 
0 
0 
0 
0 
0 
0 
0 
0 
0 
0 
0 
0 
0 
0 
0 
0 
0 
0 
0 
0 
0 
0 
0 
0 
0 
0 
0 
0 
0 
0 
0 
0 
0 
0 
0 
0 
0 
0 
0 
0 
0 
0 
0 
0 
0 
0 
0 
0 
0 
0 
0 
0 
0 
0 
0 
0 
0 
0 
0 
0 
0 
0 
0 
0 
0 
0 
0 
0 
0 
0 
0 
0 
0 
0 
0 
0 
0 
0 
0 
0 
0 
0 
0 
0 
0 
0 
0 
0 
0 
0 
0 
0 
0 
0 
0 
0 
0 
0 
0 
0 
0 
0 
0 
0 
0 
0 
0 
0 
0 
0 
0 
0 
0 
0 
0 
0 
0 
0 
0 
0 
0 
0 
0 
0 
0 
0 
0 
0 
0 
0 
0 
0 
0 
0 
0 
0 
0 
0 
0 
0 
0 
0 
0 
0 
0 
0 
0 
0 
0 
0 
0 
0 
0 
0 
0 
0 
0 
0 
0 
0 
0 
0 
0 
0 
0 
0 
0 
0 
0 
0 
0 
0 
0 
0 
0 
0 
0 
0 
0 
0 
0 
0 
0 
0 
0 
0 
0 
0 
0 
0 
0 
0 
0 
0 
0 
0 
0 
0 
0 
0 
0 
0 
0 
0 
0 
0 
0 
0 
0 
0 
0 
0 
0 
0 
0 
0 
0 
0 
0 
0 
0 
0 
0 
0 
0 
0 
0 
0 
0 
0 
0 
0 
0 
0 
0 
0 
0 
0 
0 
0 
0 
0 
0 
0 
0 
0 
0 
0 
0 
0 
0 
0 
0 
0 
0 
0 
0 
0 
0 
0 
0 
0 
0 
0 
0 
0 
0 
0 
0 
0 
0 
0 
0 
0 
0 
0 
0 
0 
0 
0 
0 
0 
0 
0 
0 
0 
0 
0 
0 
0 
0 
0 
0 
0 
0 
0 
0 
0 
0 
0 
0 
0 
0 
0 
0 
0 
0 
0 
0 
0 
0 
0 
0 
0 
0 
0 
0 
0 
0 
0 
0 
0 
0 
0 
0 
0 
0 
0 
0 
0 
0 
0 
0 
0 
0 
0 
0 
0 
0 
0 
0 
0 
0 
0 
0 
0 
0 
0 
0 
0 
0 
0 
0 
0 
0 
0 
0 
0 
0 
0 
0 
0 
0 
0 
0 
0 
0 
0 
0 
0 
0 
0 
0 
0 
0 
0 
0 
0 
0 
0 
0 
0 
0 
0 
0 
0 
0 
0 
0 
0 
0 
0 
0 
0 
0 
0 
0 
0 
0 
0 
0 
0 
0 
0 
0 
0 
0 
0 
0 
0 
0 
0 
0 
0 
0 
0 
0 
0 
0 
0 
0 
0 
0 
0 
0 
0 
0 
0 
0 
0 
0 
0 
0 
0 
0 
0 
0 
0 
0 
0 
0 
0 
0 
0 
0 
0 
0 
0 
0 
0 
0 
0 
0 
0 
0 
0 
0 
0 
0 
0 
0 
0 
0 
0 
0 
0 
0 
0 
0 
0 
0 
0 
0 
0 
0 
0 
0 
0 
0 
0 
0 
0 
0 
0 
0 
0 
0 
0 
0 
0 
0 
0 
0 
0 
0 
0 
0 
0 
0 
0 
0 
0 
0 
0 
0 
0 
0 
0 
0 
0 
0 
0 
0 
0 
0 
0 
0 
0 
0 
0 
0 
0 
0 
0 
0 
0 
0 
0 
0 
0 
0 
0 
0 
0 
0 
0 
0 
0 
0 
0 
0 
0 
0 
0 
0 
0 
0 
0 
0 
0 
0 
0 
0 
0 
0 
0 
0 
0 
0 
0 
0 
0 
0 
0 
0 
0 
0 
0 
0 
0 
0 
0 
0 
0 
0 
0 
0 
0 
0 
0 
0 
0 
0 
0 
0 
0 
0 
0 
0 
0 
0 
0 
0 
0 
0 
0 
0 
0 
0 
0 
0 
0 
0 
0 
0 
0 
0 
0 
0 
0 
0 
0 
0 
0 
0 
0 
0 
0 
0 
0 
0 
0 
0 
0 
0 
0 
0 
0 
0 
0 
0 
0 
0 
0 
0 
0 
0 
0 
0 
0 
0 
0 
0 
0 
0 
0 
0 
0 
0 
0 
0 
0 
0 
0 
0 
0 
0 
0 
0 
0 
0 
0 
0 
0 
0 
0 
0 
0 
0 
0 
0 
0 
0 
0 
0 
0 
0 
0 
0 
0 
0 
0 
0 
0 
0 
0 
0 
0 
0 
0 
0 
0 
0 
0 
0 
0 
0 
0 
0 
0 
0 
0 
0 
0 
0 
0 
0 
0 
0 
0 
0 
0 
0 
0 
0 
0 
0 
0 
0 
0 
0 
0 
0 
0 
0 
0 
0 
0 
0 
0 
0 
0 
0 
0 
0 
0 
0 
0 
0 
0 
0 
0 
0 
0 
0 
0 
0 
0 
0 
0 
0 
0 
0 
0 
0 
0 
0 
0 
0 
0 
0 
0 
0 
0 
0 
0 
0 
0 
0 
0 
0 
0 
0 
0 
0 
0 
0 
0 
0 
0 
0 
0 
0 
0 
0 
0 
0 
0 
0 
0 
0 
0 
0 
0 
0 
0 
0 
0 
0 
0 
0 
0 
0 
0 
0 
0 
0 
0 
0 
0 
0 
0 
0 
0 
0 
0 
0 
0 
0 
0 
0 
0 
0 
0 
0 
0 
0 
0 
0 
0 
0 
0 
0 
0 
0 
0 
0 
0 
0 
0 
0 
0 
0 
0 
0 
0 
0 
0 
0 
0 
0 
0 
0 
0 
0 
0 
0 
0 
0 
0 
0 
0 
0 
0 
0 
0 
0 
0 
0 
0 
0 
0 
0 
0 
0 
0 
0 
0 
0 
0 
0 
0 
0 
0 
0 
0 
0 
0 
0 
0 
0 
0 
0 
0 
0 
0 
0 
0 
0 
0 
0 
0 
0 
0 
0 
0 
0 
0 
0 
0 
0 
0 
0 
0 
0 
0 
0 
0 
0 
0 
0 
0 
0 
0 
0 
0 
0 
0 
0 
0 
0 
0 
0 
0 
0 
0 
0 
0 
0 
0 
0 
0 
0 
0 
0 
0 
0 
0 
0 
0 
0 
0 
0 
0 
0 
0 
0 
0 
0 
0 
0 
0 
0 
0 
0 
0 
0 
0 
0 
0 
0 
0 
0 
0 
0 
0 
0 
0 
0 
0 
0 
0 
0 
0 
0 
0 
0 
0 
0 
0 
0 
0 
0 
0 
0 
0 
0 
0 
0 
0 
0 
0 
0 
0 
0 
0 
0 
0 
0 
0 
0 
0 
0 
0 
0 
0 
0 
0 
0 
0 
0 
0 
0 
0 
0 
0 
0 
0 
0 
0 
0 
0 
0 
0 
0 
0 
0 
0 
0 
0 
0 
0 
0 
0 
0 
0 
0 
0 
0 
0 
0 
0 
0 
0 
0 
0 
0 
0 
0 
0 
0 
0 
0 
0 
0 
0 
0 
0 
0 
0 
0 
0 
0 
0 
0 
0 
0 
0 
0 
0 
0 
0 
0 
0 
0 
0 
0 
0 
0 
0 
0 
0 
0 
0 
0 
0 
0 
0 
0 
0 
0 
0 
0 
0 
0 
0 
0 
0 
0 
0 
0 
0 
0 
0 
0 
0 
0 
0 
0 
0 
0 
0 
0 
0 
0 
0 
0 
0 
0 
0 
0 
0 
0 
0 
0 
0 
0 
0 
0 
0 
0 
0 
0 
0 
0 
0 
0 
0 
0 
0 
0 
0 
0 
0 
0 
0 
0 
0 
0 
0 
0 
0 
0 
0 
0 
0 
0 
0 
0 
0 
0 
0 
0 
0 
0 
0 
0 
0 
0 
0 
0 
0 
0 
0 
0 
0 
0 
0 
0 
0 
0 
0 
0 
0 
0 
0 
0 
0 
0 
0 
0 
0 
0 
0 
0 
0 
0 
0 
0 
0 
0 
0 
0 
0 
0 
0 
0 
0 
0 
0 
0 
0 
0 
0 
0 
0 
0 
0 
0 
0 
0 
0 
0 
0 
0 
0 
0 
0 
0 
0 
0 
0 
0 
0 
0 
0 
0 
0 
0 
0 
0 
0 
0 
0 
0 
0 
0 
0 
0 
0 
0 
0 
0 
0 
0 
0 
0 
0 
0 
0 
0 
0 
0 
0 
0 
0 
0 
0 
0 
0 
0 
0 
0 
0 
0 
0 
0 
0 
0 
0 
0 
0 
0 
0 
0 
0 
0 
0 
0 
0 
0 
0 
0 
0 
0 
0 
0 
0 
0 
0 
0 
0 
0 
0 
0 
0 
0 
0 
0 
0 
0 
0 
0 
0 
0 
0 
0 
0 
0 
0 
0 
0 
0 
0 
0 
0 
0 
0 
0 
0 
0 
0 
0 
0 
0 
0 
0 
0 
0 
0 
0 
0 
0 
0 
0 
0 
0 
0 
0 
0 
0 
0 
0 
0 
0 
0 
0 
0 
0 
0 
0 
0 
0 
0 
0 
0 
0 
0 
0 
0 
0 
0 
0 
0 
0 
0 
0 
0 
0 
0 
0 
0 
0 
0 
0 
0 
0 
0 
0 
0 
0 
0 
0 
0 
0 
0 
0 
0 
0 
0 
0 
0 
0 
0 
0 
0 
0 
0 
0 
0 
0 
0 
0 
0 
0 
0 
0 
0 
0 
0 
0 
0 
0 
0 
0 
0 
0 
0 
0 
0 
0 
0 
0 
0 
0 
0 
0 
0 
0 
0 
0 
0 
0 
0 
0 
0 
0 
0 
0 
0 
0 
0 
0 
0 
0 
0 
0 
0 
0 
0 
0 
0 
0 
0 
0 
0 
0 
0 
0 
0 
0 
0 
0 
0 
0 
0 
0 
0 
0 
0 
0 
0 
0 
0 
0 
0 
0 
0 
0 
0 
0 
0 
0 
0 
0 
0 
0 
0 
0 
0 
0 
0 
0 
0 
0 
0 
0 
0 
0 
0 
0 
0 
0 
0 
0 
0 
0 
0 
0 
0 
0 
0 
0 
0 
0 
0 
0 
0 
0 
0 
0 
0 
0 
0 
0 
0 
0 
0 
0 
0 
0 
0 
0 
0 
0 
0 
0 
0 
0 
0 
0 
0 
0 
0 
0 
0 
0 
0 
0 
0 
0 
0 
0 
0 
0 
0 
0 
0 
0 
0 
0 
0 
0 
0 
0 
0 
0 
0 
0 
0 
0 
0 
0 
0 
0 
0 
0 
0 
0 
0 
0 
0 
0 
0 
0 
0 
0 
0 
0 
0 
0 
0 
0 
0 
0 
0 
0 
0 
0 
0 
0 
0 
0 
0 
0 
0 
0 
0 
0 
0 
0 
0 
0 
0 
0 
0 
0 
0 
0 
0 
0 
0 
0 
0 
0 
0 
0 
0 
0 
0 
0 
0 
0 
0 
0 
0 
0 
0 
0 
0 
0 
0 
0 
0 
0 
0 
0 
0 
0 
0 
0 
0 
0 
0 
0 
0 
0 
0 
0 
0 
0 
0 
0 
0 
0 
0 
0 
0 
0 
0 
0 
0 
0 
0 
0 
0 
0 
0 
0 
0 
0 
0 
0 
0 
0 
0 
0 
0 
0 
0 
0 
0 
0 
0 
0 
0 
0 
0 
0 
0 
0 
0 
0 
0 
0 
0 
0 
0 
0 
0 
0 
0 
0 
0 
0 
0 
0 
0 
0 
0 
0 
0 
0 
0 
0 
0 
0 
0 
0 
0 
0 
0 
0 
0 
0 
0 
0 
0 
0 
0 
0 
0 
0 
0 
0 
0 
0 
0 
0 
0 
0 
0 
0 
0 
0 
0 
0 
0 
0 
0 
0 
0 
0 
0 
0 
0 
0 
0 
0 
0 
0 
0 
0 
0 
0 
0 
0 
0 
0 
0 
0 
0 
0 
0 
0 
0 
0 
0 
0 
0 
0 
0 
0 
0 
0 
0 
0 
0 
0 
0 
0 
0 
0 
0 
0 
0 
0 
0 
0 
0 
0 
0 
0 
0 
0 
0 
0 
0 
0 
0 
0 
0 
0 
0 
0 
0 
0 
0 
0 
0 
0 
0 
0 
0 
0 
0 
0 
0 
0 
0 
0 
0 
0 
0 
0 
0 
0 
0 
0 
0 
0 
0 
0 
0 
0 
0 
0 
0 
0 
0 
0 
0 
0 
0 
0 
0 
0 
0 
0 
0 
0 
0 
0 
0 
0 
0 
0 
0 
0 
0 
0 
0 
0 
0 
0 
0 
0 
0 
0 
0 
0 
0 
0 
0 
0 
0 
0 
0 
0 
0 
0 
0 
0 
0 
0 
0 
0 
0 
0 
0 
0 
0 
0 
0 
0 
0 
0 
0 
0 
0 
0 
0 
0 
0 
0 
0 
0 
0 
0 
0 
0 
0 
0 
0 
0 
0 
0 
0 
0 
0 
0 
0 
0 
0 
0 
0 
0 
0 
0 
0 
0 
0 
0 
0 
0 
0 
0 
0 
0 
0 
0 
0 
0 
0 
0 
0 
0 
0 
0 
0 
0 
0 
0 
0 
0 
0 
0 
0 
0 
0 
0 
0 
0 
0 
0 
0 
0 
0 
0 
0 
0 
0 
0 
0 
0 
0 
0 
0 
0 
0 
0 
0 
0 
0 
0 
0 
0 
0 
0 
0 
0 
0 
0 
0 
0 
0 
0 
0 
0 
0 
0 
0 
0 
0 
0 
0 
0 
0 
0 
0 
0 
0 
0 
0 
0 
0 
0 
0 
0 
0 
0 
0 
0 
0 
0 
0 
0 
0 
0 
0 
0 
0 
0 
0 
0 
0 
0 
0 
0 
0 
0 
0 
0 
0 
0 
0 
0 
0 
0 
0 
0 
0 
0 
0 
0 
0 
0 
0 
0 
0 
0 
0 
0 
0 
0 
0 
0 
0 
0 
0 
0 
0 
0 
0 
0 
0 
0 
0 
0 
0 
0 
0 
0 
0 
0 
0 
0 
0 
0 
0 
0 
0 
0 
0 
0 
0 
0 
0 
0 
0 
0 
0 
0 
0 
0 
0 
0 
0 
0 
0 
0 
0 
0 
0 
0 
0 
0 
0 
0 
0 
0 
0 
0 
0 
0 
0 
0 
0 
0 
0 
0 
0 
0 
0 
0 
0 
0 
0 
0 
0 
0 
0 
0 
0 
0 
0 
0 
0 
0 
0 
0 
0 
0 
0 
0 
0 
0 
0 
0 
0 
0 
0 
0 
0 
0 
0 
0 
0 
0 
0 
0 
0 
0 
0 
0 
0 
0 
0 
0 
0 
0 
0 
0 
0 
0 
0 
0 
0 
0 
0 
0 
0 
0 
0 
0 
0 
0 
0 
0 
0 
0 
0 
0 
0 
0 
0 
0 
0 
0 
0 
0 
0 
0 
0 
0 
0 
0 
0 
0 
0 
0 
0 
0 
0 
0 
0 
0 
0 
0 
0 
0 
0 
0 
0 
0 
0 
0 
0 
0 
0 
0 
0 
0 
0 
0 
0 
0 
0 
0 
0 
0 
0 
0 
0 
0 
0 
0 
0 
0 
0 
0 
0 
0 
0 
0 
0 
0 
0 
0 
0 
0 
0 
0 
0 
0 
0 
0 
0 
0 
0 
0 
0 
0 
0 
0 
0 
0 
0 
0 
0 
0 
0 
0 
0 
0 
0 
0 
0 
0 
0 
0 
0 
0 
0 
0 
0 
0 
0 
0 
0 
0 
0 
0 
0 
0 
0 
0 
0 
0 
0 
0 
0 
0 
0 
0 
0 
0 
0 
0 
0 
0 
0 
0 
0 
0 
0 
0 
0 
0 
0 
0 
0 
0 
0 
0 
0 
0 
0 
0 
0 
0 
0 
0 
0 
0 
0 
0 
0 
0 
0 
0 
0 
0 
0 
0 
0 
0 
0 
0 
0 
0 
0 
0 
0 
0 
0 
0 
0 
0 
0 
0 
0 
0 
0 
0 
0 
0 
0 
0 
0 
0 
0 
0 
0 
0 
0 
0 
0 
0 
0 
0 
0 
0 
0 
0 
0 
0 
0 
0 
0 
0 
0 
0 
0 
0 
0 
0 
0 
0 
0 
0 
0 
0 
0 
0 
0 
0 
0 
0 
0 
0 
0 
0 
0 
0 
0 
0 
0 
0 
0 
0 
0 
0 
0 
0 
0 
0 
0 
0 
0 
0 
0 
0 
0 
0 
0 
0 
0 
0 
0 
0 
0 
0 
0 
0 
0 
0 
0 
0 
0 
0 
0 
0 
0 
0 
0 
0 
0 
0 
0 
0 
0 
0 
0 
0 
0 
0 
0 
0 
0 
0 
0 
0 
0 
0 
0 
0 
0 
0 
0 
0 
0 
0 
0 
0 
0 
0 
0 
0 
0 
0 
0 
0 
0 
0 
0 
0 
0 
0 
0 
0 
0 
0 
0 
0 
0 
0 
0 
0 
0 
0 
0 
0 
0 
0 
0 
0 
0 
0 
0 
0 
0 
0 
0 
0 
0 
0 
0 
0 
0 
0 
0 
0 
0 
0 
0 
0 
0 
0 
0 
0 
0 
0 
0 
0 
0 
0 
0 
0 
0 
0 
0 
0 
0 
0 
0 
0 
0 
0 
0 
0 
0 
0 
0 
0 
0 
0 
0 
0 
0 
0 
0 
0 
0 
0 
0 
0 
0 
0 
0 
0 
0 
0 
0 
0 
0 
0 
0 
0 
0 
0 
0 
0 
0 
0 
0 
0 
0 
0 
0 
0 
0 
0 
0 
0 
0 
0 
0 
0 
0 
0 
0 
0 
0 
0 
0 
0 
0 
0 
0 
0 
0 
0 
0 
0 
0 
0 
0 
0 
0 
0 
0 
0 
0 
0 
0 
0 
0 
0 
0 
0 
0 
0 
0 
0 
0 
0 
0 
0 
0 
0 
0 
0 
0 
0 
0 
0 
0 
0 
0 
0 
0 
0 
0 
0 
0 
0 
0 
0 
0 
0 
0 
0 
0 
0 
0 
0 
0 
0 
0 
0 
0 
0 
0 
0 
0 
0 
0 
0 
0 
0 
0 
0 
0 
0 
0 
0 
0 
0 
0 
0 
0 
0 
0 
0 
0 
0 
0 
0 
0 
0 
0 
0 
0 
0 
0 
0 
0 
0 
0 
0 
0 
0 
0 
0 
0 
0 
0 
0 
0 
0 
0 
0 
0 
0 
0 
0 
0 
0 
0 
0 
0 
0 
0 
0 
0 
0 
0 
0 
0 
0 
0 
0 
0 
0 
0 
0 
0 
0 
0 
0 
0 
0 
0 
0 
0 
0 
0 
0 
0 
0 
0 
0 
0 
0 
0 
0 
0 
0 
0 
0 
0 
0 
0 
0 
0 
0 
0 
0 
0 
0 
0 
0 
0 
0 
0 
0 
0 
0 
0 
0 
0 
0 
0 
0 
0 
0 
0 
0 
0 
0 
0 
0 
0 
0 
0 
0 
0 
0 
0 
0 
0 
0 
0 
0 
0 
0 
0 
0 
0 
0 
0 
0 
0 
0 
0 
0 
0 
0 
0 
0 
0 
0 
0 
0 
0 
0 
0 
0 
0 
0 
0 
0 
0 
0 
0 
0 
0 
0 
0 
0 
0 
0 
0 
0 
0 
0 
0 
0 
0 
0 
0 
0 
0 
0 
0 
0 
0 
0 
0 
0 
0 
0 
0 
0 
0 
0 
0 
0 
0 
0 
0 
0 
0 
0 
0 
0 
0 
0 
0 
0 
0 
0 
0 
0 
0 
0 
0 
0 
0 
0 
0 
0 
0 
0 
0 
0 
0 
0 
0 
0 
0 
0 
0 
0 
0 
0 
0 
0 
0 
0 
0 
0 
0 
0 
0 
0 
0 
0 
0 
0 
0 
0 
0 
0 
0 
0 
0 
0 
0 
0 
0 
0 
0 
0 
0 
0 
0 
0 
0 
0 
0 
0 
0 
0 
0 
0 
0 
0 
0 
0 
0 
0 
0 
0 
0 
0 
0 
0 
0 
0 
0 
0 
0 
0 
0 
0 
0 
0 
0 
0 
0 
0 
0 
0 
0 
0 
0 
0 
0 
0 
0 
0 
0 
0 
0 
0 
