5.166509e-223 
9.475006e-232 
3.284570e-227 
3.657145e-224 
1.264944e-227 
2.050754e-228 
1.445403e-235 
3.372840e-222 
1.492219e-222 
1.143072e-227 
2.595721e-229 
9.808607e-231 
1.545403e-224 
1.812570e-227 
5.330314e-227 
3.153160e-224 
1.184573e-232 
6.252829e-233 
1.000342e-225 
1.514020e-230 
6.272249e-227 
2.291650e-226 
4.184043e-228 
1.647870e-228 
1.247927e-223 
1.169853e-219 
7.649817e-227 
3.831608e-227 
1.140301e-226 
7.009511e-227 
average=3.918151e-221 
std=0 
best=1.445403e-235 
